"x"
-1.04192823800268
-1.1255392225706
-1.03488579467276
-0.933305534228012
-1.03006994315128
-0.986235135847112
-1.07475538071583
-0.960555384772129
-1.14910730350633
-1.02874873613947
-0.96844219598783
-1.01451234906226
-1.0024847118578
-1.15155545429575
-1.11179197404711
-0.985002045588498
-1.04955235718823
-1.10663486460333
-0.838920781155528
-1.02996971530669
-1.00782437323103
-0.890015915482467
-0.916357208161065
-0.963254745503222
-0.896732041280723
-0.852799456820201
-1.01016656050565
-0.849111752995954
-0.942289158695388
-0.877754332460243
-0.922972526128802
-0.923891322198009
-1.01589633770937
-0.840990186224175
-0.865535174368577
-1.05024340792626
-1.04279913895721
-0.946390553338315
-0.884452480387625
-0.988825166101105
-1.04742333577046
-0.778324554900487
-0.98136806210777
-0.974308130347669
-0.949765017432629
-0.922728804515527
-0.997056378750961
-0.94400756643529
-0.863246585338712
-0.979885015891688
-0.90304681051877
-0.965222265181266
-0.882887632733406
-1.06441980810356
-0.862717239451505
-1.00991758931927
-0.936972400743788
-0.729005362400161
-0.77810093328212
-0.888475211332512
-0.875962743158081
-0.877977934617064
-0.713956797149134
-0.877779080551799
-0.920568709612791
-0.868099901798492
-0.933079217196245
-0.988457378184652
-0.989915108465382
-0.840833733037309
-0.771549449864984
-0.866646924950484
-0.82655144303346
-0.820930693438754
-0.955581601182424
-0.855768044536872
-0.88605630047563
-0.640005441072084
-0.847614217209512
-0.733014573632678
-0.708125713810545
-0.725090852422331
-0.87036970523659
-0.886487017700362
-0.978593380560212
-0.812999520528704
-0.813107702186515
-0.899439708670462
-0.785193771736929
-0.892014864472788
-0.787412348636703
-0.860195268665208
-0.923645111307287
-0.802552523097756
-0.777039440691421
-0.700161592159029
-0.729716201035195
-0.727964914927501
-0.720393988444275
-0.724191237958389
-0.855292976034222
-0.733704922462713
-0.609076176455589
-0.875416241681773
-0.820142642892325
-0.778581637966228
-0.868159232237311
-0.793746670073592
-0.76670170940804
-0.710903688335751
-0.6907072364082
-0.804949718232469
-0.711510882191453
-0.880263456530541
-0.707941951148103
-0.915849960758723
-0.723893838980611
-0.890479761909428
-0.663302984244433
-0.867821123988808
-0.739809749353565
-0.81386280685442
-0.821835829156592
-0.979862566671104
-0.748904571723441
-0.849580810198487
-0.747068280477701
-0.649203750773351
-0.714779227210517
-0.689505505474491
-0.699655766325474
-0.769445004847217
-0.811471192747444
-0.884591744542587
-0.895709387903822
-0.791301654614471
-0.619888865313051
-0.610192320810885
-0.743662534232936
-0.683240307789895
-0.80759741754748
-0.461253952732252
-0.684847136750192
-0.760631662313977
-0.650627131021998
-0.508046685453624
-0.886989238955601
-0.553444616912306
-0.682815366507036
-0.599526183273314
-0.806419631993934
-0.670978218900036
-0.807536754438684
-0.727946065701696
-0.5978142891442
-0.640975460134267
-0.589743322569165
-0.64878161783008
-0.613385944710756
-0.659304839043042
-0.612301629633192
-0.696878263903803
-0.632382237046535
-0.528700226478953
-0.635790130190077
-0.622281965382618
-0.694477042015206
-0.592736410494333
-0.582136605824692
-0.702331169189232
-0.738593426389552
-0.593560492074284
-0.654642384288852
-0.641482135047801
-0.592652484755722
-0.515902149216198
-0.557836007786247
-0.586090113751621
-0.646059954823056
-0.677605266347379
-0.731598045363689
-0.697743322138894
-0.437356042702368
-0.608493497743595
-0.629941243897317
-0.689587399662977
-0.582797107703533
-0.567841454289532
-0.72455005644605
-0.630439625608567
-0.696442926486932
-0.616795732164897
-0.748309816359574
-0.715586436080699
-0.515483005104297
-0.654699928746659
-0.647987546733724
-0.664717575197917
-0.720735381799414
-0.513669782268556
-0.682421221776714
-0.610896993649525
-0.64933245795282
-0.605653171321862
-0.604439375583153
-0.492669647135082
-0.63715362319957
-0.586694571877934
-0.651513692621267
-0.497189667109694
-0.503186583450764
-0.49897910752158
-0.57138504302002
-0.4934136439999
-0.516870201603523
-0.540078826281726
-0.4734436533716
-0.520743966613646
-0.577962710425312
-0.584382161812376
-0.559259621194021
-0.59468035287972
-0.617907331931441
-0.525806537319806
-0.417047157682365
-0.569791177696048
-0.506109619703114
-0.60045776424492
-0.530291892063491
-0.484205727432154
-0.439191501054899
-0.589692023014857
-0.511919167537592
-0.540794391014587
-0.549586566022051
-0.474366222531342
-0.538383033673784
-0.539656085332831
-0.567362150557827
-0.526035602694826
-0.579318533652815
-0.563630869711695
-0.473758980683993
-0.626586726796707
-0.540180153204898
-0.541241095405442
-0.511280523664278
-0.568982745202851
-0.471711148282599
-0.535462910665437
-0.501743277703855
-0.593962448633529
-0.393814613192262
-0.643810552087362
-0.456325885329076
-0.576124231467052
-0.503641469070393
-0.524957113311865
-0.484062872879562
-0.488795639601037
-0.609087837108758
-0.625352991221404
-0.343649592757403
-0.553268555339089
-0.422405472620783
-0.488891496593185
-0.420048109226528
-0.524818701650152
-0.425650500048577
-0.39932843545493
-0.332937739485093
-0.452230307679024
-0.55119604214342
-0.461434086366138
-0.426782155115865
-0.34145095356724
-0.451807783154332
-0.49022502817541
-0.511576440700747
-0.442283216790572
-0.464312095648573
-0.531704912249385
-0.294005088467239
-0.437641165053115
-0.431961713317672
-0.36058249627015
-0.366967465382037
-0.339741196961106
-0.32691312589432
-0.361117323491489
-0.436317432103727
-0.279480881166477
-0.307117950037185
-0.543783871646065
-0.352291468547848
-0.405339705064732
-0.444412821257484
-0.237627887700722
-0.43469997738137
-0.413499797285864
-0.417983130810467
-0.379775580949004
-0.371270490268294
-0.483359995266056
-0.30455529247991
-0.385824653745872
-0.393077497097037
-0.467583156490246
-0.470809270242287
-0.359244648640655
-0.425463077086905
-0.303708164510005
-0.303556775415571
-0.416268715380322
-0.327218827111267
-0.303154677579969
-0.434500686827532
-0.180788997144824
-0.438391600414321
-0.24539340521746
-0.359351907368652
-0.41423443423459
-0.430179025830968
-0.399021236093096
-0.356980660706695
-0.475142327714451
-0.130530617321155
-0.345637628835531
-0.330613842995558
-0.166205100599324
-0.341131960747073
-0.254146741040767
-0.386775390829613
-0.311270966907126
-0.342998129586445
-0.445855251645825
-0.338410757307522
-0.390815853860126
-0.403989532971575
-0.232531803441391
-0.319765689104718
-0.362637096986159
-0.240337321096441
-0.433136301682766
-0.365704052965202
-0.226298368197562
-0.354307980594527
-0.47306410074724
-0.43397426853359
-0.20482533535295
-0.303408906177129
-0.300144948562205
-0.192652261784169
-0.279574285497233
-0.199622335318788
-0.240416998357196
-0.334587374200844
-0.277123862335431
-0.430277602604072
-0.208547452437444
-0.377852776321112
-0.374301514153183
-0.3054278530866
-0.26360903887957
-0.184185535556935
-0.396270356159471
-0.301032339949962
-0.300069455384173
-0.165117718194309
-0.183511943828626
-0.251008234906726
-0.315271674248265
-0.294744844520628
-0.4165779908896
-0.260871720484917
-0.19967550472111
-0.29115239609869
-0.270605565071861
-0.326645476406596
-0.389302827003043
-0.271642325616172
-0.246045196734467
-0.353612946321345
-0.217316306479527
-0.358029793377603
-0.32432246321922
-0.390262899915753
-0.195416330297261
-0.231705817110441
-0.209643630885422
-0.187419470798637
-0.150977616361953
-0.265250333654814
-0.0507857321614554
-0.352153747137069
-0.222296494771356
-0.222425326204889
-0.145434969348601
-0.296354921636967
-0.316184423905963
-0.246678064478807
-0.108767904444137
-0.2173673923494
-0.266266689639025
-0.352328817345897
-0.0481565353702002
-0.0827719750438549
-0.350417057338701
-0.217259969595492
-0.212322787204981
-0.269507175151758
-0.0436459825139401
-0.175826756642424
-0.254683109006692
-0.2030454322916
-0.155640372559001
-0.238374277728726
-0.185417464210596
-0.0717679004329013
-0.152884770080418
-0.0936042457298991
-0.195426821020112
-0.149491641364666
-0.195568622574657
-0.221043571027478
-0.0627558400592447
-0.0846244491918893
-0.187632570035728
-0.0788005575185841
-0.0186200562712937
-0.101757509670272
-0.0830499829555359
-0.250970000139732
-0.165551305321439
-0.0612540932162553
-0.0498589776416255
-0.0786772987192475
-0.0592931596658643
0.0633228180134787
0.0233592903763285
-0.228922483617561
-0.125470372968299
-0.0648652144002651
0.0937434995465064
-0.135872744637828
-0.0626310843752804
-0.156984644202378
-0.0667219715017903
-0.0499419332036235
-0.286968642399208
-0.130134272814768
-0.132164925062397
-0.126238120531455
-0.223195759927636
-0.0204547619240072
-0.0921777768046952
-0.0219594102630053
-0.0340837382250493
-0.0304029698503426
-0.126629225214292
-0.0830060449231623
-0.027764358725634
-0.0539387903681024
-0.0461182242933236
-0.189630920427783
-0.0948335424246352
-0.0565940898734976
-0.135444759927007
-0.144484933697131
-0.143615907036905
-0.076386865465799
0.166820168859747
0.0899220849685136
-0.100165826548262
-0.00357638483128555
-0.033957954194787
0.042811875056061
0.1137175970943
0.0100761291505954
-0.0601996719226598
0.0313433258606257
0.0903518497763492
-0.0100240506536872
0.00256058161762035
-0.0156610565260365
0.0210476275884369
0.0468409903448863
-0.0934481817323763
-0.0509050609489841
-0.0121738292785276
-0.0188382094010271
-0.000518788611578257
-0.127329362608478
0.122179412897418
-0.0379692707024445
0.0530864493871179
-0.00384142015648036
0.0190333297758012
-0.0904576721349076
-0.0378702654721493
0.0104260049819311
0.124239575244621
0.048938622901163
-0.0587956117053252
-0.131733902764194
0.208904992388301
-0.0267687376884297
-0.0369169622697202
0.0966056763269485
0.143138024499228
-0.0405430574341496
-0.0350486122243255
-0.0874223328801196
0.00736747119832083
0.134993546607138
0.0580400464784816
0.165852487254905
0.0451496853382656
-0.0326849936512862
0.224881555262511
0.124720821923763
-0.0503495792537131
-0.0873533739897938
-0.0612058448482601
-0.0795602410928768
0.0307320027907802
0.103248019441228
0.187102306279405
0.144386746549081
0.0168544258587256
0.077932229957612
0.0780809272169202
0.0375353192751656
0.124923933001143
0.356446338750682
0.093997757174323
0.0781988502259485
-0.0431784701173236
0.0690549291997774
0.078411468098068
0.138045527791923
0.153550816792772
-0.0150429341342531
0.070560983382071
0.204734137125655
0.0672331398105026
-0.00669361413475603
0.119072495048737
0.0153288895021883
0.0873407327575392
0.0873175404437461
0.101689922699886
0.17028327718788
0.0557634617676354
0.0649097724177596
0.100374581534912
0.0490531561502021
0.116309358285436
0.157749826276415
0.133237194424289
0.211501208230523
-0.0597044588327492
0.0812764779340162
0.164378307461255
0.238432948180962
0.0365000855232593
0.048183468445375
0.188871363311191
-0.00561247822797576
0.19815310100699
0.0378341645328558
0.23800618664772
0.190696240088606
0.123691742105476
0.122560181626659
0.0817134649811028
0.267999895546636
0.0520174917608726
0.220241780137783
0.0413897394625836
0.251854330584354
0.230001631385916
0.113835156864509
0.0748949591684581
0.346677271330247
0.248201932090304
0.229954716728378
0.176997407520447
0.086462596146397
0.0768025433218236
0.10833524675217
0.0196456392542636
0.257288760643468
0.304231225736645
-0.0159847058555639
0.270804735117187
0.296616772037983
0.252006064361072
0.247733820359354
0.200585738581664
0.137922040763934
0.163695122716418
0.262940573467201
0.0988919904023897
0.336448201013496
0.298332215044093
0.181217589800912
0.221313164841089
0.236858151574231
0.272656871055391
0.290141154142153
0.0912649061982861
0.203824417424386
0.258836262545443
0.273350742644767
0.385533351766909
0.244306898453272
0.234013961614104
0.270919620274193
0.245982682804849
0.124392016917892
0.253820863746237
0.303669943565867
0.068317565001349
0.193026945452736
0.226219997087669
0.38064362768031
0.145406710987027
0.386669759493543
0.369125698515748
0.276186305532948
0.165901153190813
0.284619742641523
0.265771367781894
0.337295369381348
0.191497165958528
0.399890225507041
0.447121523132879
0.282202172929088
0.272979421645832
0.258727375421087
0.225294184016297
0.40569814943977
0.458807443080843
0.30887552806695
0.173945912034451
0.119833805970003
0.42844860808295
0.302050399246404
0.243296325211936
0.357938779343384
0.231611418272161
0.404890106164708
0.274468460420902
0.289973131680942
0.247468317068144
0.235715548398451
0.389291952012069
0.284412872962323
0.475920912756807
0.299702727170332
0.373749603086464
0.371698205707525
0.380006672207279
0.298985766520804
0.271332267872109
0.415545199561185
0.334557240671831
0.459701480588523
0.323388588194029
0.448574228706178
0.336595703803683
0.30163841930566
0.362928561840547
0.464463559200559
0.438130987912015
0.402814250529602
0.355392178732032
0.355962019003739
0.30600657360732
0.175739481705965
0.451553759723101
0.197221681513262
0.21799413486306
0.439638065267868
0.43309509618151
0.409347416293709
0.354652113382777
0.332918946244991
0.347597053492016
0.378982953784562
0.3569250382038
0.351055890529533
0.341342707843279
0.379690187093618
0.319648517991829
0.2963535989223
0.368650527097912
0.453396452450692
0.355114300410086
0.423986665657511
0.326518166638557
0.351213512772434
0.306519816484242
0.234091157964539
0.564010066881587
0.465381744142892
0.342020270246938
0.417837964193226
0.492456154216841
0.438287140636951
0.47730679522013
0.344097751292826
0.359787487403532
0.418211005459436
0.349954023731425
0.310416057650468
0.411603150379288
0.297999198121525
0.424495493093254
0.519557371226127
0.470870706058616
0.438397644937621
0.457485988463661
0.551651820050109
0.433215550569735
0.498069731967093
0.41390666017092
0.639763848960197
0.356978170313513
0.530647812146926
0.419891784960646
0.410341545641323
0.544901352334559
0.424375693537132
0.546753168482278
0.511933520132885
0.334058479491369
0.382761519802487
0.416715489656048
0.397202894461957
0.576956476623431
0.628631632347249
0.669902487877398
0.455565116377902
0.480708199167822
0.594691027477112
0.499968814214917
0.415894253487422
0.473191659723181
0.457661319895156
0.55623047095307
0.506850948285357
0.640928241767766
0.372740728315748
0.595998034571451
0.584377246389982
0.476057681965437
0.623458991119104
0.563433521993626
0.577644390579881
0.642384341863353
0.519979757096585
0.46482262384583
0.48216772249759
0.609629030392249
0.488454415647149
0.46629027387042
0.595643359351251
0.590843600056209
0.530922338870635
0.585615329877315
0.508782411264655
0.726492119630571
0.70874714386535
0.399592794899786
0.454326306697047
0.572119098131236
0.555409357977568
0.484698794871639
0.353871004145613
0.46614362378803
0.544557435396517
0.588073703342783
0.596584230542724
0.433909359137634
0.69271179683895
0.655884421693747
0.581106694326013
0.566993177549587
0.694225404622535
0.441280023194666
0.350656224612631
0.529206446680835
0.518332490845126
0.516383261473431
0.495322490387617
0.434877421195794
0.592167022522131
0.56553501097228
0.830919572253634
0.670112748372537
0.571871799657243
0.617124570387534
0.709049405273501
0.635061172094312
0.669903726908653
0.629546632151562
0.56113142564998
0.571534835358465
0.566527674954159
0.670195596492836
0.525785480766352
0.679322906592013
0.694695799938929
0.683697013415785
0.754813310383865
0.590773938923795
0.698587628559009
0.630127957025491
0.690237891149215
0.59895937313927
0.744212498009317
0.837162534585992
0.832558994540273
0.649103885106153
0.613070580171946
0.667859544871872
0.80281538808715
0.646217682539581
0.70318814802195
0.689737877675059
0.669380387401002
0.567528634048333
0.587207626146054
0.638701801390508
0.574682372055768
0.801036477492108
0.57078676652152
0.622778905945965
0.472280159754548
0.617217977256342
0.647131363828813
0.51578503743189
0.684861791137527
0.651509231720627
0.733161829412261
0.609128147071156
0.747579845299689
0.659761699210389
0.519026357734387
0.604523834486779
0.74493708900794
0.802298820150005
0.810306411195421
0.734919545298448
0.72463984915229
0.775234417862209
0.632604703545022
0.616688215020985
0.773036146640672
0.737596250753997
0.740335768852564
0.766894096585177
0.804641462159732
0.668809121142613
0.786690018899323
0.798321960219785
0.682242216176839
0.634462800579415
0.675612955666086
0.703187933291976
0.848977465886738
0.842730170186454
0.583057973951559
0.705647152370319
0.863697722567172
0.779362076391762
0.811688038038742
0.653365259837885
0.860455306657215
0.774378104617933
0.804271104042622
0.769888354602229
0.79597073873271
0.913264977945762
0.653511017196924
0.839734990420737
0.801506512398579
0.774417091687869
0.718171298411223
0.790116068466486
0.873343858719858
0.808613789411342
0.808035043219382
0.799475026042445
0.780544244968848
0.762807099762016
0.771277587661562
0.84820502646448
0.704209236440619
0.609596118503042
0.955335850414544
0.69319921786859
0.896126350038892
0.886095941729532
0.86265592244074
0.701824743734643
0.847060262284058
0.871155553180223
0.734183241421945
0.795121210055783
0.824858043433668
0.884103433906427
1.02589340682384
0.859350852190142
0.653225177812088
0.766823420490616
0.809334435429601
0.912045778980585
0.781414449245946
0.851265571059377
0.837592490117925
0.820068084472661
0.698137400768951
0.881655141397629
0.830164390542621
0.963678890725738
0.904647322032984
0.739911410334465
0.952400669452828
0.83890825005033
0.809047116297278
0.730403114416072
0.839985597535065
0.792773083025941
0.855781579180887
0.937696937923983
0.87174468705561
1.06121210996094
0.867235633962189
0.877067687075892
0.684404855957986
0.961229065862987
0.963099534093146
0.926559727168991
0.852638015738221
0.913498829028219
0.88224990338519
0.8079733723875
0.8231577627461
1.03836876270348
0.964616397938568
0.855867053954345
0.887774647156107
0.878285108244689
0.902652861155249
0.920157551924429
0.935065502447234
1.00680642831591
1.02012575466671
0.892667213379162
0.804582780644038
0.828968786956225
0.909958622295788
1.02429730246948
0.9169430012897
1.02706187924271
1.04635415828461
1.01616117922001
0.885526545542292
0.816855240548531
0.877763733709162
1.00325867712002
0.852146370764916
0.924685868595107
0.956227175332796
0.914082000866796
0.862301183059918
1.08207835475294
0.914127909472233
0.754499317592463
0.872298850361992
0.88841205812709
1.023533622594
1.01309498695226
1.05602038382306
0.952683937091256
1.05374376424527
1.08988984085205
0.956132488795347
1.04610080475432
0.968204596867986
1.07775995554112
0.982908303527843
1.03251966987851
1.02061085385292
0.932042887582608
0.946778156454476
1.11097173974003
