"x"
-1.18502502533486
-1.1059688667203
-1.10293261149036
-0.886661780075133
-0.924492008240886
-0.944560667722481
-1.00453517784086
-0.922395962574662
-1.14246966905661
-1.00980045980888
-1.01539464389263
-0.995138612257494
-0.916372510723788
-0.85558128578187
-0.918538729771065
-0.983535950829444
-1.01214539943156
-0.987232222400181
-0.941197307300506
-0.891615530642819
-0.92057438340626
-0.982364472112153
-0.836698829948011
-0.910869312038679
-0.988088338115704
-0.813092867877215
-0.926490373237449
-0.898467160729877
-0.961140324987373
-0.942308100903893
-0.973867237004469
-1.04233989647284
-0.916208976045211
-0.916090470950245
-1.01142679861198
-0.921496028529554
-0.939903125344661
-0.911761311921654
-0.809345516752866
-0.825409334806561
-0.877360064039216
-0.770483307861492
-0.778408383104547
-0.808988472226317
-0.992858227079162
-0.903666328171927
-0.886468163313074
-0.945889510428009
-0.875328892956741
-0.856501058491543
-0.798982956665052
-1.0034123676315
-0.859205058935356
-0.881472543254842
-0.912550398161551
-1.06355709886977
-0.909516946089161
-0.905631732846931
-0.9596614064671
-0.919637293243594
-0.722287155599624
-0.938492773145926
-0.889792751968657
-0.774858927073735
-0.80360851750865
-0.685971845962457
-0.881889055483835
-0.829663599954169
-0.808541716213
-0.832808123728875
-0.856835421405137
-0.839006537714028
-1.05872887892454
-0.940160322286111
-0.95064908023133
-0.930032517332864
-0.859505034203053
-0.703007846611115
-0.776638131250271
-0.847465967641673
-0.836228924069883
-0.825616272928986
-0.840949738802594
-0.827676391411942
-0.80986261086568
-0.718561314457915
-0.811823794562254
-0.882213141905887
-0.862984487951458
-0.795153041725798
-0.72000460748377
-0.728753875821183
-0.76993978219172
-0.643623008195947
-0.803278305720295
-0.925519027415308
-0.852803316680419
-0.736380045204114
-0.79620474687957
-0.699563144561436
-0.871700518282303
-0.782899433293398
-0.832522384868302
-0.88837461090515
-0.812612772030794
-0.860744942632872
-0.785156741156562
-0.79033182775628
-0.822994216822317
-0.780860282391752
-0.803526391191905
-0.806012172269965
-0.773557955360544
-0.622227319173208
-0.776994201496499
-0.900008829393588
-0.650305741300796
-0.721385811679293
-0.632677035600052
-0.674512062993145
-0.664077061370215
-0.767666386138277
-0.69915076102311
-0.795479403034692
-0.717118024002926
-0.682886933303525
-0.70556510947432
-0.585254198334975
-0.673098112519634
-0.787295865990013
-0.674910571910029
-0.871442941212768
-0.612537746518646
-0.625097410000287
-0.736653626568667
-0.757060272015435
-0.741589103921062
-0.709403013815153
-0.652588228219277
-0.776265499146185
-0.672410784164694
-0.785923305826139
-0.776149317436559
-0.853980799001836
-0.634814464472064
-0.758431910170906
-0.651769417358768
-0.771438193134112
-0.760924120750257
-0.748122388476408
-0.544539836382256
-0.657785806074402
-0.783758871185641
-0.607643888905583
-0.757004346947405
-0.716522527552599
-0.613660593277842
-0.71317898810545
-0.764337254530956
-0.741832588017299
-0.679967957417542
-0.770427345852383
-0.617740389598461
-0.608753937964719
-0.685519980298121
-0.567326107027945
-0.556666211465872
-0.72854304779583
-0.554335132128922
-0.772259539566233
-0.737119963242239
-0.64282560948807
-0.745441751899708
-0.558752565303615
-0.706677357503955
-0.679368051149131
-0.689774909633419
-0.619883595604521
-0.671024582728983
-0.66065994421166
-0.674873447829639
-0.627674770909859
-0.573539597112025
-0.578871383658099
-0.67374313815491
-0.638360807163314
-0.605007352214742
-0.673169731338304
-0.671135418362121
-0.82741201811195
-0.532903909691432
-0.677929001115091
-0.641492913392249
-0.6351569310699
-0.62637587229325
-0.662117463484687
-0.559532473502589
-0.730463006511444
-0.555564036290131
-0.568435277315544
-0.605657334290416
-0.699557916093742
-0.625965073075388
-0.647326515843868
-0.640253210151029
-0.652341454334132
-0.408914865541216
-0.509378875963846
-0.752240866697253
-0.648606380310887
-0.557958403433531
-0.478070400491538
-0.515290364698441
-0.518545693800571
-0.689960754572853
-0.414274536687867
-0.421582294753297
-0.717685472950976
-0.610370510896505
-0.559603245406274
-0.525170794319184
-0.521326593520559
-0.642592161247356
-0.421843180498669
-0.490023862571499
-0.633053756220796
-0.690125256332566
-0.482904198193166
-0.400347520658032
-0.439786145569175
-0.62744630021832
-0.559655387309468
-0.372096734772787
-0.573488989847439
-0.517158616982016
-0.562780580167021
-0.590740181547315
-0.428122920827253
-0.586335842319915
-0.521376985363935
-0.567589845017699
-0.412047113618943
-0.585536115748448
-0.479607627295059
-0.392984676821008
-0.516476304555164
-0.565642479554393
-0.580553465231221
-0.442216156423496
-0.467645186735499
-0.565666392494532
-0.520822867702264
-0.527316875828156
-0.544565070601504
-0.669165117217366
-0.470362074692899
-0.421829282789905
-0.369131708803987
-0.457760683250584
-0.530168213873868
-0.475882111122103
-0.404001500060434
-0.535143828365062
-0.399907079855966
-0.492438782256913
-0.425706591802159
-0.465002546144906
-0.473722843865558
-0.338773454313588
-0.350376816296544
-0.480525654383865
-0.53083945958207
-0.477289886453495
-0.312653611355803
-0.440027458622414
-0.420256624787388
-0.383616127528497
-0.52550593066796
-0.539175096632271
-0.455784242808681
-0.34877033206791
-0.388447557442664
-0.537487810281003
-0.436626466130521
-0.382941327561354
-0.370734602285267
-0.442124831559738
-0.470260634603791
-0.299330399790477
-0.347820243199112
-0.418437498463659
-0.574084712200334
-0.396287068229814
-0.400641635385103
-0.429625749018668
-0.315739830037127
-0.555338461828099
-0.370505553272559
-0.480763468014578
-0.48211273131339
-0.356308301574081
-0.406649250224483
-0.356278752379739
-0.394813660915295
-0.217687429995902
-0.248281322307859
-0.374192548656421
-0.438843284411423
-0.295304495658859
-0.488920920357977
-0.2968054284942
-0.562168559568758
-0.477888977289239
-0.251172547253163
-0.402400025934577
-0.275417166274928
-0.398167046561632
-0.517601847336165
-0.269603616340638
-0.289926008322417
-0.283760206889821
-0.350670446335649
-0.2401766265865
-0.216748232432106
-0.314179406024696
-0.33052615857155
-0.36451340538675
-0.305167836839973
-0.465507404931468
-0.338207552502956
-0.342324578773919
-0.314393183836406
-0.134375840657431
-0.425769817047077
-0.434173282896979
-0.450451446331885
-0.325936284464456
-0.38808039864831
-0.299723800440431
-0.378825546481382
-0.276177360934971
-0.422450702223908
-0.331421642319711
-0.26130119736265
-0.337675054314372
-0.266468947372513
-0.428619176994931
-0.291741512690481
-0.246473275947854
-0.283774366138531
-0.467282764264346
-0.359543962672791
-0.273096423049337
-0.210549371327105
-0.285706288659403
-0.322163049274328
-0.278745891570553
-0.369410009772265
-0.187609814074923
-0.321538538433
-0.247755729646646
-0.39013044159203
-0.343718282477399
-0.342927269812226
-0.280507267487835
-0.386563077130151
-0.262004056851613
-0.232771795332255
-0.138082439530495
-0.13531110222886
-0.169237158713923
-0.304676572430538
-0.314845945656689
-0.202789364199002
-0.307967452399561
-0.15850995063447
-0.274403978506837
-0.0543313474514264
-0.277562728756519
-0.450329046267369
-0.342046200759867
-0.22505685934649
-0.193049778443222
-0.384051401874186
-0.39389807200503
-0.269430903924925
-0.16740520160902
-0.149802353105623
-0.23363689753364
-0.172952492880396
-0.268424203804841
-0.136691400655924
-0.136657282172781
-0.357205169931069
-0.177947946325683
-0.289192244084662
-0.189728743190566
-0.17299689414541
-0.178985981511048
-0.210518904735806
-0.114573075694344
-0.191641728011802
-0.325058346239052
-0.212641225952694
-0.0767369914906851
-0.342490882018773
-0.167620992223266
-0.208507124103289
-0.0180148423660033
-0.193501227032355
-0.150496661638407
-0.0776346293893201
-0.248548195411215
-0.201912336398167
-0.144415807130707
-0.351688533761556
-0.103820034078659
-0.303611269834168
-0.156843606770842
-0.089419223363823
-0.265381509711756
-0.129132724265169
-0.216693041792828
-0.253398915641779
-0.280925535657426
-0.101910267548616
-0.132372879298319
-0.0374060748135449
-0.180337294602796
-0.0600683712264752
-0.239280284819788
-0.291526354350813
-0.236055027482518
-0.176976651707951
-0.247624860447668
-0.0563640874361219
-0.171552495766623
0.000827131930562056
-0.057488211584657
0.0492145376079382
-0.00948985450913342
-0.107480185945768
0.0174108147397672
-0.174243991587178
-0.178775256924058
-0.126652632644775
-0.113601757975325
-0.022042633975473
-0.183645695767633
-0.0858363083810136
-0.127616937387266
-0.0348642337522908
-0.181734339958492
-0.179797504388272
-0.152620112710844
-0.0731563707370892
-0.0771174501176834
-0.0300352685189449
-0.206275054810922
-0.21022103152485
-0.143049782618736
-0.0236134643951361
-0.181941891672768
-0.174388127132545
-0.16192188441536
0.0383866701440863
-0.0794919538867468
-0.0707058605951254
-0.152441539859777
-0.144720555904307
-0.156677957739357
-0.140880674959983
-0.21987240352681
-0.124572719996853
-0.0838977642938687
-0.125879861247128
0.0883936848626934
0.0157470673488394
-0.14223005790319
-0.0989019867018222
-0.128925851856919
-0.0187361297045971
-0.107516847095106
-0.167474922444079
0.0787790712291041
0.0961781389960834
0.0672687813961583
0.031280688474658
-0.184537181854062
-0.0488257004551481
-0.0353762458964123
-0.0281787501412376
-0.00862376906773321
0.0449246703545224
0.039145797701987
-0.152187699711924
-0.189078553342272
0.135532973546527
-0.0694638892958965
-0.001224133926746
0.0589201845589978
-0.0947938932192997
0.0515677020681049
0.0418454909973794
0.0287985112560782
0.0153353768552672
-0.0826540958797088
-0.189355483421758
0.0839474625531864
-0.10312251826392
-0.0424879780403056
-0.0198078188471133
0.0725986876036418
-0.107874071342668
0.0302509657772758
0.180161711332985
-0.0294890988914665
0.0632582134732974
0.12854884278186
0.073189691757813
-0.0289622411648839
0.120439336644901
0.000574588274659185
0.0483930039998266
-0.01660774763211
0.187068872620834
0.151572786071937
0.120642647668286
0.0684522065378322
0.0820778532698517
0.105503835108538
0.0364269656889922
0.0554315769393887
0.124333839140509
0.0560877308825542
0.121078587112816
0.0256381782096704
0.0357463872035443
0.107138496562011
0.00313260845047729
-0.0117121189945561
0.142032226597237
0.0702615231961953
0.0208833800714902
-0.0480388357633802
-0.0276914548049402
0.199324429081086
-0.0114937240484323
0.149311848243028
0.0135125662357919
0.0443333992976111
0.092550039470755
0.00568296618396446
0.157471629385017
0.108707247279385
0.240654969476081
0.0399274465806688
0.178755827156039
0.0394075003712119
0.159687028676768
0.0381122485195628
-0.107896648199938
0.113006923901709
0.0792309383940244
0.219964421009374
0.242773339413453
0.255514458058159
0.0216498813203086
0.108578277554025
0.240500293359706
0.147717898765311
0.1065041260005
0.126872046966338
0.108443040071228
0.160219482598099
0.151370142122939
0.0478034570513361
0.142898576129417
0.200079611930561
0.065685068108358
0.346232479246988
0.0505577674111718
0.199659110175033
0.198045223609061
0.162050541286738
0.0932805014218627
0.227181364176273
0.11763945875169
0.168143189502133
0.324725299786477
0.319615178878317
0.263968043791475
0.145149825597172
0.0867304981227552
0.13746744958693
0.189080173446631
0.114590804014793
0.215080720215611
0.146298317838239
0.317286401101296
0.0956353630886276
0.0864290381107406
0.206027651045333
0.175160167110113
0.364719319812078
0.339767170419529
0.195381272540881
0.346883396593377
0.229393494148653
0.243117724363899
0.272902160099259
0.228504409226227
0.205890556780898
0.148127655617578
0.249664327021348
0.305748808843206
0.268793175316445
0.230928134235136
0.353771309058529
0.267490010234026
0.362403007947522
0.204025227503308
0.149542891998384
0.241279441238544
0.284689710859307
0.311250871832653
0.179090652522961
0.339141923014027
0.244815753376143
0.289178151115886
0.306311820779308
0.123050283777616
0.0918000341367918
0.187305188672894
0.395571207089353
0.28182348347614
0.256481810499974
0.30523392564342
0.343319610294486
0.21050587100075
0.0798012247117651
0.378776958602342
0.313889323312523
0.225084408770097
0.366161796878632
0.0698681120181292
0.323209168324315
0.212062007051158
0.240832963435176
0.266302465258843
0.276698454652157
0.27873337201763
0.373596539983514
0.338035481428686
0.414385409723866
0.401516028577096
0.433816163443872
0.215639412429832
0.389320922327268
0.28210436837908
0.339847189492877
0.205831790977235
0.381360627748236
0.226479431197387
0.534336577563454
0.461880917847535
0.257137705479547
0.321528387288229
0.380075256629079
0.366732096756994
0.238513355304717
0.271350427230539
0.295066235423671
0.351860781299594
0.429828012706834
0.395003823064389
0.261602741196353
0.454466438449479
0.452350489494472
0.406293048843526
0.48495176053989
0.493517146248201
0.339466580866181
0.385675011730275
0.553395107862567
0.176586449094392
0.370549771497894
0.415804186058265
0.26102696948953
0.288199774506348
0.24065717137046
0.544558305070999
0.397684160114078
0.314776251828333
0.503374384076745
0.421511150479245
0.391276829606267
0.376474078835516
0.452685038201273
0.346264854445436
0.486424818827274
0.429423120756918
0.445376545891743
0.396835202239815
0.42756184590695
0.35885175099602
0.372830532981665
0.454174699638349
0.387990328439835
0.420423340267149
0.440412067629174
0.283247813556439
0.40589937954502
0.391969297043691
0.477826688154003
0.392479332929758
0.461388562699576
0.367266958872399
0.421136758464866
0.445374374573576
0.275905989291004
0.396656027293041
0.558063252461829
0.469474231469917
0.555042369289503
0.616770204856969
0.437239231262703
0.464772395770148
0.320157307674261
0.555829452186609
0.466736072724238
0.339351027165808
0.54249342976998
0.505183736384934
0.442843252511856
0.588856622210474
0.452384185445157
0.545478538714663
0.524911273167976
0.577277912299319
0.438617468194501
0.554070740575342
0.415104374484316
0.561585809091676
0.428522110834853
0.390572777689563
0.454196085119031
0.734238175396955
0.537741711593812
0.475971089231718
0.424949927668847
0.523199296735677
0.576207061621369
0.545895253407767
0.403180010663737
0.587783267185661
0.677930246298323
0.455721251931297
0.466582551108501
0.432177476641904
0.388127970655344
0.529170510334769
0.572093874395418
0.491377802332802
0.535421869138315
0.485853223966824
0.455843673134146
0.447983090465221
0.533571961529399
0.537581097653584
0.61865655577293
0.641018050419267
0.622313293117861
0.367536352288076
0.518769755147297
0.556188560685666
0.590324484450397
0.568684259935355
0.426480677126845
0.560459542535731
0.625075057913669
0.608110416217742
0.549548132022787
0.634163353703567
0.553417352651593
0.542282943458661
0.623083239294277
0.563759082240607
0.668160405617568
0.559082174478283
0.599792487869049
0.380456752330407
0.447143948146392
0.596437766704106
0.561036927569271
0.62020049409345
0.536242172509786
0.573398970882748
0.542282682485953
0.5541531102874
0.622359526215019
0.580977820647893
0.439680774393778
0.838425463407274
0.652045960385331
0.576407536917239
0.591879944532161
0.701249174543077
0.514540567175597
0.705322359682943
0.602014299931878
0.603888452482824
0.595113731995067
0.624121853183132
0.603120209701516
0.6356194647714
0.725828223851648
0.581356593331632
0.732015381534558
0.564492052755254
0.605506765636325
0.66539119223327
0.612987231332912
0.586794059556439
0.75331533660826
0.758867270140017
0.605358188687114
0.660515859594099
0.684503975128107
0.705763360247109
0.702756833108689
0.662556107254633
0.742355001765248
0.747716106215626
0.735377482774737
0.56682547642483
0.602529680645417
0.707725382036915
0.742088295801639
0.737453160443449
0.653821750208694
0.532206072723897
0.615857108710329
0.782508875707592
0.617812616354456
0.711232239120553
0.700385582816678
0.809804623273364
0.64617952735588
0.621363139476695
0.591339748073624
0.762543871336243
0.753249236186223
0.614418384347489
0.683545259281705
0.698369285065762
0.705632848716471
0.705253808705267
0.650519546524533
0.712330212024739
0.58371207219278
0.8733582470347
0.626379246388061
0.541305107475373
0.77034535792718
0.756080780706967
0.76435886253895
0.672990076930657
0.835499703764843
0.69234757546419
0.752082551662981
0.692093302443191
0.7309809445278
0.721159094654404
0.820466786595924
0.870567267515558
0.880144353470321
0.74546420674563
0.681002877011942
0.573252665265958
0.716242406462734
0.726366980699956
0.83211716796823
0.782474141851872
0.693423973849335
0.888088348507525
0.680972125666768
0.837536431139585
0.752480123908219
0.695646593381731
0.847609157386657
0.720253301376941
0.937757964743982
0.760450343363963
0.670434219591532
0.814049382590319
0.839495514319345
0.698966043366436
0.77105229676746
0.740271209313454
0.857232431226937
0.743745502302346
0.810694228913077
0.674170262924201
0.645090915894219
0.869379131076008
0.828498092682677
0.80276994599393
0.844355534794269
0.846384492900786
0.924021322141962
0.840036739117972
0.78901198704143
0.894731980263107
0.9718436084472
0.789196411369695
0.919655211475307
0.679206016914096
0.755170057000835
0.842885053316496
1.01989993418454
0.757150752411316
0.874762590320311
0.819851448203652
0.686132222795234
0.845197606663641
0.933508455888607
0.804344095335005
0.764303856539415
0.885420897654455
0.881547666308529
1.01876340717615
0.886693174111464
0.899131820858128
0.904933260972748
1.02074522918947
0.817916701304141
0.843144284941425
0.941496698450902
0.76238755476501
0.970573460128417
0.937199768067875
0.678488650686397
0.881672294481595
1.03522424657679
0.917291218501504
0.749077622276083
0.930917896637719
0.790115911175761
0.892670149208519
0.877771414619904
0.755281726685426
0.847413444891818
1.06626919205788
0.844851868976149
0.821537022748576
0.999805763807469
0.932559453939822
0.879532624370078
0.951633173296065
0.887953373687631
0.873303171816376
0.909126143504327
1.04459503847589
1.03044525546571
0.841458195473744
0.907037113595312
1.05493030379414
1.06359741605254
0.997585444968428
0.977537603157468
0.953052879391141
0.835178867138297
1.03075545891612
1.00548505218773
0.914445710420839
0.807378416605524
1.0034748929666
1.00663995442314
0.792739635901793
0.778823670095166
0.833162230950095
0.968885386426634
0.848435507704795
0.961185586954515
0.815149130156427
0.964986164374364
1.01889343348818
1.08754032812654
1.00781625836573
0.998868479575649
0.99746050347496
0.978792425681762
1.02199786501847
1.03178842261694
0.983782354079134
1.04072303974968
1.27259142829779
1.13005811576524
1.01360147384356
