"x"
-1.03788155775498
-1.11797170111356
-1.03924706632378
-0.937008195947653
-1.01336181304123
-0.993836563510927
-1.06333884902215
-0.954813772811623
-1.15569227899752
-1.00987913849698
-0.956721573324131
-1.02582391544269
-1.01629566308269
-1.13881731614613
-1.12264112456843
-0.993869544751371
-1.04614258087521
-1.09082985710116
-0.844448236056038
-1.02831081501679
-1.01317546289511
-0.86995029371275
-0.925236239732689
-0.972416729830265
-0.898127780996795
-0.858172818333005
-1.00629044977108
-0.861059910017214
-0.9297898226265
-0.894891364927008
-0.933674900681334
-0.928917300585427
-0.987615347772018
-0.838479492578228
-0.881889602093952
-1.05493630918869
-1.03135284148829
-0.963968984067054
-0.88711023589654
-0.975368755566074
-1.04978194220773
-0.798040327843046
-0.988892359851028
-0.97101663001782
-0.941984784156577
-0.933121793343138
-0.9680754639557
-0.931558048395797
-0.885163117217519
-0.975996167677143
-0.898678479513507
-0.940042073399734
-0.872695216481538
-1.07832899312241
-0.876052220368674
-1.01761305412292
-0.906975872916132
-0.737349131242515
-0.783169823765861
-0.873194442739952
-0.895087279004385
-0.899779684423045
-0.71617393203811
-0.88015860243134
-0.947815665408618
-0.855156022868808
-0.92400052111152
-0.961688512625076
-0.964285228478245
-0.838355755329843
-0.743896592814328
-0.855974896101938
-0.813889578643914
-0.820453348112563
-0.947642469085119
-0.857795508173256
-0.881734797749714
-0.646993451452096
-0.863082951745954
-0.738500262570309
-0.708534412722137
-0.748424170275035
-0.870522450038912
-0.901457481422509
-0.985931715050375
-0.809956764681042
-0.808036104616805
-0.901997701697482
-0.787462615225671
-0.882292940045067
-0.769278622461847
-0.853444281573549
-0.92363393005155
-0.791225168715181
-0.797171964880247
-0.721346443299936
-0.738176475054961
-0.713453275159117
-0.699620647297248
-0.723940588947234
-0.861027122771427
-0.750264053073948
-0.623889181526782
-0.866024241571925
-0.808402351861605
-0.789955703310974
-0.875526422615416
-0.781876718737008
-0.767751752642973
-0.700773106624745
-0.697145916319211
-0.814103659613159
-0.711508876605577
-0.882357056829948
-0.707963666943774
-0.894019274031394
-0.72490289475991
-0.883266403929018
-0.665733249070669
-0.878696447091184
-0.737740441525582
-0.81679461072936
-0.813255216978882
-0.967723714835227
-0.753207718356997
-0.840120230808447
-0.743172003354152
-0.646853344218172
-0.706949736164011
-0.68860184287065
-0.697102214074931
-0.795306333897428
-0.796972181117522
-0.898884992544397
-0.895328640180989
-0.815298744341274
-0.635063860437917
-0.619786543027853
-0.748103366042757
-0.674798000578484
-0.816510249309416
-0.473106844713455
-0.683972338740599
-0.765425858198504
-0.637309013914121
-0.512367607279211
-0.86994673996136
-0.55820907985198
-0.682171237075395
-0.608863389332895
-0.787299314755593
-0.674613777626919
-0.791202991051036
-0.727800469768102
-0.596058567329245
-0.652010103531487
-0.579836656375093
-0.645722139608385
-0.632013106208835
-0.704130960534208
-0.619387756028604
-0.723510357967092
-0.62399584550379
-0.531735311576966
-0.638630179513657
-0.624058849990214
-0.711277586597016
-0.599577828929191
-0.552016853090056
-0.693442257678146
-0.753191466246956
-0.580576794644832
-0.642291536456327
-0.639298171769164
-0.580834327353342
-0.51413145087946
-0.577453787008064
-0.590709812462743
-0.659049203013172
-0.675192444605948
-0.743881441519069
-0.710374874542301
-0.431834093791677
-0.615232583517156
-0.625946111424463
-0.681835811339823
-0.576696557569806
-0.580890233694035
-0.73870512293928
-0.597596374628803
-0.7072196890274
-0.612081374561507
-0.738429470836352
-0.696458716158613
-0.517032938071782
-0.646661719323376
-0.635805752236744
-0.653967247361455
-0.718775612984045
-0.504331429593085
-0.65056018892037
-0.612848563555772
-0.640844387826511
-0.615238631661804
-0.585374305495237
-0.507452884575859
-0.655705209169009
-0.572315874131035
-0.63695078048592
-0.472197793045297
-0.487877849753774
-0.487460982676626
-0.571043202758899
-0.491767654810146
-0.507657113411297
-0.523430258202503
-0.483935510306335
-0.494621579306431
-0.598727943243434
-0.58615864606915
-0.556090874651417
-0.594071164206813
-0.624326716135338
-0.532703545990433
-0.417460722929906
-0.584802321933406
-0.497886719778816
-0.604500413075789
-0.546802820329345
-0.458575990669541
-0.424066209057471
-0.607117939387417
-0.503084889623845
-0.525101415190629
-0.532638234954098
-0.489619603808044
-0.559227310738043
-0.534796996198873
-0.565113200288928
-0.52661127970807
-0.582583192779727
-0.568331565619329
-0.461459351497595
-0.615704270147097
-0.521207125992955
-0.52539774815183
-0.485630542970954
-0.530596220136283
-0.45726548549865
-0.533791870934663
-0.514883215534297
-0.587835285642557
-0.393797979031533
-0.630762764806007
-0.48309869088356
-0.554525688737102
-0.50967393761876
-0.530620430160062
-0.46852058267197
-0.505424124169536
-0.63435447917158
-0.61939825319103
-0.369238353569482
-0.565227618288869
-0.424178236040339
-0.485454760455641
-0.416609486747766
-0.517125063943007
-0.411723386665169
-0.401722450277413
-0.332484710393444
-0.460339078102532
-0.570799146157142
-0.448657258215226
-0.422441523248065
-0.337437266028162
-0.442355984343527
-0.496025348079507
-0.533188576035272
-0.442179787399452
-0.450301211701171
-0.532681513037503
-0.327566041986049
-0.432484408351049
-0.437245597623435
-0.35014928140852
-0.382071779272882
-0.325557758090724
-0.326407255601162
-0.327046463928648
-0.440240509608036
-0.257145249505621
-0.303337857115393
-0.528604001035663
-0.369486099813616
-0.397806599673105
-0.434321805508445
-0.237080974052957
-0.436248866005119
-0.415909417002231
-0.429718127975098
-0.355541506856047
-0.3656842449009
-0.482835300141067
-0.320307765403468
-0.37198704953218
-0.370699384706566
-0.462466315860654
-0.466913839032644
-0.352772974056029
-0.437600128329133
-0.311088672701033
-0.300017833296162
-0.413720265478582
-0.317822699009615
-0.318387525505906
-0.434774350062923
-0.180011541375289
-0.437602457963349
-0.24536415733508
-0.373534865647849
-0.428392788236716
-0.403842428383434
-0.401268196159608
-0.35788164063001
-0.458057085360272
-0.127048622566348
-0.345227070465873
-0.347005795368156
-0.169153893049687
-0.358763468729055
-0.26369485612934
-0.36039630848351
-0.325911706878287
-0.3313718194582
-0.445597630854276
-0.322045974672008
-0.386204541823743
-0.408197774635001
-0.229405539999451
-0.327164737905391
-0.349742357237352
-0.251222025406712
-0.420738718500318
-0.381397594338465
-0.256745655502014
-0.345797070492613
-0.493115208794648
-0.426155915478359
-0.214083662400298
-0.308529680731204
-0.296526248890268
-0.211046630580267
-0.272904163090187
-0.212962792240019
-0.253202852458499
-0.31551875485521
-0.286084488974522
-0.403306848683364
-0.229174908442995
-0.394014349142617
-0.374089896525614
-0.296469548618868
-0.269877709638443
-0.17559427332546
-0.428137503969388
-0.304352541398588
-0.331534155082054
-0.143337480323545
-0.205274191642018
-0.244871009667319
-0.291557133062945
-0.279630492219953
-0.401756674989728
-0.241614314166598
-0.213083935373231
-0.303736522190369
-0.2589919573415
-0.300510552659822
-0.371065546279052
-0.270200461864625
-0.244912447911598
-0.383357807528478
-0.246326266042086
-0.358010916583049
-0.327812233867018
-0.376647305677312
-0.177204050091337
-0.20568973582873
-0.198367944888303
-0.18230406054803
-0.145769520534591
-0.28124345386682
-0.058692343875166
-0.346982034334019
-0.234625013959066
-0.206328057912233
-0.148179957790949
-0.273469804834053
-0.319647285984113
-0.231964505154504
-0.116340513524977
-0.198411273082833
-0.285770986096083
-0.326559800684872
-0.0450470508152795
-0.0714404641359621
-0.356025298838098
-0.189775847232763
-0.225966252973458
-0.258805274030969
-0.0370736731707266
-0.162448224351731
-0.25305544579166
-0.231595902929296
-0.157976652325063
-0.220762604410876
-0.198616817645971
-0.0724272159803764
-0.159848836915664
-0.0869058778752843
-0.187168025116258
-0.140673590112939
-0.182313420568465
-0.219385274630483
-0.0697779328289731
-0.0853565137645311
-0.171967945900348
-0.0847079840934935
-0.0182875614686699
-0.100498314560498
-0.0860995110690265
-0.233848757898285
-0.141165916819455
-0.0869560733390371
-0.0583807432173517
-0.0825848534902223
-0.0578231056837793
0.076362777421553
0.000126297986910398
-0.226939918967555
-0.134304853830265
-0.0624429125452008
0.100501296239124
-0.132402799692984
-0.0663304483529614
-0.161946349598499
-0.0589708714389988
-0.0764928339787918
-0.271191647117754
-0.131708271950608
-0.122056193983054
-0.144280043357442
-0.19302861275553
-0.00633384227640275
-0.105151401561651
-0.0358497097093175
-0.0321609719690264
-0.056754261476103
-0.127278941163473
-0.09689518644799
-0.00483151243827274
-0.0528166316681463
-0.0282671426924872
-0.177116887590155
-0.0863469166190923
-0.0611307022915176
-0.142698485634543
-0.146454075614365
-0.138562554996695
-0.0814048582923596
0.158646530998409
0.0976756338909014
-0.102424823594005
-0.0301947056105688
-0.0133705133702633
0.0587804388404335
0.102924517661002
-0.0138265740356514
-0.0769995723721844
0.0185246278554112
0.0886083106035912
-0.0113167089857222
-0.00586753065147656
-0.0272341960529628
0.00412958305135306
0.0307042563968832
-0.108662236898754
-0.0800767227311998
-0.00463637812182685
-0.0189536141172295
0.0240491060285443
-0.108829425019454
0.102930174301989
-0.0417389323066959
0.0693897201393299
0.00466848865774286
0.0407065456719935
-0.0637674399102195
-0.0186192615176229
0.00360186066565645
0.11479642514577
0.0502164296505458
-0.0479758760253623
-0.119128187380796
0.207745943715898
-0.0293424772481633
-0.0309055400732313
0.094502399279336
0.131755270699908
-0.0290333307084122
-0.00979560355040746
-0.0921889395379667
-0.013539344545373
0.130665532948434
0.0500033760759458
0.15708560718931
0.0615582632485815
-0.0339294016568958
0.215118689683864
0.101770214191572
-0.0492473554787737
-0.0899321797587172
-0.0489971007551336
-0.0750366253655509
0.0305295356265867
0.0850383881704727
0.204014659811913
0.141115764717524
0.0244492021245223
0.0840822280532484
0.0598514970128797
0.0389512844825377
0.114941591015249
0.345837884536962
0.0960960430533421
0.0782539218643784
-0.0528021232786225
0.0614583872297755
0.0699225237662783
0.127273727404908
0.159082480099193
-0.0116604196351855
0.0663917990042784
0.218136189485468
0.0863991317874342
-0.00397526692366596
0.109953485944966
0.00538790005483582
0.111136126936706
0.0981421503148654
0.0940697681397428
0.153202598069092
0.0476936355979348
0.065531880128943
0.0983609936671031
0.0534962673455917
0.117420973650115
0.1403812276946
0.135230431100763
0.224142049486473
-0.0623855835442226
0.0990997353293891
0.166747948306319
0.23987657103779
0.0345666371464047
0.0276777694780039
0.189533938330982
-0.015199064474634
0.192031020035933
0.0154882668834282
0.261290787709887
0.18514109652468
0.156998545251507
0.137082804622812
0.0905879632968704
0.275043296956076
0.0780553265644495
0.213032183817655
0.0111969971993601
0.241275139278943
0.219833691137896
0.130328490990935
0.075955757859855
0.35427123786608
0.241126591892917
0.234753617329233
0.194618780695947
0.0684053312666239
0.0712980957654133
0.13213140973404
0.0155530171512887
0.257052237584869
0.283533244059209
-0.0419199742946327
0.253023060579985
0.300903322405468
0.236910252037509
0.241617644852548
0.175707407276585
0.139211037134667
0.156535716522973
0.283849093663006
0.0903133761004452
0.32784269892145
0.304405259853337
0.153717635967293
0.218676606287462
0.219988527244165
0.26276961427854
0.278073094658395
0.0986471627708433
0.215364981932498
0.273048404215958
0.258744475189789
0.38402861879735
0.258500133762159
0.233898100976278
0.280921749499842
0.232477016147016
0.140516405065201
0.244535313356227
0.303803578576309
0.0643309872838888
0.194427506859223
0.236667624626444
0.388229721436407
0.165729906472167
0.377424304735847
0.372574697608864
0.273114886370087
0.143266997513051
0.290074348297996
0.253025310703697
0.334434167708803
0.185729392273407
0.373833074070096
0.431057603165149
0.284245671715675
0.258425362035592
0.240981052351997
0.232754363311721
0.412604403805566
0.444110697336797
0.317303315576955
0.194482415648941
0.123690368770906
0.451133065301391
0.304218401891352
0.226302384168744
0.33706818112996
0.263592407271846
0.414846397879113
0.276871154243358
0.276578205192787
0.255422555193656
0.25146351010121
0.387493962978039
0.304637368786967
0.488100712164268
0.302002275621298
0.366534754927482
0.345329126735062
0.396891080670897
0.281337870895476
0.277567666103598
0.406107222285827
0.33399710376504
0.451903442576375
0.320682788639688
0.447381510247369
0.338217846532284
0.288804389572129
0.349189026278292
0.475053323038388
0.443144830034272
0.395333986100734
0.353587468083867
0.355612025339059
0.290439581633206
0.169867753594936
0.433634324412891
0.208466213249074
0.218951535533952
0.426634741161831
0.429570589283582
0.408567819710534
0.362824683555834
0.334258189447659
0.362653428003361
0.379104303142851
0.367199667536732
0.33807881032056
0.348731781507291
0.399361056412541
0.338501726734964
0.28764915720608
0.364929184144558
0.445988331384324
0.354852097539706
0.414981937370215
0.327016632340089
0.363061482444358
0.302716648161927
0.238292243212338
0.552795873941902
0.483852484005052
0.34284059927496
0.419946800057177
0.504290283716894
0.416511098985633
0.4517486958358
0.345780180851627
0.359838329991479
0.411584587009192
0.350253492858277
0.334143253414358
0.399837761961693
0.291869650625273
0.42320436077237
0.523293032057466
0.450726025958315
0.47577539280647
0.456317331160679
0.539561209431556
0.444423064704504
0.509727570403197
0.39628083077233
0.639536299695909
0.37386808601293
0.531366616065992
0.408340414018297
0.412776120288953
0.514547260094687
0.427503451881536
0.55995423916744
0.500082500381155
0.352386301871507
0.379977028594721
0.410310744671214
0.383119174298155
0.582440435915154
0.610565056883499
0.667354125380427
0.474012899381482
0.485887124676443
0.593544031541921
0.514986154924336
0.407517011369999
0.482332364069901
0.455950217010486
0.539494096117492
0.493482171343222
0.64838147369381
0.354872736477037
0.61898837858408
0.573602349270888
0.46474913968359
0.635322865742948
0.569573070491332
0.558305834317231
0.634845581413118
0.517626376600274
0.43530482099432
0.464544965901318
0.599669961443916
0.48427079751763
0.463731339582724
0.616246515021387
0.563919248637129
0.544000771918652
0.595039072747295
0.499111566495052
0.744120406410199
0.702236284392878
0.406571538160721
0.447717120588536
0.556368330304296
0.554484762555418
0.503175774024775
0.363293070523775
0.480031688647399
0.550405835233759
0.595890373771238
0.605317667193724
0.422446546398209
0.689094337203467
0.660333934132003
0.575716031637645
0.576012106038704
0.704824598442763
0.435499817101638
0.37128379995676
0.537224059842513
0.534850535629865
0.534599623694147
0.489096425520707
0.42352585898883
0.578821889356436
0.560662141523243
0.845356445137394
0.679887661277154
0.567610312391044
0.602240685293786
0.708783272677412
0.652744532895114
0.668147375119824
0.646986050758063
0.606035997993633
0.587646911248306
0.569468786601182
0.677104903714281
0.521328666140017
0.696710658112641
0.67763269350022
0.684209734512066
0.738712456903002
0.5841313344941
0.684697756656717
0.631197926799547
0.680253726685263
0.591657493692058
0.738891875409768
0.830569795018742
0.824800562715019
0.637389953927204
0.607460834890497
0.680118105083046
0.810899919228394
0.650142254452266
0.697967652916718
0.692731430037733
0.68754157741076
0.577638925125668
0.610826200362393
0.640472378773247
0.577348930610779
0.791909306861415
0.567975912669469
0.628820143704264
0.474169443444998
0.606003849223151
0.642603289411248
0.51287866646339
0.673561804199554
0.64756688783736
0.743573330250525
0.63420193440836
0.711053739038617
0.649779728077602
0.544897241300645
0.603369951766459
0.734105776886671
0.812042107467654
0.843646390092575
0.723776674214355
0.723568748948747
0.749764634979398
0.645415010523203
0.621238789433489
0.742357630508754
0.729921596688049
0.736089704043791
0.745665319845639
0.80101805682051
0.676384849091286
0.805061110999326
0.791664491818643
0.664840954216542
0.649844117133109
0.680593627888698
0.707331447420768
0.855314205219959
0.833624547191336
0.572474529294783
0.717511009662386
0.877101236034258
0.811044553706642
0.807560202056721
0.6691817919762
0.86043677873867
0.796108292892269
0.815366746944495
0.746750084022383
0.796041775174796
0.898472252035505
0.658070879962877
0.844535367648355
0.808600973166972
0.787911246757696
0.726240213393571
0.787242985021485
0.878928395936054
0.789765565156424
0.807696657402302
0.794269369277559
0.76298179836104
0.754841658212479
0.766821194982415
0.856410889468059
0.720052962126502
0.605638904386987
0.968207132451978
0.686290806540899
0.893297812870646
0.868037047988323
0.851484831776605
0.717013423919823
0.84210738871848
0.894974308634832
0.740214712652572
0.797995195466606
0.840827188156656
0.901771760070633
1.00051748462683
0.861633230538846
0.652829868963649
0.768044416447503
0.797417176845257
0.903177846139852
0.78853937416604
0.838906766469129
0.870688513445375
0.812987317578142
0.712155405052693
0.8865000394931
0.848989269972492
0.958815034551961
0.905730855469114
0.744942344524257
0.958957760559471
0.837086073310385
0.830520473631386
0.713370486050673
0.825574113254123
0.797966618878455
0.864244268793034
0.939660609786933
0.870024846454409
1.06580561828127
0.869435957003219
0.879613399298369
0.662913308092799
0.96260034124453
0.95541818195927
0.951848315705832
0.851823311799346
0.907496592123755
0.856649154423003
0.821015291270732
0.824604859165926
1.0128260337774
0.960933450654772
0.857934538763455
0.915747529428652
0.878786152915339
0.909952232261128
0.942784101012228
0.947537621832788
1.03754857110563
1.0072581658222
0.910907991736057
0.807922375977123
0.814032321179192
0.898368194164454
1.03356829004484
0.955443889687375
1.02989756744601
1.02254994396457
1.00517940487694
0.905066107365049
0.828101618370461
0.87361909446269
1.02350415932603
0.860989754897836
0.916852841863097
0.951819523051248
0.90917869481742
0.859860732010203
1.10032710183297
0.916411365259286
0.788560760694177
0.879733179567059
0.866033929743829
1.00963389218665
1.00937915095534
1.06436380861105
0.946210219001723
1.05802248773648
1.10306854600557
0.980584271126762
1.06357698027471
0.988392974758315
1.08626468889643
0.96914526902454
1.02964009049442
1.02483742763302
0.910258534533735
0.949127364729338
1.13677592794
