"x"
-1.20183022402179
-1.09828147706655
-1.1169179716349
-0.891112467649597
-0.929851447489166
-0.949413213409719
-1.00164648060154
-0.906637230177085
-1.14042262578553
-1.00824380426608
-1.01551921320987
-0.974766502557159
-0.922423804509692
-0.857037370380011
-0.923134234401222
-0.970738066234233
-1.02776322811327
-0.980716739820651
-0.953231649553743
-0.898188159230087
-0.926997690246417
-0.976164342316251
-0.853758723718679
-0.902479636241096
-0.975139152927092
-0.812880136539892
-0.91020220231229
-0.879897087551446
-0.951894574168966
-0.958672916158764
-0.991544031332959
-1.02474631559247
-0.907755996894182
-0.932517311621491
-1.00750085890854
-0.948610163761877
-0.884784744612556
-0.911703863367203
-0.821605523638531
-0.83864300168457
-0.898130046267394
-0.786545320702567
-0.790841170175518
-0.796465179390741
-1.00367279498521
-0.884325629951688
-0.884372759077246
-0.94189532351375
-0.897606315914169
-0.882291477975551
-0.783014200769262
-0.97772490074791
-0.870593738161152
-0.863142438535326
-0.922257937173639
-1.0238166100452
-0.912299221696965
-0.897436629018426
-0.948485290889476
-0.916972518477207
-0.709900886617864
-0.938129305703943
-0.907725315250069
-0.808067722108688
-0.830304660452429
-0.713918202368415
-0.881805297043721
-0.835061533316512
-0.811512960957158
-0.828345189369394
-0.853655093979218
-0.828893163075935
-1.06626031391424
-0.952846393450206
-0.955872996119844
-0.91959076085004
-0.841626051095472
-0.706793432617325
-0.752270195461317
-0.832504294233781
-0.851830162925615
-0.845604411473993
-0.861481630125221
-0.820160013876149
-0.792832985710412
-0.742045162832592
-0.813843489761518
-0.892835833533537
-0.861370713468018
-0.789648454437621
-0.739950411207071
-0.719753893348152
-0.752810928044339
-0.637152199139162
-0.83527885287384
-0.920914734718491
-0.843244240138063
-0.712277333284452
-0.787811790485914
-0.7382577313425
-0.867903979248918
-0.796961351636068
-0.815130838570809
-0.867744458378319
-0.819081622548606
-0.857255794860148
-0.769288822933516
-0.803220798687628
-0.814946653948826
-0.794610868171699
-0.802030275570644
-0.82250782628352
-0.769780123307997
-0.623568581210262
-0.795862080541079
-0.884203465009079
-0.64482573572288
-0.719060288410938
-0.643685895075595
-0.663373744438728
-0.640251860861333
-0.779651063606349
-0.72141470723067
-0.812498904219345
-0.70435212816328
-0.678439766071967
-0.719367648376963
-0.585198165782714
-0.66742542298787
-0.783440484813512
-0.686633050138693
-0.875424519576334
-0.619760301114942
-0.633959927518333
-0.741252440979466
-0.802167557071711
-0.749191717050992
-0.717964589064172
-0.657154066777512
-0.772794299114946
-0.67852093988652
-0.785743361676312
-0.795156824438517
-0.850944806854023
-0.628770694665129
-0.77267866710774
-0.652342696554753
-0.757701471071929
-0.761054101918862
-0.731174500911412
-0.542135396819494
-0.648905873778848
-0.770459708938961
-0.588530101066294
-0.784246428507304
-0.708780527887882
-0.604330310461303
-0.717646653973473
-0.764950915014027
-0.761005922915348
-0.678249944978398
-0.767100217253254
-0.614328007434834
-0.575013930361846
-0.650984020980778
-0.58029272034796
-0.581988506606227
-0.695474509490329
-0.528693961577806
-0.746522954842943
-0.69834366310346
-0.660454599913492
-0.741753047913383
-0.578508336089888
-0.70017017117578
-0.675097853096933
-0.679178971167028
-0.607779404167742
-0.662525140684344
-0.653375473774713
-0.704683174667521
-0.618874972201511
-0.594072818555236
-0.571437018029698
-0.683503299147461
-0.622074660980478
-0.615235039553821
-0.670770845980599
-0.667332577587491
-0.843275426473475
-0.517308725693008
-0.680550934980154
-0.651021040524653
-0.64265334780003
-0.636647060025088
-0.671595612175555
-0.544193190151523
-0.739258746910985
-0.554002290517966
-0.580262846429337
-0.601137205043721
-0.704224369377062
-0.642816014823043
-0.661262677027573
-0.641135873500836
-0.667004861554377
-0.43054835902851
-0.505721468314719
-0.780458592905323
-0.647744489706232
-0.558386857884616
-0.477973188748119
-0.531015400563322
-0.528459906146475
-0.67514210860972
-0.413612236777655
-0.408804747491293
-0.700835244823329
-0.606136340954923
-0.536680418944624
-0.526846629989194
-0.486114926094206
-0.6567278285184
-0.420307788121975
-0.49598486488001
-0.646865919487838
-0.681518257581657
-0.474718040301893
-0.394149608475581
-0.425358848584638
-0.602367305933961
-0.576377159863911
-0.375580428889885
-0.576287763304258
-0.503816966682281
-0.566487200225223
-0.58275898674044
-0.42249780396417
-0.576109584070948
-0.525320078837258
-0.57671040301091
-0.41434908499868
-0.570089345382198
-0.467655554096394
-0.399764588682408
-0.533554469877493
-0.573445383015751
-0.571930245126541
-0.423729033889433
-0.466003460911808
-0.561510661251281
-0.525702236844414
-0.520125150083844
-0.562164335986734
-0.670763431504259
-0.462849908418815
-0.402440203163028
-0.372680442237443
-0.469282911199762
-0.553438326024272
-0.488328688808466
-0.427302784681312
-0.547131611626143
-0.408085337765732
-0.512690815407857
-0.427626553703054
-0.464882881572495
-0.486153478374801
-0.362614599392548
-0.34797673173225
-0.495334868751225
-0.534503327636463
-0.478336446742209
-0.312974769153807
-0.455512682266156
-0.417305638113306
-0.379928083615056
-0.507122476211147
-0.573037202190025
-0.436481837587183
-0.292855600336375
-0.371572751227007
-0.532581384574465
-0.419961881008197
-0.372663554181285
-0.363984014677884
-0.46685549891774
-0.467514640590486
-0.309788237496208
-0.36410951530845
-0.410250624490203
-0.587994740863761
-0.397003033392966
-0.402249733459305
-0.41731768741935
-0.297910134950435
-0.537902112505746
-0.370947096283944
-0.485053008840582
-0.492696827858208
-0.352235462652789
-0.408224267385236
-0.349182178637513
-0.378612071382328
-0.230412372353169
-0.234407210094421
-0.381839271800726
-0.455459193910195
-0.307412441146612
-0.494895101691223
-0.31089447626375
-0.575635421346321
-0.477084158392614
-0.245933325547279
-0.398876855473059
-0.278379719430199
-0.398040880663713
-0.537055619195538
-0.276300997158954
-0.292197903207638
-0.261319943727651
-0.343615498356939
-0.220738580085123
-0.21124464876228
-0.339818258941262
-0.323675709783778
-0.360230717259016
-0.298464635062127
-0.468041895829884
-0.348053016364536
-0.369816768538796
-0.329436776049439
-0.138847463047001
-0.415783983097636
-0.428313105952435
-0.456389462814751
-0.331922095952605
-0.403545272190287
-0.300077803621879
-0.411955666708241
-0.27511809477665
-0.391490680925915
-0.329308048402681
-0.249172635907842
-0.331792532166257
-0.283607533346495
-0.415107341445529
-0.320749825534029
-0.267097479408893
-0.281323767952115
-0.471618869942711
-0.338859668911713
-0.246508212451656
-0.216786972725154
-0.280874949178752
-0.348548773661651
-0.294507119801278
-0.357627712802014
-0.184122767893208
-0.32940646029588
-0.23447722472602
-0.396521249112806
-0.353931643500449
-0.335593295490404
-0.27503793920641
-0.39359542327359
-0.278994680571747
-0.25684847078626
-0.135453324295644
-0.14840602863606
-0.168814045265224
-0.310607409400376
-0.323625504925738
-0.214260533960572
-0.308707624579741
-0.172675990141974
-0.299546353043479
-0.0498604153594289
-0.282571963521148
-0.459338220413059
-0.349875286460202
-0.234905051923515
-0.179214997229685
-0.400119660715645
-0.364055795387229
-0.271348560754326
-0.167687581701662
-0.130600198082508
-0.236371585903579
-0.189264013478608
-0.267238400873161
-0.135166460802817
-0.132437816629043
-0.374621020990424
-0.186073025386342
-0.28515664096004
-0.167675778323825
-0.156042989999834
-0.16257678359012
-0.206534115295556
-0.0931865412967716
-0.205511270635897
-0.354035723256425
-0.217977615429468
-0.0671648318366342
-0.343635792577628
-0.185605890842123
-0.169465873310228
-0.0133335197068954
-0.189573656070648
-0.146203829317249
-0.0848032463502048
-0.246882989980644
-0.192486385486507
-0.160717621846089
-0.367822024931398
-0.0947418037638902
-0.314661601700071
-0.14258943521822
-0.0935703946165663
-0.223957463772858
-0.137856098654374
-0.210204166168736
-0.241124884262777
-0.255609814475504
-0.108890718141959
-0.138329503714556
-0.0290433403729824
-0.182500164259353
-0.0542176126908209
-0.231150569129875
-0.271365137097591
-0.238022579552842
-0.19659530209826
-0.238619324694481
-0.0670317478647637
-0.172943617236229
-0.0246219676029892
-0.0783119178027758
0.0371889967844712
-0.0244651928238327
-0.0999869463567426
0.0138803248682573
-0.179957651256988
-0.180191987465129
-0.11858578174086
-0.121545407124543
-0.0180649114629931
-0.17725400224248
-0.076264930796857
-0.124744713636181
-0.0143536801076713
-0.161801389806941
-0.169779701835208
-0.159461708661879
-0.0728219705295678
-0.0703129214462422
-0.0248603847024074
-0.18683063776396
-0.205466758785383
-0.135421047756191
-0.0163424583679231
-0.180119439133712
-0.17552325644948
-0.151110493543675
0.0503903316938304
-0.0754386163088749
-0.047389825838381
-0.157929997737859
-0.174702337237215
-0.147596181379142
-0.164312673053854
-0.223107524772955
-0.119936341737978
-0.0691463743857459
-0.122477165668886
0.112580670250961
0.022087063322736
-0.143771392109679
-0.0945308875005498
-0.138021444737797
0.00404220997664861
-0.107870487040995
-0.177620352956066
0.0897610294613173
0.122714012452543
0.0746513423787323
0.0407894095095123
-0.169531441562446
-0.0261646333407
-0.027006343341
-0.0274455395588692
-0.0201915991164456
0.0517583629495797
0.0449437862293418
-0.145481123786683
-0.173969111238879
0.114636304566507
-0.100185577578661
-0.0177976964474516
0.0508544894166563
-0.0898209833804077
0.0603251736821985
0.073143512621092
0.0246425219938623
0.037392459559802
-0.084549077804642
-0.198045331191047
0.0930750802471288
-0.116490034626991
-0.047960469625093
-0.00872839759787493
0.048152253391316
-0.0874439582526891
0.0124113473289087
0.180657714313846
-0.0418696063466042
0.0559418906465209
0.122580308998666
0.0803338852838199
-0.0283639620479008
0.0904127759456292
-0.00446988485458185
0.0590826334251045
-0.0338076918411349
0.186494290733588
0.141426075637716
0.133886382713116
0.0529816024257571
0.0744123202446851
0.0871924527532758
0.0553681528355203
0.0406531541170048
0.119687251389229
0.0563529019227262
0.130142790336392
0.0330178806091955
-0.00310106145414096
0.103258978613179
-0.00472477511730198
-0.0117063089908528
0.143315418231749
0.0941672822012395
0.032699716514216
-0.0466225809676982
-0.0258605871413321
0.195469464493858
0.00923231148067863
0.129523100940613
0.00502271977548169
0.0292336039319074
0.098648880312045
0.0225661149117868
0.176081444415444
0.104715588676132
0.245354852572154
0.0509103872694671
0.193804039838133
0.022152451299085
0.163542637945863
0.0349951876929434
-0.103612627539843
0.0960007218995282
0.0814684295156536
0.220905183141726
0.245076997393005
0.251441004310579
0.000811199223666206
0.122607415381369
0.213992725843808
0.145171201375969
0.100086530710286
0.148627883776216
0.10524295391432
0.133046054423088
0.145872347715144
0.0344006984762969
0.134720004625064
0.182584459917025
0.0824248451855613
0.320645405496447
0.0319886515252792
0.223009425625721
0.203127545903425
0.15920826164008
0.12017363639068
0.222236214482147
0.107276421449216
0.166299623450939
0.294898385759208
0.316837992802875
0.2628239745579
0.137586565719945
0.0819599563750442
0.141414244475997
0.194588317099413
0.14808313419624
0.202195646679382
0.137277799697521
0.303655105876156
0.0932539816494078
0.0694833884055245
0.186633051689282
0.170400286954042
0.381904330704705
0.312361889515309
0.210592139902311
0.376409634026531
0.241947714158647
0.223006960495285
0.23966970338189
0.223035610037987
0.19765107928679
0.115137775940958
0.263964644217294
0.296831653533186
0.286294048002614
0.226669594022057
0.379241077207346
0.244940746154489
0.351816865185083
0.194833027461163
0.159746714986285
0.240739440903955
0.305733897511952
0.294001723204214
0.177576284431261
0.344259951384094
0.248901645140991
0.304884429107093
0.256884135740283
0.13436936895498
0.0948858326230598
0.18476557812542
0.411410592947334
0.269266976833293
0.272957720476254
0.319040403159727
0.350155834862505
0.231249333687733
0.0885395666578007
0.355674586081732
0.300136571955425
0.22369166332574
0.360217195645155
0.0755579368111374
0.354184554554141
0.202697339310745
0.239263052562877
0.278285350490905
0.277869702026273
0.270642413001218
0.365421337935337
0.307084316553263
0.407993456389508
0.389640171309914
0.437709569166847
0.228355792777987
0.397608683845587
0.291840063003237
0.326489629218675
0.212795048281636
0.374292538695896
0.229568093363882
0.504471465657337
0.462647084694658
0.291483767019416
0.326216654502416
0.380804911146585
0.369588687982639
0.246670635007747
0.249654592615971
0.310661771641401
0.339722767550405
0.414741391843978
0.390996189094875
0.24938104756164
0.47755591654761
0.45967423144454
0.41211222112068
0.475509133912198
0.476327985143324
0.354827698920336
0.390202495446624
0.526688027225721
0.168637242864617
0.379222861758932
0.434843622415795
0.262197961884557
0.287544660266417
0.239194505974336
0.529107888903583
0.389301679899038
0.311019977151166
0.490798411479172
0.407819391106085
0.401643691588512
0.379824028175259
0.410860235066084
0.347209112545735
0.493271588432977
0.42429611627045
0.4551367788875
0.378159783121132
0.424978701480559
0.360269781366015
0.372565806681879
0.450907207984303
0.387677247087581
0.41679779130604
0.404492222533674
0.286713229221783
0.391012583873453
0.407605240004626
0.499132781268282
0.375575917264344
0.470596588117168
0.37077501381201
0.425483258743635
0.439510492672619
0.265411857522944
0.405086620180331
0.56107197152258
0.46884248457386
0.567318696958535
0.626578721550459
0.451888147720692
0.455886586085245
0.331033914993098
0.548839317607441
0.463518671481129
0.344454070820762
0.580047777616779
0.522419058106702
0.468397781615212
0.594208129742866
0.415609356696381
0.542267304374028
0.517047047228042
0.566398590772821
0.436178229244788
0.541058012697984
0.408404682074285
0.556279589083162
0.40486280830959
0.378991775088602
0.440491039798003
0.741311613988517
0.543055331315356
0.499607075108989
0.416727167351035
0.492049105949672
0.57944294238017
0.547128033244754
0.392122248463483
0.595837479292341
0.661533209888154
0.438831959449687
0.439253590734218
0.455193476877677
0.390986939529659
0.535649459616347
0.556537473656725
0.488653161160345
0.527873208795512
0.521310894834096
0.441059291168196
0.449870845633008
0.519938806778809
0.532464806760881
0.594034997843108
0.645927064881935
0.61161721322794
0.377075045432816
0.507160241894656
0.549671012595426
0.595187993961582
0.577960882048933
0.46495345170685
0.556793771723643
0.605165149900256
0.611988516652749
0.554280636585765
0.668911368283303
0.56530704116741
0.534228574040317
0.602286659418354
0.57417250619772
0.657897141071105
0.563176829495919
0.598763155063473
0.390529813516616
0.476894067588217
0.598964967785469
0.54732909642027
0.635102956933924
0.546884994611447
0.579693098255949
0.540271456863488
0.563121105561561
0.616518781293646
0.545132888000395
0.448680220695236
0.834374861865364
0.655845756919466
0.562427485205027
0.589384775454004
0.717116017851818
0.504854295587711
0.711672306687282
0.594953304777597
0.586766076548667
0.602823073602846
0.626621213161907
0.614454491013297
0.635100458489569
0.735503734476866
0.565937865006835
0.73193916531597
0.542491823459443
0.595902065147469
0.674584418447967
0.594726835261353
0.589451980371683
0.766927336513957
0.7415806874443
0.599498470802517
0.66258944310955
0.669602044721188
0.701380569458924
0.716402701119877
0.661398132488257
0.751511835481327
0.758440258737523
0.724796212747705
0.568515164883451
0.603390564266909
0.695627017958244
0.747167289621965
0.75327117113558
0.656144462650304
0.524570756338194
0.617956511289686
0.767889493259992
0.610500029661032
0.733778384693008
0.730385931398889
0.798292041275789
0.666409492296871
0.638651619540482
0.57292597630947
0.781118100862765
0.763341623322661
0.591556053471386
0.661691682167364
0.678825027817245
0.70566565421025
0.722217898817597
0.667267439039442
0.731533292350906
0.596764633370756
0.883795725546587
0.627972743510573
0.536785188702792
0.793970212393741
0.748847922913579
0.789851756309269
0.697483554813478
0.846497894840692
0.697884259919814
0.741828036343503
0.720536825107962
0.729896330709185
0.704030947260167
0.823760068415092
0.877746452728807
0.887023551041126
0.754036008346263
0.677545354706237
0.579470320734851
0.734310442524079
0.741444462252354
0.828797922501072
0.752402711081271
0.710107276788055
0.880230133166276
0.7096697465589
0.870606533303531
0.762648672910226
0.656383944260026
0.842826869903716
0.712691656310263
0.974317731800099
0.738911557626092
0.678447039833608
0.821757388116655
0.845030269944907
0.678801080366497
0.762975478166315
0.740649609286885
0.872970769325871
0.782275644907056
0.817902241444101
0.676896043724961
0.642768906640245
0.845158406734512
0.843989620403062
0.79880142859758
0.858862440118088
0.849833033225455
0.919987587011451
0.839038421837312
0.795364904783081
0.892850996812256
0.959479765271165
0.763955554335792
0.926490015988716
0.684157202138793
0.738180167358576
0.832070397426804
1.02831871667015
0.759847726547004
0.894267142005818
0.817072064776644
0.697651415977607
0.864298752278122
0.913172701424965
0.794748386774154
0.758472413549347
0.879011685447913
0.869316249115882
1.00861335420642
0.891468090604749
0.894315872766797
0.900510609646396
1.01941400118699
0.802646406696238
0.851417048668509
0.962690029171057
0.742679887801688
0.978845208257506
0.950885566341865
0.694539624570681
0.883557604229787
1.04774408793053
0.901494939643915
0.731335760668688
0.937014021266677
0.776112416015087
0.899665218074273
0.886339367955842
0.76556985120071
0.861154423432787
1.069796098282
0.839192429874567
0.81836710283992
0.99102910360207
0.949321536818368
0.869204163915608
0.935899195020686
0.886683673352503
0.87788622642915
0.918076226592101
1.02840973041391
1.02000787299434
0.835694285419727
0.910687970472509
1.09161963759977
1.08325793883983
1.02106617231918
0.980899807431279
0.929380705841146
0.837184950573831
1.04528301647979
0.980230213239515
0.900682481493799
0.800960246355119
1.01464863877974
1.00393784231072
0.79230949748342
0.769816614420137
0.8266362486583
0.951008473121542
0.834965414337255
0.970102698462222
0.842546775451818
0.965687200706824
1.03335077048423
1.05488933975525
1.01248379781131
1.01312879054372
1.00973344601565
0.973185446574111
1.01951525897773
1.0473774922773
0.966241066761225
1.06208254167766
1.28465666817808
1.14563042372104
1.00657185149553
