"x"
-0.946545732610775
-1.00847221503593
-1.14496295785945
-1.09610920697132
-1.04802909460086
-1.00850871884552
-0.917806520440175
-0.894435679032977
-1.05112146010059
-0.952293090855818
-0.94503724416875
-1.09744751917642
-0.941461375307025
-0.861715257834539
-0.805930517436429
-1.0454903470115
-1.08252880356907
-0.920206133435049
-1.00785978335314
-0.809754176835705
-0.800291977658999
-0.902175819937552
-0.968904148640044
-0.956478912602012
-0.869416766154876
-1.11999340557816
-0.978452973185661
-1.14868370677755
-0.942096377364357
-1.01492764046007
-0.918037885945239
-0.888787463428957
-0.958034195700633
-1.01411173826435
-0.887373685071056
-0.983589878663465
-0.873662561182256
-1.08222808688836
-0.850689457694023
-0.921049997178577
-0.971849457567436
-1.04037818915536
-0.975795619243222
-0.96710940991411
-0.903972981660912
-0.946026493097147
-0.907345238693734
-0.689260068704686
-0.896381764923422
-0.952290645396768
-0.997006404367236
-0.892228258672448
-0.835983241867328
-0.807249711312481
-0.908546416326353
-0.920164937293254
-0.838275536949592
-0.872264444699258
-0.866901709589585
-0.802791634684724
-0.873017258142372
-1.02047032915943
-0.891210361125718
-0.833917911723787
-0.886869476627981
-0.86646447862053
-0.802497239340941
-0.898058563410978
-0.845759283519322
-0.96091210130558
-0.70346166109261
-0.740860977115906
-1.00692690846634
-0.910638293740134
-0.775749020981115
-0.858498240985301
-0.951491556071416
-0.721913063338732
-0.898591617817688
-0.79791740682383
-0.832372950294782
-0.748946702891593
-0.962932619936822
-0.750793287241929
-1.02835663048902
-0.836902325277602
-0.989787608806565
-0.837998606115483
-0.748725875985318
-0.752282549407487
-0.787683915073746
-0.816443082269548
-0.823081410458963
-0.821638444211972
-0.79671395854297
-0.799248577357553
-0.764875669192341
-0.670801456687268
-0.902275366747385
-0.727820927983999
-0.757215081498041
-0.819680452048249
-0.601220652781706
-0.689018013453984
-0.770835567811678
-0.803049142123983
-0.705067318069333
-0.683681820845403
-0.803987828386067
-0.751521336922911
-0.592965194056112
-0.828723856738779
-0.841693307021518
-0.753495127451146
-0.864903053164658
-0.834175714510151
-0.765210826978834
-0.767225644498755
-0.613484251234851
-0.755602437412267
-0.631873510570523
-0.880416546936801
-0.817519516892621
-0.838135446069013
-0.846152938600994
-0.698832942668691
-0.834558663740158
-0.735096484371214
-0.793797125637993
-0.678802357646063
-0.692975478156714
-0.72815384241625
-0.659683576397124
-0.838736086691998
-0.722885502428479
-0.757351854873598
-0.665542149239143
-0.773866593424072
-0.645711909057854
-0.651989098632102
-0.635943733700233
-0.565057554875973
-0.866228576510142
-0.526759609392775
-0.66234469833548
-0.756643223465152
-0.756742545122864
-0.699155052773915
-0.676533504396208
-0.630747802852296
-0.576845999937389
-0.572228966773072
-0.646539274503504
-0.782994158924074
-0.744792358755553
-0.642287148480972
-0.706303401890097
-0.607220611058905
-0.694713415328528
-0.657356424154586
-0.766458187447387
-0.614305405788843
-0.671837491407151
-0.558167880542931
-0.582540360947652
-0.744009611785958
-0.74421506200055
-0.62688342297782
-0.745900996755364
-0.713843705211036
-0.58551407183072
-0.621402782204324
-0.528487084737293
-0.669116183141836
-0.71330209579488
-0.623707822958407
-0.710014640004248
-0.612659245455712
-0.799138158453891
-0.649490673146931
-0.729132793778034
-0.613685803876789
-0.645398537264896
-0.671257665126499
-0.676762275641628
-0.611385861393239
-0.621769624990642
-0.581051834961312
-0.604444649810556
-0.740764971594401
-0.641491118887156
-0.751234769977228
-0.51287311364102
-0.621983924239564
-0.656339405403437
-0.603207088725986
-0.693942045595729
-0.590243063635522
-0.633474353963987
-0.700788777957609
-0.709308018212229
-0.510454723334451
-0.549063210727063
-0.517887070674866
-0.651667609937921
-0.647775797912779
-0.385325890784386
-0.603160173667924
-0.456734190816153
-0.317084442897213
-0.528640928204937
-0.531296425368802
-0.650515644327007
-0.521281208420405
-0.639288848075462
-0.519169448982951
-0.347233140623901
-0.523045768962646
-0.72918652372989
-0.7354344059029
-0.618072131929319
-0.575843931907159
-0.422811674588259
-0.810206561594633
-0.686973012239896
-0.598559474627035
-0.451371703433124
-0.513956694629377
-0.389092176114022
-0.553982955006225
-0.644693722961755
-0.667439681209699
-0.616988389455627
-0.590560642981245
-0.525767663563771
-0.468065154065424
-0.713250130231533
-0.432656823665275
-0.531859268209158
-0.461559406663184
-0.507884420838112
-0.585504339516224
-0.502774571386902
-0.575880707660048
-0.616480152551206
-0.344301732477183
-0.531142681808107
-0.436168512106946
-0.428757280020827
-0.642081182394033
-0.405417894838268
-0.475336482161412
-0.427222752926306
-0.380268908264372
-0.63299513713278
-0.471650519854967
-0.516732964886359
-0.492608337967699
-0.464915383235469
-0.403691337827444
-0.576031009342022
-0.531793049833374
-0.24656893513766
-0.531760149289242
-0.628261242163155
-0.568829184068089
-0.424921133459745
-0.544158279725734
-0.551541333454771
-0.465884087315911
-0.480097060677857
-0.347658473503787
-0.431812647216881
-0.413422066181206
-0.440025495263199
-0.684260518998973
-0.438763930701079
-0.469182534310464
-0.433951962668796
-0.46606614747572
-0.423539380183712
-0.447903813851858
-0.505990661537844
-0.414606155114097
-0.475238104422396
-0.482913163005795
-0.376156094983495
-0.419105010332081
-0.358358065648807
-0.647534763393301
-0.461753418908653
-0.408943670273869
-0.591740695397352
-0.446835094489912
-0.379433134330367
-0.45024047528314
-0.457049197483574
-0.457196858501227
-0.331601726277542
-0.520872759982208
-0.473788315915825
-0.453337555872582
-0.328970365606748
-0.419893119803517
-0.256492199556092
-0.394883295217011
-0.526206205542161
-0.187794978492568
-0.336499415685788
-0.314923216474391
-0.341069489302757
-0.32903582771291
-0.401380859267244
-0.245756458544866
-0.393883264439129
-0.356090924553648
-0.330940054461756
-0.192621529432994
-0.448996153722682
-0.41049408262083
-0.329252237872264
-0.362002421292461
-0.316357738360157
-0.427114897573926
-0.410394892711024
-0.404610435401485
-0.185448297179849
-0.310572311862121
-0.371320433316154
-0.482059096999472
-0.193896782098971
-0.208419526160753
-0.283189742282131
-0.298304072992213
-0.296756645006899
-0.375812373103168
-0.282186134190658
-0.238722809498055
-0.304031088574084
-0.248707365404404
-0.314091460081514
-0.250432252364283
-0.357080781329486
-0.21144076364001
-0.345705972384462
-0.338808567276321
-0.279418693456145
-0.367509604411482
-0.275964105629532
-0.423587448075019
-0.205740072994502
-0.285023375881995
-0.319479583997135
-0.160825766461806
-0.421745468582956
-0.290204864561124
-0.274219950794084
-0.306116561902183
-0.259156952744629
-0.265423466092887
-0.277212142130563
-0.351120290503357
-0.264438442802402
-0.134713011176938
-0.184271774274091
-0.277942878992618
-0.304166204865329
-0.21233901754916
-0.192338923408666
-0.27857814261909
-0.240527909429543
-0.290746167627127
-0.16823352142719
-0.144767515933907
-0.272548150326213
-0.282622102701648
-0.174221604950245
-0.336365814143429
-0.167331811389119
-0.23398292797578
-0.244675343789213
-0.303859717769491
-0.15712483425044
-0.198792618503202
-0.190191677476217
-0.26127409388475
-0.298276382874806
-0.236555023940357
-0.276290104261789
-0.190490309844811
-0.287402481681556
-0.162632445221965
-0.240158753721724
-0.277710112080534
-0.27183304974655
-0.240504611668901
-0.0434093487801879
-0.310371444477127
-0.246360184817891
-0.0257396203682266
-0.149430174818932
-0.327397933596859
-0.0665255094685684
-0.163223824855852
-0.289493236454739
-0.26064978161931
-0.000735094398679207
-0.31515094716172
-0.226923978985614
-0.0856746223853648
-0.194651208146917
-0.0937603250747651
-0.177774993925418
-0.183331948841126
-0.130687745081919
-0.128913136247369
0.111452936221771
-0.0236674714243779
-0.0772625570700106
-0.174605895624812
-0.139077420197263
-0.145565824849702
-0.150165948057067
-0.130476581959206
-0.123334723560103
-0.187016679756915
0.00226546593096898
-0.0438436087475063
-0.0627167280955776
-0.173936153927009
-0.248928460431565
-0.165084651775323
-0.100212617770927
-0.100108882777525
-0.0990202362574703
-0.126740341108178
0.0215996265144153
-0.0714419334004781
-0.131049910239039
-0.11608702127754
-0.112126935540307
-0.197772585560662
-0.26456695725385
-0.199271351567876
-0.163553194225762
-0.214476480614311
-0.163288204631721
-0.271307068540893
-0.209289189074086
-0.0925988617635883
0.055028222262972
-0.066390047448317
-0.0399565133046631
-0.124167021599126
-0.0318774615966167
-0.120111269853537
0.00302669812284691
-0.114722353775116
-0.136802057911607
-0.168787450852563
-0.0764347332483578
-0.0424678963967523
-0.0997272692292913
-0.0585096949545141
-0.13370098606552
-0.167296496332379
-0.128836550168441
-0.00259214983784443
-0.034652549818779
0.0287011032502358
-0.067870818506405
-0.109907297325812
-0.0353219253575392
-0.0150742592805413
-0.320937422012078
-0.137364260956409
-0.254853395075046
0.0243927678604449
-0.0451740733816773
-0.0181463204946183
0.00679702893420123
-0.0976861326702596
0.0392059691712479
0.0282537335667652
-0.0323908120887708
0.00923741193459114
-0.179042175256962
-0.0362906552031163
-0.0776763748450285
-0.163063169277631
0.0101836522385889
0.105491008435793
-0.0104561431826242
-0.144288569958594
0.0679688340132707
-0.152969494917532
-0.162572232168491
0.0299745502987714
-0.0103966089113875
0.0323521105189662
-0.0599285465591298
-0.00925704014265028
0.0319453576457649
-0.0335666850918429
-0.070674495954227
0.228166449197744
-0.155970668604801
-0.0271215997455607
-0.0531594819931158
0.0539520144512147
0.0390591090980234
-0.060194714162598
0.0303461277265011
-0.10024792886853
-0.0313616286782186
-0.0178360965527503
0.0745752109347031
-0.0200695109265697
-0.0240175526191367
0.17491962095728
-0.0992651801019149
-0.0306409404245174
0.0299544042677802
-0.0827201465504805
0.00996879925345367
-0.0289314142759555
0.188052379637809
0.0874459088591439
0.0672156422039359
0.202366694947133
0.0452611612753587
0.0367429626537591
0.142261989811744
0.157905889493919
0.0931289304111464
0.19454245834616
0.101488685800816
0.0499607097402388
0.194533520702409
0.143360315298505
-0.0824461119322187
0.118163074278527
0.0885914924801092
0.0402744975262706
0.0221590605753855
0.110956768670618
0.0708563126841126
0.132847827550643
0.00752861558027155
0.09500326616559
-0.0102086491292338
0.196360140009641
0.105948547287266
0.124271923353398
0.206978921058649
0.0402609555798606
0.119365606276983
0.164339182407901
0.107677770671645
0.206059327827577
0.00177580506541067
0.0178686575379463
0.0679736024663317
0.046148396578529
0.345639074404773
0.252784263537615
0.228360551683249
0.0304963558608804
0.174222461360378
0.0308952452587077
0.129071330868202
0.256428918225566
-0.00442422332469108
0.0121119376393395
0.114352395320162
0.195037625695135
0.151656462810682
0.14489582558044
0.196118466839715
0.230693139774327
0.18166502318333
0.224651015968208
0.0848864746901577
0.174626503672646
0.109605326861528
-0.0107419865374737
0.110435060751522
0.0886898202406797
0.188496458888398
0.262332811162535
0.224866983633548
0.179964087077336
0.273005752238435
0.195312735704779
0.155472065341731
0.211053942076691
0.225847536952906
0.232287441845007
0.141478969402495
0.0948304434559636
0.222536725631765
0.21764331955304
0.223218898786836
0.361984842066557
0.243338827016074
0.00648464299577811
0.225180432041872
0.215363044201446
0.370997060109464
0.137969144206348
0.240880148620825
0.26340724349281
0.141389084396559
0.381952411717499
0.279342165680768
0.215932557300538
0.255102758986201
0.140920274664894
0.319395811586468
0.438681565138857
0.354014816768366
0.151147071461925
0.27672140207503
0.24791096106475
0.320027152104033
0.282101503444866
0.384005052856785
0.161223656560738
0.312380069379879
0.348131945393702
0.193418461413304
0.212536034669245
0.258082076426979
0.337660462079414
0.25778554903954
0.412417374924052
0.299848945574804
0.445523220250622
0.23769384780693
0.295181708127325
0.267795924550603
0.283946502676113
0.210094796106336
0.251979470261059
0.204537224813467
0.356897827807599
0.401843536457326
0.36271761351912
0.239203260139445
0.449924620966636
0.536468002019097
0.404514263378425
0.372075873225057
0.362664485899835
0.0832779563901972
0.350824950196382
0.391712286101011
0.183810886977382
0.424306086323326
0.342216447766368
0.341554159659923
0.362762928666811
0.324358958917301
0.412974195546927
0.283307282056294
0.349340697820026
0.314339028333135
0.29066306396498
0.392915436639178
0.324060099225615
0.365332077386988
0.359292390766694
0.2825306300266
0.432863186079318
0.356504337626298
0.276679284381783
0.3365862720954
0.351047192481135
0.38431933645481
0.455912076228239
0.319084931431032
0.383372149939611
0.369198099806083
0.498898201453385
0.421952377436015
0.391807782805524
0.381198939726577
0.420415971863792
0.372039742316629
0.389135476136237
0.476184935332261
0.28584930208087
0.495809481729127
0.370831643444247
0.393563853674657
0.372044701258557
0.363394480100877
0.460053127934248
0.420488305628239
0.506886485740459
0.331488560523541
0.278473123447977
0.365480254654933
0.595462296481059
0.376744912386872
0.578468028859411
0.345356879103393
0.304517913159522
0.331070713505907
0.428158398585832
0.432966961398647
0.379158644397598
0.362118654554859
0.478366909290946
0.433868832132455
0.642669430684935
0.485455830251863
0.506444123136956
0.465638577942093
0.40543715562413
0.480438393546023
0.425479605048703
0.358642460791703
0.559723667178713
0.625954896049069
0.251382471187298
0.512615766048027
0.45749374637138
0.603267994688766
0.334787680898394
0.437685531164475
0.543725042155247
0.44767988997221
0.499658778172277
0.530018488541331
0.384214390605173
0.571974755624679
0.532560491955908
0.53615318711157
0.254396892700014
0.452194198586445
0.416010982402676
0.329428829093923
0.574978764199651
0.419414457884958
0.49127903485675
0.537208225797665
0.42773149205824
0.359039990388421
0.595020368302156
0.481502728120239
0.408379933952586
0.55909121983945
0.480765835807836
0.488511377891868
0.328524667002483
0.476202260331565
0.56909836089563
0.498063597072787
0.549720054262936
0.52959523851579
0.466197036419346
0.449430062568229
0.559579670075461
0.422796252540895
0.553425675432669
0.54271001922307
0.568714810409386
0.478992439665871
0.495702109548113
0.497003193951922
0.397858381572731
0.541063641793314
0.558051633251825
0.649332701068018
0.629925745604508
0.59399056197132
0.370946083857169
0.552006197820601
0.496970130901722
0.609727204204831
0.505091266277884
0.482323333767282
0.598917770887393
0.56482063903545
0.444660158874079
0.575284682831225
0.496207369044863
0.624392358050895
0.558992335863443
0.463990028691106
0.735011378192497
0.629126328654031
0.622019398034866
0.5671861391697
0.642745334183437
0.524324484226784
0.618759804610965
0.433664205561769
0.657090503224985
0.541541431864822
0.573491363319501
0.646387042803274
0.793272751362852
0.612905149060898
0.744713388934122
0.578567248812198
0.576960678567455
0.673974077521896
0.668406071486588
0.781148014643441
0.71513005657482
0.587067709346513
0.641442508751392
0.712497973430679
0.515109816398252
0.650655723689972
0.532464521313798
0.594643234757408
0.535811378588417
0.546678775401223
0.633090940210928
0.507416934302376
0.650544986498843
0.778412563965474
0.587180257147278
0.7493950405387
0.787138218107762
0.683392379692116
0.694008539602996
0.627099526586361
0.609667978933277
0.654293855265818
0.809592265818878
0.661668622088211
0.555866564429147
0.718245199193601
0.594957449642489
0.51583064353293
0.632803039428653
0.591476517990351
0.741755343556507
0.691974681146451
0.617610073013601
0.55409764101603
0.618232536304031
0.712210883456456
0.672012856649508
0.735947702361485
0.68537931364774
0.730372856970119
0.87508059144567
0.844034707390971
0.56443124006844
0.811888887000583
0.718611425530568
0.79325897950765
0.655565595500035
0.718868483020964
0.767057327909779
0.73158861751199
0.745823404255864
0.74173764737274
0.695497382189778
0.698038498568426
0.774498347059058
0.703500186815855
0.716425985451297
0.737268617427987
0.635337193470422
0.715472871478643
0.752305027491031
0.686011579073487
0.695077295028258
0.64960213455178
0.837019085408298
0.687818150745462
0.646815815830624
0.751276113297418
0.590037880815185
0.678050416079914
0.741719812090592
0.723593990776826
0.757920707036299
0.622104906171747
0.639798514654416
0.638365355805744
0.798581825330681
0.720651708060472
0.863787845629114
0.774844349864674
0.748346482201613
0.881017087976028
0.676762544156981
0.746558205502465
0.762249590676537
0.794186629282126
0.774869601839239
0.889192100514491
0.779560753614829
0.82400730649136
0.744065340501184
0.809521685267713
0.987653569615444
0.918537277909014
0.851774166232655
0.819825162871396
0.93694603684237
0.77099914727517
0.772823005983819
0.795151502761367
0.820282693122352
0.953625011598988
0.767672732374948
0.794206246102136
0.828157239661153
0.992801472171391
0.634151063647463
0.826615363931166
0.783322063818205
0.878607008236676
0.808647881886366
0.823742488240361
0.795132560264478
0.91504917964731
0.636967741001737
0.92929360896985
0.854034665901551
0.662510860140068
0.897470192511864
0.909033800235221
0.938129253546359
0.854014306882966
0.947990757304889
0.774905653056755
0.822803579010258
0.878647123855282
0.991865273821383
0.919776116732057
0.851652735346925
0.990754130549624
0.837880765131951
0.779646379134451
0.967478437772598
0.957258156773591
0.82366104192369
0.83047058802285
0.885013560205121
0.952927898436748
0.938970513318451
0.989492083043922
0.99187494067303
1.02294669194321
0.939229368868078
0.841442866821092
0.887331369069077
0.959740965437345
1.080495917017
0.919844457642187
0.922743847470457
0.966117320095754
0.934005017173148
0.9850283559257
1.07591447358171
0.908306580124257
0.902650184786414
0.845010537935654
0.996298595587666
0.965730360016631
0.928806501613652
0.895583452831174
1.09199595453873
0.983847445071595
0.961719179674215
0.943451810164379
0.925253510298853
0.845662653074986
0.927402291265887
1.0456221513703
1.04361424845834
0.838355155726807
1.0777349040771
0.987830872746729
0.830240581411063
0.914210940936122
0.940381621061743
1.09796139418442
0.966270994151651
1.09704245493952
1.03870543990731
0.910557338650079
0.784690883839376
1.00507586206413
1.12370075968525
1.12086240536301
1.06235766573052
0.932435261138222
1.08176256835907
1.02206513064578
0.998896054753321
