"x"
-1.1186593820032
-1.0258371101209
-1.04495915229458
-1.02546763139736
-0.916563071120335
-1.01749229148629
-0.90050739319354
-0.97268551594239
-1.08775515306904
-1.07873496662892
-1.02795614931838
-0.968460624201355
-0.920434686092927
-1.05112930815364
-0.879789858785706
-0.977205763371503
-0.906896161127646
-1.01620470957031
-1.01510325072038
-0.903873231295726
-1.09762870620851
-1.00305537517637
-0.907788726925328
-0.855821069869597
-1.02449433230703
-0.911166053237647
-0.900972766736787
-1.02114454109998
-0.964043360687802
-0.920796452267397
-1.05637988654463
-0.873514570851135
-0.887134201280117
-0.817499159025049
-0.864966050851095
-0.90928324948471
-0.803525243357663
-0.915347638119965
-0.887345491775194
-0.968629371549143
-0.886189374230317
-1.07171953461724
-1.07636477529521
-0.954778761528935
-0.853104082252937
-0.930525364425583
-1.00834602489769
-0.871131428754388
-0.78147736158523
-0.889845110511817
-0.891709215867375
-0.879880976152021
-0.839661713034678
-0.841136065469192
-0.864971961471196
-0.838372331998811
-0.914216433050573
-0.832046306265064
-0.986095732424458
-0.942229803361531
-0.838099181615649
-0.884147594443216
-0.891480684320069
-0.821755557402496
-0.870176359315274
-0.933924225988525
-0.906927228498949
-0.830210441961725
-0.911429811991589
-1.02918299784411
-0.954224574321437
-0.883183305105011
-0.974716445459202
-0.809084377690306
-0.829165923961704
-0.862779890634968
-0.884224899444695
-0.89571662080628
-0.890736927867338
-0.666437681627156
-0.859661880898514
-0.840629023868217
-0.813820067272137
-0.858645019875856
-0.897861093650424
-0.832644547906752
-0.778779022692649
-0.870892609814342
-0.794650160352243
-0.910395439751838
-0.803664833394143
-0.736354572618135
-0.855520056987504
-0.834046681030291
-0.775697219825852
-0.854285769395895
-0.851211089959491
-0.730008637327239
-0.783105921800249
-0.678050764693701
-0.850584939836331
-0.748650001511598
-0.736850437500793
-0.707603203676806
-0.737903004962028
-0.905734381008116
-0.619991825977838
-0.684082491740907
-0.719791651507187
-0.797702231144841
-0.841106529519968
-0.8710583112885
-0.778971232496898
-0.801975189842747
-0.847949792387825
-0.842258595915583
-0.86735436743993
-0.588374542590793
-0.787877118935415
-0.759979570368754
-0.766033044692436
-0.884245391502669
-0.809394888536009
-0.596514243278524
-0.483886625089493
-0.651415925352307
-0.711971434856938
-0.753090942428938
-0.746702287607051
-0.840031028029981
-0.776142805426663
-0.716423581556712
-0.743994911149064
-0.715074719389375
-0.645635592119081
-0.782710782653917
-0.81315895297138
-0.822554930559976
-0.555413351527504
-0.702566163073553
-0.663195961007807
-0.734114730928974
-0.721343178283831
-0.692059821264378
-0.606228641550091
-0.752260635607462
-0.7846944860525
-0.759076894173289
-0.653748452540095
-0.582952270486063
-0.568872384310866
-0.6562286143948
-0.680892891252525
-0.613459026193459
-0.722962205408268
-0.669932513195085
-0.85433771762933
-0.774956466782936
-0.575024996643266
-0.643287085018484
-0.692692539855353
-0.693034335198897
-0.789237230269626
-0.803030074803088
-0.705648245197212
-0.807347646872612
-0.617986682263503
-0.56953017814245
-0.663291973136576
-0.538960576846973
-0.647920332148298
-0.634400719271654
-0.6356000423846
-0.593531602185626
-0.651474151432781
-0.656107236123449
-0.536241047913589
-0.581810633086513
-0.525799511303708
-0.71593885505284
-0.686979946373071
-0.692774504527342
-0.656778406185053
-0.611386229237959
-0.582989084402819
-0.597574791097674
-0.655822553587275
-0.673274070502353
-0.554586815880499
-0.704437153499162
-0.629126567961076
-0.590487779079973
-0.605811847986138
-0.47306530666999
-0.580153297546503
-0.634230438648109
-0.607270477006661
-0.641660344202805
-0.675689626919453
-0.540038884741555
-0.570145525651057
-0.58741711315665
-0.658758349880093
-0.643299130892794
-0.487627190651141
-0.66536587215048
-0.532352468220651
-0.554133092583112
-0.405818097092462
-0.547194639213288
-0.607392085100322
-0.508622142702666
-0.435574352999167
-0.517414156071626
-0.550597394345167
-0.482238366032473
-0.362197961717546
-0.535910574521422
-0.556532974938568
-0.470096771460531
-0.578473106522084
-0.550883276803333
-0.719609512655197
-0.544198736005868
-0.582924683272166
-0.421483805876412
-0.474710106672734
-0.669210294903574
-0.441877067905869
-0.560880129296051
-0.54608001807395
-0.598913101421307
-0.466024392347186
-0.574939476203704
-0.539928624462395
-0.530547594686323
-0.354769472467343
-0.446028550864248
-0.509949496208617
-0.538592505423409
-0.493124708122097
-0.537702604508233
-0.674886647607637
-0.55365037250045
-0.461360609420951
-0.704754044829568
-0.306628709160528
-0.595036892141301
-0.51937697427291
-0.547187345416911
-0.394435088764932
-0.649249204530152
-0.329352150411072
-0.696618248538034
-0.607082818543479
-0.456006200354625
-0.484977106733621
-0.519384468039447
-0.472590604119526
-0.498363559148997
-0.41132732563575
-0.507273515952589
-0.472004944435872
-0.283920659517661
-0.512958445802435
-0.628979243716681
-0.460594421424534
-0.419136746560993
-0.495743401664384
-0.477315617485888
-0.308432567021199
-0.369181427374327
-0.543149974953735
-0.553314651508432
-0.349942244753043
-0.352443671290389
-0.363980081708432
-0.404810943968365
-0.599725485987378
-0.509285706283626
-0.545334055063497
-0.306105568112657
-0.548553134961559
-0.381804913385646
-0.360851757113136
-0.311166028835022
-0.322624899586593
-0.633910657277157
-0.365892862267163
-0.522206514052642
-0.660079518631736
-0.340557431933104
-0.556563167984931
-0.455713162491937
-0.447868650160498
-0.42020697123076
-0.392627130360936
-0.456336668579425
-0.411057595062218
-0.30530724921822
-0.3289601624684
-0.547033033176228
-0.42409565115521
-0.515300658484288
-0.484461703236384
-0.388567796636424
-0.350325327592877
-0.308913760605837
-0.452637516545943
-0.311584448634176
-0.461242444570616
-0.382220689923196
-0.351663500143923
-0.410802388004276
-0.303595854375014
-0.460946069577235
-0.245014546555226
-0.235142713661167
-0.322258574465955
-0.463824441622117
-0.312915294173127
-0.453462527329773
-0.424211533758704
-0.381447916326552
-0.475155410594946
-0.306135745115549
-0.223214274136422
-0.305965961306174
-0.386253335927444
-0.330998304912312
-0.360608730822504
-0.332210975622979
-0.295042181560876
-0.13983885533769
-0.409989246959588
-0.28771614699376
-0.321829083351231
-0.404014893058203
-0.542104974008048
-0.34469248939215
-0.443394259804134
-0.166538804314482
-0.304601446340645
-0.342039375737607
-0.2020361840601
-0.15482776902906
-0.34696138599992
-0.148215740278907
-0.394662892757899
-0.286835129307607
-0.300736383361507
-0.404601050721457
-0.0972264623309452
-0.196112772231543
-0.337713737250793
-0.332872893064576
-0.309436277381318
-0.362518095980826
-0.311448101743004
-0.330813314573585
-0.273957720875277
-0.408909180343845
0.00681952407112717
-0.437061195014187
-0.204757441125289
-0.314497756762314
-0.298177979316574
-0.0792886117622759
-0.335699154822841
-0.31725944608655
-0.28783668007716
-0.123371129146954
-0.204462923343711
-0.146108338563438
-0.199178278005333
-0.186738066550364
-0.201639783666578
-0.238913053311516
-0.259317654172251
-0.444198808110201
-0.221677263383946
-0.296524325101573
-0.216458038210494
-0.0518446869234662
-0.353256760261898
-0.189920387147657
-0.342990166250637
-0.267187893695026
-0.276327547015924
-0.301814951616485
-0.269454046504565
-0.0759414436622896
-0.0855697007551444
-0.184408318760915
-0.243509801923912
-0.19087323873261
-0.259276758525281
-0.328595513089896
-0.186750746840735
-0.277828201739867
-0.179637070015012
-0.304027980572798
-0.129387513778197
-0.343683430001525
-0.207780319268009
-0.204426338550791
-0.277748902458584
-0.147933588528163
-0.197793063657773
-0.138197906801438
-0.166683571168488
-0.0875894780900903
-0.0277387532599026
-0.172664413220176
-0.146294412843715
-0.00704162697914597
-0.22090419284457
-0.22198185422082
-0.195640431222003
-0.192436027030116
-0.0744551444450079
-0.240719419720273
-0.154870565403247
-0.0785169057778616
-0.275303881614553
-0.223830039448709
-0.0767140777940869
-0.0522208544811361
-0.140547077622197
-0.139150116188969
-0.14242231453521
-0.182164138608181
-0.282415003339009
-0.105291688996875
-0.069383302570834
-0.162203531567936
-0.21539943413208
0.0143100103759249
-0.197448656965737
-0.165598313439797
-0.0980767283057188
-0.0851874150681019
-0.0300852725189155
0.00554931933410103
-0.155728838064976
-0.179454727625407
0.179239374454524
0.0137932137931959
-0.0602060850067988
-0.280065292434104
-0.203902846996636
-0.228055942132353
-0.140160105546202
-0.170388731365415
-0.0842753138714336
-0.143529441420964
-0.0669893499306217
-0.123429094445098
-0.132801763909494
-0.0897875898304871
-0.067702936998451
-0.0127202613484696
-0.151979315901921
-0.164830630684705
-0.12630784770915
-0.042157509603232
-0.0251047361209592
-0.0861642826879788
0.00213749877131668
-0.107458178169331
-0.027337969408557
-0.0625716069732878
-0.141611913149408
0.0618124717498294
-0.0600280102346983
-0.100458038425808
-0.048717017145237
-0.0233785546179846
0.0333564521861313
-0.133435365667212
0.0520361248990076
0.143172911361252
-0.0952576862627518
0.0967893490934854
-0.0630590080225777
-0.0140081752521118
-0.0826868281465031
-0.00202747495821651
-0.054718921624686
-0.150255684934293
-0.0238388500799158
-0.0718696620919171
-0.0572464321621118
-0.0166856692053202
0.0954670632521022
0.0752192590683686
0.0205729587234689
-0.0705266735873208
-0.0243144414134918
-0.0992433163011861
0.021213413500135
0.131960731770873
0.00749408838758425
-0.0110637776840809
-0.133124491010526
0.20416115312329
-0.119023021524207
-0.198383884000722
0.0898790233317625
0.012637867985225
0.0495934163337977
0.0918057245279149
0.0486791934619863
-0.0193302496234996
0.0401324449282869
0.0287636275777075
0.11951933263817
0.109554806186335
0.0869667470422367
0.0307867876858486
0.0676785183034324
0.0877829777911019
-0.117342858939068
0.179293118062764
0.0642299676209416
0.0167310659327799
0.132966978943658
0.106173152313628
0.0439606874916529
0.00911595471556022
0.110283977402463
0.118982000061842
0.101344743645168
0.081638402526292
0.20699362125732
0.0269325160240371
0.0648120547047615
0.000645571090280906
0.133020353984801
0.147969359928528
0.105719787826442
0.228362407865838
0.129689025757797
0.0226092401764612
0.0668229368088443
0.166911926019585
0.0972396157171378
0.0448124030759375
0.0190503321034474
0.0459322975286053
0.123982065478564
-0.0158484822007863
0.080176989790082
0.00728906592683717
0.201483723281215
-0.0471318284720981
0.155747152137211
0.17006794926602
0.12386056323701
0.284804549225022
0.281223727539083
0.218816870807602
0.132302957133521
0.124988790291933
0.0381821590301737
0.200408610504606
0.0667861710293635
0.0719778078347279
0.167508075398045
0.0331231829777949
0.165344379972641
0.142160215779762
0.0508065944556844
0.138247332710439
0.18043551269318
0.0714865866130562
0.280700807153071
0.268934104184311
0.109099426367055
0.103667504153626
0.0949732034925825
0.101497901767027
0.221647766871053
0.175389898941666
0.133343485567997
0.232607553865982
0.0570812487693478
0.35961899352742
0.230014252707888
0.146998234440028
0.191745966952455
0.103690873030171
0.200851518890065
0.27764658459933
0.0541698414962143
0.242482232695676
0.182244092307151
0.0561216742704524
0.158118703244359
0.097998681084318
0.252517932543561
0.149210170312865
0.279525772591114
0.267607929604787
0.128548524095789
0.409697169005633
0.29586807820063
0.0694474606938101
0.162004466531596
0.107258606775052
0.233156303035924
0.271845519509491
0.237530026580078
0.304579675198474
0.326814940713929
0.252132872057088
0.268801137722513
0.320222943437342
0.271872457372742
0.126496436580088
0.184016346063968
0.230339001109143
0.184233025087927
0.301926745119725
0.286479102218762
0.348262056560735
0.260086229149713
0.274278973304804
0.255535342145811
0.316962034892049
0.294679648166693
0.319673984532862
0.299204566825697
0.30829239469455
0.284577336143323
0.224822138590661
0.318395513678774
0.327153800260752
0.271567118962286
0.198954756054466
0.279407237899616
0.340854153627328
0.390704201603735
0.444481034266611
0.284629316673491
0.249953618637863
0.275983709896443
0.379629909373454
0.309682592261394
0.175994429587959
0.340094861240661
0.178852698266122
0.301278229722102
0.278844385283721
0.252682849789907
0.383169337563809
0.378411295381819
0.441891682118835
0.21636004747526
0.345140589650096
0.30158648441076
0.318402212721724
0.265129742885966
0.252880905810555
0.236811038424303
0.398329147085003
0.396579897014685
0.207324605600241
0.335311499163807
0.231420671259206
0.234278727539746
0.196691069041187
0.279524457416662
0.42409382248573
0.381326747213878
0.340182753410239
0.297714891784948
0.257670528376175
0.445006931397985
0.445409181591797
0.571622078052747
0.513335239119712
0.306138730731295
0.396430067947674
0.458553115766087
0.364517392845695
0.413962701038064
0.513338440193151
0.290449822463602
0.334685404928849
0.462972080604495
0.369930915160363
0.344165926959468
0.498489022797823
0.390826112378194
0.29294897472029
0.250347591407966
0.443327188144341
0.29194343973664
0.304438458609876
0.364766320364463
0.317681568092374
0.425861746519983
0.452240118992392
0.344218525483223
0.416630691048671
0.24574465663222
0.395774529977911
0.320677150414296
0.531508796776863
0.454389379828525
0.526991767713727
0.42400226796045
0.387440884482744
0.281171930249344
0.42740516775296
0.539312904835501
0.38959620979203
0.363336889406367
0.453849283582821
0.472815500972538
0.461685843369303
0.365216340655662
0.47136564072158
0.528423974967848
0.472020856935561
0.284596953547581
0.450382043615129
0.41740816335151
0.578366109023288
0.547852601876347
0.399259759707127
0.4077248633236
0.469674871413619
0.451439107247652
0.49535502369399
0.366515122519862
0.45615529827844
0.47337303759407
0.613509154875454
0.533192158782268
0.602032248079753
0.415141464945534
0.560962931903406
0.519602288161656
0.537031628519302
0.498197013023193
0.613397432133315
0.545365084929115
0.504250655824822
0.357940648571237
0.355775792075215
0.461706942336017
0.394946419918824
0.563798356451566
0.458384446558618
0.601345965077441
0.530850700633085
0.471392044517618
0.707165558473851
0.638761412430439
0.630732833482765
0.466228198491696
0.513861030600274
0.430346075800011
0.565537867433388
0.527795492026846
0.501571716907006
0.640454016948561
0.591217922605823
0.539786259704065
0.515959362200157
0.638676957422522
0.595058666313197
0.536857399434081
0.513341805755649
0.631834537022623
0.57956814681937
0.656870365806793
0.361100341385065
0.523119935035966
0.694871992974639
0.524136830005186
0.637379573395338
0.574457456517073
0.635608921566109
0.59875238115885
0.696114709402641
0.601651851090268
0.654186092779007
0.698745148241709
0.525931098827766
0.549304655937928
0.567076228475521
0.505163633619518
0.510599596368471
0.540490105235883
0.622524209272124
0.634429188364277
0.487919509385078
0.60603045672421
0.474336761036074
0.660984575444577
0.656025321565415
0.541250274569933
0.591748210108234
0.476458921123165
0.531998527819089
0.640266248176464
0.643213418929276
0.588183074418729
0.643725763500547
0.537865716478744
0.710283354061819
0.786416765149211
0.434299315396329
0.500253526394102
0.521605306385422
0.660752328200334
0.634972862524564
0.554339516241018
0.593555342053218
0.625667995650786
0.627579283933101
0.678982122598241
0.750632433886323
0.609475442925689
0.752862772603583
0.50214309387035
0.622338536996237
0.712177544795756
0.709573004704563
0.629659785587121
0.548894204272236
0.746002883909256
0.833256182719859
0.602002351706554
0.834042793314565
0.771968295473397
0.626226061113262
0.694024357379721
0.819472804274181
0.772359775504408
0.616340044172884
0.646608270259932
0.676298853771863
0.658994434741804
0.641753762396401
0.613399260209282
0.718211236278587
0.516024791866838
0.785817363939421
0.819049256782897
0.678015216654294
0.609090576463448
0.674029269767765
0.698184393247972
0.661310029645785
0.656520665624765
0.626554088150657
0.669269445978347
0.60551025186681
0.776028728376104
0.705947229239129
0.674049116244346
0.703769492187504
0.597420653936448
0.582794551183541
0.715664363823799
0.842697160294764
0.80076299058186
0.761415894379395
0.645570222413256
0.778860013227733
0.514485422416754
0.870070928118552
0.742003663187247
0.780038289201167
0.659470709824877
0.635864714555569
0.615931970187184
0.880887384745925
0.651946780839387
0.878757449766282
0.78288025484854
0.717338879323101
0.773950169739864
0.654307369692699
0.749088236919242
0.799299378654766
0.716209504677367
0.673407096604933
0.787813028775599
0.748301434580293
0.735703389445159
0.784954026847641
0.809529460822889
0.810626287199999
0.926714625987447
0.798183512207185
0.863249984421393
0.864558515605857
0.828031643139848
0.776085823631392
0.76104512588926
0.625301055202004
0.908360905338946
0.86670347157478
0.902492712771925
1.07792600495197
0.901623237484002
0.844030974127439
0.776953518298506
0.823313345113277
0.918357204474074
0.756831481560034
0.773644632759418
0.867084300174182
0.995218587220215
0.84869873432564
0.845887516190591
0.747603603415356
0.849701292085683
0.880298506486074
0.863509873165406
0.885834620696663
0.710377950276743
0.724599791554919
0.885102661699829
0.856796016067898
0.972884817055662
0.821222361542701
0.95796450810578
0.856194331976383
0.915123796081977
0.816265428832405
0.989202538072603
0.825422860528396
1.05054357850754
0.760208220310738
0.823263773326012
1.02206780526039
0.830873311404859
1.00599672619542
0.912071992759124
0.843990310633786
0.76355774646152
0.964731577499637
1.04649405979021
0.78079299433479
0.945327576029676
0.887352980960623
0.842174720358332
0.973756466372319
0.96138545320248
0.930772494768326
0.866671935577132
0.888204782970698
0.998178295215474
0.862182101650581
0.832342476751277
0.902781269734561
0.906565476592307
0.827788086976099
0.918131066879814
1.02633520619726
0.951868504601818
1.02534855502383
0.878863711959319
0.818976100326828
0.858796618697231
1.01070232812221
1.00248670714486
0.826839048150512
0.934282232068672
0.945079919153747
0.907844679645664
0.908947665663411
0.928143863955651
0.915637455818486
1.09427400096696
1.0602135724959
0.890590396988214
0.990095617157751
1.02862405498947
0.916421337410639
1.09464062800066
1.01434789466499
1.07685124931566
0.990515718453715
1.0613288101183
1.03980061179981
0.899823218217109
0.94576384009848
1.04437709051901
1.02725980527798
0.942502932181221
1.04393545426928
0.957377613166844
0.908437605405448
