"x"
-0.92832479039659
-0.842374697978486
-1.07672137335791
-0.876028972533321
-0.877751576843555
-1.03460774869383
-1.11726506055497
-0.95454336339461
-0.942509055781669
-0.909711554350836
-0.980145517932472
-0.983794288558636
-0.964240917637234
-1.18963313839988
-1.0075104729511
-1.00819818514456
-0.991418183494589
-1.02206799036481
-1.05230728100628
-1.04731079858902
-0.978733834918542
-0.849837265716411
-0.985372490433493
-0.852608844995801
-0.981237420868191
-0.938360849503154
-1.05782173510719
-1.02475769139251
-0.973969042797201
-0.917073394331561
-0.967192569454302
-0.827020921049616
-0.862828022191152
-0.891077705163147
-0.790644348073302
-0.84822603093654
-0.743631256511985
-0.994299349787427
-0.865951927090771
-0.890348469758287
-0.887527174093636
-0.860815535947814
-0.902409461665602
-0.859738281187567
-0.849649754210505
-0.821103702649341
-0.908395060952869
-0.943379433235665
-1.0118878155078
-0.804747516280495
-0.878387256387653
-0.883138485768976
-0.711528596119459
-0.855778968887067
-0.851922331975757
-1.01407772698173
-0.887985899293832
-1.00463788083329
-0.836160043182216
-0.893759552452957
-0.7857876849165
-0.919583091263565
-0.819674829736638
-0.917324837330093
-0.943863466565737
-0.918315385737917
-0.832059203322162
-0.913681338441452
-0.902490447396125
-0.892045039621221
-0.789186914699842
-0.808474320081949
-0.962622114088701
-0.830216188489032
-0.743091953603945
-0.834245463847127
-0.800922849622508
-0.746944973484422
-0.711278062451544
-0.875213916834898
-0.820636122919632
-0.714132846208594
-0.920683473128256
-0.770986373508264
-0.831983766721981
-0.87424714744952
-0.851300056077468
-0.860563495034771
-0.836759763224425
-0.83728333809236
-0.727242236139017
-0.901494659972371
-0.909095848076419
-0.708042439582133
-0.869047271468037
-0.76916177963654
-0.755610893485169
-0.679624503249095
-0.744054750309216
-0.89520396060709
-0.818409575106407
-1.07374654536686
-0.721261202190606
-0.794582591349756
-0.537123628095407
-0.762601980572332
-0.823526537629211
-0.827403267837222
-0.740830921162016
-0.811575032322743
-0.731071626948272
-0.805310457344268
-0.796296239278961
-0.681004391197703
-0.819485481468723
-0.825519243705679
-0.743644779206633
-0.77899777243247
-0.657501387557778
-0.861967718760096
-0.619209398229427
-0.841118081732207
-0.863441581193593
-0.657781042921715
-0.865701693196062
-0.75475713252399
-0.803357320716524
-0.61078035995673
-0.855803630548717
-0.64355094013815
-0.724839499450792
-0.678619642418215
-0.71027119825851
-0.682340767307559
-0.71548150479426
-0.682127737542514
-0.713110220077285
-0.798513721880346
-0.690016988031267
-0.868671047133374
-0.796639338895876
-0.748274215624786
-0.722997900373714
-0.793944614537003
-0.698642008110782
-0.420718794682299
-0.675140649533113
-0.750565587368188
-0.794354066491508
-0.693141060727532
-0.743343476559895
-0.623071157847852
-0.781906341472804
-0.687425241580546
-0.727593900869701
-0.67702737897284
-0.741366617496702
-0.695480877159173
-0.795790975945949
-0.763262223401857
-0.773919942023761
-0.720419693147078
-0.614011309828614
-0.647144757530142
-0.560016171809661
-0.763856873109158
-0.601662260678156
-0.6552206714566
-0.643932811282202
-0.656174651465952
-0.648343735861195
-0.698346001683383
-0.666499641484688
-0.734406305428863
-0.734890831945104
-0.642417938039051
-0.675627295791939
-0.596780843454307
-0.721980304807763
-0.685123931881588
-0.776524681796704
-0.661557390296974
-0.709939490619682
-0.560086796032206
-0.69490445262583
-0.690193537566306
-0.606149000890814
-0.51966400562294
-0.650990736512819
-0.57467271926921
-0.5749651438688
-0.499253678830559
-0.622083875406031
-0.438768001264233
-0.691992430477059
-0.548849043901233
-0.624305254192346
-0.70134898433473
-0.53408315040002
-0.549789972997375
-0.579738699669451
-0.549243658338745
-0.674100244529983
-0.621231553277745
-0.608354099451851
-0.675605527846833
-0.513479368042913
-0.693935001101342
-0.693120775019884
-0.558377318946662
-0.549800116829549
-0.564701757206028
-0.455550330575379
-0.527291599452148
-0.569886769274152
-0.455328499406261
-0.603655788481802
-0.514998037791964
-0.610706283407522
-0.481531348127296
-0.690748573277281
-0.57478501723696
-0.672521094222136
-0.456407794793715
-0.51089514984831
-0.572516055196816
-0.580367311159684
-0.505038807920037
-0.616853032448341
-0.566770163176267
-0.571465907708137
-0.493914321583552
-0.401777037725759
-0.536857577085674
-0.524281031209032
-0.493627306188326
-0.421320411347892
-0.497861489979229
-0.52176601929927
-0.454967065298602
-0.488383558678121
-0.559139493310466
-0.499242475620171
-0.642616293011794
-0.544122191657006
-0.485576804816675
-0.564108848717879
-0.477770402781146
-0.569578222366227
-0.438454665513391
-0.544755856728809
-0.422868845088108
-0.422790979060657
-0.339279796941603
-0.594131824790383
-0.389373419058362
-0.506430408202173
-0.563628976445814
-0.46518856798317
-0.434419260845861
-0.516674564502506
-0.470578157069879
-0.3226157673625
-0.649657822063913
-0.536426400470434
-0.481508207755414
-0.549433889416362
-0.390060673450254
-0.505770170033579
-0.384574947510406
-0.390980298529009
-0.543482717434425
-0.555914384831501
-0.341587044504857
-0.407989225455671
-0.513454493034521
-0.460571767949814
-0.425473608108529
-0.320894360884371
-0.47494705657547
-0.416035980162404
-0.297454054123831
-0.421411333610902
-0.413634415356015
-0.463386890263404
-0.427453485172366
-0.484275613637142
-0.51176971320582
-0.512649768950939
-0.393737524837499
-0.540533362194637
-0.418417759186827
-0.299514178238638
-0.523131108821096
-0.458183859110485
-0.428911101646985
-0.513286357918568
-0.298328448846944
-0.481703902950905
-0.413386233450228
-0.419461099940603
-0.471915287483115
-0.476143530744407
-0.326025114956338
-0.430471469853873
-0.413694641816802
-0.502705298627675
-0.439382416496086
-0.404768271653826
-0.519436447496521
-0.417949093950879
-0.380706115432223
-0.477028698117727
-0.396799862897287
-0.614104110382284
-0.329924132598896
-0.256127569875717
-0.309662197453879
-0.347166846765974
-0.485379628303081
-0.337408948252918
-0.318876569131684
-0.427197442559385
-0.259449136569502
-0.437825151427278
-0.363754419329355
-0.452712750532541
-0.351414586887409
-0.220970005239472
-0.279680187920483
-0.333542633226883
-0.381089204287602
-0.33901010420617
-0.435093789718004
-0.25916081783942
-0.377999708560929
-0.337660631864579
-0.279902166209253
-0.35141803393364
-0.332779607146116
-0.286361730833894
-0.383520305240984
-0.240773892143022
-0.198006152062004
-0.280751717026665
-0.373744596795596
-0.175985895379247
-0.274215367285088
-0.418966120832893
-0.330547641257325
-0.273676744931604
-0.32997200662333
-0.356484808480233
-0.333809356742764
-0.153090817695745
-0.204855604360443
-0.149822120834254
-0.147758708386978
-0.212952967019054
-0.476607658249557
-0.318357521305038
-0.197667703745335
-0.292966702200223
-0.310578973045073
-0.302897094993364
-0.270752635314501
-0.279554737743226
-0.099695051255227
-0.179494638895395
-0.214812483950637
-0.392430113892668
-0.255811023698951
-0.12822873145422
-0.255079229008867
-0.386732929652053
-0.237311045234714
-0.415429442420122
-0.185887937764222
-0.247458991822588
-0.0832771879499272
-0.105123822746916
-0.170605131411469
-0.219837999241077
-0.201926469822629
-0.260346092396786
-0.307502228842719
-0.198618181910852
-0.133946626204785
-0.0985111820166171
-0.277102132686775
-0.151263251601977
-0.23681544898505
-0.00496545414484966
-0.311068031442517
-0.123589138675554
-0.234593956419324
-0.102859605312624
-0.100452387193809
-0.189829123917965
-0.0372707261575848
-0.241756568720936
-0.312926560428798
-0.261595325721087
-0.100551714079633
-0.162530562436912
-0.115759911067409
-0.115662630668351
-0.119085065859108
-0.339042363988064
-0.219452719410998
-0.25039714201707
-0.237621198462756
-0.0677116659942213
-0.127701764706936
-0.237567393191674
-0.0816841202590259
-0.133902118866549
-0.0792954164769632
-0.205635349292713
-0.168191118954512
-0.230104990864603
-0.315277161473582
-0.234262916705016
-0.163482222944774
-0.30840905830209
-0.121909954070501
-0.0958524437773418
-0.127683199527533
-0.050707675481304
-0.124885822350662
-0.201124000639896
-0.081668460453912
-0.143497132803001
-0.0563013055796479
-0.165989547222968
-0.0976172680775632
-0.0459642806360813
-0.192109395150545
-0.151794574752435
-0.0768798614293959
-0.143352499996806
-0.125546541318857
-0.125288786250336
-0.0386557348742895
-0.0391682261908067
-0.0746791376970492
-0.219090594228263
-0.0320630015362421
-0.0404219787347843
0.00521387571952229
-0.132352341288655
-0.0383245959225988
-0.0643068457121112
-0.0819648583559242
-0.0923176824404741
-0.134043245807515
-0.229047405087807
0.0842178222425752
-0.0395986142975279
-0.0262347846501783
-0.144063386752751
-0.00339444694962828
0.0875191119529674
-0.0260851247567253
-0.0640925489904417
0.0116634699991068
0.0533773047795357
-0.0942766781006061
-0.157980005660476
-0.0495352953598883
-0.207138923679296
-0.0097000908041615
-0.113688760868924
-0.0256244990771079
-0.0191451529791756
-0.05515967993031
-0.0187250849912233
0.122343847469048
0.0429482710285297
-0.104965465773936
-0.0602858941581933
-0.0109487524716457
-0.126697341034866
0.00521256918598847
-0.105165569625978
-0.0944942590360587
-0.0234002252005392
-0.11427257079972
-0.0758999574776179
-0.17310032402447
0.000558462872262894
-0.0601692713762787
-0.0337617391996773
0.0127820276382983
0.0906823233090374
-0.0617049518144441
0.00069914735333902
0.00323286716695761
-0.0427142967856826
0.0667970102004169
-0.0901027724270156
-0.0615754609281897
0.0500966237699527
0.00472750757344651
0.0264688677022214
0.0336979245624282
-0.0513543025467403
0.0377514708478137
0.236615789994651
0.0520665327715882
0.00270716388620212
0.0644079030216202
0.0383488655058858
0.0526909525973418
-0.0819464781435647
0.100950557284221
-0.0322334635565251
0.0494379298201943
-0.059740726162169
-0.062758180942521
-0.0261742977136813
0.109695419427841
0.279799479921637
0.0207944579840737
0.12629249355655
0.0272913955737955
0.0466110911924654
0.159921281636954
0.125065826679697
0.0678536477444952
-0.0222150684928193
0.171741635189689
0.00728846700643319
0.197117789825373
0.0826381699915931
0.188893831103259
0.211608660823341
0.0748100003378906
0.0556683148312764
0.101463176501613
0.0793344086096269
0.0128889256750553
0.13051676697968
0.162959990474333
0.151485199577846
0.0568484178793513
0.126083378003112
0.039046222633706
-0.058728726371255
0.077201990001142
0.155226009072784
0.0826105143465905
0.10171695603553
0.209170386570259
0.159150823332694
0.0749490114814286
0.119547579137321
0.103479162228599
-0.026560217036816
0.166209329932264
0.140354748482184
0.198014490047236
0.0234179147373324
0.182390406669225
0.33019913474946
0.0631694552261608
0.136437839763082
-0.0125093381494987
0.105019054088889
0.156264905283395
0.126475769096288
0.150593921540541
0.262213287055553
0.073858225865136
0.155967659821982
0.19379017385662
0.21237065271414
0.148993344148319
0.127331129197387
0.278565277472552
0.0533650963659042
0.221265392641434
0.204220116226749
0.101640656726723
0.159653539373398
0.297247712883869
0.241147623455389
0.208436982419277
0.115299213898865
0.15489362996436
0.0625974350711757
0.146078952938837
0.133196271130327
0.213262544932025
0.236935302875184
0.232236080308561
0.162772930448048
0.257116199846874
0.244026664457329
0.234500792444514
0.27646914118374
0.192707419194015
0.16941876892534
0.165594863632858
0.227298996599449
0.19408705748093
0.2309502191047
0.307601116960647
0.186860808366172
0.13149666291716
0.201853909228035
0.168227608311613
0.20423838220686
0.216065184300285
0.272054299912815
0.164531763132775
0.220383851319191
0.148191666870441
0.170132598602314
0.247512947631056
0.184894896387854
0.232670127952105
0.280348896536575
0.380107251526393
0.469693257211428
0.257614309757869
0.195178288413747
0.198565856478199
0.240195560864327
0.221905928539919
0.218112406590636
0.183972002695554
0.316705575047385
0.131166902639824
0.345732049484749
0.433433810931665
0.203728099546614
0.254702271139705
0.173910934621348
0.403720054699713
0.253795342943038
0.188681553148973
0.290377138114322
0.307191908603364
0.14637624998595
0.292439593247998
0.320643428873271
0.389998650971563
0.182335143950599
0.308625496111238
0.429334327755144
0.283908347528945
0.242720546395052
0.362097876731775
0.157608090795547
0.423789386271075
0.366941233202324
0.314669725927237
0.474680772575828
0.411737130848775
0.274848521212865
0.301541796781793
0.321094669896149
0.200938848919458
0.382217305666126
0.227663704306003
0.258190433680915
0.374792908156874
0.314234843110337
0.25155556211523
0.423797341036603
0.553100085161727
0.46200376912354
0.276737603592154
0.230697653396139
0.460911086877899
0.373100281076729
0.348561157839653
0.316533190695069
0.398143554158281
0.39015713297442
0.404542463524151
0.341652818768805
0.246787507200989
0.359020197439831
0.372226023969993
0.364948053838209
0.319656007128529
0.432548959499398
0.38562127859286
0.401064366979749
0.345716174552231
0.45149133997212
0.275801640671755
0.347750679040929
0.25910036858462
0.208674007822725
0.460726491272979
0.429879284011124
0.410643934795564
0.331904235417733
0.438332058752835
0.461434896364753
0.520595804420564
0.402804608630125
0.361544141615616
0.442876211345595
0.433014369035913
0.46657767497547
0.429256897708591
0.342331260331017
0.600700746004432
0.438769202217183
0.569404803277977
0.490944318366941
0.515438309301577
0.512847859950289
0.428328946387816
0.448263236510574
0.545187002935443
0.485961823082934
0.422710038314519
0.528325804761872
0.477465589805136
0.487622226837156
0.427463920797212
0.380847291954841
0.310546693679756
0.30862224452677
0.419545404526451
0.409236700978853
0.43068362272834
0.433184684209287
0.515214561815477
0.439340222307626
0.474719943626552
0.471718001949104
0.473223858821146
0.494323850232338
0.538322687415998
0.3674845039987
0.57093677081636
0.514790835510944
0.380323227678893
0.391653206021015
0.409671187362776
0.52117089538479
0.355337066819039
0.584885156377556
0.56765493517006
0.422408575688925
0.510596101890068
0.602205225207972
0.539017384847183
0.542471468042007
0.59087606441585
0.405089415784012
0.434170731587926
0.543695327347138
0.558863819097245
0.424564193512434
0.368556121630409
0.637564661315264
0.560381947563198
0.538730020773394
0.574618322822027
0.568761366700516
0.531546552632347
0.530277118578503
0.579738262040921
0.454133131155089
0.57984886231905
0.548529602855519
0.428137325518871
0.653569240873407
0.579814919767487
0.632869517967541
0.479111327675847
0.498907500789343
0.477858949279104
0.67783180897902
0.513541461371894
0.5992159612173
0.615258358320145
0.521522231965887
0.638514216138249
0.640128639530527
0.593703393797396
0.683106008592373
0.603147398944594
0.699009804166207
0.529168312188974
0.561245361758164
0.35553091997907
0.54014727304988
0.514943820917483
0.521980287818621
0.66311287044473
0.591972373554006
0.666732075410776
0.51129793432985
0.495996345972797
0.609583967152044
0.752730581331248
0.686464936201381
0.646473223086015
0.480398068510037
0.587106844937446
0.657416308092111
0.584541991342321
0.709892350328971
0.644727611088343
0.494590712401384
0.616553219031891
0.647894049085093
0.574414709010015
0.703546090090765
0.771262344350011
0.443006122299287
0.757806903419699
0.555077725072951
0.735673953776435
0.468649769154619
0.593438709590474
0.705576941605831
0.620492567389087
0.514464309860619
0.647991702165371
0.569934595905389
0.72885988210078
0.698548521436094
0.668472690641474
0.577781878529277
0.829130771367871
0.735311923429633
0.499919440103979
0.653543289700438
0.80751406948805
0.777910852041027
0.629887881588253
0.814325868321004
0.562625901885446
0.657273062024859
0.744418799764627
0.607907307895973
0.661963654500015
0.738199005509612
0.689424810772727
0.768260347861938
0.666562112061734
0.652323226094913
0.752136744594529
0.598467883929816
0.724809311797283
0.638748042501331
0.780940084493353
0.685738602942123
0.781500076836527
0.529516386336236
0.859644525342638
0.73574282625845
0.754298416297452
0.716592471472235
0.740476300097678
0.640549650385917
0.707254367709567
0.821575794671046
0.784352488850307
0.743986317688968
0.687445291511642
0.566053309538468
0.581213191841636
0.821309905687907
0.785552085389449
0.70973569964225
0.796991257946694
0.730545335590395
0.675731997863762
0.841105945355247
0.902843920684106
0.715085476175083
0.756690578553414
0.775938673830421
0.705983170877839
0.793382126216877
0.803066368787229
0.836747637783413
0.86026887995549
0.821223590107658
0.7444431057845
0.59377890888253
0.812971691034293
0.53456713232709
0.873417644519795
0.842266198749252
0.860787413909715
0.808823437264338
0.699564532348992
0.78919306077778
0.79645229281479
0.743645285369238
0.782436106371859
0.848108076520542
0.777941701190571
0.750747750444067
0.641108986576406
0.993361328265348
0.736990744350715
0.833566213030154
0.719185172690401
0.806914889643132
0.852167814278944
0.957222419151585
0.85654215788147
0.745179695216398
0.898397879980174
0.739822031104246
0.734915485730327
0.819483731092896
0.83022650437214
0.789526824046672
0.862590246319895
0.793163172016627
0.925131234954745
0.764799712787853
0.939407799013898
0.896462340066815
0.708749019941066
1.0126134214455
0.80377805899958
0.896922097260115
0.775112865036658
0.843555017469977
0.927352974292778
0.828365243552769
0.839214260251467
0.897012265104244
0.860629431525035
0.903003417202617
0.917093462372726
0.922467175257781
0.936990923574775
0.858155405795053
0.875083149802363
0.860841147642402
0.902268649999856
0.838578401003452
0.745156441828473
0.890211536137561
0.915524852277127
0.963487970533952
0.717214561337689
0.878981335675597
0.903215160929187
0.829126868214834
0.744562476312953
0.768388724759636
0.798949110387886
0.85325510238425
0.812271400819541
0.860133174747895
0.918875853735581
0.995204152731681
1.01671862595649
0.99431454880703
0.775684276918263
1.02457108386421
1.03159722088408
0.960127223286349
0.914982776888314
1.06774100654586
0.9517907107396
0.887023084171332
0.982695308366655
0.926172528673679
1.11371900799703
1.02015212869943
1.00452172532564
0.791542918270334
0.918786953997174
0.973948864227908
1.07092500353263
0.949616362543965
0.99104737626244
0.902437079325024
0.933989731288803
1.07910118641501
1.06775097702737
0.976260878118349
0.988927957311657
1.01794463635762
1.12083027019624
1.0582314325424
1.04001020971052
0.950694300322525
1.01663911118873
1.02213785332144
0.995755526913838
0.915471797395296
0.991592747222806
