"x"
-0.896751929522009
-0.840841361123022
-1.05507371386481
-0.868168262643188
-0.87227263202892
-1.04122187856392
-1.1284521812867
-0.919357412030578
-0.945193562402747
-0.912539845310024
-0.982229942459375
-0.965930636598313
-0.945790839794666
-1.1962295039124
-1.0237196285064
-1.00225422524279
-1.00123052562165
-1.01119602195265
-1.04318512602634
-1.03936834042188
-0.97069048072744
-0.844816264189542
-0.977737073755263
-0.851418834668747
-0.984988188070701
-0.946975849770623
-1.04813887588651
-1.01728405834462
-0.967844823087944
-0.891500537556468
-0.969577620203423
-0.829835085626397
-0.880105600199654
-0.904595850885896
-0.813853700344999
-0.859253010269301
-0.729582644462813
-0.993934097012853
-0.87955160022531
-0.886292957227685
-0.90849131512191
-0.869400227442904
-0.894366246646492
-0.877323892809194
-0.831167071649796
-0.832191638934815
-0.919112373224823
-0.945757100716376
-0.991350129793995
-0.784344332085579
-0.864994982563666
-0.885533451999985
-0.74412432376085
-0.867787043142866
-0.830120235066481
-0.989940987042161
-0.891335502512594
-0.973711120385808
-0.831006704276895
-0.883208203523545
-0.786772297308717
-0.905022770519677
-0.810494163748452
-0.93286891100487
-0.948578905694817
-0.934285361568968
-0.831786687683353
-0.893134647516555
-0.894641878828452
-0.901831590860347
-0.784535490789116
-0.806841168953727
-0.953037336521591
-0.80331000426708
-0.731658210890796
-0.846288137893413
-0.802073591952399
-0.761379845028947
-0.705611774129973
-0.854968646733466
-0.810938301926774
-0.702820329768893
-0.924071797795015
-0.771279908700095
-0.815989857981507
-0.876979261900876
-0.871333182831413
-0.842293542320757
-0.839493331573648
-0.859411062810804
-0.714202156946725
-0.901042265097498
-0.919857043539221
-0.722054009736599
-0.886046683533268
-0.754351498394461
-0.746053398165983
-0.674027360905716
-0.739264184963124
-0.891052917316753
-0.817130672788739
-1.06327422190895
-0.719062547047369
-0.778537425535854
-0.543419433665753
-0.741775849755099
-0.833929428724781
-0.820539302081084
-0.755015629408815
-0.797403623539993
-0.740358814392873
-0.781618679367847
-0.788171757893415
-0.692544625320469
-0.819763609679919
-0.832990414795159
-0.729449888242149
-0.759707344267279
-0.645022429618718
-0.83604683697234
-0.622662858277706
-0.84094026633547
-0.874585320845604
-0.678862935898618
-0.891620692710753
-0.73441700031604
-0.793042448442508
-0.605256063488199
-0.872113596431638
-0.657621732374205
-0.717155076469186
-0.69344925924861
-0.698189790523855
-0.661641805910332
-0.695879712700189
-0.675258682796461
-0.696790393989213
-0.782827290132928
-0.696822931495289
-0.862970780472417
-0.791312556190141
-0.761742893733194
-0.693017907103014
-0.813276736459939
-0.707749664132973
-0.436678707415289
-0.672669913633569
-0.742282370235199
-0.782685822724583
-0.679623878389697
-0.768275305105539
-0.625137052038475
-0.757376654885316
-0.687447541535345
-0.726302367064839
-0.688147634041136
-0.757027296294992
-0.69168889911048
-0.79539224085481
-0.771270101105339
-0.758845089483874
-0.734703645376815
-0.606556703053189
-0.635770944742314
-0.548009888979217
-0.777591634611029
-0.602698821120038
-0.675386005196872
-0.639817841232984
-0.660123467998644
-0.632256939859717
-0.693141468000422
-0.691114906502099
-0.737410739482574
-0.712881828056416
-0.640192949469787
-0.6753042304139
-0.603280782616294
-0.740368383710801
-0.653510263428034
-0.776207955233334
-0.638700486205668
-0.706410010337966
-0.549690389534692
-0.688861433901024
-0.655967313722611
-0.590692365818897
-0.526457845839069
-0.675838297682369
-0.572778699918239
-0.573393996582571
-0.496198887710989
-0.629170045363072
-0.45520379211681
-0.690339435703082
-0.559109285285602
-0.620463835652131
-0.708909557393636
-0.521889188490678
-0.549603263554862
-0.568732382550115
-0.542383679202541
-0.670068066759802
-0.604015134717806
-0.616760149002681
-0.673779905478827
-0.526665428482349
-0.690767149923222
-0.683869045796511
-0.563496340920022
-0.579773488024969
-0.578090498529898
-0.435954180498986
-0.5152550380782
-0.574832184047386
-0.459499483422709
-0.606294416829617
-0.527940644469095
-0.613619914701985
-0.466298601455308
-0.669090408432639
-0.551552741211824
-0.664199948381203
-0.477041281917298
-0.521627819070811
-0.585892087921779
-0.587011182648062
-0.489100675495703
-0.613949134100831
-0.562668205804345
-0.580472873255586
-0.490023393883871
-0.380171765653102
-0.539454259759177
-0.516869853158261
-0.508677634371316
-0.419337838467482
-0.495617338937539
-0.529283125029474
-0.447127056466022
-0.482120872346229
-0.570287131669987
-0.494096401552727
-0.658087746520535
-0.543264315759209
-0.469432618431654
-0.568917364862453
-0.455686447135373
-0.540694402706353
-0.454428704418707
-0.557142486625804
-0.447241125650393
-0.411515320211793
-0.32718979652895
-0.593471420706949
-0.399915570400777
-0.507215209115926
-0.561387369763571
-0.474504685484214
-0.43394138792431
-0.508310385607297
-0.498652631010876
-0.327089327708942
-0.652981198022431
-0.560445689724895
-0.478852305076733
-0.530644248995943
-0.407550993431098
-0.5184368320073
-0.363597051640221
-0.392045445434085
-0.52425423417213
-0.537863656506249
-0.33886650464645
-0.379715803888389
-0.520919668914202
-0.459331547718576
-0.41063232806554
-0.322542090065272
-0.475002780574518
-0.426187521940802
-0.293959411063086
-0.418967579038923
-0.377534880011899
-0.426179720724486
-0.439930407210284
-0.48091567853597
-0.490722879896581
-0.499463265361158
-0.392914769843188
-0.54531506694827
-0.406292345246928
-0.306575816471252
-0.499803222223156
-0.433567298873382
-0.416391002651065
-0.505751693111086
-0.290670352451716
-0.469496738816668
-0.389710984623818
-0.422949677645045
-0.452510083141788
-0.479616975466897
-0.354833109061395
-0.464474976582952
-0.414149857865805
-0.489137564404718
-0.454458837990757
-0.388238362007465
-0.521901667157268
-0.425726498398191
-0.381519061081304
-0.469185179435221
-0.371030566558278
-0.609355978157693
-0.330415362707184
-0.259568599515302
-0.307642089349025
-0.337619805355521
-0.486713560018548
-0.328819599662014
-0.323979269399497
-0.438753092432935
-0.260745844507599
-0.405467190096396
-0.351760784432145
-0.439313053306742
-0.340118645123181
-0.19340489623141
-0.269108024920208
-0.328950469028738
-0.350420680775728
-0.33121866692735
-0.41136350225444
-0.258234997422753
-0.377684134120279
-0.325705433862108
-0.288154972353329
-0.34595809416349
-0.328997365239831
-0.278817849262236
-0.387187311950364
-0.249655471394761
-0.189684065499397
-0.275491308542479
-0.382805113185451
-0.180482449635732
-0.2646547074741
-0.421894388346172
-0.332573017485113
-0.23952966572265
-0.339282343226521
-0.362268782997535
-0.335901436920835
-0.171582928472507
-0.221404787370553
-0.165943461536997
-0.146638962609691
-0.226921807826421
-0.497740370261206
-0.326441130694914
-0.209364713651165
-0.296873315337715
-0.275465947598448
-0.310318640983604
-0.263741810365722
-0.289569562162258
-0.12290436321744
-0.16330822653037
-0.21667977000009
-0.41041876962029
-0.2588083377631
-0.118741168515083
-0.253665952163657
-0.395493180728648
-0.243110151876885
-0.427548488754874
-0.172516847236487
-0.246348354912207
-0.0957075990440384
-0.121248652398281
-0.185177100666422
-0.235065614806302
-0.223394128543771
-0.24915807566932
-0.304650648867228
-0.220633687589995
-0.129745041352209
-0.0883164003607695
-0.294655285255882
-0.159842092213232
-0.215889301296095
-0.00918324137920187
-0.304728216904762
-0.123768710951159
-0.248737934485218
-0.0978255175421567
-0.126421179699632
-0.201307970824724
-0.0471935251188145
-0.229998340010236
-0.306008931621367
-0.254604784651104
-0.0816843433962471
-0.143551280037577
-0.114679488152932
-0.143276366080239
-0.0979532670011847
-0.321973355028029
-0.213912187023128
-0.248707191175134
-0.248861535505429
-0.0283328841923765
-0.116944884027666
-0.238529258372271
-0.0750463033147909
-0.131603883548268
-0.0829179677422519
-0.188978690761543
-0.157558437849427
-0.208405920388556
-0.3191035313475
-0.239869270937605
-0.195262665645187
-0.301555612825813
-0.127405994613617
-0.08029451152366
-0.11259374052763
-0.0421167416708489
-0.123941957649692
-0.179267517737507
-0.0931546121744915
-0.148661674478117
-0.0698025203697775
-0.171501739654814
-0.0924730582139255
-0.0431211989262951
-0.187403899591485
-0.155271372512265
-0.0570678593381154
-0.140339670511941
-0.128747358310671
-0.115581276946956
-0.0342835166619052
-0.0473580759943273
-0.0678159606864151
-0.208735873485705
-0.0428249996209159
-0.0539779583350749
0.0301014277256391
-0.125876947121699
-0.0344628677705377
-0.098985876171325
-0.0972093606265444
-0.115357380204995
-0.142125896626357
-0.209922484331437
0.0676493143365923
-0.0438841520184369
-0.0194036128379783
-0.137498018953094
0.0231161956097781
0.0904701705346558
-0.0201846178909456
-0.0752755324845952
0.00598452619344051
0.0613050636555328
-0.126163550916465
-0.141824848560018
-0.0426861672549103
-0.196454159600795
-0.0292471836176615
-0.116209542815019
-0.00132690656186
-0.0363204643276382
-0.0572165676912213
-0.0277518459655862
0.112348497839064
0.0514787623855511
-0.0894419508784135
-0.0776016696484976
-0.0335964685821203
-0.139936502135922
-0.0145275304708087
-0.0863182901960094
-0.09381600528548
-0.0110038507413535
-0.144069539467664
-0.0851129917374189
-0.195825417759278
0.0130846961668508
-0.0759900136321
-0.0260253274400347
0.00682180319027477
0.0849637961221742
-0.0539466050258487
0.00983779175525535
0.0135841541089176
-0.0355964315612777
0.0261641021954847
-0.106930811982671
-0.0629939914370306
0.0479736521384329
-0.0201363419934723
0.00108842999796381
0.0329670507547678
-0.0459894661131168
0.0127930018802219
0.230181547236415
0.041107309171642
0.00510452724744119
0.0728389394653316
0.0389702818224139
0.0427185944967181
-0.0706804830524716
0.117146798527792
-0.0365653016847059
0.037388422294237
-0.0592110352669776
-0.0505520238766419
-0.0258396950719039
0.107190231546461
0.296493775985174
-0.00291277962375435
0.0879747097126815
0.0161201494495978
0.0304479029897943
0.157439744938731
0.101824493212182
0.0562857807693286
-0.00967188283306432
0.176866534240437
0.0192639238060458
0.182281253262455
0.0752188829505194
0.212738618888575
0.196968388087324
0.060642799804405
0.0599515623822211
0.0938089322547276
0.0646033097315113
0.028916455019323
0.149466430883376
0.17144845657976
0.15653758112659
0.0714470064808466
0.110079711480602
0.0308588884501835
-0.0775895744557949
0.0867374520577314
0.136074189614744
0.069549670601918
0.116979381906069
0.220107360068625
0.1408563399995
0.0782312032006572
0.106088773426919
0.0942984573922562
-0.0133097894940627
0.141082004247623
0.128793387208617
0.172024771824891
0.0150551576727472
0.150191431967047
0.336680652346884
0.0542547689418572
0.129645531609653
-0.00271036414770791
0.0986351597002076
0.144866196273896
0.140330809812752
0.156936456956848
0.274719542708256
0.0635600589755707
0.137736089572349
0.213480787503202
0.226459016795126
0.151185771616947
0.0986849075141165
0.307888412142188
0.0410309781063435
0.241609622211049
0.218460197643362
0.0921930328714941
0.185962573282314
0.28647094841731
0.229853470945811
0.219934469324921
0.134886961571366
0.166827423408187
0.0806398699460063
0.152534939945115
0.125621225121897
0.217524617733143
0.227558386912021
0.221897847897379
0.170884633622482
0.252568113963698
0.248384249629874
0.24307532348421
0.261122193130877
0.193283370686713
0.16889772959333
0.153726713717503
0.249766755782898
0.20286752844866
0.226380386395506
0.27052456053882
0.176760079421966
0.102778817567281
0.218936610774608
0.166705616894705
0.203706683853356
0.20074485598363
0.267305725866706
0.176295681135571
0.20432195348939
0.138234166922284
0.173255567797464
0.275814413846298
0.176150218616729
0.231711080404302
0.279260549947741
0.397279154617251
0.488770174654011
0.274936409171026
0.210601456974557
0.214372467387879
0.214853462644003
0.225905817081868
0.21564138974058
0.164287047127731
0.319502990523087
0.12539980335206
0.335964809574124
0.413928884646596
0.171194602483431
0.268575994610172
0.153653290071698
0.41320028183799
0.243310130434516
0.179224322827799
0.308922950052721
0.308895852315245
0.146677938440484
0.294737746735629
0.336032815637775
0.411826320399045
0.198140542136854
0.317455653052675
0.450266548246637
0.281224716773426
0.233954418952806
0.35893344240868
0.159656035477621
0.404915493671212
0.380177208434308
0.342781286091714
0.494434964930798
0.422154318574931
0.301860927958066
0.296513459556688
0.354794717327147
0.21258476975044
0.374282294686019
0.24195100876894
0.253606449600624
0.36848313854215
0.302831419068451
0.269297756772292
0.414721867995062
0.549723489370089
0.464700103203264
0.279482812859072
0.243633172113874
0.451319228508778
0.37161412051933
0.362792407326895
0.310587908282779
0.412940065667795
0.387528158317486
0.405081578941111
0.337491866980124
0.245696225956201
0.367775615007021
0.39284529951937
0.327174712059813
0.31296045843585
0.411303049626228
0.369774770522761
0.41053070869317
0.327471520382963
0.447919211785092
0.285948111168963
0.328919567075499
0.266995056724632
0.212474416388416
0.46841106936649
0.438452741941412
0.410821710389638
0.337553745493639
0.42237367976691
0.461522831313489
0.507028729069387
0.408358191862419
0.349709843105512
0.439904414673259
0.435094222836412
0.469068341849147
0.448230585139081
0.355658103541025
0.614513448223835
0.439529236527653
0.589671019240588
0.519015370614645
0.497162186173566
0.519321232108677
0.436285568107186
0.464788825602714
0.548779847784253
0.490248673133429
0.422188724221358
0.520034713168907
0.461823795234159
0.480188478277372
0.431996092405984
0.412627898596518
0.303643501691973
0.320913204897271
0.42489376095192
0.402409694583777
0.426901161075485
0.407910644282817
0.506206758127891
0.435996213665875
0.474617224874674
0.466660110822775
0.490932438827771
0.514233406584702
0.516065748783989
0.372585726223627
0.579452567310562
0.527863896195316
0.402254999476346
0.389871969809684
0.400856575709424
0.507854608151428
0.324940414111385
0.593306506487426
0.557596224480932
0.411336369102561
0.505929382479445
0.616942672263686
0.547878703332663
0.564384500241358
0.592670172872945
0.415112296894968
0.42552630566025
0.558333174691318
0.55979508021206
0.424488650839921
0.383161605757531
0.631921708495905
0.549257794019402
0.538445027987004
0.58553140808942
0.563344678516359
0.542914817470887
0.511097004647549
0.584265393086715
0.458150539706857
0.586919839349813
0.545634734867247
0.438009032026444
0.662830880749029
0.570265035603854
0.650184125168201
0.467090256619872
0.518808552204925
0.458695338340093
0.649701679950637
0.508738461632367
0.595500840255225
0.597933437650875
0.522518703358453
0.608765262054455
0.625625033901998
0.597596229602161
0.697874358332605
0.61409020003968
0.698857340683366
0.512728806303061
0.564323387158029
0.35765763274476
0.529253296036647
0.52341023155701
0.52200590129891
0.649754726672843
0.570561315126866
0.676920130881924
0.513255313172303
0.491820649007641
0.608045476610426
0.744695064502439
0.676217954960842
0.642948274752922
0.456369976502645
0.591938924301321
0.640881699849534
0.606210107354513
0.701828530791867
0.648972771148479
0.480740558991303
0.616963159932719
0.666808765783313
0.564552612954208
0.691407865809829
0.785909158595099
0.458318650124417
0.765856344635141
0.545229822591283
0.738416177623144
0.445270695130964
0.573074245148623
0.691812560410927
0.648330576932427
0.478857442528264
0.654002204842339
0.556090454142639
0.720125632448136
0.709629395029471
0.698526341998686
0.567739499936863
0.815608672789059
0.756006065851222
0.516407895880825
0.650772499737135
0.821456681248788
0.77933479129829
0.640860138985509
0.803005712842158
0.566511174073824
0.666053411829805
0.747398229766657
0.62413772349905
0.663217315415023
0.740260159526116
0.701677054124944
0.770710974207009
0.647724033473541
0.658609695489154
0.756579388253021
0.585268529351925
0.743460639256501
0.622583134673597
0.782785395887518
0.678163409743614
0.766207496309097
0.533502717518138
0.834640271563405
0.73225107834131
0.747560164397549
0.725661284834794
0.740455960769224
0.626460813833343
0.704343544690622
0.804420167120064
0.802009848907483
0.75112360005924
0.672000099795824
0.552270765610792
0.578051255968118
0.798472012231092
0.775835607761659
0.672348042031687
0.793444702625774
0.722667945394924
0.686269849094609
0.840812081118408
0.88720688655303
0.715592177633683
0.756587997822165
0.765102732687601
0.698357461725986
0.776231080821283
0.820567656075944
0.827721055247786
0.854901644322472
0.796202628603692
0.784551887355693
0.625717673682663
0.817104771038988
0.53416328351812
0.87517067089378
0.823320436409286
0.852223472945265
0.808067776288991
0.703884085870125
0.762973093849225
0.76257847114851
0.73379140525386
0.777264782369452
0.840739280172858
0.779791885915061
0.763058209262667
0.644108522998346
0.990623141515805
0.747179332940404
0.82477288137895
0.707429191069159
0.805363546899788
0.83998032148865
0.951697812732277
0.870403593699842
0.734827977472945
0.888186501629556
0.711054508186002
0.736085324164263
0.822520074836041
0.81802783451134
0.780073161821728
0.879697759962829
0.768569069985738
0.939706233787724
0.770791828901178
0.930776051578508
0.898585775822278
0.717277119680562
1.01611037089845
0.807172074111571
0.877362656915167
0.768001161644939
0.843637415602516
0.942250649307315
0.824071776882405
0.841495470519484
0.892737975954306
0.861258410568838
0.911646439449387
0.928616894365617
0.911733578477621
0.927244432754647
0.85502341539262
0.872478543874418
0.838251876287365
0.897175155759002
0.852067113250801
0.724933794672328
0.891539201630397
0.913357547665555
0.975197484571912
0.728237567267217
0.872987160995907
0.888721262941453
0.815945851174779
0.754260814945883
0.753503794064357
0.808831205024815
0.866127292587349
0.795953027023332
0.877435795425056
0.887477667983446
0.968681574756343
1.01049931639072
0.993244927312933
0.789829744972211
1.02263108415073
1.00983863923296
0.967526067851379
0.939713221687587
1.06917617794331
0.946589452636454
0.886634721128685
0.998843648426757
0.907863779777238
1.08564512428489
1.01699162709721
1.01304282366567
0.807363965254775
0.919429048321274
0.989618047665331
1.07922270452049
0.969065791304991
0.97892244987897
0.884741885198743
0.934138512610132
1.08387815471707
1.05047219327148
0.998236818443617
1.00745881730492
1.03950495740277
1.10533633085992
1.07366503771426
1.05660926970465
0.936840392214643
1.02112708730587
1.05048656035699
1.01181612433766
0.89929151764537
1.00425007524994
