"x"
-1.19876560231304
-1.0854761851846
-1.09455567320449
-0.877258411492767
-0.938275993622111
-0.943112354915542
-1.01322679314823
-0.920511761873839
-1.16925500254179
-1.03414850037289
-1.00815075889557
-1.00344757574377
-0.898097370531407
-0.85870341515384
-0.92627045122876
-0.984594450741787
-0.98909480499861
-0.997773026327253
-0.934243737727841
-0.880893742995072
-0.919362407295523
-0.974122585960893
-0.840941666605454
-0.896781824557679
-0.985935955248241
-0.835159639359109
-0.914576890253252
-0.895120434450787
-0.928584500795008
-0.958786378159295
-0.991084469861257
-1.01294992053857
-0.916692599264923
-0.906687314101846
-1.02625334848976
-0.948050982812329
-0.905110042441375
-0.90629689090366
-0.808368907340639
-0.839570500398918
-0.900000123210697
-0.79436022524949
-0.800810796071355
-0.818848380266098
-1.0033726651569
-0.902747551390504
-0.899185280678731
-0.959572865685901
-0.878991134637701
-0.899417080591624
-0.799888029434655
-0.984429677055711
-0.860925882889429
-0.87858168028785
-0.893097676373816
-1.06373101299258
-0.904157257652486
-0.915796787042455
-0.972700171558301
-0.906735046341951
-0.718215219104964
-0.940153295336601
-0.912873218618398
-0.753825090168066
-0.798423001860048
-0.695441732835411
-0.883464178782634
-0.82438843475755
-0.832602691841842
-0.826288614011282
-0.844026467314967
-0.851676727279205
-1.07366552761474
-0.961606977239992
-0.934819941350189
-0.942384123023714
-0.849186962666812
-0.715147922009449
-0.766683926972255
-0.838643470468518
-0.827221075008857
-0.830967987348234
-0.866308678063627
-0.819570310453002
-0.798666729374361
-0.731301766108329
-0.805234828204214
-0.862703941898449
-0.885554936789115
-0.773758527205398
-0.740464026099011
-0.730395068969546
-0.767703339813408
-0.642933883133441
-0.814104949422359
-0.911383796131774
-0.839793554330383
-0.72302967170746
-0.772971705290622
-0.730995575426266
-0.867588000418146
-0.779393808798705
-0.829498182531673
-0.867404688121565
-0.823403877636693
-0.858291286772591
-0.786844991686992
-0.803896857219742
-0.817169313165361
-0.781869791528828
-0.81375182294114
-0.807609035996267
-0.762775010158506
-0.602789205058579
-0.796863580204695
-0.893437777013302
-0.656995670739868
-0.705358870844028
-0.642765370148177
-0.652697987297608
-0.671781271842445
-0.778804610387156
-0.708841888296199
-0.774249889282564
-0.710659563255579
-0.688347230186637
-0.731058664786827
-0.591452920551658
-0.66619277290134
-0.804739962516673
-0.679640186081017
-0.862832111415037
-0.601866928782893
-0.643955585118226
-0.752430077642941
-0.792017343119179
-0.74673978515097
-0.726679449967244
-0.663349132081313
-0.7584809195347
-0.693140196054516
-0.778231903628779
-0.790051456690133
-0.855396938706508
-0.624313032386832
-0.783990073549012
-0.64405110380048
-0.747544210950743
-0.739524596851312
-0.740042908467239
-0.544946638265152
-0.668523648809237
-0.755585582321838
-0.604402934476876
-0.756554806587409
-0.724861360502021
-0.593661674663853
-0.723054565133603
-0.768385751300571
-0.751422265522403
-0.698013411792546
-0.793704934865136
-0.599639279824848
-0.606393101601889
-0.67767991208072
-0.569162689023331
-0.575779319057147
-0.709312154988689
-0.566707582920704
-0.774293066960384
-0.710359866808286
-0.645352737401724
-0.749493828416027
-0.559394332758357
-0.720157403388539
-0.663411045301255
-0.683367007681727
-0.614659305272808
-0.665405408734017
-0.681261260425493
-0.697698155118888
-0.632574979314708
-0.601261422071534
-0.570152021478367
-0.689289633318783
-0.623037758528912
-0.593232346079676
-0.658469358451538
-0.650809399437686
-0.844555815308507
-0.527961736417494
-0.686129370485186
-0.652993805944652
-0.642956016037691
-0.646152922577348
-0.665626778774512
-0.549984938600117
-0.754952691240314
-0.554032408316618
-0.570286431035203
-0.597677440771955
-0.699866402607469
-0.63043453198627
-0.656383212465069
-0.624702881501562
-0.656374882282558
-0.419345969325041
-0.504551788564932
-0.769735636916076
-0.65219630198556
-0.556018832455491
-0.48250281364063
-0.534532749868057
-0.511329777121196
-0.684065171075323
-0.423851700344117
-0.421259091904753
-0.724537719848303
-0.601741743902698
-0.566240056052747
-0.536956402457021
-0.495117154949489
-0.645086844772951
-0.413205223416456
-0.497278062397332
-0.638011651041999
-0.697677371463113
-0.469774809018872
-0.386582264709732
-0.439693912330063
-0.590395548553539
-0.570057559929473
-0.373318979785223
-0.565855385543237
-0.518019252834562
-0.564861538795743
-0.587619290607606
-0.426065908170432
-0.562729447815849
-0.517783241700007
-0.558395897996243
-0.404509668707453
-0.595532088451932
-0.477369177131196
-0.39485043019042
-0.516809324494362
-0.561797057460654
-0.577268378890558
-0.437325410916877
-0.47303863930734
-0.572639866167644
-0.548211433834021
-0.525246398827091
-0.555785396559946
-0.676089838359508
-0.455663347132611
-0.448042741181147
-0.363384342339437
-0.482611392501738
-0.531510708888941
-0.466858955451113
-0.423801535271652
-0.524700989896968
-0.382256693504399
-0.477265779870391
-0.427353448713536
-0.480755757937307
-0.489800794935092
-0.356562281822189
-0.35308360985765
-0.471106981160838
-0.556252533204514
-0.47530468007873
-0.318483666449207
-0.461108910144676
-0.41209934140085
-0.38911293287208
-0.508196096684854
-0.543648720128022
-0.446718515889734
-0.326247134104233
-0.393289469501225
-0.546240818110888
-0.416547160798482
-0.384037033760054
-0.35745437618759
-0.475479547528012
-0.461534314944126
-0.305175328677327
-0.344237847880173
-0.403612478669171
-0.570160621403461
-0.402633549416884
-0.421245897775373
-0.416717311862989
-0.32537257198951
-0.547026428497959
-0.362457496062486
-0.4708189080463
-0.479798720217239
-0.361549469045895
-0.410130210334747
-0.370165469867439
-0.401421451586476
-0.218472388999528
-0.242500232716702
-0.373031396986457
-0.435176131461167
-0.317138815237263
-0.479235648920955
-0.32316716827492
-0.572008527069271
-0.491727420334731
-0.265631832667295
-0.402686123699273
-0.28652502426399
-0.397238144896132
-0.513708422874041
-0.251540219716284
-0.289949922534785
-0.298625191417365
-0.348463784475777
-0.228450589697773
-0.203393901351719
-0.333368995146548
-0.319973052783947
-0.351123739021152
-0.32963200664834
-0.493853719554871
-0.328874515429725
-0.349744476437541
-0.316306156300231
-0.160211209803466
-0.412134851993613
-0.443340024302029
-0.430024027591856
-0.331593092944184
-0.398491645035775
-0.297931164309813
-0.407807414233206
-0.293435825769067
-0.397208129499709
-0.338364373452058
-0.248700528647439
-0.348212275571641
-0.265997175154046
-0.429786378213794
-0.3077032453921
-0.255636511789784
-0.288894628059549
-0.461897260715749
-0.350448814461186
-0.241428711026077
-0.208389291876217
-0.287582818896484
-0.323983463581158
-0.281086077548866
-0.353853489352464
-0.182222347563073
-0.331892870592777
-0.247878483682215
-0.401010862998981
-0.337701646108624
-0.334882932942873
-0.28727587147847
-0.388998710067839
-0.290099239907538
-0.242805486414274
-0.137012512782142
-0.135224259301511
-0.166775094483734
-0.309797629633801
-0.3069507408132
-0.208621660243779
-0.301210371855898
-0.162491821006367
-0.26849189461234
-0.0414219159295431
-0.283739243329752
-0.458527496871886
-0.349233386352777
-0.220945825121893
-0.176141971580387
-0.401424003971332
-0.355539067205945
-0.266822745292058
-0.164119303561584
-0.134749563745329
-0.249077411993264
-0.185388318417633
-0.282378879418314
-0.127535630848802
-0.136674364555657
-0.376423933215193
-0.170145908548172
-0.306353497776156
-0.186845236291741
-0.174538031703923
-0.188479006467606
-0.199832572527812
-0.0985086981799162
-0.187636409211853
-0.335234469137031
-0.229863280993362
-0.0865040248582728
-0.322397546651124
-0.170369243978052
-0.194060913402975
-0.00412053989561409
-0.180104230460662
-0.149126441631522
-0.0815648690887434
-0.240976785280959
-0.207646896144958
-0.14345629642618
-0.352635555369109
-0.0940110382860892
-0.315044063349476
-0.130178585269394
-0.0886319396623772
-0.243242825224717
-0.146890056680754
-0.223345084393002
-0.23634905969081
-0.249828096253208
-0.112719195204362
-0.112680759536688
-0.0238836429270318
-0.170716371686267
-0.0734916143443588
-0.21908181339299
-0.294241955725284
-0.230591825649495
-0.176378459853048
-0.245404689987063
-0.0771574395148321
-0.169227441376035
-0.0175302369154569
-0.0640921782123801
0.0477163996101699
-0.0167127306905983
-0.0988826435584577
0.00743454841919698
-0.183029300119764
-0.18491735230733
-0.102223896299708
-0.11322830315835
-0.0214192610657117
-0.193969268320405
-0.0860155915084372
-0.1324687006992
-0.0236843301525336
-0.19738455140343
-0.181833670707003
-0.157293205670604
-0.0627297343256084
-0.0768097353122207
-0.036902292935782
-0.205176181576532
-0.189106940184601
-0.153401227941292
-0.0210350074141913
-0.173885505422088
-0.191294020948348
-0.155558614741769
0.0285333042690668
-0.0655531375883082
-0.0444016028408762
-0.15680308365812
-0.180604961660525
-0.158891741726861
-0.12940069807177
-0.232071971310469
-0.130370516686432
-0.0780389400991766
-0.135027902615439
0.0946926207110279
0.0284426488636442
-0.150199096079287
-0.102423788287562
-0.12043758332989
-0.022773344201075
-0.115514986412513
-0.183492155151361
0.0918671296488519
0.117224465903332
0.0610481411526336
0.0604317849031665
-0.172873990300297
-0.0530490529109487
-0.0419437778662191
-0.0270553825987831
-0.0241841161426772
0.0550456765333363
0.0539892450978342
-0.141988689632882
-0.190064222119217
0.115359270222928
-0.0671929410925639
-0.0134625921508288
0.0501814620639814
-0.0989813650651305
0.0497971966555574
0.0620088004909821
0.0314743279779213
0.0349250875901845
-0.0768980923412503
-0.175078062650896
0.100762728148634
-0.0809961505237687
-0.0356387522568644
-0.0180317278409096
0.0560109986773249
-0.089184363614428
0.0285795362262083
0.191911545926681
-0.0360661614480712
0.0573705030212655
0.119295883805233
0.0767786171931128
-0.0233731054027406
0.114706241192408
-0.000906876398544204
0.0449300073149905
-0.015076520348904
0.180968227588601
0.13418381013059
0.135515210353869
0.0608059728360721
0.078000116136925
0.106186558919094
0.0557278053323998
0.0317666213481644
0.119645043640334
0.0586231659189257
0.130690727978906
0.0374308564413808
0.0330285445478405
0.0906588730360942
-0.0045931489984053
-0.0127063640465155
0.148433228686664
0.0898894407947085
0.0128268119516539
-0.0498400107086894
-0.000421554791401816
0.180303209616957
-0.0252224217503977
0.135436237072406
0.00787305596124769
0.0252889015113574
0.0911807623930554
0.0338837173274356
0.170212045343007
0.0845307699562187
0.234865748060448
0.0448701306296538
0.179560521935023
0.0297367711553918
0.172053292910851
0.0343119330120041
-0.102561350846428
0.129055917333527
0.0776037029851642
0.220056788335769
0.23447774360597
0.248572955107428
0.00843653002006547
0.111772692465968
0.220021199937573
0.135899636398971
0.115317312295516
0.124340132484678
0.0991888041237312
0.153152778197618
0.156877410749982
0.0293311816662987
0.13484093312103
0.206085572698867
0.0888935026398742
0.320427381626851
0.0380809972784269
0.204304521959934
0.193416363462165
0.167277750288859
0.109670134809968
0.213227686344543
0.116529423702392
0.164053914242059
0.311678966904001
0.328655158744727
0.269946634834836
0.127600935577366
0.0838922315624106
0.141536996971775
0.182510062503074
0.116423412199248
0.211269402181523
0.148331063034567
0.299864757960696
0.0904630142770127
0.0696003235421965
0.198202619359946
0.171294623999893
0.39437438944316
0.317829844904536
0.210332052528658
0.365333057420875
0.235905098647771
0.247369422543406
0.254332512368749
0.244121583445555
0.195459679067119
0.134045315268587
0.265116920656542
0.297054133538685
0.281199919817082
0.237198221025154
0.33831276340989
0.239998788652012
0.336333765341103
0.23131218975268
0.137898380186237
0.236365646651252
0.297726608000563
0.283371397097531
0.15645863179417
0.35057037433095
0.248075981417865
0.293739746847773
0.272988003607469
0.143591701298204
0.0783740005300175
0.18530475376588
0.394075883844025
0.291719891683356
0.259418779323819
0.320738584865016
0.343765478895395
0.219785152572369
0.0903298271722778
0.378726480271441
0.314341084503037
0.219253515557963
0.365891300706688
0.0621383514766903
0.331193028058974
0.190951251065324
0.222525703504678
0.260484271591919
0.265980996574501
0.266205181928211
0.392295672444328
0.341623872350035
0.390842536426952
0.379941187526695
0.440415101003187
0.217418440672972
0.396718835198984
0.290637659322416
0.334912791757645
0.212011359244954
0.380191216735308
0.219032700606515
0.525914799340316
0.457409072431651
0.294284211892995
0.332760063718869
0.361125192115517
0.353930360856215
0.248545147818096
0.268331454566726
0.304239090239983
0.343602584890314
0.395910763168182
0.383388906038909
0.25546839765744
0.474845581609882
0.431718460912176
0.417054523554549
0.48656038337299
0.494404707724835
0.336554078664664
0.397423294531162
0.534964860375812
0.175994061722338
0.349110193925248
0.428176327393416
0.260052814705981
0.28470429185382
0.249720890329901
0.528808431215601
0.381219668792953
0.310677345178166
0.481003169490525
0.416045460701962
0.383416277999806
0.380219175678665
0.436923138097961
0.34588317681197
0.492827927951522
0.422093392473488
0.44236169016909
0.411116616058248
0.436262675654153
0.376831456410948
0.399596974097031
0.452674094208675
0.382520662936543
0.404480228708963
0.433897439335468
0.295179313123791
0.387306193194363
0.405027800516134
0.487189291904711
0.391213042835488
0.448992032776877
0.346560225277729
0.408161137064397
0.44803304029092
0.27589583850834
0.386226090544814
0.553225735313037
0.469227519345611
0.570976908184751
0.614282482275701
0.452527646298345
0.458668472976258
0.340185378899397
0.549224604033065
0.481427312555757
0.357668723589952
0.570431982471564
0.511439858635367
0.490292142197255
0.569475309649764
0.437746068126076
0.533166079090368
0.520552835304052
0.582481811927576
0.439393801760037
0.566091548325119
0.419555667298759
0.563932474191047
0.398746695541842
0.381747854007208
0.447124354343738
0.737292439816681
0.515540845810585
0.500061171592862
0.417996215918293
0.494823173269079
0.574105285793936
0.528726832337335
0.411022650041824
0.570223856668742
0.688220215137309
0.430217160645989
0.471404764584979
0.447662319997024
0.376742863897299
0.520877437783691
0.565655405540668
0.47007407007165
0.528030722619051
0.510110606532839
0.453286713253595
0.444799003729911
0.543820800181384
0.534306025671458
0.618953666446013
0.639102749647674
0.62047259280343
0.363910118265601
0.507287601754097
0.583454541044436
0.575322957946108
0.580464030911487
0.424729961811718
0.559144242439175
0.616052213155299
0.609772961634112
0.563952642988519
0.652717292645831
0.556955611126764
0.521016415552288
0.623474351333172
0.585141792723649
0.672929135016917
0.563255542921471
0.613778752087437
0.381029255406184
0.457254310567427
0.598408471630936
0.550783326840384
0.621511928931933
0.542186405949283
0.569305662645485
0.537227411730601
0.552520601462843
0.626303153686641
0.579676933972398
0.455649596658708
0.842582203222137
0.654522859172939
0.578240563177296
0.592125856833228
0.703631611750272
0.508775414166486
0.715556165722136
0.606227073591443
0.596440612108495
0.600693468590257
0.636441828946238
0.608358752123029
0.627013555070308
0.732741211000125
0.569585160051712
0.723964230483882
0.572914464160191
0.605623652942678
0.706114474816166
0.586293943488602
0.591012318507109
0.756264461942708
0.749914233752561
0.599054097076943
0.653952188885362
0.666181654189459
0.719628699778657
0.711790152494949
0.658536940047797
0.768033715607394
0.774054336247558
0.730778625971147
0.575156013958125
0.60834998035358
0.704797747972513
0.750765906255039
0.73045647809188
0.666941502945872
0.532063683232641
0.619867643767559
0.786781869756198
0.613300730196934
0.712565979707576
0.713365037432721
0.825978854124506
0.653612072662705
0.630169776055715
0.562675449701551
0.746925039805348
0.755936676703237
0.608243945743342
0.669175120060084
0.683723056583014
0.690308068173903
0.711573265148879
0.652931887155947
0.745536458084443
0.603499452801016
0.884015513756199
0.637809658941618
0.548203235316849
0.777382340170636
0.74754800574717
0.765948239647846
0.703140863976964
0.841857231998619
0.7079135270326
0.744732686890623
0.703288995128106
0.728144652802172
0.714908670543828
0.810381695939239
0.875304544204745
0.858346680255753
0.752312336813455
0.673477739556132
0.573223218567597
0.738543106211934
0.735682026593056
0.836695868471051
0.779085895332809
0.702716812090153
0.889253093123961
0.72185628103986
0.865649360806565
0.763165977510315
0.666201299252165
0.844868758232094
0.729226568248814
0.949411013429173
0.748341768484552
0.676614033533296
0.816296399199565
0.81705513034564
0.716913349571696
0.777331628639631
0.729132868359391
0.868367923723213
0.760927974546904
0.805218127456548
0.673428166959583
0.636638646237653
0.876754956632285
0.825890279565289
0.810285281429263
0.837526452293354
0.850760531280076
0.91554014720759
0.838225827957856
0.784547574265983
0.917277518630622
0.965329752895149
0.790808973944866
0.906318023372273
0.695673573487911
0.739535154490956
0.835359499450611
1.03932371385844
0.76210333972629
0.893719015938754
0.806756204054755
0.672449672329045
0.847837609375003
0.909806237005371
0.792295371540671
0.761920616605548
0.901766608491458
0.895484803049975
1.01534249599393
0.870272458999377
0.910844153214401
0.881139360760261
1.00162153938726
0.836858824618386
0.846503703198294
0.961324720534072
0.764482180982033
0.953388644980528
0.954324121968291
0.711875393425449
0.883239693575638
1.03520432988331
0.906628404811006
0.74938133848072
0.95538720298735
0.810566451433481
0.89777510768614
0.868435165851765
0.760749129337754
0.863553935087336
1.04548302556321
0.829313532280565
0.816964910637312
0.999399843461698
0.936027684254935
0.877772500471049
0.933846013071806
0.875674856848453
0.89312123424712
0.911810609850796
1.03904109052613
1.04350469084137
0.8474601791882
0.909233648281773
1.09314197152342
1.06308307981578
1.02913818141766
0.979657698327021
0.929931766206806
0.84694120368308
1.02062584983123
0.970020253158216
0.902129475823309
0.823010291656647
1.02091914844984
1.00163149250402
0.764742601392629
0.758789467898531
0.83325781484886
0.980662251218739
0.855121746382906
0.974060035338678
0.827288099636183
0.966939231768919
1.01832817887227
1.09681735703231
0.995072793402713
1.00138444867963
0.996637086135431
0.989331348102874
1.03120800324127
1.02616671854969
0.96504831806745
1.05209371259529
1.27157311242579
1.14132158016012
1.00902903892501
