"x"
-0.925166159345382
-0.837126218209528
-1.07546127878798
-0.853239641442878
-0.890511597919078
-1.03441191585862
-1.11276638512323
-0.932243025779902
-0.940322752456344
-0.916020763124925
-0.97689579722363
-0.979592454805971
-0.95288808297708
-1.17578021976064
-0.99618118188587
-1.02131536475157
-1.00389072081407
-1.02203748928708
-1.05233573264923
-1.04598712926974
-0.949772091293667
-0.851949134876883
-0.992054456770608
-0.86693387257764
-1.00110577422497
-0.935515506423475
-1.08456060408289
-1.03225294392124
-0.965324417192303
-0.895862378727859
-0.964050127660774
-0.821051765795591
-0.853566823161159
-0.88910095180604
-0.796697316609313
-0.858813387124771
-0.739869814271978
-0.991167527304297
-0.879348881888848
-0.877656522635411
-0.89002056169489
-0.873533475656599
-0.892629023903721
-0.887053933026779
-0.847471418521905
-0.823752060355054
-0.913389636710375
-0.94710142842288
-0.999172886579865
-0.795193834840937
-0.853999754495789
-0.862633400621658
-0.71867612242781
-0.854294243424767
-0.837751237530696
-0.982978789948988
-0.854705301341711
-0.987651314770789
-0.851589251581619
-0.894630149484768
-0.788966601055869
-0.941348471423766
-0.82823202312011
-0.937147540269933
-0.96462711699019
-0.917095791427438
-0.815170332680812
-0.900391973291654
-0.913454712990416
-0.905643269850364
-0.764477427826427
-0.831246600906861
-0.955360499528654
-0.808502916097335
-0.722515348303578
-0.851504037152821
-0.800166868370746
-0.763641156506307
-0.708975917713829
-0.869370902173181
-0.83282483822626
-0.695161435863385
-0.926562423621128
-0.787657503457015
-0.812088134377643
-0.860514974480236
-0.870832644899835
-0.859317350642147
-0.819883171916392
-0.83642396784419
-0.719476081539221
-0.8990394323632
-0.885364944319915
-0.713567207313969
-0.883765054634049
-0.757040140748283
-0.742802958438702
-0.663357747296317
-0.762243761840179
-0.874541531165841
-0.81811415624233
-1.08096057228967
-0.738221239352966
-0.77138686299631
-0.552359010699887
-0.750618277942477
-0.838552456899149
-0.818861436128024
-0.74343733299489
-0.799810403632257
-0.72439710856084
-0.800675382088526
-0.80988744491293
-0.679839028376237
-0.800541912917534
-0.825391021032506
-0.726103914203697
-0.765559047240978
-0.653378289865532
-0.856467412825424
-0.621704290947311
-0.839010830117939
-0.869809509571023
-0.685982001392337
-0.88242661803381
-0.744905551332405
-0.785900284181842
-0.610629160012498
-0.856616749803578
-0.666265010723362
-0.717808150898825
-0.678905875459834
-0.69510507222359
-0.656642579976241
-0.699101147471556
-0.674500503223057
-0.70293016282745
-0.778339873561433
-0.693287312588739
-0.862133113569972
-0.797922870177924
-0.765801546910705
-0.69896092046674
-0.798193279723575
-0.712662082681905
-0.410911056927345
-0.670444594519111
-0.755024554142823
-0.774995521976794
-0.689970993022678
-0.740477286842726
-0.637872409960245
-0.780729605213688
-0.673237719786289
-0.733241612534834
-0.670337410245772
-0.741154287735871
-0.690806063219638
-0.79721357168665
-0.758964717498071
-0.757747313749879
-0.7269975185946
-0.625091752243322
-0.630015993452103
-0.565039879006624
-0.756239995951206
-0.606085761978882
-0.665896476091566
-0.647854764651916
-0.656787593624271
-0.635033244396039
-0.698621354057189
-0.649663976646168
-0.725137680170113
-0.72420699785734
-0.622833890502254
-0.685602771711603
-0.588213719400753
-0.747469227904815
-0.670472483074856
-0.782007490034496
-0.662738996315358
-0.697715534868859
-0.565041785881157
-0.690901496196223
-0.644427443172106
-0.613046813488783
-0.528594620497209
-0.642211081080372
-0.570839327712899
-0.5870752191222
-0.474716638253198
-0.629958887892901
-0.459726284159157
-0.714417659602555
-0.567979636889284
-0.625973361757791
-0.712739412797251
-0.541831089964391
-0.53189818307196
-0.572694433714882
-0.560620327546649
-0.663762780573032
-0.617107451932598
-0.613395584628832
-0.662560233756121
-0.550289395869658
-0.679082138514537
-0.682307360615104
-0.572432890233393
-0.563625763983498
-0.560291199454502
-0.446394182738009
-0.53743376746023
-0.585220985945279
-0.439422827545983
-0.639287397127244
-0.529233998075149
-0.594932942911231
-0.474318342279022
-0.647363323624845
-0.564461071249325
-0.663769413073101
-0.463595116972144
-0.519080204881412
-0.587600470692865
-0.59200290653963
-0.498060607679022
-0.592841182700772
-0.580856847498675
-0.569589796023684
-0.504035960295256
-0.387006018626901
-0.562744367010186
-0.515519734388253
-0.500006741779099
-0.414875418975604
-0.467414588251183
-0.514955828245247
-0.451182543987842
-0.49237983707598
-0.550830140865728
-0.51454559537271
-0.643324163421463
-0.549497960890393
-0.479022016172652
-0.581347777260291
-0.47181087750268
-0.573331867759655
-0.423848007037917
-0.559895544461508
-0.438915694959699
-0.425102085908964
-0.319217388151276
-0.593920159412302
-0.405844027114257
-0.515361812005711
-0.573790114615529
-0.456777402330361
-0.450987171241286
-0.51152201501148
-0.511107705099904
-0.33446855363885
-0.656955043611388
-0.558490347588201
-0.49198864249235
-0.535095910413558
-0.399609700306978
-0.494758279395077
-0.377518025832816
-0.396529183708691
-0.542971842206896
-0.57844890537968
-0.364978257629467
-0.388606786742849
-0.518489478535912
-0.457262072589257
-0.424819680321521
-0.321455848363645
-0.505880397879206
-0.43342003761747
-0.313225841864827
-0.401208919607628
-0.386890814431808
-0.447445329575004
-0.417260860563558
-0.475193937040821
-0.496239612655768
-0.508461476399797
-0.386605554045913
-0.538080723616704
-0.423122608649142
-0.295857932222353
-0.509216333504641
-0.436994108250181
-0.417592129634724
-0.500616768043337
-0.293887064668464
-0.485539827359899
-0.380086973271134
-0.419718152823904
-0.46623746884587
-0.476069687706674
-0.353588352548633
-0.439039504219658
-0.41876111193419
-0.488536398390819
-0.425793136693274
-0.399774839568823
-0.51769929768666
-0.409693142660344
-0.363591257287292
-0.473715108355746
-0.385024900320819
-0.614629850883506
-0.334443525522443
-0.270628729139896
-0.291843655340744
-0.35589285625618
-0.471759989547818
-0.347588042682672
-0.316209074121843
-0.434995280744147
-0.242119460583105
-0.424427110443529
-0.350877914091117
-0.4250778981696
-0.367930857992543
-0.207708787963243
-0.278783837673851
-0.329744375554073
-0.351730325643839
-0.329316700109795
-0.422469574589207
-0.246308480295017
-0.39304523745127
-0.314385810865999
-0.285883215830885
-0.362053420659319
-0.335436482273392
-0.291437266343119
-0.361720497345167
-0.240450110947167
-0.206060272572442
-0.277846262235632
-0.373456290709342
-0.189308132826235
-0.273074271389327
-0.411205329964797
-0.356946747777615
-0.279222463851224
-0.317064820151401
-0.375599646163124
-0.344511941048357
-0.171908814843648
-0.20031765334835
-0.158095389143303
-0.159000434675365
-0.239333210492769
-0.471885806840372
-0.349170964305409
-0.188094576249688
-0.306757684285101
-0.302134445202716
-0.292032107598967
-0.25414883020415
-0.290379590573702
-0.0958417037206955
-0.190490769233116
-0.206774169488522
-0.413227048884345
-0.245156572012413
-0.139423940321637
-0.2405524134548
-0.379168180972977
-0.25597242618421
-0.41591271660416
-0.18324929168181
-0.25935373245882
-0.0904042026938124
-0.125217811099866
-0.15136965428256
-0.228769316371922
-0.243493253621413
-0.259203687494496
-0.339175211343633
-0.207742864233941
-0.132274262286307
-0.103118662490197
-0.270638865775262
-0.163287420215364
-0.209021636927242
0.0177337942835393
-0.323720189305139
-0.138427455686
-0.259728538992182
-0.0886409447258421
-0.0904176637372045
-0.218721184479498
-0.0554684884127033
-0.224747813158126
-0.306825068122055
-0.277792551698757
-0.083674134953214
-0.142610424781014
-0.127180658705827
-0.13753000625815
-0.114687479424422
-0.329916017777024
-0.226360578045013
-0.239240901804686
-0.251540833440904
-0.0443915804678562
-0.125435766670713
-0.225360674723958
-0.0732897098740206
-0.127509793395092
-0.093046981273547
-0.206876859630193
-0.17951729911066
-0.215248247675981
-0.32068836017884
-0.224995808853039
-0.197923003602883
-0.293716449748746
-0.11456550490157
-0.0836833647478184
-0.118105492577656
-0.0252678379815959
-0.126319926819739
-0.185582626762962
-0.100257155514083
-0.173155976155993
-0.0641989050378352
-0.196657973922801
-0.128990753663187
-0.04698893592077
-0.18985041561434
-0.161261334532099
-0.0742068915651237
-0.138429687401721
-0.121301023953338
-0.121864499829477
-0.0394116539156232
-0.0577755060084612
-0.0939778956079937
-0.214534796598168
-0.0434005149336175
-0.0547103764084358
0.016858818576513
-0.121858670822108
-0.0460918977103582
-0.086936613847518
-0.112910821079925
-0.125092404986131
-0.137096865297352
-0.193655840331348
0.0935949779848232
-0.0458055573066375
-0.0248511036455993
-0.11852740579983
0.00914190996920054
0.0806496567804621
-0.0132121008999181
-0.0667536890458467
0.00327117082830067
0.037312615467258
-0.112869198600569
-0.157596768091297
-0.0586325603846942
-0.190836565740728
-0.0182870562040257
-0.10458882850739
-0.014816097968426
-0.0131078828807423
-0.0499208584722283
-0.00251039963987687
0.117390857915395
0.0378476587019769
-0.0884516607490419
-0.0378379564405474
-0.0133539073681264
-0.0996032811150327
-0.00618568925241461
-0.0889438781170793
-0.084422914382638
-0.0390484656982693
-0.114163301496707
-0.0765456415591212
-0.161708767714411
0.0132215833799952
-0.0668506830983791
-0.0260674929626243
0.0065026504397871
0.0841666885959615
-0.071490053873207
-0.0272875202721809
-0.0101465752985463
-0.0459938287681412
0.0476832553159314
-0.105276918580024
-0.075441057106925
0.0414216070034599
-0.000362403411647352
0.00269789734201888
0.0370318599617521
-0.0504000447464183
0.0266162148052422
0.2228943564556
0.056529341037735
0.0201424304029244
0.0918733942031504
0.0224825532045809
0.0702309956856478
-0.0699288915373681
0.0978896777454874
-0.0498575054814993
0.0351599385057538
-0.0704215634091646
-0.0712502053934214
-0.0287425568546351
0.101103767665383
0.280839213939723
0.0265946850510302
0.0996582093046379
0.0323252202458546
0.0528697336203319
0.161595724150624
0.102190491729839
0.0579880217138176
-6.39313298802213e-05
0.158359297801815
-0.00512329098256616
0.191273713248577
0.05841396169981
0.208668157824749
0.189690095729511
0.077024005359253
0.0586070886332499
0.102119270183429
0.0795532877285334
0.0427440916335111
0.174138927846789
0.167588814416093
0.15596911163377
0.0668201284772198
0.105815656816661
0.000198298678845509
-0.0600657586645871
0.101642639847015
0.145396140154848
0.0691836345127697
0.114093539579695
0.200446695229653
0.160653223718906
0.0819017411605379
0.105673735613372
0.0988223038329492
-0.0331894890039029
0.143292159932355
0.114209822937444
0.171073259500152
0.0131897615306828
0.175043464337047
0.31689008713643
0.0815974237816634
0.132320570934933
-0.0123867834974142
0.0982637045826245
0.151654509082137
0.127804823616764
0.12331624479469
0.274874730026169
0.0635233343801797
0.147053587596699
0.172524713807155
0.224399854911575
0.158693523652786
0.108933196458272
0.290900483979509
0.0545324882732663
0.225084857586665
0.233772996248524
0.117736721474188
0.170682729112106
0.292616131132927
0.23190690145771
0.206474478295776
0.127277686009395
0.162395966542396
0.0836239717555264
0.143469521653398
0.129671811569755
0.198610516995538
0.230353811150639
0.222762144976174
0.161934897117397
0.26501435957492
0.253311297334807
0.203050833264038
0.271416146562583
0.209071798810131
0.176408657668732
0.147847429403415
0.218759017778571
0.188501578915428
0.226605741213335
0.279764625707769
0.184962889289008
0.133634825444513
0.194531647658108
0.181615793597963
0.209555837575316
0.20366224841018
0.292286318988646
0.177726673614725
0.207605761822262
0.149220897155765
0.159159398403308
0.267214944690537
0.19203266784783
0.228252572674041
0.289078853396602
0.376537493249786
0.480415655087031
0.277588624381811
0.204476733769435
0.225691449513307
0.204380992730374
0.22337201861321
0.211137373580635
0.171050889267107
0.308405293390681
0.124167357853139
0.355486010424374
0.424168923185908
0.184730155255818
0.243820606283207
0.168891237928253
0.406479914533385
0.264293730606388
0.188249185312814
0.289870220738658
0.304171756198636
0.148685560679736
0.289859265316052
0.339194079498531
0.391875863339086
0.152760958275516
0.331755760422052
0.428030167223119
0.281620965985472
0.244350573735756
0.334873290384227
0.174830748280538
0.411653459033224
0.374441683299954
0.345152442111747
0.470999010258301
0.423473634578949
0.286845823637733
0.299625446925718
0.349419264814357
0.209934425574541
0.379431195617297
0.229543825852712
0.251698235878603
0.364985898567037
0.313134750565317
0.271318959500559
0.409149332321331
0.560960558492607
0.482693373405061
0.279337473923932
0.223863471189535
0.451320488846305
0.379946192209108
0.348897754751938
0.323200792138233
0.413571708585396
0.394730026775036
0.411251189282229
0.331977248526131
0.254247175071797
0.366886939228034
0.369309652651997
0.361529334608832
0.323700872734962
0.414675435723823
0.379349340972176
0.437245517066897
0.32426489096027
0.468893795678813
0.2725421753125
0.366420620212846
0.242818358311573
0.202747012123348
0.458450635920954
0.427304960019069
0.419943292392975
0.3340648024713
0.421132869320954
0.461679823392473
0.517619292709448
0.415465597968068
0.355360901204093
0.430572178090621
0.430901531945651
0.480436414634051
0.450107217040718
0.358407796772626
0.590294160144776
0.433694478608281
0.585725796354137
0.516996558373344
0.502678692011454
0.510249885267753
0.435535941349398
0.454746217222875
0.54004750735706
0.512558149077406
0.398685535059085
0.520339927243508
0.470349556302271
0.483200814753658
0.411189201511299
0.401445505363836
0.308124522426805
0.34221740349025
0.425566441292761
0.40031685859356
0.431542950251582
0.41870588398383
0.497786547441526
0.416216210213539
0.504273173118951
0.456366282958878
0.473047068242116
0.524460209030657
0.538417539337858
0.357337166222827
0.587229311414236
0.520008945535314
0.399206199978953
0.397567273219293
0.369749945460658
0.526156012328062
0.355345458712786
0.585010980862665
0.556152528064795
0.43197603536114
0.500556214639111
0.610784695059989
0.537397502892039
0.573883600274325
0.580573700660971
0.40386181828489
0.394331976090116
0.52483389049437
0.578133259292746
0.415244673422517
0.373473646496639
0.643646706037502
0.549603588707081
0.536518211671465
0.60828412996372
0.576846522477444
0.521351445090685
0.522604827568134
0.592508683345911
0.459463790626194
0.588807857152886
0.545559275863616
0.422589917254324
0.670453921891064
0.594872407982382
0.634269141538069
0.484483672024528
0.518596916458576
0.459824661692491
0.673789953304061
0.518550377357027
0.594490081653796
0.611250049659546
0.51686125440598
0.635376098046493
0.627278931708714
0.611574297417968
0.685495698019635
0.617620963457233
0.708225563750441
0.524441459240029
0.572253008279258
0.351702440731816
0.536442766244471
0.504395601903786
0.534233722002329
0.657335704426161
0.569086534450453
0.672985515416534
0.510281593220317
0.476580734429253
0.620268848812773
0.73756794528521
0.68339861966042
0.645822373546843
0.455566365715946
0.595143134042556
0.627897252515899
0.588625636946474
0.724817058445784
0.639619257483341
0.484553270439732
0.630115143633476
0.670578209260376
0.574807169478642
0.680557301994124
0.758962857738104
0.432559277926917
0.774669040026123
0.558292836025911
0.771879466835761
0.451892121074022
0.580932684683274
0.68028782685083
0.62612795026809
0.520742743420317
0.645884038792628
0.556661096555471
0.709996339676509
0.696899112599012
0.684007728946608
0.564144739903521
0.795529605595192
0.756264518306641
0.506439761327531
0.656925007487162
0.800322636519071
0.778606686210888
0.65424482797566
0.834327151372684
0.562973261829198
0.657160579611563
0.759160554806416
0.623149587923554
0.664273735992996
0.748864688656717
0.701881159239539
0.736049495827722
0.64607094932896
0.664821401367363
0.746981087850065
0.586115855574778
0.741597347099605
0.620084316514041
0.803466828836992
0.702051473813618
0.772562653269915
0.531053406936518
0.823489187855694
0.738384939214861
0.738005733038551
0.704221980486284
0.725190329241477
0.634265815294704
0.708476524935051
0.813845618620433
0.782754977413726
0.761397024391318
0.655777462782928
0.567706235995836
0.554745801296717
0.788901069699376
0.798618106922979
0.666850286022811
0.797289845336881
0.720861925396149
0.668749595256711
0.846816783430656
0.871005080277457
0.68459330738818
0.763282390940631
0.782829817280229
0.695412066378726
0.778701195141449
0.811703217438733
0.850632757214105
0.869306389343366
0.795523189861567
0.770849569386521
0.61264197752362
0.803480734741306
0.527863821720689
0.886950560566437
0.826797646738476
0.874387245738121
0.796396289810776
0.691353712166209
0.800808750886527
0.766775217602237
0.736401603701977
0.781786114261207
0.852977577636001
0.794889164207858
0.75101171643697
0.653046989376637
0.972842984909305
0.732357597006498
0.841700009354132
0.733225808381039
0.798389021895438
0.833909778873679
0.964956364414017
0.860753981577667
0.721937689191855
0.874660806240791
0.724906216071164
0.742702258170931
0.840075604889432
0.804546923192692
0.78512459443845
0.871256236673774
0.810056628254391
0.933494257171374
0.759062199028699
0.937575837234805
0.911681564732484
0.728144782227781
1.02353215188972
0.782037528631966
0.869701401366476
0.788761339422365
0.849382383887691
0.927703443860745
0.818858143172186
0.8356519621682
0.886386340627077
0.84836250147633
0.918549293486954
0.923616237082753
0.913660329396864
0.921952187892515
0.845807010852773
0.870875431930549
0.848485753485001
0.887331541052109
0.823250552043357
0.750540768965593
0.910345760664723
0.922713358906605
0.971931035122912
0.729702642948824
0.850018617649692
0.934814516660491
0.812778156341034
0.748506993117905
0.762948950097617
0.821243344250023
0.837584580380816
0.816427885066577
0.869812977988184
0.894251646723842
0.977798110705622
0.999842206467436
0.994028461990573
0.792634340138032
0.996988941065992
1.03157410721677
0.970875365091948
0.914194985610472
1.07288580232706
0.939942144744683
0.881014130677969
0.995254311303839
0.911147448647634
1.11015639323448
1.04077116987572
1.02879731397168
0.81397319951047
0.922554950333785
0.983423296191949
1.07034025774632
0.980081730331915
0.99029756165175
0.914378496679679
0.950544867186499
1.04023623966332
1.07199699218795
0.995966247269066
0.994092089667821
1.03297250773297
1.12116526184108
1.0622601673346
1.04815803503396
0.933413991087905
1.03342363899652
1.02497120167359
1.02223827294271
0.910029312126996
0.992537518676622
