"x"
-1.20705434028657
-1.06851162032156
-1.10737919668462
-0.893421292832761
-0.929004870108264
-0.936321200648304
-0.994981397248448
-0.907138587004895
-1.14364662888484
-1.0048920131827
-1.02645225850101
-0.979169569209138
-0.918299150540232
-0.850133361045132
-0.912069862188042
-0.966311826812077
-0.995589929376231
-0.984980457950278
-0.960065050122242
-0.883957949907897
-0.930672295251109
-0.998634516648602
-0.852746244214043
-0.90926404109815
-0.955665385999923
-0.819865108812553
-0.92871440343422
-0.87251964713314
-0.949803007193851
-0.969096286552883
-0.963772417443117
-1.02413379655423
-0.898975708138299
-0.925965607804527
-1.0384053966542
-0.94998719277791
-0.914068594678124
-0.902431469632099
-0.813584982803651
-0.819535671211962
-0.903641804952358
-0.799678346364555
-0.78438195890598
-0.807484144148206
-1.0028136439218
-0.885111881101656
-0.876350080185711
-0.936420112601915
-0.882603696605585
-0.866667861003857
-0.790606446653609
-0.975470164070662
-0.863465509661465
-0.87519428773207
-0.907540480895622
-1.03683161070724
-0.9325630231432
-0.923095869807398
-0.958619896506076
-0.913671157613666
-0.702142458256505
-0.940252619670027
-0.921435161458855
-0.76874077737895
-0.832412467606212
-0.701842851543478
-0.89201801322958
-0.839261879500661
-0.833695750488832
-0.815518343205785
-0.839341058244354
-0.834107529122788
-1.0608465762059
-0.943259088788361
-0.935190790452258
-0.930151051209193
-0.85736682216271
-0.714242397120872
-0.771049077644141
-0.830642527964224
-0.847993077193668
-0.821749343843992
-0.861132613204084
-0.830785007385056
-0.798662154842738
-0.729852095813125
-0.808646026637612
-0.870519219223105
-0.859263900394797
-0.789687936256882
-0.727424393998937
-0.722761212265613
-0.761611690489604
-0.64155730316323
-0.819336178234948
-0.915618037634243
-0.85353488295223
-0.715218986272421
-0.792382428379194
-0.725525886872908
-0.86542893975043
-0.776347816100027
-0.816026643276497
-0.872282913185905
-0.799102171069999
-0.857369181421835
-0.781479286196929
-0.801641548396322
-0.826148553935953
-0.761817901592364
-0.791767946293557
-0.80571838770933
-0.777555916938404
-0.608257988672499
-0.788371311892925
-0.893296316065733
-0.663867314184743
-0.700107649419271
-0.637154961020261
-0.670101049360572
-0.666274509934788
-0.783291321117409
-0.703140895307853
-0.807802463619188
-0.719929281025538
-0.683383717075144
-0.734662879050891
-0.573140674797398
-0.676805551273809
-0.785501538805788
-0.662303838032228
-0.868428161809518
-0.612648947067486
-0.630405576573391
-0.740159180267253
-0.81359664278028
-0.753343110818394
-0.722792580298612
-0.676418715078575
-0.765208647425005
-0.702649019954845
-0.77805615645926
-0.806159053398656
-0.846116824025446
-0.625603151836615
-0.770310575095119
-0.642818501221471
-0.753430646203293
-0.758891166194519
-0.740811932411581
-0.559410991451434
-0.659996443720043
-0.777156245586158
-0.584391675075573
-0.783019432616467
-0.717686093624576
-0.609272682360412
-0.71750904845259
-0.771127202067698
-0.754192181316538
-0.689844508503525
-0.787434765913536
-0.582503626787761
-0.595106967740905
-0.688676640039547
-0.580672193354696
-0.565585786484289
-0.711752978213241
-0.553902374421201
-0.770519911574973
-0.734885271186115
-0.6554513864168
-0.747239416541251
-0.591015687744207
-0.704849262644231
-0.694381927002197
-0.677835434890041
-0.608543243622839
-0.682602288900774
-0.663571000699266
-0.685676852842115
-0.615673034176192
-0.585896704364287
-0.592925364699557
-0.670121735712828
-0.616582061798748
-0.589027939977998
-0.65859797013453
-0.657835206963405
-0.828718190225032
-0.516733288475607
-0.672578671686928
-0.630855477942072
-0.633354126960989
-0.63265790944808
-0.662274972299918
-0.544852114241247
-0.723505126381777
-0.561198208067249
-0.5705454956252
-0.607885882633398
-0.694063996033781
-0.632370757048293
-0.654852051287344
-0.625444807656819
-0.65509010216896
-0.426586608232376
-0.516407442224903
-0.767147603910611
-0.654187676223259
-0.573778571751124
-0.495589614697877
-0.540730085202986
-0.509561437191024
-0.694511713379485
-0.434793038572074
-0.403608915758535
-0.717260568358586
-0.608454592235847
-0.548874370635557
-0.540119726403626
-0.502292612342489
-0.635528647750194
-0.417570707148833
-0.487839253127488
-0.656633783880775
-0.69996938322032
-0.465464301521485
-0.406417326820582
-0.421460505468783
-0.617747283593872
-0.564548153794163
-0.375365172998991
-0.577038114824864
-0.518940674598502
-0.579266781604754
-0.59667038602779
-0.413993601720971
-0.573473587788342
-0.517132371461924
-0.570408209585872
-0.399033301094487
-0.57537735168698
-0.477707780908809
-0.374656908020024
-0.523869168183272
-0.568188838397714
-0.557671863652518
-0.443042619594914
-0.472180286368999
-0.566126859945199
-0.523390624118487
-0.53588852976897
-0.545115406564462
-0.680399885404872
-0.496393177949092
-0.423799703654759
-0.351432389309423
-0.47760106915669
-0.552634110929635
-0.464442442566638
-0.426078662506083
-0.532556638960639
-0.407063413318685
-0.500081790721974
-0.454082106836839
-0.474373244558667
-0.474542795891967
-0.358699158061303
-0.355040484805999
-0.495555461989014
-0.554439360875277
-0.496176477584182
-0.310556157666756
-0.442730795625775
-0.424729688160153
-0.375938468120502
-0.494756631614661
-0.540161132728119
-0.449479921215624
-0.330134713672136
-0.374398210538598
-0.527481839631955
-0.442719724978678
-0.392407050584977
-0.362147311450696
-0.461543435165601
-0.461491106866193
-0.302449029646917
-0.365259625479447
-0.415939161948338
-0.559018828306369
-0.388271680190909
-0.411508204235041
-0.436798021800577
-0.318329105863007
-0.551854321633525
-0.35369828556115
-0.486579676228431
-0.478148767962811
-0.351474016246147
-0.407103524569922
-0.353168583045889
-0.375919875130378
-0.22585543030485
-0.247617806687449
-0.386360734629654
-0.43441000205314
-0.31393111234354
-0.480419097946145
-0.315389656948675
-0.584905316604893
-0.503178247369369
-0.249558379958719
-0.407148076946428
-0.276713073689536
-0.401705890218723
-0.538651322046789
-0.242857297243995
-0.316695788789874
-0.299818801118651
-0.356615934441442
-0.22658252282533
-0.21862734216159
-0.339535730960635
-0.320238684207456
-0.340927735527711
-0.309142620801886
-0.480949670196785
-0.353083126462257
-0.337069278083378
-0.333836954925763
-0.13996513531523
-0.432718054182761
-0.445898394791951
-0.454573321391109
-0.346524272739408
-0.402409222114461
-0.303166713913836
-0.406181169980332
-0.292892201811398
-0.401753078111606
-0.313975253255953
-0.264040073668068
-0.345600087124341
-0.245809481444794
-0.41154650831284
-0.300006600618167
-0.24095343465726
-0.280193120454914
-0.479263819656821
-0.350355941180552
-0.254721143851523
-0.220844509396364
-0.288876373397075
-0.338062759718831
-0.279713007834838
-0.357179929762426
-0.214043692193338
-0.337433393938234
-0.249744897819196
-0.394853627510716
-0.365716163381825
-0.332720313221201
-0.270210088548097
-0.375975432939802
-0.285251443446668
-0.23170488056651
-0.119603259340767
-0.137023672147034
-0.149347336652036
-0.316692195668947
-0.306740491712523
-0.217610315717562
-0.324766261517397
-0.172727857840839
-0.275112112010147
-0.0587490570201165
-0.281896762031338
-0.455342294401575
-0.324836559886651
-0.225974921586429
-0.169709127805983
-0.401641666605962
-0.372153791818284
-0.260101120734538
-0.167181662380407
-0.156649108736129
-0.237414517888926
-0.162046015250867
-0.289447724242639
-0.145936764482914
-0.115948679159614
-0.376995045089384
-0.183417726676409
-0.297752880926116
-0.183833950812575
-0.151409461295028
-0.189575338547888
-0.209780304203648
-0.121291002997813
-0.184389532990956
-0.341616425275311
-0.223975093594257
-0.0757924790403562
-0.336711139877709
-0.177493060660802
-0.195239684126516
0.0158322532372076
-0.183579783587522
-0.152832840639577
-0.0978332871073004
-0.232432570516245
-0.200622780763136
-0.146299922459139
-0.355499332945548
-0.105888360112359
-0.306941650541175
-0.156283578192061
-0.0917388244867692
-0.250523266401254
-0.144879434988161
-0.20697154383242
-0.236317388944453
-0.266072452449681
-0.105241031260637
-0.131218049335266
-0.0108768052469358
-0.171170872179859
-0.0633114787733711
-0.24089515586206
-0.288315297052274
-0.23437482680352
-0.184093774913384
-0.237712179610667
-0.0671038252857099
-0.185439534197204
-0.0172750201613789
-0.0881873828515898
0.0452272573688049
-0.0187535241031744
-0.0998904226517315
0.0218280559217769
-0.167001178897715
-0.19247455818605
-0.134647452709955
-0.116810002618687
-0.021636413869587
-0.198362115351144
-0.0753918952743415
-0.126637420993098
-0.0177661695993022
-0.179476400439942
-0.17677832636658
-0.145673691978536
-0.0713501289729393
-0.0702527895865776
-0.0241925159546383
-0.194640969886414
-0.179409293161153
-0.130862147168876
-0.0201921446640787
-0.181003414086982
-0.150705379626409
-0.175821083777579
0.0366449728799113
-0.0823203990057932
-0.0541266535300868
-0.171101063161906
-0.158684109858814
-0.147172691651404
-0.144298345914611
-0.20625740013751
-0.126309671908432
-0.0688872956658811
-0.117471399138472
0.104995827850856
0.029865648127399
-0.141367587339946
-0.100154136248595
-0.133773259516332
-0.0027711721594084
-0.113690198854616
-0.177677431924423
0.0875252780163521
0.116231014832165
0.0612237610427907
0.0333918376139063
-0.181714982223428
-0.0508327673801568
-0.0327314109626161
-0.0355375878409546
-0.0148711871882886
0.0523305429539312
0.0558251794772456
-0.153360651626547
-0.189531644771899
0.126793689042599
-0.088917851488879
-0.0123883617114756
0.0395909198951906
-0.0847517069190324
0.0552622333521415
0.0415377454961656
0.0207551366849693
0.0342401660365042
-0.0986786011552526
-0.188837489162064
0.087570235374966
-0.126723464123739
-0.0249953143111871
-0.0135450154658827
0.0686757909859626
-0.105648532809998
0.0419838960899201
0.185968469754259
-0.0581583560722304
0.0584952379023409
0.107368947473806
0.0794136574660137
-0.033830621131345
0.125344287787993
-0.00502704689099226
0.0390606592556451
0.010583181283777
0.211174304355218
0.141382170897914
0.143134090610083
0.049879839371388
0.0562693167607228
0.105458108268513
0.0724541890557836
0.0313264536929227
0.132599161672105
0.0526771352139405
0.132479096732543
0.036468747824943
0.0354755769262287
0.0979663261224409
-0.0110620219339378
-0.0136386832864498
0.129184579597392
0.086575162641457
0.0498619246853474
-0.0549542592179045
-0.0252245898659114
0.192908045892959
-0.0401254764630475
0.142272634097961
0.00873606961503391
0.0487590829991518
0.0859965565169232
0.0174180548739905
0.166164791320109
0.0843953954488304
0.236322759773624
0.0367543641293624
0.188651769405005
0.0219897502821092
0.160282523900098
0.0395761992687416
-0.109575489800299
0.128081513315307
0.0783591667258535
0.218263423186828
0.261588054721293
0.245847337311731
-0.00735326981136026
0.120501871708435
0.238987800573556
0.145064319179929
0.123972923852657
0.132692310330765
0.102764244469098
0.149737918391458
0.14699863368991
0.0127584465273211
0.126332744439395
0.185552386976178
0.0638756792975643
0.32769146007117
0.0391399987994886
0.203455935606502
0.190825401148069
0.155566834730981
0.100020421645619
0.224205796235292
0.117861713357742
0.148822556303365
0.307704242726744
0.313743973346611
0.263424534287767
0.124979078239832
0.0670662485768519
0.137886422936021
0.186588375160658
0.121649082209775
0.218875126236518
0.138484874038225
0.310501862753317
0.0928289311759158
0.0799283437653778
0.183338993477067
0.189917972895188
0.383355800279978
0.318794579870699
0.212722201266779
0.355773286977587
0.246452080096658
0.230943129660812
0.239810902630925
0.224223272121072
0.198749219369769
0.138785752721344
0.247701666350474
0.299907601593135
0.277343937121981
0.235304056846064
0.369567712786216
0.243112635608633
0.351817753114477
0.224184248865755
0.122138344010892
0.225546508385954
0.270466911809451
0.273681529372131
0.164577797466349
0.350344226687339
0.233187602038509
0.308312818273507
0.291312886152527
0.129465497242055
0.0969804944603165
0.198642396350057
0.387764139935124
0.289629333668988
0.269242220682363
0.315783914975614
0.359311284843676
0.223389264788321
0.0954061838827267
0.391422356070743
0.295962510565271
0.204471251899919
0.344879409295237
0.0710254420845626
0.347838788942924
0.21728716637214
0.242433896330177
0.274817886445129
0.267852550343859
0.279575683548619
0.377861230178873
0.320921025342977
0.402854479400443
0.400376189359948
0.4354883510615
0.213838339162413
0.382723646429765
0.288999304685121
0.32557343506863
0.224597154459856
0.378960654979439
0.212467836269189
0.523430515534809
0.460319865779749
0.282475491454457
0.347314241568079
0.382224043407017
0.364638652259881
0.251374017811873
0.274556870862902
0.310624979900118
0.351900445319938
0.412562620365271
0.393731488501224
0.266143550172265
0.470953973353353
0.440673066938181
0.3949906095586
0.468586437941137
0.495028569497479
0.344473369908041
0.393436042592916
0.541668753085579
0.153896862338105
0.34207269242263
0.422314320147982
0.264113228358442
0.290201010878909
0.247235713271716
0.523162349578971
0.391609274933133
0.308812726539919
0.498631231783783
0.435153810424808
0.388647560664249
0.379623526504055
0.431047914312074
0.353624100214579
0.516158092340042
0.407742476290024
0.438181365707428
0.405585223197722
0.434877533150666
0.373222095844542
0.372126666933783
0.452717908393987
0.374237389597103
0.407022391226411
0.404638844428545
0.273949567669511
0.394268449353086
0.391820491406118
0.485391514393788
0.380866578618663
0.465765593504137
0.368212992485527
0.431852511001268
0.427658137662691
0.273014767905793
0.392136263858317
0.559685748067994
0.47101005157575
0.582781604165203
0.62718597690941
0.456101905671901
0.457921591166627
0.327103330244798
0.54615456039007
0.482954913477262
0.357114349251903
0.571585015596652
0.488626945980177
0.471579558854259
0.583204574630653
0.454586662366879
0.531598962999843
0.540371933842176
0.567733666706948
0.465957470468417
0.559372548217135
0.41120644906665
0.540099018056033
0.408908174316241
0.389742663496297
0.443717373327717
0.744381035581567
0.499162480404055
0.496277220426583
0.405619191490316
0.498750179061104
0.552543277690161
0.536463547853773
0.394019040669416
0.562369688886368
0.68844793489358
0.438821349596152
0.436250041143032
0.431924668016714
0.380281921275477
0.537133379395932
0.551778379249798
0.496180927641077
0.534351720526585
0.500956018094962
0.439482137334933
0.433983183978382
0.521877059140371
0.538450625994056
0.593884324382303
0.651041593411768
0.609530786323426
0.380114169706005
0.494695092961133
0.575351290556005
0.599507068355708
0.584154925733683
0.430528295050728
0.572551429972283
0.629943092554349
0.617102380023925
0.552023382786467
0.639905486478932
0.556683243393385
0.537053229203657
0.621812690379527
0.582577853247023
0.656351143243806
0.578709545972932
0.598298924062716
0.379013365272562
0.47809553602629
0.594324520937507
0.548079878486976
0.621839197944081
0.535692759484282
0.580863233721068
0.528892981955469
0.566243896915285
0.624376507995794
0.559363020179832
0.450821988344467
0.817765856433195
0.689730302563925
0.567105109589477
0.597826609180767
0.711082410181782
0.504103696870912
0.698052986174965
0.597119295979729
0.604225555359006
0.59526619023802
0.625801259583996
0.624703090376158
0.633619577925027
0.721782151368272
0.585548216144296
0.73642045262025
0.551230360135849
0.599975267245281
0.706846021187913
0.6034113824032
0.596741318045168
0.777397297413859
0.744346600494146
0.607228746954562
0.657755573577879
0.698490816064917
0.716128304693172
0.727789333503813
0.663613608100126
0.745901269065469
0.766558025684955
0.729400907571267
0.558987006079129
0.613799425201485
0.710101962589427
0.750663482736447
0.732141600797258
0.671374198223065
0.521804742342037
0.627981726897442
0.756966410736574
0.625256495197621
0.710096384903314
0.703218843282756
0.826537284090295
0.66484192156144
0.644926719637096
0.578885170207675
0.758817418397265
0.755087363525924
0.607451621038234
0.666829446090958
0.700328733781342
0.696232484592995
0.712364286763139
0.673406319687845
0.730685195639434
0.568990157662468
0.855998811158077
0.621957616235522
0.552190486772451
0.78924627609201
0.736785236078369
0.773213549454944
0.664940814776017
0.851923390242616
0.690212047583496
0.746001452075815
0.693256433966894
0.721382113479298
0.714824038421824
0.832011024729244
0.875940698226962
0.894221685256805
0.728154603751397
0.675977022079891
0.556347335805187
0.723808889922427
0.716732193743337
0.839256648149044
0.769239814002259
0.698997625131977
0.884683653459747
0.714807373735874
0.851238236766519
0.764908676254033
0.670534443497545
0.820852696554849
0.710398110730503
0.944015048301831
0.763393954317759
0.682281598914871
0.829128392041335
0.843838492934182
0.685092924549005
0.779332269256491
0.744436185174811
0.834510363184855
0.780338879183086
0.811096542502865
0.682198689205565
0.664587755691696
0.859655952925236
0.831175846884922
0.805242947665783
0.857651124120813
0.845668262022005
0.922226216703826
0.824028693561259
0.790018985137203
0.899617320770604
0.957143263936078
0.78903907210173
0.912275078247642
0.672293597480922
0.754447670556533
0.843821431751192
1.03335299228864
0.747967117516485
0.905086059900036
0.818245097849192
0.673668252881
0.852998715105999
0.909259877750036
0.78421480138157
0.773351455824608
0.900875430599437
0.878612562700935
1.0085063909805
0.88102503132291
0.906404833290951
0.899695380033302
0.992699159897662
0.825455038646572
0.850671300861695
0.950517423381763
0.766873154831278
0.956579186600815
0.936899393107825
0.702016813512719
0.873823769859466
1.03333809070234
0.901706540628287
0.742740287519536
0.951158898727087
0.794754866356095
0.918490205237384
0.88394789570793
0.757016182278935
0.861277721498437
1.06742088272426
0.835957080147919
0.823226990685949
0.988483473351498
0.957856511014893
0.895444109478523
0.969280878743402
0.890251832616041
0.895896029139935
0.92323827775088
1.04281804637546
1.04206672847393
0.85425259050346
0.913867297975788
1.07251464133208
1.07657300018998
0.999820936993939
0.970040619662262
0.940182524743962
0.814814396788034
1.03495300034755
0.992136398025934
0.880539900667889
0.830789478746946
1.04131869813372
1.02047384366485
0.781444958840897
0.767589144174871
0.848539075129683
0.959019618798903
0.847627848211603
0.957736860653386
0.83635618387812
0.958482516949495
1.00436916028302
1.09411408419575
1.00056415774535
1.00959409442396
1.00538152561027
0.965012684111182
1.02868771734564
1.03069778305147
0.984571062893928
1.06137237532124
1.27830473956229
1.12471783344552
1.00905183146792
