"x"
-0.943817878475399
-0.859695388655643
-1.07078596896664
-0.872554905702637
-0.881797022219484
-1.04189931998928
-1.09718599292933
-0.938704703053611
-0.939691233639088
-0.911648903948964
-0.978159017158037
-0.971942817199884
-0.952264392433261
-1.17940608296057
-1.0207892707587
-1.00006149771055
-1.00036529009385
-1.04099728173201
-1.03358986726809
-1.03546847846613
-0.968574335325115
-0.860939885420437
-0.975797613049799
-0.866718538307911
-1.02530170905812
-0.938259759770442
-1.08525908883295
-1.01050902320717
-0.978570572598249
-0.879463217077808
-0.973547453473703
-0.815638637747516
-0.871867602927081
-0.884022648992777
-0.808623610715019
-0.863178565139757
-0.748050261965045
-0.997468669738174
-0.87981677937302
-0.879967009777196
-0.893372296775101
-0.872971504433935
-0.88374433732117
-0.891838688874077
-0.832762832833227
-0.831441196488374
-0.903831521764267
-0.951515060378435
-1.00792867201929
-0.798148695787467
-0.877929605139248
-0.874377550960465
-0.73121859749217
-0.853238987309211
-0.827691801626858
-0.976311485603541
-0.885582591715158
-0.987120045022004
-0.843997466653392
-0.899745726975403
-0.782214804006573
-0.927274392742064
-0.807027451123482
-0.931806758626734
-0.939536260696632
-0.9263938091482
-0.830948820555998
-0.903255367898289
-0.901147573875171
-0.889772376656537
-0.773068038664509
-0.815728248598186
-0.963355901303796
-0.819167789383999
-0.720165733434842
-0.819447722012483
-0.804872936306212
-0.758002879639276
-0.685257893185666
-0.8700445813727
-0.813446025228366
-0.688090180326413
-0.923034981718917
-0.779035820563707
-0.817714245589717
-0.867039297685522
-0.864883973755163
-0.8608061232912
-0.832377327576417
-0.839484570123014
-0.714398917915786
-0.894637604427419
-0.89677587533827
-0.717259543338146
-0.883749651269639
-0.766828438958744
-0.758403732768338
-0.668447505136066
-0.7428053983667
-0.873202382060412
-0.828990145536369
-1.05352193036226
-0.749072705589933
-0.769064752949333
-0.541299649772851
-0.763725188325036
-0.839948294201554
-0.840754299735979
-0.720493635683694
-0.802831440597826
-0.736851205722011
-0.784670539999156
-0.787656256931026
-0.697868387703981
-0.810033090447121
-0.828382957487866
-0.731965911689232
-0.779957976618308
-0.643357736031853
-0.820542063225301
-0.618576554690235
-0.84689008640105
-0.875743165053532
-0.688629607208985
-0.895001842907991
-0.759150987168518
-0.814426633826601
-0.621929220200659
-0.870527476133373
-0.665770503438696
-0.711849116997202
-0.703905295856182
-0.688566339361937
-0.65709943501654
-0.71723658005326
-0.68622794192383
-0.722397407005244
-0.778160666153665
-0.701381249866053
-0.849784115956671
-0.77928676327029
-0.760769455652209
-0.700758000659904
-0.81163538794463
-0.710227854889371
-0.417794540137313
-0.684787727624327
-0.759549075932819
-0.788973906319963
-0.682539901489163
-0.761544111447106
-0.634231890068714
-0.764628682843677
-0.676833862696109
-0.730346448825253
-0.68703275232734
-0.72780318378546
-0.693302780414295
-0.785288602905352
-0.744294096577674
-0.752108679400224
-0.726518385578125
-0.610752379615059
-0.637523593096087
-0.563969059417116
-0.757334878811554
-0.621565592307756
-0.673074488975896
-0.631525063300286
-0.64470095248722
-0.64302975628778
-0.707478733128245
-0.682076619005931
-0.732129581670297
-0.741437589600341
-0.639791506613289
-0.68936259255681
-0.588445004473406
-0.746239290192373
-0.680085561847498
-0.788406260797926
-0.652000665854812
-0.712317505823401
-0.547695611582273
-0.700328511259844
-0.64507807061605
-0.600532574361395
-0.517802369990952
-0.647452172754759
-0.571427764553665
-0.579788015709227
-0.499270063285577
-0.614620332660465
-0.454333325640054
-0.691937812654698
-0.540038097510499
-0.629711088675303
-0.713645214906983
-0.539438098309547
-0.54213763475254
-0.570225027368209
-0.54074930938852
-0.699147228326871
-0.614949915360627
-0.627676907322796
-0.679774609804404
-0.52160531717886
-0.674822169694494
-0.70293437222222
-0.558526190479499
-0.54968578731916
-0.583525777223764
-0.459514033882387
-0.515958312819069
-0.567307122750042
-0.474314621819925
-0.618088586135217
-0.523874585043637
-0.601135069633106
-0.488989305905492
-0.674369499780188
-0.575436760166143
-0.656409669822757
-0.468570446245196
-0.50087422600151
-0.564253827205982
-0.581022067663298
-0.505215985030903
-0.623258258877209
-0.550961997141032
-0.580065571386651
-0.495078339247396
-0.379873786046489
-0.525700278269999
-0.510900774834784
-0.530128461564915
-0.41330328358905
-0.490451401923279
-0.530259514118529
-0.477974715061996
-0.48442260057511
-0.561394591150084
-0.504394329177669
-0.63816883726436
-0.532779074606621
-0.469111593268592
-0.560568884125686
-0.493724144052397
-0.565046378237921
-0.440253532022418
-0.556543404238335
-0.446959771138451
-0.437455648635047
-0.328387831223732
-0.593827658792205
-0.389852294901633
-0.523324354577041
-0.57120034217501
-0.46768417341625
-0.43607264228108
-0.509902689271649
-0.499763804125736
-0.314576746278837
-0.659154100460711
-0.547401859282755
-0.471252339132308
-0.542385530702771
-0.399637673125148
-0.496704369506245
-0.377413329055597
-0.394537794557696
-0.534292168074038
-0.546246472063803
-0.364453910148942
-0.404051981205789
-0.524174378104752
-0.462838887673054
-0.42142133524986
-0.331218629921164
-0.511708398860217
-0.417105584315365
-0.29225642288729
-0.391938149314154
-0.397491270653085
-0.45494508755937
-0.435319829997726
-0.467013865236871
-0.497961840565724
-0.479406916441536
-0.413366799790713
-0.548161004837085
-0.417111948912776
-0.287739767788405
-0.519491794768533
-0.442135813825652
-0.412390982729391
-0.516776933161087
-0.280842545849011
-0.46933114086894
-0.416307123477198
-0.400813798264334
-0.468091267371021
-0.46356131330315
-0.343438991869062
-0.42888277865642
-0.40499135388095
-0.480562554526817
-0.438068943332567
-0.372299524557179
-0.507092626861565
-0.442454438714043
-0.376649688359608
-0.47071439823519
-0.386471134663967
-0.595100706330783
-0.337181297590154
-0.259240678518783
-0.296676929642767
-0.32554647448571
-0.470264432279577
-0.316947282163863
-0.32090635046188
-0.413089962075367
-0.256929898621769
-0.423411973752761
-0.372116020904223
-0.43095290346408
-0.358878064463768
-0.178401778179491
-0.29045978623123
-0.320516816088812
-0.369042694623945
-0.321226095513671
-0.412985359738798
-0.246721138550889
-0.395331127019879
-0.323054708294923
-0.289102043286653
-0.345486873067009
-0.326859541756174
-0.274119822572409
-0.382623258456753
-0.259953249840608
-0.186584574323563
-0.290131275970971
-0.358794982652068
-0.166621665513927
-0.254687678466535
-0.430548811071978
-0.339382661188429
-0.247889376820191
-0.333708412711575
-0.355565466825303
-0.354160701775453
-0.164945582101982
-0.206711572262075
-0.150385363130511
-0.14975537305715
-0.191279672828057
-0.476692926782005
-0.325908658318453
-0.183966434556009
-0.278348662605485
-0.278772494767567
-0.296905525327621
-0.263837483544199
-0.297512726708216
-0.113702517190522
-0.174215301961299
-0.23753143915431
-0.414171150912347
-0.246217584020226
-0.117852664436893
-0.234197506290402
-0.363671788980715
-0.248843232694093
-0.412666553468971
-0.180924812437824
-0.238215506034091
-0.0908508676799415
-0.127413417524396
-0.173222585785789
-0.237912536752706
-0.209746494059998
-0.236789288874451
-0.319495648172345
-0.210805944148222
-0.153976198528394
-0.108665636428611
-0.294006403820359
-0.157952816145058
-0.216487816344467
0.000999961585906757
-0.329144809379942
-0.141345585568757
-0.240787523023786
-0.104195524345087
-0.0980353613599936
-0.195027215741669
-0.0608812316224171
-0.223585092540028
-0.290114841269058
-0.261589986408053
-0.0940160135832819
-0.156410481665127
-0.113092902105169
-0.119976183131267
-0.123809570510791
-0.329178999595796
-0.216503301386804
-0.233090585067762
-0.237535064766115
-0.0665743740629835
-0.130049681267547
-0.22476996331098
-0.0913301876722322
-0.119801929620847
-0.107988030938156
-0.21134499340574
-0.147147022835613
-0.202870575975011
-0.304680272983534
-0.252322880429724
-0.172030678546992
-0.297088869462129
-0.114534176084203
-0.0766644345525634
-0.139200719786243
-0.0535732956276087
-0.126830272424478
-0.189690416725674
-0.108404340827428
-0.151838365984263
-0.054845626849542
-0.180536848362378
-0.108159527399275
-0.0223691358436713
-0.204522285424184
-0.149398224823544
-0.0458028213976045
-0.152233838177348
-0.120752227308755
-0.126555150840076
-0.0439995430150375
-0.0619283851753549
-0.0835944798843435
-0.199129321841669
-0.041643143948588
-0.0566079972156127
0.0124695318445538
-0.120269444637951
-0.0529728566785134
-0.0831446935244242
-0.0942758903442934
-0.103302106419736
-0.13105783808774
-0.194097291881165
0.0890625355793979
-0.0322554790581733
-0.0256021390554169
-0.123027207485287
0.000416021402593825
0.0790815015459582
-0.0273789243179425
-0.0814189600564855
0.0132626061057187
0.0583888015186168
-0.13051852097351
-0.168334911399885
-0.0368138571694468
-0.215728481913151
-0.0204159053122847
-0.136652403173367
-0.0219624711924893
-0.00403927361828529
-0.0477845893243842
-0.0336316571150564
0.114102236983879
0.0397914463655657
-0.091858434429333
-0.0502318556071986
-0.0236959024379669
-0.118582535824834
-0.0175563657115952
-0.119751763749752
-0.0973509896158326
-0.022611393869848
-0.137627297035955
-0.0676303719180816
-0.181144064434138
0.0295212779850126
-0.0719942093814061
-0.0095513149029631
0.00648376550712833
0.0835606884970131
-0.0417490135302558
-0.00718701166085628
0.00422565583552774
-0.0377702395662594
0.025541079169755
-0.122919979017264
-0.0551508311538099
0.0329532046679424
-0.0183404821400769
0.0250120670258515
0.0331355795421961
-0.0380122651777137
0.0118141061039005
0.250927251608948
0.0332292797117608
0.00114028375791107
0.0675880508531097
0.0466627323685148
0.0538186224993113
-0.0973870403269343
0.105530903449353
-0.0483517215587754
0.0629722933649803
-0.0525666270961613
-0.0896209410277151
-0.0158372287212495
0.106757663992484
0.289284140204365
0.0165551664967058
0.102669386711578
0.00789527254586032
0.050939276774912
0.159271933448635
0.0755510953011029
0.0578078565754335
-0.0219493921113811
0.176651989023734
0.024674745877469
0.213711882206683
0.0819205749655427
0.209559416276574
0.219743629547854
0.0783214257631332
0.0564241643552991
0.114678679090685
0.0854965394359863
0.0296005186099552
0.149226121419943
0.167219672231726
0.162135786318969
0.0655541424331021
0.0983179903079759
0.021205015505097
-0.0714191788865215
0.100803351395068
0.165047124923704
0.082952752290037
0.0976524871161751
0.213744193250134
0.166085202753124
0.0855510185629772
0.106017610067179
0.0961847757474921
-0.00820084160683003
0.169722720736413
0.110335110897648
0.181603514590243
0.0234468631407523
0.176538916575725
0.334991366860731
0.0569164660539626
0.135126823269415
-0.012003371406602
0.075583431350764
0.160376067850413
0.136859872629633
0.146338178615857
0.2726336256725
0.0585998999337427
0.166916395272307
0.196004297385553
0.226915094790314
0.141142737674262
0.134569206206539
0.30674607073109
0.0669658628288462
0.235689588068144
0.210874980574391
0.101657404865835
0.157335859097691
0.303789592016239
0.244287017684787
0.195515314355672
0.120957592878185
0.1625798318612
0.0622092003080522
0.145373964878214
0.104537401951373
0.216022274377753
0.238899930281599
0.204121838850538
0.155079916944407
0.252419897612379
0.245409868795862
0.232792646306349
0.256444062557221
0.208137043582312
0.178921493053004
0.151700529578661
0.228887191150656
0.190589585766401
0.237371495429793
0.287183063231984
0.173084235841072
0.131722117478191
0.204481126347783
0.175693823988336
0.224466590725033
0.208169909323535
0.259810763640674
0.162225385678242
0.200994132770123
0.137814812620273
0.163758466336873
0.246497108645304
0.191400100413144
0.232248320933539
0.285915432562411
0.368174604431857
0.491144328877124
0.254896396701627
0.210854627093917
0.206210893906607
0.209293545754796
0.210933705738715
0.202333870916038
0.165095060733055
0.314616169375723
0.124554857780001
0.355903674521754
0.43704360623875
0.181024994888978
0.25974894705651
0.154833547165905
0.403164942581107
0.261191936563089
0.2022850684101
0.297714113776346
0.328258868774268
0.168562530576997
0.302828460321928
0.330194088852251
0.398028815062252
0.153179428322428
0.325544057923244
0.427490159707953
0.293501040853263
0.242009169970358
0.361349135926844
0.156553792420926
0.425007462520285
0.38831126510918
0.339517415765329
0.476401419987386
0.412601396829439
0.284251518209748
0.319412490939326
0.346622408028095
0.199922293643514
0.386294051683678
0.224352923685294
0.271451911258645
0.357826650585389
0.31209719302998
0.256771023934334
0.404442656421782
0.537656456756821
0.474940279934005
0.285146460747441
0.235757793807939
0.448204152354993
0.381857274022328
0.350663761383575
0.320517714711716
0.38197240194144
0.38953823101823
0.401973980997859
0.352683023485255
0.251282047457264
0.378313558370705
0.404780978637829
0.355927710752623
0.32659072006214
0.418260028345661
0.374340317206307
0.427921034795609
0.324117627478304
0.456181487553414
0.284621401366519
0.355806314268626
0.247210096665196
0.201890414410313
0.458516833361154
0.419305152121879
0.413061952562904
0.317922385894128
0.41350120186402
0.453121868519949
0.503787465758413
0.402517841096282
0.376595756458486
0.437182184055894
0.413674289834125
0.453741253751973
0.446828861449357
0.32068232338628
0.614062601845168
0.447132084476228
0.592185329861325
0.503474196999131
0.484133383942242
0.529231613690446
0.445103303516997
0.44526840642156
0.532394268450571
0.510337415045012
0.432450917524386
0.528943617856602
0.480915481864612
0.494588855383144
0.418031953287517
0.390971233777436
0.310253791807174
0.313150118678575
0.434025342131599
0.406847115421945
0.421978300478355
0.423259213520894
0.50330514141813
0.40589394030582
0.479596578269463
0.44828949730762
0.488764999724033
0.51873080959909
0.539171678818094
0.36506036795397
0.583274511550087
0.508744556540533
0.39472937815958
0.400373452839397
0.395696029029169
0.524808157914454
0.338577233732629
0.593305602248465
0.563956748829799
0.43794285278372
0.483516028697666
0.613413809041199
0.551459894487619
0.552071003399755
0.577526993705165
0.405150884394857
0.418504376399235
0.544218552778432
0.55536994576709
0.423333318227675
0.384816853886831
0.62235101992193
0.549697240950173
0.556751224639999
0.597131832597819
0.57232552329391
0.550699164090183
0.520333833931794
0.598631163088653
0.468712669998317
0.58280793068105
0.539192624708127
0.435699954165376
0.65890146676065
0.557126237510817
0.633299013678972
0.463169116919789
0.50758623768939
0.492890363637173
0.667034284696439
0.50818274203778
0.600446028467451
0.609555543910425
0.535015616179067
0.633807818476388
0.623958015934616
0.592930258741737
0.672038416221011
0.619792519803886
0.70358681864262
0.519342558888592
0.576709494931935
0.350424698462078
0.532690464954482
0.526919063200972
0.544642143532699
0.639339434728211
0.592542262161572
0.683975337890908
0.523777249407602
0.466151407856282
0.635157584927572
0.757701692286919
0.67723220716122
0.641044747429816
0.460407165268966
0.584500650445685
0.639770818916897
0.600311135692281
0.705052546345238
0.637598381641009
0.466377814609197
0.621092058255409
0.66051422251554
0.567249492713624
0.708560181232381
0.761589108823154
0.456176128683448
0.765819026529981
0.570773657148886
0.725463907821143
0.459129003170729
0.582947188642745
0.711535257834737
0.639454335528462
0.521119920394426
0.643794685715966
0.575848963449527
0.715211854647321
0.715471399166586
0.698076280541974
0.591217716190574
0.779516843988001
0.739988960581214
0.520339766367571
0.647922686696778
0.806981032043102
0.786869430731395
0.623169944893098
0.814901748200075
0.568783823271694
0.650167700113996
0.743088854032194
0.632283421667224
0.65867110939657
0.748953533079091
0.696691907671849
0.757730271012474
0.659831370471266
0.658771294306467
0.758610197784557
0.600563618575214
0.745077320813423
0.641279475070962
0.780513421343239
0.678677193793728
0.789929875645802
0.549092889908324
0.831741958421379
0.761108998876216
0.746961171074243
0.699989364095916
0.751200683082455
0.637931445973892
0.699318881171092
0.800953686678653
0.783923432234068
0.732951371646461
0.661244714421558
0.5520564667645
0.569318022253054
0.807779333475067
0.778426212008743
0.681533733579716
0.784629154116954
0.715415747973491
0.679310647476691
0.840144138833505
0.861563039854837
0.711086998963877
0.776010909221966
0.775201969754515
0.699826963412588
0.800764946268216
0.804618615204135
0.844229558713723
0.868895413797783
0.808181518416077
0.764986586655436
0.611506372522504
0.818539632048497
0.548489588426643
0.867705621156577
0.832673893184473
0.854014342445322
0.789539705617398
0.690103230047153
0.795576570960618
0.75501707508835
0.74411618430748
0.784226341064718
0.839766386242884
0.785420660482885
0.749790591996076
0.650388389986361
0.963203274313013
0.72536817466604
0.819139715638391
0.720174365697943
0.787886618783021
0.856098775554234
0.97186625491009
0.866077586447527
0.743175209873993
0.881119783987605
0.723334235569625
0.73594149768117
0.827833351796239
0.813030057350349
0.770174001292286
0.856919041295813
0.799739990907383
0.928904939154566
0.769964114693971
0.934328844674463
0.905161546111851
0.706468043691674
0.999347222473165
0.795001044823766
0.896248179671478
0.781862249681568
0.858801515819723
0.931818943163446
0.817564738660701
0.841475048107189
0.887423143423993
0.854446054679894
0.901062636464045
0.925480388061655
0.923778761611735
0.924587531526346
0.866479568324526
0.87953924385204
0.843791459427239
0.894496943954215
0.837715256553543
0.755096880230052
0.898796301066584
0.913173673166258
0.978339610852506
0.716925968610916
0.867968072731736
0.941679485433312
0.826122333550241
0.752020179309974
0.753869466854805
0.816811701590793
0.847588083922729
0.810940887941167
0.874280443258565
0.878710024127651
0.985431255541667
1.00069050391165
1.00031619001055
0.788896171783409
1.03382154919182
1.02325466752181
0.974575668142833
0.914644980750763
1.06955738678835
0.961470203852742
0.882978069357398
1.00373990631621
0.909345327781623
1.09452197064089
1.01088346935273
1.00334103152319
0.809441773705865
0.913390566002931
0.993004212473415
1.08357373318781
0.978004441311292
0.969671832871241
0.912266782393661
0.941272344933228
1.05840530783977
1.07104296799199
0.980204630600605
1.00649896069534
1.02498435829435
1.10806228410391
1.05917207768912
1.04532855616918
0.949157729323491
1.03000324268395
1.04623094970201
0.986957726954322
0.904954927164103
1.0077392208272
