"x"
-0.929311458316708
-1.02057204483879
-1.13342394004223
-1.10647279867047
-1.05374441497923
-1.00590696063314
-0.933145293375941
-0.882395725207899
-1.06245606796967
-0.945326764922675
-0.93868140094588
-1.1168803275649
-0.915996869852911
-0.866948094237753
-0.801656926095137
-1.04063576858105
-1.08144982180077
-0.905647057149404
-1.01375052963586
-0.807084326170401
-0.804294220774279
-0.885661486396703
-0.977832078246434
-0.981280618199333
-0.837465143978387
-1.09961461653959
-0.961884474313904
-1.12239099467856
-0.92474992599546
-1.02647872185485
-0.897885511298868
-0.869352346126897
-0.947430533231689
-1.00966006912843
-0.882445964487555
-0.990786498359501
-0.894110443928279
-1.08338175974091
-0.844342170726339
-0.915301847623553
-0.94897866732594
-1.03946101263034
-0.96385674922526
-0.969322430284774
-0.909741422077613
-0.935803862684592
-0.911691026441135
-0.692920394600308
-0.874147475160293
-0.947907647029004
-0.987798943281773
-0.888957570205668
-0.834320663272385
-0.816662861966416
-0.903982997968476
-0.929664914657869
-0.83288315483585
-0.887229339210164
-0.905446980887103
-0.794987748387198
-0.861510875210588
-1.02745266388298
-0.897253732381934
-0.84304850203129
-0.899828844822359
-0.875030709137728
-0.801654537632509
-0.883646545291848
-0.837132708166811
-0.961818813942063
-0.69363042500247
-0.75523014595174
-1.02076386066373
-0.900780578250373
-0.768872448561244
-0.866973256304463
-0.961808347841119
-0.72699496105542
-0.907374887102042
-0.792014566281702
-0.82106785712979
-0.765598190302326
-0.971758781821159
-0.759397627692608
-1.03882109876643
-0.80747460001508
-0.98287034769922
-0.826925914426069
-0.745606954513334
-0.724087755768197
-0.791753936907908
-0.833569589477285
-0.815639408496242
-0.81464384476184
-0.775059041415115
-0.788951680671168
-0.753018084043834
-0.67809425373669
-0.898989072186336
-0.711797858356386
-0.758218141270871
-0.818654329825168
-0.595410723550661
-0.713218337628857
-0.795069227473372
-0.809657805024205
-0.73262341404767
-0.712799247808693
-0.84090986154192
-0.734173090751305
-0.588557472995767
-0.832094243543331
-0.842937741410021
-0.747024086775403
-0.852624505487771
-0.860427356791
-0.761576485853288
-0.776722308504879
-0.586592363714477
-0.770098362862168
-0.628965927219153
-0.895816985079362
-0.818498828342144
-0.838445867789043
-0.843767833666494
-0.693335484392704
-0.859883115979451
-0.732317104598336
-0.804085225811562
-0.662715434154901
-0.686351965998984
-0.729350675491003
-0.659475444056567
-0.835013843006921
-0.761333496559116
-0.750594218497888
-0.663191980808168
-0.787405478280717
-0.652822495894728
-0.662636834970511
-0.638922085703978
-0.592815568604154
-0.881972377760857
-0.544849816897296
-0.678520651694639
-0.774878238403239
-0.7643372884821
-0.698464644584113
-0.650424762537559
-0.655106645517229
-0.566329287344341
-0.57980074561144
-0.651231433726844
-0.768327651679484
-0.732806844589676
-0.639521520660212
-0.693331343504618
-0.625557248446954
-0.67389756573349
-0.666731644372465
-0.796277246947124
-0.639347316598614
-0.666379221820981
-0.552187403614429
-0.574718698670817
-0.727186886323595
-0.743491836305432
-0.629414323852099
-0.735458062792
-0.741117556570085
-0.589938787560056
-0.640677218954765
-0.528068028956331
-0.676383976520124
-0.722329236996766
-0.631823949062481
-0.724769644555101
-0.636950092470839
-0.800837936683263
-0.64051451140474
-0.738002427491411
-0.609476368642946
-0.63333628116888
-0.680325232172463
-0.665770066541625
-0.61646837216734
-0.636693238808644
-0.59336025795691
-0.617463647862857
-0.722354465740422
-0.620931954778571
-0.765764447173195
-0.48173017798162
-0.620786792648909
-0.661371543435985
-0.608681392120927
-0.664136145492543
-0.578602415190502
-0.640509823980832
-0.707140589482236
-0.708528681357012
-0.515862959474763
-0.544829991030198
-0.52463374801833
-0.673484310356073
-0.646392365271644
-0.391688561483021
-0.615706440548664
-0.476085645034353
-0.307005110931455
-0.505869665081915
-0.512057972283767
-0.639601143651399
-0.501829797796023
-0.638678124241429
-0.551624075508046
-0.342056165248816
-0.521076981574465
-0.71106010341844
-0.7138384842443
-0.625801570033066
-0.595358504029135
-0.399286575320701
-0.802494155948723
-0.691592484028679
-0.623272986523756
-0.434563670772493
-0.510089143270799
-0.382513166424788
-0.578899075304366
-0.65964544017888
-0.663791168091474
-0.587034948483872
-0.576228651386269
-0.539240008319554
-0.442261720051757
-0.714233422505803
-0.447608433722753
-0.548876733351837
-0.492155591251301
-0.515030603394967
-0.586192007555821
-0.497157122698827
-0.582391899374429
-0.587183595010065
-0.350551620167346
-0.546323467135546
-0.4286393490258
-0.425234458028734
-0.637347899412491
-0.392276926792975
-0.468438933226593
-0.426406064462856
-0.377965507212608
-0.618753742273712
-0.457783396880425
-0.49204899417344
-0.492350874281004
-0.456298996487054
-0.375366722520955
-0.57903337433827
-0.52415817950496
-0.253657010479983
-0.556211454707559
-0.639259245830124
-0.580730759282823
-0.431633168152889
-0.536046454975017
-0.550321037489998
-0.459678899145526
-0.481934079570193
-0.350855234417908
-0.422852123681366
-0.398173980878208
-0.440837756202266
-0.64364960639241
-0.448467848148253
-0.479494422411038
-0.435333981668003
-0.451041526514388
-0.438464089293047
-0.439541257537981
-0.509152997763714
-0.425678613051181
-0.486576233987383
-0.514189802402225
-0.354957670996926
-0.425255445140433
-0.334948469210085
-0.617876759955048
-0.473254979543688
-0.381719571293286
-0.601203788125603
-0.436287090117161
-0.379810545177274
-0.448063948279166
-0.441307696010984
-0.44853992133631
-0.316859047059189
-0.534966801633527
-0.476026557060022
-0.451611506949907
-0.330291085378107
-0.389715053847096
-0.245834989930135
-0.385881887236443
-0.551034651917185
-0.170729431411784
-0.303494844875131
-0.322501875749325
-0.337496535189221
-0.331306866049496
-0.400145235465775
-0.244081478524522
-0.411764128788537
-0.361884828813357
-0.342614920502275
-0.166248385178309
-0.473641140078891
-0.403086500926488
-0.301943725371092
-0.372690776059362
-0.316112375907918
-0.426061991528217
-0.410645188933388
-0.408465957060607
-0.194824903364117
-0.282463681009424
-0.364771471866447
-0.457980050213477
-0.171219562216854
-0.204703624467558
-0.285678976767111
-0.305469196891111
-0.299206076571197
-0.357839341996512
-0.300653968857575
-0.273017336326558
-0.328527863059772
-0.245259443218342
-0.290063181607676
-0.263448278726671
-0.352288356676884
-0.221507580049646
-0.33503103183768
-0.35989480863299
-0.286861737614031
-0.367050236310897
-0.269982616711521
-0.407769399225644
-0.203440371238332
-0.310298042342825
-0.289982939591593
-0.158117989673598
-0.417512729440405
-0.319992175714224
-0.278561216857422
-0.336281769800276
-0.238179428944001
-0.264139447358103
-0.256575327681012
-0.351003666122699
-0.2811432235074
-0.122915143378323
-0.169507441372527
-0.273978560680617
-0.308959158749137
-0.236396670085751
-0.194029084477279
-0.268005092676915
-0.210905369357281
-0.279716833801572
-0.145449745802266
-0.145452126688287
-0.296146056287882
-0.284395263374481
-0.173354120848829
-0.332976941197469
-0.179138157702913
-0.252944844636567
-0.224725326664435
-0.317146607480993
-0.172846893984144
-0.186593300368341
-0.174439092256652
-0.255870163837265
-0.279726365538983
-0.250582899299637
-0.273740360687958
-0.18806443477789
-0.267491351760022
-0.149369050644532
-0.194518415447874
-0.267045958770452
-0.276330290297524
-0.23054719543506
-0.0427402947207187
-0.31131593009894
-0.253032929417691
-0.0341667341561311
-0.143572220631998
-0.339069195750819
-0.0714837001355176
-0.149639183119666
-0.280523575335727
-0.26663636613739
0.0200940907760063
-0.336339191347328
-0.214383606913844
-0.0860807306940786
-0.200371409621839
-0.0896813049363649
-0.174682940611313
-0.175968943725729
-0.135892000433373
-0.126266020436679
0.102468785021232
-0.0400160454910641
-0.0754269917575326
-0.180190308558751
-0.148244601637499
-0.140023771986884
-0.142646212522858
-0.152281207059304
-0.114753044312341
-0.21022854652686
0.00819098199638837
-0.0731773137713759
-0.0381868271594832
-0.19719259640251
-0.244385772325502
-0.169613661816709
-0.101483423494102
-0.0891305338105249
-0.114591174218472
-0.1192765335344
0.056551547778398
-0.0695693528957009
-0.131176210704495
-0.127949616262848
-0.118038347612999
-0.214746287303468
-0.246794568720981
-0.176772517582388
-0.179309763452446
-0.210939082140709
-0.149628725343292
-0.288904047989536
-0.200699274678844
-0.129776303882659
0.0602369879013927
-0.0529967219839572
-0.0532187460498676
-0.141553333345068
-0.0328339863023129
-0.131637968671607
-0.00161259535302829
-0.123775840960506
-0.145242139893419
-0.154351306399925
-0.0463824835080375
-0.0256303392092725
-0.0943543546279515
-0.0466394353075114
-0.150947644802886
-0.19000185631157
-0.109428160836227
0.0041721913649233
-0.035955192505544
0.00789454005549486
-0.083727186120265
-0.132116212832871
-0.0357803047015604
0.000978469461717933
-0.333854616141932
-0.118250461700024
-0.255454411140034
0.0384172705153282
-0.0706342855078832
-0.0298341621357634
-0.0307424298853434
-0.0960553567265579
0.0626525962019346
0.0222606002519844
-0.0541436780479199
-0.0109867350486654
-0.171996764675401
-0.0404736890536301
-0.0791458472501997
-0.18428145159228
0.00419559690432868
0.118878855680812
-0.0237771048945681
-0.125055807018591
0.0711789854760048
-0.147368626105969
-0.167233868841467
0.0481683323479463
-0.00125602218275288
0.0338827537826102
-0.0389987732415165
-0.0194497390056108
0.0346938190260216
-0.0259247269977202
-0.0598339166010915
0.234370793601931
-0.154235571119441
-0.0312533703795599
-0.0376075470690283
0.0423135093103224
0.0384313809096771
-0.0594001029318878
0.0130244969306447
-0.13287571710484
-0.0325265769207707
-0.0183136044657567
0.0618092150910208
-0.0169197186674025
0.00175844660720051
0.176828971149566
-0.08707697902648
-0.040150536603471
0.0224729901752493
-0.0752950488213442
0.0079408438727676
-0.0353676905989825
0.187879154690368
0.0810933959684821
0.0778469399377636
0.210716894819517
0.0448642073300901
0.0148795384751125
0.144442268563073
0.136351449345449
0.101862300355113
0.199613382915077
0.088164321798746
0.0352075379416384
0.177117254291013
0.11862322105231
-0.0648094566575173
0.129873420378556
0.0717291171675953
0.0527701785696785
0.00845371531295824
0.111295209137276
0.089425982611538
0.137080297488627
-0.00489785993127927
0.0804204673650446
-0.0110548729886036
0.197325080291877
0.109972095750242
0.134144199292655
0.183746505573755
0.0604111073692307
0.147972758022923
0.145016213705419
0.126867611552394
0.208010531154
-0.0138086727882724
0.0157106318231486
0.0805572567645424
0.0609522532995887
0.36871996150802
0.253395165599995
0.238468228271796
0.0301610804723719
0.188527388748099
0.0185568350702239
0.156214899328932
0.260834765185158
-3.47201605202105e-07
0.0107531088102466
0.110172825180496
0.203549883073565
0.186246757586099
0.140595342620372
0.192533533872354
0.236687697734296
0.176980913269569
0.225294186563417
0.0738078161387186
0.199902810291872
0.0879923122333197
-0.00087875425754086
0.117369898901614
0.104592897466738
0.191291713802862
0.272034451549743
0.225883776717316
0.187135749693743
0.278208486900797
0.194748117817074
0.191017534084591
0.196600802987473
0.23305429081832
0.207008443779237
0.15607216386292
0.103721658684288
0.206188381930566
0.23479424771849
0.215284805962266
0.34283570275259
0.251941888304047
0.0177122687173059
0.2243700906234
0.222424922354565
0.369724321426978
0.147439159152302
0.240773630478898
0.263294995945584
0.155086986385691
0.400635767712773
0.286645683994594
0.207864327606355
0.245732511351893
0.148529231378372
0.291140085929236
0.421781999511621
0.353247305701725
0.145472818300955
0.266067899250924
0.248143950601722
0.312970367045045
0.27643512638801
0.381513680838492
0.154617460787606
0.316137426908759
0.34563197014675
0.202327156408898
0.194685704745099
0.255400876947264
0.337728592286351
0.232730687720129
0.406385410803212
0.2706177435535
0.451660838118197
0.260775212688087
0.252995205025297
0.289832391207077
0.289383450945181
0.231430627764261
0.239667069213747
0.209184049766433
0.369321983776759
0.392749964123244
0.339772256059394
0.245638861113226
0.446418585730251
0.52707159709316
0.409055131996741
0.399011505051159
0.365085177542199
0.0746509569421717
0.356276053818777
0.389799079507277
0.183921520495083
0.454975570164572
0.335447212229529
0.362306385306059
0.37878977726323
0.319046859931787
0.433300227772125
0.27585974474219
0.344355327700331
0.279728087208604
0.288771820164281
0.396633429839194
0.318681305672182
0.375842292318874
0.352617965031793
0.277287059415278
0.430295095023714
0.34353952465342
0.29573211664003
0.329600597206408
0.355712223352215
0.367333864601875
0.458696161569774
0.314509105898274
0.3756375918344
0.391779344070628
0.501257499987601
0.414904286021355
0.368370161157691
0.364445386280325
0.4397292030889
0.363890260761382
0.37820409373144
0.466312195848325
0.287847840020358
0.476130221148936
0.392155562060733
0.382754032710347
0.374504744686797
0.355547547601461
0.462231861971089
0.447739908998913
0.494187985415737
0.327525676081508
0.272624283176086
0.384666443966697
0.607914153103326
0.385524872292276
0.549759049949271
0.342774835275968
0.294877538380533
0.348772666447001
0.440227069548327
0.421097414186514
0.401274929587145
0.360812032063139
0.471525066230986
0.451289326231597
0.647639360249124
0.46139471822103
0.502751050600677
0.469576602183132
0.390077508872508
0.51206626419998
0.438371420671631
0.367758493862504
0.551104873727798
0.615757779967983
0.280309532090941
0.516589075698165
0.447427796255949
0.609224043896525
0.333695465396553
0.435989512383321
0.54636522476977
0.450442534026203
0.497334526515745
0.519060286053954
0.370525957282512
0.561246698591585
0.536751711749446
0.546408449678412
0.277933194870793
0.449113683388972
0.401396923389081
0.351467680925882
0.559080887793324
0.414126562263925
0.482730145245239
0.560802858835455
0.430546590462935
0.360266723210059
0.570009121668247
0.461669702811068
0.401754461563222
0.550025606362012
0.480116692438779
0.498581468676291
0.34282936350887
0.483493832141602
0.564191024314887
0.457338509001269
0.554624452999919
0.528799178935335
0.460065366896702
0.443790549904465
0.563006193071906
0.411910271668795
0.528205961665051
0.542585439369837
0.588224583997991
0.516479931004089
0.491095481259758
0.479309959436588
0.395609881016986
0.538207305931188
0.553171161821624
0.658292752171412
0.648650353697376
0.607113790975585
0.3809131076318
0.571262806767656
0.503023461252329
0.585805778455741
0.489068283367416
0.491853789759072
0.612215665508307
0.573607910573127
0.423687486359201
0.563593603590183
0.497022460117011
0.629589128742931
0.551225989815529
0.454330023573153
0.740554206155921
0.601478316413743
0.621025902574225
0.564833313069774
0.633211017248067
0.509309011047489
0.607453057169108
0.469163026475105
0.665962218395831
0.5529289881762
0.566073117782335
0.63866477925208
0.791779794386159
0.638261209750597
0.719428228064401
0.565898338228408
0.55791547954435
0.668878809253341
0.658731636613547
0.755358083438615
0.72413723937675
0.578533684162416
0.650494394061616
0.693649881344309
0.504760467045885
0.636703788019325
0.55860040054702
0.61325810597348
0.52144460935439
0.546209377676483
0.645203377842023
0.52453219825635
0.65032672995408
0.782559778808026
0.568170076804326
0.725443236343171
0.736561874502903
0.665966141971578
0.665048959948364
0.619243842027075
0.569721115918274
0.673100076867939
0.801016985248996
0.647489385766141
0.55734848998341
0.700091181674947
0.601116460388665
0.507396541159598
0.651246775471341
0.598359194963618
0.752899249895849
0.712847118753688
0.615959475553087
0.568109202094829
0.613751712066879
0.726409491241598
0.671999193053006
0.741925883617789
0.681916787382565
0.738562735945251
0.869065943034697
0.819249217616096
0.561975658032208
0.804857022017644
0.730674254206217
0.802496197657469
0.660028209168053
0.718021297799513
0.778852009166196
0.74791082977599
0.752052225169939
0.741710113121657
0.680561555635334
0.720560574710202
0.758568818199125
0.702385187828851
0.691813217928945
0.721778916809455
0.650563313828155
0.737476609496767
0.765176538979069
0.680849553263165
0.691426954786547
0.664071933169236
0.847555670114974
0.682762325681284
0.637133639746976
0.728951908097645
0.620632418592474
0.667644200557704
0.741999467617549
0.70751836585293
0.768961234448846
0.615005528313483
0.68132941721874
0.619166854276794
0.779008029549162
0.733960758201567
0.881016317880175
0.768995246035594
0.742039949880819
0.890108217473066
0.672234176328929
0.732765039321699
0.778776691173307
0.786217200978192
0.791670667464826
0.890169256118183
0.748865774074683
0.821741977888155
0.762634686703647
0.825375695541936
0.968335166977719
0.923834050291207
0.846344514334625
0.83964904058439
0.932973209422992
0.782686256830968
0.815142922785358
0.812212302390597
0.823215064288653
0.931297649735391
0.791173673060587
0.784702538528184
0.834145583216236
1.01805011123146
0.623586024419517
0.825647196956364
0.778992879822903
0.865634771270911
0.836145442013049
0.822814359615074
0.791646279241248
0.91609536952136
0.617454958619466
0.9411847808232
0.868348383164123
0.645224946507445
0.893093372316737
0.937402645227856
0.946114466045508
0.882044262005377
0.95068333472406
0.776390058227046
0.804426514357075
0.867540499514682
0.989577744275287
0.91391288608501
0.843105098927791
1.01109615613887
0.859048968204859
0.771893552085096
0.956815357551282
0.947087266956732
0.794341235636027
0.836192871775164
0.887370484242331
0.948500388027445
0.925983680793998
0.995510764162711
1.00229251115533
1.00745363653432
0.940596450738539
0.828314849997454
0.91104694118116
0.968113946535813
1.05923943261837
0.936350051101237
0.943736904789267
0.978792720451077
0.948521120657571
1.02670121975548
1.09009174267747
0.924220289640091
0.892872409298663
0.83960220770812
0.989751754290438
0.953496081506217
0.915390504496685
0.894268630123694
1.07385133664876
0.955614890233019
0.956311088400314
0.935237967732744
0.930925135367983
0.858018911284209
0.947414657812952
1.04522093452609
1.02850080650986
0.846280578977293
1.05805937364892
0.986444256954205
0.832346822796825
0.935897958653645
0.925326584176904
1.11549144825045
0.965596245673633
1.08258928836093
1.03657650280985
0.919013455500218
0.766167148832669
0.996404869859326
1.1249124041871
1.13584543853675
1.07656329138253
0.943273140619893
1.10568607931223
1.0324382891568
1.01107731129828
