"x"
-0.951560381019481
-1.00083263927372
-1.11623074265865
-1.08954990518831
-1.06362732119131
-1.01511037695584
-0.93423312060703
-0.889672906819625
-1.05275839947934
-0.961062371786024
-0.9201874609711
-1.12302272758738
-0.938377087235038
-0.861303415957257
-0.801346492951532
-1.03902569325228
-1.09506738266725
-0.918846297841041
-1.01510443248602
-0.808329719924383
-0.838353605246716
-0.882750079524369
-0.944478912660219
-0.969892834693276
-0.851352797987385
-1.10302519697442
-0.960873462341529
-1.11367103408837
-0.956049514198091
-1.03040236235444
-0.915558088796162
-0.889218981932665
-0.961506866793302
-1.01241482232159
-0.894169088959097
-1.00891001731638
-0.877240927085534
-1.09386883920715
-0.87359377464625
-0.92066525137682
-0.981148751847301
-1.05192454312132
-0.955762751140254
-0.949503746459104
-0.89785633945102
-0.938142122385909
-0.901312844388866
-0.681156345912073
-0.870603450699932
-0.944903699608803
-0.992073816074935
-0.894638722812789
-0.809279298051836
-0.824690804627286
-0.897069440539629
-0.904174087466289
-0.832304574459614
-0.887934331081581
-0.884555111386403
-0.804791192032003
-0.883468751960102
-1.02253146730002
-0.898275138168631
-0.829017840060586
-0.894327583236098
-0.877660068564355
-0.790784327770703
-0.88371452706005
-0.853678946002974
-0.95761096208477
-0.705193670111532
-0.72627488459603
-1.01160027308129
-0.914883489837783
-0.777877590661782
-0.885062308929862
-0.949855501288399
-0.739380188571847
-0.887531695881759
-0.771132895589022
-0.819319153707232
-0.77114630234903
-0.97619995625587
-0.772962341596594
-1.01891959039822
-0.812159529000973
-0.993519573126031
-0.832375816307935
-0.734898870339792
-0.724675348962025
-0.781391521948197
-0.819220081163006
-0.830535409244446
-0.824572138063789
-0.781644823938843
-0.793751635256851
-0.764770012411932
-0.659365301148797
-0.915404073434186
-0.730667485897332
-0.770208215667228
-0.815249126836086
-0.593383599312631
-0.67679638689744
-0.760873891576808
-0.774620815343833
-0.72128076074514
-0.692797300450844
-0.829187915932609
-0.724672090431357
-0.59476489160216
-0.829662466409773
-0.840356013103066
-0.775568091025326
-0.85309413948597
-0.84998761955973
-0.750211084884064
-0.783369138778757
-0.58732117355434
-0.75488535823059
-0.621160021774651
-0.906291974431923
-0.802484803236781
-0.853653548070711
-0.851257073209419
-0.706092052697092
-0.862822203242064
-0.742182005152545
-0.806617121967096
-0.674973428829118
-0.693294556605494
-0.728177278676715
-0.680359516032401
-0.819306748594894
-0.7321252348889
-0.757541657528484
-0.654851432707693
-0.812435959684903
-0.656695219311249
-0.651693685843722
-0.62936645400053
-0.575268504816465
-0.888044685955763
-0.560516877217328
-0.663835564997344
-0.758393988041113
-0.745585703286851
-0.703340429972603
-0.650602680371824
-0.646662456035109
-0.576027854808484
-0.580972247853339
-0.646042214424118
-0.78777117407852
-0.734085404555992
-0.639294796246468
-0.692066847811207
-0.613751244028142
-0.674945569425676
-0.664673165723428
-0.78346286855314
-0.604311656781928
-0.646529731453441
-0.574209604492667
-0.583024270094468
-0.722996193794092
-0.738648440293478
-0.635607702788984
-0.760318928377666
-0.72177367898875
-0.583762787069936
-0.634283834888697
-0.551807460393169
-0.673154256197993
-0.709053901900242
-0.62579993592923
-0.713013706557541
-0.631692534417663
-0.80574765250815
-0.639380371038948
-0.72715450212821
-0.608166661646898
-0.653629707025744
-0.663900208268996
-0.675735898425415
-0.607877780635585
-0.622728791043309
-0.581314968109789
-0.616166157041533
-0.746563983047685
-0.633683969799071
-0.744442948957667
-0.513407100964867
-0.639148347853236
-0.663759813656628
-0.592053124483787
-0.647121295371286
-0.567987973964324
-0.627464567916432
-0.694562933070683
-0.702154604253851
-0.529780661778476
-0.552817221097709
-0.528500842906793
-0.663866644141059
-0.634975116470284
-0.385874046654566
-0.58499502573451
-0.465952607880514
-0.320558290956685
-0.517659936367714
-0.530496683475873
-0.628258035555815
-0.516584184486817
-0.623061160995523
-0.525826310296242
-0.35028470376573
-0.510968754819616
-0.720481060339272
-0.72584678847427
-0.62809228588928
-0.587989557124313
-0.418085805922246
-0.79488529726555
-0.703740165558005
-0.611070133791731
-0.450392204987285
-0.503424387207731
-0.385115557111392
-0.563175183491047
-0.669639741323415
-0.656641533984308
-0.611160612494913
-0.573908608200941
-0.558289914820396
-0.4405549604048
-0.697961717418831
-0.45982009036312
-0.543736885864826
-0.473580037986938
-0.538249125863792
-0.59010135094487
-0.521558675818578
-0.576624739432414
-0.573072152931434
-0.363552311016241
-0.53045723368159
-0.434552417045825
-0.434374356155371
-0.647195287125222
-0.384437766079421
-0.479171569344543
-0.427389390126157
-0.381644519850954
-0.633351037755406
-0.462925320147139
-0.503940634729505
-0.485651222779918
-0.46838950759281
-0.382827294860734
-0.580920890744653
-0.53412816227212
-0.252349795910708
-0.539872900761446
-0.629129381504709
-0.56900299346881
-0.426293891376361
-0.531749001342321
-0.5504073009699
-0.437954168215823
-0.482003304545108
-0.336880287815783
-0.426649455272655
-0.410651206567111
-0.437050213590612
-0.671122968808012
-0.450408107289067
-0.491859630961779
-0.453969448839149
-0.471375027990837
-0.43265824449527
-0.441790306546794
-0.51197837473776
-0.423261640661489
-0.476763872287942
-0.493888839890235
-0.3650813458562
-0.421644710779499
-0.335701936090538
-0.633030879968869
-0.482502563530068
-0.413621051629585
-0.616172198773078
-0.454071187380855
-0.385148767469174
-0.45465649628986
-0.436357096223189
-0.450689251864403
-0.326297956686071
-0.546193848824595
-0.461427639627583
-0.457165665198833
-0.322618981263365
-0.402004984569191
-0.237788738588529
-0.394299109281589
-0.541589116227572
-0.181912470158499
-0.313068953891301
-0.300340913815443
-0.340700688866056
-0.332827121296362
-0.393328976357317
-0.235945043114125
-0.417847990271593
-0.364383451818074
-0.327496100081921
-0.187443846745934
-0.469830731342764
-0.415689122217611
-0.313700437492748
-0.372426133105027
-0.312774547276167
-0.429545579506622
-0.402480341518412
-0.418596015019491
-0.193873561752364
-0.279656972001581
-0.376271480834237
-0.478423267436778
-0.185463901427876
-0.213685690543644
-0.300211221417281
-0.29794999629301
-0.3022883884101
-0.354071969385238
-0.283298959002494
-0.257031659944463
-0.32452319421332
-0.225000615370094
-0.300309172086747
-0.265149554205633
-0.348341232022745
-0.214794105902836
-0.355262584197212
-0.36713856178659
-0.304047897825691
-0.372107792798838
-0.276955668594787
-0.398599047729759
-0.194925644407138
-0.300605760901129
-0.302233422468399
-0.148643427984846
-0.415364070219329
-0.31715396087399
-0.251241252567358
-0.319136980228046
-0.249447563929004
-0.266082039145776
-0.255574070918346
-0.378515855285632
-0.289899539831647
-0.113731350750763
-0.190773143389583
-0.285168973615841
-0.289148444980334
-0.207772309903095
-0.212189539299908
-0.305655011630888
-0.230117048054704
-0.288844906487157
-0.157690839550029
-0.14707230957081
-0.284533691685861
-0.278928488090469
-0.165019870080697
-0.343036512421678
-0.168484271242963
-0.230282829551498
-0.243562784771434
-0.312373143186165
-0.160319344124914
-0.190793583742597
-0.18269779522078
-0.26169431027051
-0.294265863353826
-0.244133618502051
-0.276242621202977
-0.177261576043106
-0.291334940433473
-0.141988430693558
-0.245332814767387
-0.264115256770624
-0.25749512095845
-0.238341414611324
-0.0614259392237754
-0.334048525923632
-0.255602558817186
-0.0408848431732778
-0.145497018927553
-0.336219558202961
-0.0670887602760213
-0.166083852013651
-0.280186893033159
-0.26046720102554
0.00539608710860473
-0.325555367353492
-0.203291362845295
-0.0803132136480408
-0.201323756029884
-0.0803787822797996
-0.189392518677162
-0.177016384161781
-0.115640877313308
-0.142473027331109
0.111772453501886
-0.0323477819786151
-0.0887862820209694
-0.168618348765539
-0.134845329908776
-0.136766516672042
-0.148893401272478
-0.138985827042239
-0.140529527797084
-0.206484387745816
-0.0169763587519626
-0.0787167815019692
-0.0618224027944836
-0.187109236959602
-0.22705628411546
-0.164195580295312
-0.0907726185610369
-0.0817436518125588
-0.119789654798981
-0.115809839495441
0.034144187978497
-0.0719005234934761
-0.12555658437707
-0.121677058750717
-0.12758876221376
-0.224645289302167
-0.267235855506124
-0.200286229523327
-0.185507580753614
-0.22848070772066
-0.166149431394488
-0.281248596490853
-0.210012238509188
-0.128914621895931
0.0673697883508605
-0.0652216314275799
-0.0378716818109608
-0.132800479214714
-0.0419916802997509
-0.142502333156975
-0.00361656148838832
-0.114448155065562
-0.150275352047564
-0.153666591213483
-0.105982277654579
-0.0221987128624124
-0.0879869385688788
-0.0649050390125175
-0.149030657504604
-0.17737867526791
-0.149631087082264
-0.00996120253510625
-0.0436637754596729
0.0010601390190657
-0.0695948103569679
-0.123200020390491
-0.0282403693016079
-0.00732322758548656
-0.331643319557278
-0.120845545037322
-0.244594356578215
0.0406137735788574
-0.0576499535408891
-0.0317234392487941
-0.0107811205298227
-0.0896914458300347
0.0512416081814737
0.0246255735285642
-0.0520830294031863
-0.0229723157360688
-0.17670012903494
-0.0446161457770482
-0.0731261659370262
-0.196003179610126
-0.0162371681829749
0.130498332712148
-0.00561051294720484
-0.155978665776644
0.0720741957045754
-0.128838941696017
-0.183274060884474
0.0243297234698377
0.0137840082763674
0.0268388675649884
-0.0318337285346037
-0.0217958474009379
0.025219309679849
-0.0215350360550292
-0.0824216605512071
0.226204223365986
-0.166206657468885
-0.0374443674576855
-0.0345805884028016
0.044427864179976
0.0398478442355937
-0.0775106802891981
0.0117438233151914
-0.126653705390399
-0.0259441892552599
-0.0216040966576054
0.0704454200132277
-0.0109107504964666
-0.00643549244055214
0.177478698141379
-0.106495751911353
-0.0280002975252653
0.0343279067817242
-0.0800174493662541
0.00613177506846891
-0.0143587241725002
0.194468987651112
0.0835134078409994
0.0702207381394464
0.193667004798479
0.047223669628528
-0.00230189538808242
0.157454890411638
0.146450961612957
0.093275808730434
0.206211578173318
0.0989767161874801
0.060034281667245
0.184913933395711
0.118654143452019
-0.0621114860616574
0.128292253223749
0.094985981869738
0.0434280750397627
0.011465899579503
0.0996858119929389
0.0854739785556113
0.127391502006576
-0.01568867186331
0.088733134953018
-0.0288040734625589
0.170105475836292
0.10752987594443
0.120835352397066
0.187596013882967
0.0625484478829905
0.140290630134675
0.153891169863494
0.122436428391769
0.196107461673897
-0.00575764188675845
0.0292949825601879
0.0436604752782255
0.0606945597176628
0.373467271566066
0.257160937382102
0.230278247371403
0.0568552373051808
0.182913008590265
0.0209914967483194
0.135586898241552
0.246317321138476
-0.00914998983506254
0.00979175811966808
0.114152727400935
0.214094715486804
0.137182260249692
0.136628504935015
0.205463059554036
0.250550051210242
0.190740758573036
0.240453510662758
0.0779467661309727
0.18545055451308
0.0982666372900013
-0.0107968749643135
0.115489387018258
0.0776493573012794
0.185769804275772
0.25726359441925
0.224126126602394
0.187559779404517
0.268845745574926
0.206577219139454
0.170657587477214
0.216087218381585
0.243415140904119
0.206983875621957
0.151752763448468
0.119243206536393
0.21079798248725
0.230911532334903
0.219262717992189
0.374212863175043
0.235834061710421
0.0182372993839322
0.221728947729431
0.20562848662287
0.384999066068265
0.147606880331893
0.251756345455119
0.255956209792733
0.164339598566975
0.389733250072419
0.290804466149666
0.225127596351977
0.259178376907197
0.14059571293048
0.301996396813735
0.436879994292341
0.375299593537561
0.163136806594803
0.275458086018612
0.222950724453984
0.309267167836296
0.296978993905176
0.366665111205175
0.160739330246886
0.315278343882387
0.337472683136893
0.182681287577108
0.191286688177957
0.251931215380428
0.361575003489601
0.245106946110629
0.393907519838657
0.315232007420294
0.456098399761376
0.252341135531276
0.279059745997364
0.273518035448009
0.288387139998485
0.231287020927509
0.256844670407189
0.204397914486684
0.375453134656454
0.426178993558404
0.350520534404443
0.221228611252981
0.452272538984157
0.503537859236253
0.405921694091773
0.380915275334637
0.34771401094668
0.0608781176813565
0.351772622140312
0.376949620574532
0.165923031736119
0.439367489033019
0.343744914447721
0.33409602024679
0.386876813862026
0.316383848739343
0.417911781974014
0.31167520907342
0.34990428665235
0.277427379618535
0.305291826359054
0.407329346940184
0.318214058151751
0.377911116959822
0.348220911496381
0.272418382166542
0.41642746018625
0.315987802864759
0.275297226009521
0.338787585731265
0.364332262854168
0.391743705497195
0.463394788082169
0.325503909547414
0.376666588761386
0.379137507458505
0.501154366630136
0.41957631751806
0.397850682317088
0.377571085927299
0.408484197406141
0.367595781947611
0.377588277873161
0.4858337552894
0.296771912502033
0.477322262686712
0.383451261619518
0.364902291876622
0.365109245213996
0.385750490346031
0.473596032313174
0.440290652783742
0.493199033470518
0.343110295032647
0.285938409871449
0.384639077747769
0.595774378796819
0.38805916050005
0.554385111951641
0.370519031011785
0.280723570524363
0.334943793006553
0.44326002527968
0.42295571429083
0.392333081344226
0.342970317609316
0.465838108805784
0.448263645450329
0.629105132109165
0.480703867909446
0.506339229686795
0.476010482124677
0.377415593761459
0.521137413785582
0.438172159482649
0.367994211127064
0.560464003280393
0.632957056163453
0.277923575824305
0.520849933794425
0.460658231084171
0.602497807541713
0.324337726872074
0.417685118325868
0.529256436813172
0.44744197167946
0.507980508182142
0.516914343970252
0.386333175778563
0.549390857891857
0.539761030654372
0.520196184394952
0.259778381369026
0.438629072340212
0.421678492002102
0.33532348944882
0.571097955072846
0.419768155093692
0.498330970111669
0.53921790892718
0.421990458442802
0.333786122197273
0.57034749446436
0.445816667719803
0.406370451825329
0.546320944276931
0.476081356561985
0.483811864261131
0.325745915944485
0.472591059480508
0.579867430342249
0.504814086353494
0.545622516142514
0.528871456187737
0.462079722257483
0.439036632755153
0.561235239073093
0.435317552796649
0.53773128053511
0.550552419034616
0.588684964187865
0.520188561583629
0.463290119972774
0.480546735110034
0.399714438637259
0.530183170450291
0.543815031662305
0.643357014513059
0.645657685744227
0.598545037726587
0.366268461988594
0.554868497304504
0.502985433804989
0.591454976015106
0.491999271518198
0.470474866094917
0.601573062434762
0.587726201059785
0.441549839402358
0.575451593911291
0.523345190192912
0.639867491547018
0.559003885381421
0.475842217005588
0.743049903471962
0.634839530281143
0.611480983852965
0.560189773261294
0.639345423275153
0.517798309414922
0.607805140779507
0.456617820039585
0.66845092658894
0.540180125971273
0.56555123448564
0.638260122591385
0.763958881663519
0.621255853916002
0.716423214598585
0.575969967450797
0.551283056342121
0.678758804634104
0.654877950749272
0.787547102597684
0.728727434012314
0.595552095831306
0.643890692764066
0.707769736349877
0.524476681271152
0.640467907254847
0.548492727591841
0.597304152324671
0.538183627921416
0.517165757110171
0.641099197716798
0.492989209408648
0.65490666774747
0.773391471656209
0.560696509351608
0.751927573562118
0.758010051841055
0.689785737132783
0.669466443225915
0.622886683245657
0.601683622868612
0.658272363588702
0.809213172810173
0.647922166319161
0.556235803188962
0.707754437445294
0.591531613576255
0.523692630872142
0.648185192844194
0.595456388468582
0.745408816347912
0.682873409756356
0.608864043329659
0.569034833961708
0.638249597378584
0.712494854246851
0.690642663487961
0.758212020643873
0.678610327073519
0.731589704183816
0.864827530355099
0.838051395585149
0.567485771329332
0.799373287319657
0.712942313931908
0.799930964951297
0.658032826111541
0.705507966215986
0.77953207058447
0.731963460475032
0.744286325961272
0.737277817901081
0.679011503728367
0.717360525976291
0.769947889880486
0.700189183467046
0.696764103639818
0.733883057196074
0.653203983645908
0.720797590656318
0.743095437495116
0.667760267610381
0.67914639409128
0.670599951963677
0.819133391560798
0.688740920380089
0.661851595708631
0.720654377217571
0.591784220494351
0.656438427756243
0.755453466336962
0.715628486975225
0.766118368345368
0.617769487042793
0.644511299364868
0.646481997087445
0.777035296503868
0.727446675141517
0.886435009041452
0.777339636337155
0.75546205965381
0.884565938135534
0.67629117414547
0.753829936550754
0.791805697598549
0.77969017779745
0.77576759073941
0.893572421727841
0.74888602102861
0.809417770777001
0.740307249312925
0.817710272572571
0.995829011361135
0.913570214433011
0.865708444330001
0.827887876738507
0.951238234246482
0.784937914474223
0.811016683787264
0.795432958044386
0.82933132493781
0.934020041376088
0.793404753515949
0.813770664639122
0.830322429649287
1.0157328640283
0.645179031004842
0.83281634873786
0.793737710461938
0.8683190115616
0.813188550958118
0.829354784537125
0.798969109643827
0.922056518391135
0.622146904157943
0.955950499379064
0.845389459121492
0.648295671297514
0.919322214357269
0.924712283005279
0.940307626973278
0.872490573816131
0.957477737407426
0.786516945081074
0.807601521217999
0.882586101345331
0.986667910558885
0.922265030346544
0.849445578059758
0.994609972095302
0.856372248671215
0.787434524467749
0.959154620523557
0.960533608554898
0.836490735899972
0.827517949170573
0.890926100465405
0.965584533417246
0.944425827282783
1.00727039038395
1.00421560677851
1.02480265161531
0.909561907316292
0.839043992681234
0.918919297079687
0.952595623770119
1.06332947368835
0.930280888398134
0.92608134263741
0.985731986955872
0.933862072445996
0.992274368822895
1.07815842912808
0.936832231889982
0.905777858789401
0.845675380131818
1.00416298091286
0.976373527127309
0.937464564527694
0.909682976285285
1.05274095634356
0.954693962079779
0.949172252565951
0.915917825347904
0.951920838553085
0.8595158692769
0.934832826576785
1.06448777259757
1.01968858824672
0.847535204950713
1.0633514329884
0.986540180576489
0.831540898865144
0.93565477405909
0.918115535791376
1.08957667924671
0.968733851753977
1.07649436465631
1.02872369683356
0.910573554760182
0.797406814454015
1.00408149271068
1.12055122409963
1.13240604629475
1.08706132202797
0.947373590713998
1.07687964883662
1.01040838314158
1.00354461601275
