"x"
-1.06515547700617
-1.14513423823268
-1.02666516329141
-0.939332841806002
-1.03326065322617
-0.993268669501974
-1.07782066151125
-0.965760048915622
-1.15428696654019
-1.02857683079413
-0.953737590681152
-1.03343822698031
-0.997919774156321
-1.13076895288482
-1.11709347602349
-0.996006855701422
-1.04699450450029
-1.12327234187742
-0.849227639866575
-1.0378322198485
-0.984282818927821
-0.891659499517338
-0.906191008680546
-0.959727855874966
-0.876941492547476
-0.865354386147304
-1.00564723698411
-0.860527006778904
-0.937200580397175
-0.882026948608335
-0.929354503431687
-0.929276868175325
-1.00259917821044
-0.833242403149105
-0.866301617183595
-1.04961751802233
-1.04389200539286
-0.947268757697102
-0.873121107274273
-0.997750750714757
-1.05223479477278
-0.77523679594535
-0.963213010111014
-0.990101163035326
-0.96330549809752
-0.91534604819455
-0.976987744037242
-0.949639814315365
-0.87696439957045
-0.986353375484956
-0.922415875305826
-0.958525427011508
-0.885608650096682
-1.09244467873135
-0.87833175330026
-1.00168384545014
-0.938787356557808
-0.724027696178864
-0.784595127476416
-0.888220998070736
-0.874697660453848
-0.877778278812158
-0.717282150225311
-0.871224541848237
-0.927537843125264
-0.872210865799881
-0.931709056951195
-0.979944384516435
-0.966380385678881
-0.826011504207365
-0.772942521794618
-0.88225707049763
-0.81906017294116
-0.82749018065257
-0.95442551015702
-0.83572627006366
-0.88186692161311
-0.64056287499426
-0.84474384480437
-0.750348963558187
-0.712692156898357
-0.763835664332145
-0.859038645585082
-0.88409656269113
-0.995644988364856
-0.821453829527838
-0.793838851484755
-0.913798209291186
-0.777207658250824
-0.878203197925106
-0.778617604210413
-0.847421050841745
-0.923724718439522
-0.789242709367155
-0.789076390259803
-0.71412678898833
-0.729480186462087
-0.739172614089227
-0.732674089853252
-0.72331038314995
-0.869313208813521
-0.761894845435183
-0.587070079218711
-0.874334397382852
-0.827941590679733
-0.821596329248392
-0.867723871812065
-0.79342900936069
-0.770421339368236
-0.704188292393849
-0.710044320436945
-0.805523480726832
-0.716413209383394
-0.861919799717624
-0.69205244583923
-0.886231133392695
-0.713997591963364
-0.905413105504121
-0.664906485459432
-0.886590369938679
-0.72344381598572
-0.804310220158336
-0.824539409899221
-0.976551398905735
-0.764622021372058
-0.841773943231584
-0.725846614465067
-0.635382681154869
-0.725740575461487
-0.678579267614777
-0.702909853712235
-0.821852170761316
-0.809110552183695
-0.881851448251604
-0.918545893837619
-0.798291877746899
-0.651526324430698
-0.608849082067133
-0.753393851106782
-0.677163307153248
-0.791180844551202
-0.456688607574121
-0.685072198210424
-0.770066131044106
-0.633811334967087
-0.511850727538317
-0.868728431433549
-0.541208268108329
-0.6830806511876
-0.601875742441993
-0.808300943853584
-0.67817546152048
-0.807788529866801
-0.728289549926404
-0.612511848813624
-0.653404638085237
-0.567339824326394
-0.635105905715878
-0.627593247730439
-0.681214967666531
-0.594698637849275
-0.703227485139674
-0.603778163176674
-0.547702284666058
-0.631066120312966
-0.612372496158865
-0.696360593891455
-0.587784939765636
-0.578232052476118
-0.688374490083986
-0.755989415387566
-0.617903363163662
-0.657702772176137
-0.641388791902775
-0.589120922781757
-0.519542924450685
-0.579753007337034
-0.588257579696073
-0.651973059640134
-0.676481009764671
-0.744427703598607
-0.693378866314351
-0.418103254515759
-0.584966980924469
-0.619357407867863
-0.68549968671823
-0.577637638208987
-0.582524589374508
-0.72336190814144
-0.607669756494382
-0.692231157939247
-0.636253034668611
-0.732571305064528
-0.679711653615391
-0.510429690104663
-0.646383097503465
-0.63957701149675
-0.675815997754471
-0.720887084444374
-0.497168701973828
-0.671824557062898
-0.633877003321883
-0.649272252451949
-0.618602753947883
-0.617865687330154
-0.519479523220716
-0.64170255571131
-0.568653663892233
-0.641470652531549
-0.484044130694127
-0.505666346488125
-0.500789229506671
-0.576826080900041
-0.508566215342506
-0.523961292005434
-0.544384957918038
-0.462291780979635
-0.508806511763509
-0.585425179745638
-0.58351889628112
-0.557022300727478
-0.585174772046658
-0.613745268546538
-0.525798857702482
-0.421637912930205
-0.593337583865513
-0.48474516592855
-0.585455427623419
-0.518207191670311
-0.476269127208009
-0.427982837801476
-0.615256220121402
-0.503451961934833
-0.521748701508535
-0.55711667959484
-0.48531764360773
-0.529578064992703
-0.533589706845374
-0.579418857262386
-0.517573808035979
-0.587843782664509
-0.575966928679447
-0.479775179826682
-0.632304437128747
-0.522632468800636
-0.534749976310546
-0.500349760944508
-0.551731141461219
-0.465301082703673
-0.530741787666176
-0.523977105662481
-0.612169739583413
-0.372190641552861
-0.644234812997672
-0.495870985702688
-0.582886184486228
-0.50837098505953
-0.511951026373524
-0.454567138472861
-0.490551989475408
-0.600006579370874
-0.611712908574529
-0.365193024639904
-0.552281518731585
-0.419313267005847
-0.490314886105467
-0.426730186437893
-0.530683224087685
-0.405789039587745
-0.40039717991899
-0.338223464313238
-0.439928662396645
-0.573427139424003
-0.446640154303451
-0.423753088253199
-0.348583188202075
-0.44562823322561
-0.486964851445624
-0.514917965636379
-0.453500202448372
-0.46747124482431
-0.526141779343211
-0.302577711897761
-0.430941903319757
-0.430845482789264
-0.357929489759163
-0.357505073614673
-0.332675416083395
-0.339579898664141
-0.347874716050951
-0.435744060176338
-0.279857020976608
-0.313609076587396
-0.528979980636596
-0.362811173802595
-0.39103404722316
-0.450897315811654
-0.259881803134105
-0.431727524570667
-0.418685408451924
-0.452390745693889
-0.368065220067165
-0.374919241214734
-0.494627954703457
-0.327244057651256
-0.394960793896199
-0.379192949494875
-0.454358629683316
-0.470997228022967
-0.361685361273788
-0.412881830003614
-0.296620729220579
-0.29520154959029
-0.398972980577553
-0.330236038577692
-0.326196470620317
-0.423550599948414
-0.173152441744643
-0.437721179305934
-0.244594275696275
-0.363105214934953
-0.401357930279457
-0.381027828014248
-0.403847653077878
-0.368116283440783
-0.463043311508984
-0.150000955479398
-0.322656022172631
-0.360642617090753
-0.158222714485734
-0.345279537780857
-0.254919197225635
-0.368645692348919
-0.329191436310287
-0.349420433531198
-0.44354154197673
-0.326560617712646
-0.397877916709981
-0.406481258802472
-0.229512591939167
-0.325415242073051
-0.367677633779317
-0.229740206194321
-0.435464628160189
-0.368146319963053
-0.250825594985582
-0.383557207549037
-0.489886546590982
-0.425800970149329
-0.211370855360421
-0.304289243799715
-0.301708628885343
-0.197262889778598
-0.263999069677678
-0.206055089940628
-0.237959493340327
-0.327957261542993
-0.277101814500964
-0.439407983636608
-0.222510079508758
-0.363926771010684
-0.398766411439975
-0.292330527030467
-0.261459849782546
-0.172940389017167
-0.409732679111878
-0.296211381635087
-0.325940386637687
-0.163920038397098
-0.20092220183765
-0.241029859089333
-0.303616677801575
-0.26941751854035
-0.398734705108167
-0.237711329814283
-0.20694623165757
-0.314641695184594
-0.265621041096719
-0.328867586939975
-0.380454740279332
-0.280990000018903
-0.227096120703527
-0.381275420343304
-0.234933617887478
-0.341069729840908
-0.313683534184916
-0.370525598728432
-0.198861590535963
-0.200532579667583
-0.21450791994642
-0.18533319637752
-0.154485364691834
-0.276521831866925
-0.0692557011212777
-0.344997583728489
-0.24589516239968
-0.209745622434569
-0.135879247210921
-0.290347103583555
-0.310814844610633
-0.22881173829464
-0.108206919662064
-0.208057171111761
-0.277743626853462
-0.337672186166596
-0.0387553892951529
-0.0691227291248011
-0.359137881219179
-0.213902548926321
-0.228500677012583
-0.280570177472861
-0.0358496264394733
-0.184035264103239
-0.237571752868851
-0.212796572418721
-0.144619696899954
-0.224000982517664
-0.171393217354207
-0.0779978154217911
-0.157307307956342
-0.100469537614372
-0.205250723852159
-0.146948675612962
-0.172954306638591
-0.216501492348254
-0.0709405324133532
-0.086502895676706
-0.173300302159675
-0.096611567445244
-0.00629787485946323
-0.0958328093376772
-0.0945132524470098
-0.245207131396858
-0.151518143688571
-0.0584072273391065
-0.0515920712626887
-0.0551581709169887
-0.0598632511563389
0.0777764515861028
0.0115203310522646
-0.221575006169249
-0.136290387683458
-0.0820633674530751
0.0800400269472512
-0.134352948802805
-0.0697068865505045
-0.154973708815448
-0.0965436557482899
-0.0867998204899597
-0.272022645321462
-0.12996905906141
-0.111838869944289
-0.13226230233528
-0.216141883466657
-0.0264326734243817
-0.0933970427986016
-0.0261748408730189
-0.0553779031238171
-0.0408842727345102
-0.111242008910145
-0.0815632133154916
-0.0138173332063782
-0.0466196371088303
-0.0600024785484964
-0.18806706512472
-0.105820950387259
-0.0530892174283827
-0.140006467317285
-0.153595039943091
-0.136079796663444
-0.0834402829728943
0.169961721838584
0.0893417373795256
-0.114097883500494
-0.00925986971649229
-0.0405073483710636
0.0403848238028397
0.124593847148807
-0.0292949371757607
-0.0599889854691906
0.0275827088856519
0.0703243139691435
-0.0174620526973149
0.00989790901582339
-0.0343681704088265
0.0171754851068845
0.0406314990029568
-0.081355120938077
-0.0615068343361325
-0.0156581557401525
-0.0373238423608524
0.00842924519166487
-0.143821604627287
0.119637822781198
-0.0329520699851337
0.0578856655006423
-0.00785957453798987
0.0283981034136493
-0.0883741775956152
-0.0290157877549408
-0.01435342349282
0.0950285208557305
0.0479833301968377
-0.0472647123052431
-0.114052723134627
0.184029505032455
-0.00267755615480599
-0.0210935674536106
0.0914492503946822
0.129578903222535
-0.0223660096078026
-0.0283526108281594
-0.0741361911081809
-0.00641031750581179
0.122495912099801
0.0366551381503453
0.157639785195544
0.0424957904078589
-0.0319515891619678
0.207880119146292
0.116821163094894
-0.0661795677075711
-0.0784509175817187
-0.046189652566327
-0.0899829572766207
0.0408673600849456
0.0825976161413624
0.194369533006746
0.129231634012043
0.0204691606231976
0.06105409991961
0.0538896736814888
0.0441575575996032
0.108824918088359
0.328814511061738
0.12297724508231
0.0540056768786298
-0.0477786104661294
0.0821513359467116
0.0823697230766443
0.130264954611768
0.144022182909178
-0.0231098893166436
0.0759110161829443
0.205017959226297
0.0847054268661196
-0.0101454762532838
0.127589027839926
0.0385953685297164
0.116221239191254
0.099977466758023
0.106919129272152
0.157137588662519
0.0587561279640642
0.0730099821418625
0.104851341984208
0.0563490234934967
0.107014316263538
0.12400991388601
0.126263433058154
0.190904696480335
-0.0452955447242899
0.0924999948909528
0.156834133941639
0.237778682182756
0.0315231149562197
0.0413719324590179
0.181357273135964
-0.0249473957061661
0.201160529542222
0.00743851308107901
0.253007203827256
0.185203973768708
0.145042222393242
0.128940936022323
0.0705278263269812
0.256737174082795
0.0605546409609253
0.240460719268243
0.0152182123453207
0.252930885759725
0.200953427606355
0.0966040780492685
0.0675193664085239
0.366289967375747
0.230545551259337
0.238860001180145
0.194136125873751
0.0790322213053252
0.0650189462569026
0.116763641216796
0.0228836119207019
0.267049862639764
0.290268973868705
-0.0357342168990402
0.259805118999119
0.311005904630343
0.243456708033144
0.235895929445372
0.200990939459451
0.141097712805043
0.181394746932554
0.284076437723568
0.0840380295283386
0.312922941609381
0.279552805683916
0.151051794138641
0.221887223664439
0.23560415841113
0.231588037254991
0.306701624814912
0.111110271674719
0.201483639967424
0.265057670754296
0.252219499714889
0.382044060688912
0.253878059460045
0.222681185070288
0.278616453964595
0.246609983078125
0.129398569183089
0.261470256621318
0.278866689391387
0.0405487851818909
0.202879963750473
0.232695886354834
0.384367195230187
0.150060075073014
0.380239141442569
0.356649784209857
0.269211931907219
0.139631948590184
0.277237581959624
0.267074286530647
0.327984153408588
0.167700659325716
0.375358366150841
0.430584733724182
0.264584869753114
0.251910623842447
0.252041621007609
0.238188911145025
0.384908425156912
0.458135735824074
0.332298612770151
0.196268249337389
0.130159684809408
0.44373512618035
0.290894828582176
0.230637668462931
0.325039412684612
0.259577978734776
0.405091615199999
0.273135414877688
0.289100949326353
0.263850650093309
0.252391858442751
0.38964255738532
0.293692369974807
0.485625686358137
0.301557319007354
0.369258970250148
0.365002005019504
0.357248260293756
0.327741965371974
0.262375405880458
0.401321082967402
0.329841597689605
0.466579877927275
0.328484648484462
0.421994350418759
0.336412532495508
0.27260239599693
0.358385525241645
0.476307489865137
0.458959463413688
0.411435840894278
0.370296509695428
0.342449545103254
0.318284174116745
0.171222502232531
0.431912766958079
0.199308997855999
0.221812112844491
0.431057982724459
0.432289254818382
0.414979578894226
0.348338940419182
0.33167310329522
0.358697330695992
0.375385586990124
0.36902111969246
0.337496402350644
0.361476556378893
0.372038525359291
0.328378797429619
0.314461606293397
0.368480101528985
0.436345540517914
0.338898077872221
0.424771310170974
0.317967329375265
0.364704532336901
0.299540486462659
0.246178418749309
0.565606832088181
0.451330289195151
0.320647895776085
0.419851793056663
0.521854906767951
0.44197780892877
0.477276180402138
0.337756756760916
0.352156662920869
0.410202019272135
0.349652702193584
0.302156305295253
0.403434612459941
0.305384954967336
0.438274917607049
0.517635798534263
0.480381429857364
0.467371766492319
0.46604346724868
0.549036200086483
0.439928780021373
0.482452550205076
0.416379095320355
0.638248748378457
0.375203554229384
0.539237902205997
0.42744166634725
0.421011856860689
0.502365143949253
0.410626961937662
0.53944816536905
0.510901024963762
0.340784091922509
0.381423191462736
0.408392611554332
0.383673407889831
0.576167522151717
0.640861524955642
0.68677820593609
0.462579447678406
0.481578889608747
0.60323309359535
0.507969597020395
0.428417310984429
0.48142492691652
0.460778795218994
0.546991625132771
0.490464696171627
0.649694324161804
0.363070537066592
0.598995293212813
0.57525457258961
0.455704459147811
0.644136443386049
0.55658943147179
0.583992446795046
0.660114147292695
0.517157454188334
0.45271633581735
0.488354082824556
0.592034973902948
0.470264108547961
0.502822033011297
0.586435771740557
0.581974878613856
0.52900943241504
0.56958504913419
0.507607466909091
0.746965901245544
0.706983863526971
0.403288658031613
0.460371399855594
0.560036078684031
0.581570633901822
0.484903915375926
0.355056719001574
0.472482927654766
0.544342967154481
0.596525276356198
0.595911290607194
0.39709273570977
0.704653570310792
0.660950440283714
0.570917418370513
0.570177023807822
0.71643436137454
0.433554074335145
0.363944325143669
0.541153458671884
0.522830059339066
0.528469704769818
0.475800139281399
0.439300224804633
0.572015609755808
0.55640787394105
0.844252118730248
0.66979519327898
0.582995912723781
0.627261768074673
0.730616981795421
0.631395786808171
0.671798550546373
0.647163698543896
0.570115870728402
0.573036491660901
0.569712200352841
0.685712351200052
0.521670717084644
0.675084273032352
0.698673402926564
0.678529720283181
0.73675119470817
0.593042377641905
0.676217966171987
0.6258566110031
0.666767227126342
0.59555035233424
0.730836897308409
0.815512845938735
0.828902585830602
0.643052927487727
0.604365138099867
0.670102943603756
0.79516369125839
0.639618432157649
0.725277105825891
0.702993933106315
0.680809408323948
0.551542169643589
0.609712827190536
0.634786166976053
0.56832693166587
0.792219331108396
0.590804615857513
0.625689692655288
0.484116639334233
0.61242446093536
0.647293208241172
0.523317285123806
0.682576056410026
0.64763806750136
0.731920597692145
0.611357772087927
0.727826509473916
0.643474488901837
0.534782953028151
0.602504645244304
0.736903635291062
0.807310135614726
0.824796636519149
0.727076839010453
0.716643619673057
0.770919687250836
0.659528493119498
0.605881481824186
0.75927336489726
0.733664780987194
0.725552557309751
0.757680609413537
0.800603490248572
0.68161676019479
0.813475978239179
0.811996037393349
0.684028381306449
0.64109838200138
0.664331302862017
0.713530997283836
0.831390260183059
0.850180627518149
0.596680302388902
0.698609541475893
0.882016012921171
0.781067147162965
0.818139294861356
0.657749249527336
0.868131484510442
0.776801789740954
0.812041413607766
0.767224550189037
0.795969837303705
0.897935297282209
0.656519961302002
0.848027217055902
0.795232612084823
0.785572528317552
0.714288461529029
0.785295693244422
0.869893736915775
0.788370076297457
0.798633557288875
0.784876722051897
0.775908222962902
0.755756121471811
0.771938587994302
0.832056016899293
0.703493433623262
0.605252732328901
0.963318102168731
0.692656201930453
0.896564727971494
0.871682905602246
0.876866646551265
0.692934423911702
0.841152998433281
0.892829558800757
0.742557659285202
0.795563604417017
0.826020559409163
0.895941926963837
1.02348736610081
0.856020730040667
0.638612112565835
0.753966948507828
0.810012367750515
0.893675669273921
0.784500904015403
0.845575476343395
0.846743750569115
0.826288616082029
0.717446349107671
0.881786956405643
0.827113348688355
0.956955176323728
0.911059314847453
0.736068810141705
0.964944770132006
0.83281811484818
0.79947345868177
0.740285207189141
0.839604596096687
0.789252733953046
0.854336404999899
0.942274740556708
0.860841532905479
1.04807493520659
0.847156516888216
0.86308554287022
0.664577419227823
0.969772581485957
0.974273168164266
0.946919925628872
0.841863677198857
0.944816767801634
0.869606246797978
0.82341945432582
0.832794952029634
1.02630357719484
0.965930844318873
0.87614226560836
0.897453569880242
0.87358936751198
0.902754132443116
0.946861419922354
0.917074766197747
1.01594932363258
1.01448365117869
0.902176915984696
0.815926167995002
0.817955449741798
0.905382062216669
1.04068097293942
0.931331247802706
1.01382357651211
1.02607783872474
1.00630659905456
0.904872016919404
0.826686732306821
0.907629939106051
1.00404114075435
0.84755820411977
0.923808306683685
0.947252656651147
0.911746252990756
0.839479638228373
1.05590211730577
0.905653704597931
0.768584827747176
0.876053149256383
0.870094400945739
1.0084196344156
1.0158709744706
1.02752719595867
0.932728881929457
1.04578477807907
1.11012997587728
0.972317839236614
1.05739965012185
0.979605955099478
1.08787664261252
0.988758755906684
1.01398141013904
1.0106761021793
0.927253157790372
0.965410629318294
1.12162563097224
