"x"
-1.03088347215038
-1.12564346125023
-1.02649596046312
-0.942043438415991
-1.02719397244674
-0.985758451062132
-1.07499340498633
-0.961418006909405
-1.15828105571844
-1.02583371420766
-0.958407076752014
-1.03620290774961
-1.0173286529419
-1.13879305985876
-1.1217044404437
-0.99523264205303
-1.04713579756903
-1.10974468256835
-0.855693336595257
-1.03538281340184
-1.00645425082197
-0.889342346775304
-0.923789051880265
-0.984361352393624
-0.871332620459241
-0.860971639426164
-0.993370472806981
-0.870638466496509
-0.929965151664636
-0.86376691108774
-0.92837969735431
-0.922870357452186
-0.986169222225718
-0.83429676121409
-0.858970871333115
-1.04500125038656
-1.04687102848792
-0.948741701167359
-0.885509478831291
-0.9591341173242
-1.04535970989066
-0.80277085426768
-0.960115014674836
-0.988169540174977
-0.93791428121187
-0.930511846215717
-0.984136154817184
-0.925363565924697
-0.878700564395351
-0.969223098218278
-0.90292736792043
-0.944798497516336
-0.864954133510469
-1.06553237396574
-0.891785266895334
-1.01601220836811
-0.945865625835679
-0.732843559267072
-0.776246085816522
-0.889250727401025
-0.870974711691702
-0.8794787678893
-0.697505542996505
-0.874510378189758
-0.950422068562196
-0.8717349017687
-0.934628424957532
-0.982549779152452
-0.98712377419952
-0.829959974743843
-0.754826283235369
-0.883551411531857
-0.838486984693963
-0.849711042702632
-0.970447909345631
-0.875790167151376
-0.877369283765407
-0.63089079904712
-0.837243444028513
-0.725847082323306
-0.721398869164007
-0.744733834837846
-0.861475674704566
-0.899604773399534
-1.00109609668771
-0.816436131409976
-0.797711993124534
-0.890274587161653
-0.795942388982153
-0.881117433720946
-0.794774870979002
-0.846406668456997
-0.930806331558656
-0.806236425984944
-0.789316524162222
-0.730399470516468
-0.7322943420606
-0.723335446071417
-0.70429087114817
-0.729130945994072
-0.85329549215647
-0.745651092904592
-0.623854021594701
-0.889235498413504
-0.819217279283219
-0.784658293057113
-0.88044057785328
-0.793779093584213
-0.756381408203495
-0.696160788074853
-0.711095932662261
-0.806387466940701
-0.722674683204775
-0.868157395293765
-0.702778924557365
-0.914672292049887
-0.72319883146801
-0.912234957690245
-0.675459852209791
-0.879391184056397
-0.739556882337892
-0.806509238761488
-0.80412200872774
-0.977558996788317
-0.751280698807551
-0.849424867107118
-0.750951872657788
-0.632055556551124
-0.689640438136423
-0.679878257729372
-0.701331158891925
-0.793418030583577
-0.795202805730988
-0.896522919411943
-0.899256041797638
-0.796207064956756
-0.631808170324976
-0.61949091936141
-0.733141432227891
-0.675020028101405
-0.806296832468221
-0.488711735411036
-0.685126263407645
-0.76201446215066
-0.622342220583503
-0.517344546622052
-0.882950720709994
-0.552373260696539
-0.687076821330678
-0.627512299178341
-0.784407566938489
-0.675455960911311
-0.794574443966163
-0.74774339686523
-0.596150358783986
-0.637973467523558
-0.589443462117643
-0.62653663871341
-0.595311351349442
-0.686050224444837
-0.626597952141061
-0.710602186320418
-0.600513115474932
-0.538099223875089
-0.650569761816056
-0.610208142943143
-0.711502191243084
-0.597994114474916
-0.587403026177861
-0.686537576733934
-0.764773794721011
-0.608704711469293
-0.658962626848102
-0.642620629578388
-0.574256141867273
-0.498837742169895
-0.578710854505739
-0.594767596738728
-0.628844059565329
-0.670848268735564
-0.734239957877934
-0.692233328607593
-0.427274599862413
-0.605148815315472
-0.623719021642381
-0.696371238134448
-0.581420744438136
-0.584058647298185
-0.737562243585862
-0.590241159523811
-0.693880277164486
-0.615359443704659
-0.732418024194351
-0.689694062323851
-0.530573114145361
-0.639207036480043
-0.643416954478022
-0.66404716647361
-0.706813049616318
-0.505447024350478
-0.65298635088132
-0.615912124991492
-0.66325180019468
-0.623309629414811
-0.586456447982319
-0.514771781811584
-0.670513142948991
-0.578742905018401
-0.631899902407048
-0.502245891541961
-0.495548937082934
-0.495099371325635
-0.582305955274281
-0.484106646611513
-0.514444261438946
-0.537855232471715
-0.461009553956275
-0.495168168053209
-0.598592927963674
-0.584392328580866
-0.560208332334695
-0.594141093029362
-0.611089838645989
-0.507260231805556
-0.413774047619875
-0.571357415743559
-0.475767904760102
-0.596125315429624
-0.528779275544584
-0.478258838077216
-0.420601880526685
-0.599539972608591
-0.48962491737881
-0.504062497757081
-0.524758488581882
-0.476666299067276
-0.553839980817266
-0.559562149335007
-0.591628436103894
-0.521460884390665
-0.590013611752
-0.570374196055965
-0.482314767868282
-0.63197660344564
-0.513079875071816
-0.527646170839112
-0.510238126983434
-0.557203550735534
-0.457555124088102
-0.530187430090037
-0.510503156425906
-0.591472344704934
-0.399266923601107
-0.622706969808973
-0.466840139322677
-0.549076060849272
-0.505852787270848
-0.520382853556787
-0.462202339536387
-0.492410673020763
-0.616379894920409
-0.628007215189651
-0.362398897669578
-0.556205817914475
-0.411198544363045
-0.499347178902972
-0.427572443112682
-0.503962257533857
-0.41926332118074
-0.394448184837644
-0.324537259475124
-0.44932037189811
-0.585218431860666
-0.449921658114009
-0.420451703232651
-0.338594870083716
-0.484135032584617
-0.475739395420997
-0.528762804653298
-0.442111151333734
-0.484081203609237
-0.526028691175397
-0.30543260409618
-0.408781458398352
-0.446893956488752
-0.383953708793316
-0.381946187774307
-0.33527810426155
-0.341021129585761
-0.347439836756458
-0.442587744678823
-0.290239495863927
-0.296020683521055
-0.532609111028406
-0.377130664215657
-0.412648067173426
-0.464337754096463
-0.237161142709373
-0.431818803947801
-0.424192795395523
-0.422853084836353
-0.371494567269605
-0.374714691479692
-0.489286555650948
-0.310138769715977
-0.383993410957404
-0.38596033112918
-0.468386152965207
-0.461593018446237
-0.366079868644917
-0.421089288474678
-0.320224441113751
-0.294133535160238
-0.426552887115487
-0.348995487475556
-0.336349161110754
-0.426375981285546
-0.185131211037683
-0.441870216221479
-0.24594146927224
-0.361955250091484
-0.406377812706497
-0.394737357309305
-0.391769933431547
-0.360877654739105
-0.457019289400587
-0.1404818849365
-0.338745527964113
-0.350516607323814
-0.169827981495006
-0.3487268032912
-0.266339966862583
-0.358163361115108
-0.319102556930349
-0.333947926456166
-0.445719198714742
-0.341848651898044
-0.391704752635502
-0.419875316391873
-0.234338810048762
-0.342588312149912
-0.375673949332061
-0.252093165448279
-0.437486441268278
-0.366534071867416
-0.258597202232775
-0.363360353383597
-0.478690341667765
-0.420000488425413
-0.226172282876882
-0.302596519168542
-0.295851225925158
-0.199515484001241
-0.270031741500843
-0.225922183346849
-0.25848192696335
-0.312749394032546
-0.277345574919789
-0.419365992428983
-0.218292014087338
-0.389936082736976
-0.403689233240076
-0.286140816202429
-0.279394067282131
-0.174029184698384
-0.424356699651341
-0.289562551728521
-0.320042898556776
-0.150829544731055
-0.199196536141604
-0.236442305790248
-0.298617300307067
-0.272656718552352
-0.405469936195781
-0.251848401027169
-0.202924436134796
-0.305692716717127
-0.257324123924928
-0.338456523051909
-0.39391685581342
-0.287099778394668
-0.26088486106012
-0.384953586649537
-0.235070993910606
-0.341560578589261
-0.322022322193046
-0.376662776815311
-0.184234490025992
-0.214618288545921
-0.210123966484378
-0.191408842869369
-0.159575816600035
-0.268561138751612
-0.0693368668120596
-0.353835269016108
-0.235941811331535
-0.208179407116191
-0.13817988474681
-0.290746482818293
-0.318948832362945
-0.247428307388838
-0.110062435211093
-0.216975744976442
-0.295436095939037
-0.343575859356057
-0.0524012591035791
-0.0780245462077302
-0.361073257596588
-0.202406885225043
-0.211909530784198
-0.298827312240611
-0.0540527642072243
-0.177035286868445
-0.238121312260994
-0.220297429354808
-0.151732642638231
-0.22441550831293
-0.192329803106584
-0.0754551022698591
-0.160046575058943
-0.0790250911800604
-0.179957219262565
-0.130751475730849
-0.186918932860879
-0.212243609268949
-0.0675002437112514
-0.0880421998186802
-0.168082474210649
-0.0925351168736987
-0.0196625299967799
-0.0842866071842231
-0.0967341702488734
-0.267261141151617
-0.154364364734468
-0.0750389924859208
-0.0576338906392602
-0.0804655668795213
-0.0508783015085764
0.0613476508650329
0.0243805610701181
-0.23642609378645
-0.134999442918989
-0.0614660590412077
0.0846906858165309
-0.120182974261178
-0.0641724555060557
-0.16829164261469
-0.052809593172442
-0.071335655468853
-0.285818838578949
-0.122919227409576
-0.126595791541748
-0.112384779026785
-0.207670459511975
-0.0345340507567969
-0.124975533324519
-0.0331135481732396
-0.0250608249544155
-0.0380596567499083
-0.122905240171812
-0.0841450367901835
-0.0177347670685344
-0.0563824815919981
-0.0450150753664718
-0.163290337262024
-0.0942110705460132
-0.0347840177475024
-0.135887396057241
-0.126810454741932
-0.146007640489658
-0.0794628157341058
0.149306193716597
0.0802868696786649
-0.122183872642082
-0.00458391255209006
-0.0256596034227163
0.0505517632579504
0.0976057563472388
-0.00809355882397073
-0.0645232898143234
0.0203210399515241
0.089788801589861
-0.0184036472762288
-0.00553410978204535
-0.0494762638126523
0.0379356818847277
0.0555216285271979
-0.104512727549631
-0.0806201455138297
0.000276123626899114
0.00165715081417988
0.0279852062174207
-0.145799990701308
0.118418184402287
-0.0430857052629808
0.0701532914832563
-0.0275464599708318
0.0412353703218297
-0.0693257416303158
-0.0443535304635973
0.011082485651049
0.116433056742635
0.0438497580980107
-0.0411046388331496
-0.111292745560652
0.206255118594878
-0.0117691912484756
-0.026106927246795
0.0920063657399884
0.144289649678562
-0.0266158236361804
-0.0318111267073299
-0.0724590802487809
-0.0107341888355128
0.128930394745286
0.0539769883830467
0.156045501686633
0.0575329584342334
-0.0410836368635944
0.222356770640637
0.126170356375595
-0.0567730680310857
-0.0980851633186805
-0.0564750897910853
-0.0869702987496961
0.0597852950066548
0.0925015736551452
0.197297672886292
0.125588741019348
0.044042618596193
0.0555136711716872
0.0566995692713568
0.0558969543408366
0.124376055791447
0.350275766831546
0.103767718402705
0.0548545557509003
-0.0316352013786523
0.0598892060522151
0.0751545308614564
0.135493727891972
0.168389269529987
-0.0413945797163149
0.091608153375336
0.203351156317712
0.0760953776089102
-0.0350366571898126
0.115384268557832
0.0424803023902792
0.0859911751711602
0.121084089325048
0.114090813562861
0.148575938009461
0.0645665747784902
0.0647506281472477
0.0803933657652793
0.0330907958075165
0.124219582727835
0.136085881603716
0.108476502854183
0.199032419528686
-0.0437675112674021
0.0945902231641308
0.172902402635656
0.248231456269894
0.0415498416466989
0.0391676489222668
0.202471597850263
-0.0238482286466685
0.203339986823144
0.0151703737452895
0.259715443673075
0.179326276277262
0.126733931846396
0.118470814009609
0.0927874190626002
0.258709629605235
0.0682424207119126
0.23676002835113
0.0286057952566308
0.241955065755268
0.218288123931468
0.136356126598412
0.0826901862340233
0.354614655808482
0.237396890536045
0.238647885921863
0.191234176236808
0.0727242626180036
0.0551647048460532
0.13128749982214
0.0314249659669854
0.260161814457223
0.287083207891379
-0.0430036237448484
0.250884364836778
0.312243816314859
0.227674887113801
0.226692540437301
0.189316838099482
0.146052694221235
0.18245333105812
0.275414476445608
0.0897718363223148
0.314828335637022
0.314179534432962
0.192599105552614
0.240467438152676
0.229264371131034
0.268758210913145
0.300061036956064
0.0940604964262129
0.189297191495897
0.271196123021212
0.258865259142605
0.37311521108792
0.247853779866251
0.231541807474132
0.286739622408045
0.252708165583368
0.142289633763441
0.256643797909423
0.300561889888031
0.0701485328510786
0.202458121638289
0.246502848317131
0.369546782235602
0.178243930837525
0.357635884568176
0.380795462148754
0.269011732968051
0.138555719409129
0.262312263600544
0.262254195516252
0.334450089209161
0.192495989651359
0.383429515651249
0.424563636193172
0.267826320886542
0.248993855140028
0.259878228172212
0.224247207467024
0.418316003930496
0.453229973992483
0.333298984937255
0.212917457860616
0.135480613517741
0.453856066360115
0.299887109202649
0.213911753846499
0.309666071464718
0.25201526006603
0.408591496204423
0.25436476091342
0.28012009477661
0.249752282986976
0.254201642764093
0.384066018232897
0.297194137337316
0.473045962201026
0.3021127681749
0.397930186965259
0.358396330242386
0.375482370818887
0.310869386797786
0.246951210830018
0.398150837962379
0.334733314023651
0.45234814973137
0.317949657164852
0.454129056421996
0.345308384090955
0.27773380852126
0.368248820456483
0.47559168516314
0.459175058210785
0.403462531761321
0.369234730957269
0.352965542268322
0.307311850982569
0.178843512204311
0.428482299915938
0.200401336942833
0.207970246074415
0.434218795039426
0.450739442361974
0.404647641564154
0.368983379612427
0.352141567518177
0.366069852153223
0.368450060664615
0.346240016679004
0.333900339417484
0.360927511242328
0.390586581885529
0.34207458656297
0.270240741501499
0.344919269072028
0.447040457572885
0.367593796136976
0.404062858877261
0.315179130896183
0.36336168990079
0.312164373096118
0.229715448948954
0.562049775105628
0.454956821492468
0.329698405385483
0.4078903916197
0.511620661361592
0.421514102352678
0.458142909109145
0.336879349672374
0.34607259502219
0.407849682140433
0.365620313512048
0.31514095877408
0.412224686262299
0.295765762530722
0.414425524883144
0.52455413782944
0.462676210527664
0.463072909006014
0.46624138138045
0.529711131625341
0.448958684200381
0.501358861244881
0.395356808357283
0.621925201057768
0.376436690373701
0.541477559262739
0.426073851902271
0.409939547901614
0.499919216705079
0.401696134608614
0.536684870327729
0.48995732576537
0.321003537538496
0.383959160102093
0.429061241972601
0.370836736617159
0.583611860876563
0.626788773546198
0.684057386947278
0.449425707873854
0.482942372865365
0.589003203860513
0.504870513767575
0.417695349758098
0.499827570951772
0.446934691365615
0.53389499928738
0.497194792729051
0.66059261163301
0.346881514779875
0.596741439079546
0.580450029569729
0.47758247937147
0.652444396713017
0.567715431409928
0.57858024545771
0.660837716554676
0.513336504312919
0.455941039957691
0.477376616223293
0.607164627805438
0.5011595911749
0.474355240607128
0.584840178861766
0.560886929896048
0.512609407169284
0.568474151195907
0.488275254266161
0.746363715000658
0.698176557287177
0.423110075511877
0.465499385227442
0.55904578498279
0.562623667798155
0.48144692531251
0.356938254413916
0.459463298178265
0.544163738232036
0.569517325861109
0.60551939005649
0.417318372439833
0.674214881154909
0.647553288351594
0.583817398340409
0.579529437353823
0.709751114898221
0.428521572385929
0.334091122031674
0.537533173671461
0.533297271452656
0.543562430892123
0.476992652587088
0.422119548481846
0.559878463042471
0.565021931680378
0.826462050598159
0.662011821488501
0.564446361565692
0.624721347958683
0.715355077784237
0.631160039497339
0.664645533409218
0.673647967493503
0.581840909486086
0.581562076508012
0.559413772889596
0.692194668614321
0.524303053578249
0.688026468974677
0.672285412359103
0.66460288323293
0.745486892985638
0.591354422483769
0.688560305795655
0.63492624940455
0.679665639523467
0.592199277658088
0.739554449119109
0.824300320677503
0.832987431243804
0.634601616168293
0.62378080890318
0.667531866634619
0.816220582194566
0.646864831983323
0.73962112819154
0.703215658943931
0.683195045541926
0.556658937491605
0.624926445420691
0.645953228111625
0.587199844319267
0.796365897160595
0.584197386870943
0.629987082129093
0.473833033801779
0.595609772254793
0.641961946294819
0.512549127179043
0.665147511906028
0.656669004486158
0.724340759653315
0.625793302022373
0.739497304437789
0.652540614505591
0.53107907326393
0.62578989739522
0.747187754652111
0.796563622309543
0.804219626347015
0.735774170113048
0.699948862421676
0.766117776009199
0.625362463205169
0.597956817064928
0.76400921232889
0.748191572780895
0.747007892557959
0.745576394196049
0.805205943210362
0.694649476695131
0.806333944478998
0.821513298853243
0.671242374654018
0.658862299782545
0.673325179064939
0.71788804802503
0.848285197650904
0.855711283961821
0.594076639680723
0.708609287628051
0.884571053083254
0.784490921934659
0.809123910771216
0.657710338532847
0.877383124822266
0.787441948135638
0.782079497363916
0.775760810603858
0.765754357276012
0.910099700059944
0.667702791746797
0.857560796838104
0.80169190717859
0.777901009633724
0.720951425995991
0.771520656649205
0.869802251636147
0.813069321133483
0.810415482886231
0.801710521502547
0.782444555235537
0.753308779517017
0.789035809900292
0.865613776381408
0.692288783250914
0.590743302831969
0.968444283603852
0.706045531072848
0.88192236192498
0.869191227936657
0.862744637745089
0.713075640519476
0.815933253077505
0.890631736550956
0.736781665977433
0.830901855588833
0.841302139657927
0.895151206501747
1.01756153379757
0.867403205253247
0.644418045336511
0.755356123012508
0.805846340364022
0.909292025340193
0.789540757965562
0.844006231279177
0.853568285600287
0.834574544125674
0.692137358692004
0.894221697635634
0.841184335764593
0.936543215291289
0.911791079266819
0.738185352173085
0.943340445241438
0.845130631105539
0.814180565348061
0.725288091935623
0.832717115693691
0.796406714059254
0.862971142077656
0.942721553511449
0.873857524193223
1.04688432297891
0.850185957896912
0.872001647835864
0.671962158832879
0.984854855643956
0.961665235558186
0.958500502837641
0.852831286483286
0.920943021864703
0.853736410755273
0.822136764637778
0.845050671689624
1.03856782098778
0.933694310974271
0.860353507452298
0.91715666313089
0.861819042684707
0.909887014916156
0.971972126965138
0.953732650648586
1.02279082401001
0.996620379658161
0.902588862620827
0.802667672019608
0.834745116640546
0.902392703681287
1.01162434917042
0.929175434112062
1.01879208325629
1.02856302275851
1.01970318764445
0.900541992658666
0.83582127587784
0.893877068855459
1.01615753648405
0.854487525240313
0.938369938557354
0.957689979230591
0.909665170622181
0.854664386169195
1.07747649168533
0.900360344044456
0.773125433264799
0.884518760230098
0.894084843780046
1.00361155811302
1.00955199886067
1.0496667466628
0.941575248241421
1.05832187403922
1.10632229120527
0.983944561895787
1.0641562752037
0.996656001778431
1.08773178696285
0.998191559680783
1.01825212540578
1.02419835707107
0.927213764156246
0.9378937001813
1.13090357427558
