"x"
-0.95140335934974
-1.01494686940174
-1.13576767951921
-1.10460940385932
-1.04436713156669
-0.999497100728776
-0.916535924145471
-0.875839344299936
-1.04671323970111
-0.945791397462701
-0.938122221858227
-1.11443953749211
-0.934591819902365
-0.860870017223548
-0.80312253464197
-1.05780584877085
-1.07078508674642
-0.917416434747915
-1.00024959938187
-0.799754685826485
-0.820067149866841
-0.869722765414339
-0.959472038820873
-0.964297293803703
-0.824270990910013
-1.09687677899856
-0.97224428890426
-1.11808863444687
-0.960034976015307
-1.03229755858158
-0.909270823514746
-0.889154301230419
-0.964419925297918
-1.00393377216227
-0.894829846853533
-0.9874716819232
-0.881788781160996
-1.07694807622562
-0.861623634629839
-0.922758601787826
-0.958787552588113
-1.06323494922355
-0.957221861698267
-0.972321422565286
-0.882068912871571
-0.954510054942057
-0.886312957590959
-0.678060377151069
-0.870114560943091
-0.952116853529326
-0.997048230714146
-0.912025298550761
-0.828218162214548
-0.815050112885525
-0.923655599483032
-0.918500439610369
-0.819158497792485
-0.887309624780336
-0.8799807331642
-0.785538125627361
-0.864445393635017
-1.02409432393733
-0.868571180521244
-0.845563509091289
-0.89373484686965
-0.875220454001567
-0.801550541756122
-0.86457708243383
-0.834228976114281
-0.977859398044278
-0.695297491832633
-0.739644463357251
-1.01176128557549
-0.884252211702733
-0.785817687991907
-0.859898671978973
-0.964843549166938
-0.723826791693388
-0.890938219180625
-0.774617966083342
-0.829935281684103
-0.754008535569037
-0.974803687569122
-0.767019847876355
-1.01439542260999
-0.809960468796302
-0.999390893272996
-0.864061962834295
-0.747226074641858
-0.742450758854691
-0.784036536927546
-0.815477309179636
-0.831051860097384
-0.823900882795574
-0.802431719572478
-0.795428422552764
-0.787542223362573
-0.667545178052231
-0.908619562145688
-0.74231325808434
-0.740431616602567
-0.829886869455547
-0.598349625195432
-0.682428408768702
-0.76459374899966
-0.804274481585579
-0.709576289591472
-0.690139834340338
-0.836384398612944
-0.741419736752307
-0.594546959287268
-0.847849557361296
-0.844552890472974
-0.779247298461494
-0.875806417313628
-0.857023553965904
-0.765577615004856
-0.746323442364848
-0.61526828509875
-0.763682447793728
-0.665313714412079
-0.894766037930298
-0.811133543119398
-0.848606649572388
-0.856399782987851
-0.684235477311604
-0.847664588124889
-0.743829563508794
-0.822235420185384
-0.684677976956307
-0.711493523256755
-0.740215702668028
-0.668316158336302
-0.838941135709306
-0.730316484565464
-0.773441209397141
-0.664890060355312
-0.812769352759417
-0.661152684509143
-0.632458372286517
-0.624341763149034
-0.572994444741805
-0.887278791671737
-0.559622820999725
-0.658833469345411
-0.760141996345613
-0.761069802588913
-0.709714270892818
-0.658541766110322
-0.651295344394855
-0.575218600090247
-0.573542096743251
-0.656068774925385
-0.778541167550606
-0.737377556598711
-0.634115686866416
-0.692322648988405
-0.596899870831204
-0.697219348263717
-0.647987741080038
-0.781343617567951
-0.62443752161349
-0.645284997928102
-0.558282379740578
-0.578667148281304
-0.748918895487678
-0.739687998221277
-0.625630785237571
-0.72553023092581
-0.738741052625215
-0.608034666429277
-0.638130790299161
-0.532306703912157
-0.673957182620262
-0.709841159330285
-0.639707140304392
-0.714738276717745
-0.640751231922857
-0.789425777968
-0.63257147984003
-0.747455969308386
-0.613342789725114
-0.657913593914965
-0.665365887777021
-0.677421563120546
-0.603490041411944
-0.620152440982925
-0.591516718943305
-0.619853722032421
-0.736246369993391
-0.633295710417151
-0.746859009180677
-0.508335422058414
-0.617091097278521
-0.651891944155895
-0.589311066633051
-0.66787017567037
-0.570015009656096
-0.628717562000186
-0.700013303380196
-0.69322384247814
-0.527851118811219
-0.572587085641629
-0.527114407238802
-0.677465500987273
-0.634084336199896
-0.403846921785101
-0.611850043569877
-0.471472791620751
-0.316081121046171
-0.509714608165139
-0.520428308193151
-0.632526920539033
-0.537280115943004
-0.633736193867546
-0.53178105140321
-0.346980108384162
-0.516524660491677
-0.709752512874238
-0.71256561148888
-0.614114706653557
-0.614074690217503
-0.413407602347827
-0.786256199037273
-0.719799365207653
-0.60675602231123
-0.462139210443462
-0.513135549760985
-0.391428693166351
-0.579084416838696
-0.65826199477381
-0.657417297911287
-0.583257772922951
-0.590295038663764
-0.540625842708445
-0.456077559881762
-0.713429302356673
-0.440725401183118
-0.542624163547997
-0.46197819233938
-0.544606308963053
-0.57894791141836
-0.502384675139263
-0.594069523294186
-0.586470891882849
-0.356791505811639
-0.532552837629339
-0.43677837005908
-0.426880567000937
-0.668147022055914
-0.376765369800268
-0.491429685112455
-0.419551764879704
-0.387373897748895
-0.626438773156314
-0.472564407965912
-0.496836633216899
-0.48237571075361
-0.458380090347374
-0.391325882704156
-0.593924938657677
-0.526511233573838
-0.2442285519613
-0.539958042955164
-0.627532246014037
-0.566287721695843
-0.438472360608922
-0.546177676810207
-0.553337147863703
-0.484330273103647
-0.478396225576676
-0.344776817834431
-0.423817738997588
-0.398330665574116
-0.435294529948287
-0.665812670480883
-0.457234884813629
-0.481060376542836
-0.421703471358733
-0.458747551525707
-0.417901442687912
-0.456885648637567
-0.499831215450931
-0.412253292308436
-0.4692692732602
-0.485579581408033
-0.37479250555472
-0.415842497295589
-0.338623437838357
-0.635339319982819
-0.479092044859693
-0.386597039974685
-0.601071142375695
-0.440116657053804
-0.381561256236714
-0.436571965626507
-0.439279483482433
-0.463063299930139
-0.310392520303683
-0.533651633693973
-0.462936552526374
-0.448803833125323
-0.363049395979596
-0.408297387614668
-0.223627843852495
-0.376083393927217
-0.553185217341303
-0.201066337960116
-0.334683233240437
-0.307406390616019
-0.34006281095515
-0.335802195565782
-0.388290864389863
-0.224399340016553
-0.422223619528455
-0.35099841750259
-0.336363364445961
-0.170417362832426
-0.447981001864062
-0.401742825084071
-0.322692488144732
-0.363161319450002
-0.312127560665074
-0.438070627114387
-0.420371547924697
-0.413722562523572
-0.197321831792107
-0.285725996287642
-0.379220521669395
-0.450118147603073
-0.182554221418728
-0.228062670572485
-0.299395627999442
-0.295323309063866
-0.308701828280863
-0.367478406813041
-0.278260610329488
-0.267119133564546
-0.319862995321832
-0.22380200204822
-0.300656177130544
-0.276188817186503
-0.345880790978349
-0.20433604699801
-0.35115071246716
-0.362868553869186
-0.274543255850298
-0.395071262300244
-0.271397507751746
-0.429019618269744
-0.195139773471314
-0.296214917378928
-0.311204462233967
-0.162915163924782
-0.409569725427001
-0.288395874901186
-0.253058235160439
-0.319227947441623
-0.237078359133405
-0.259192573085769
-0.247534492900481
-0.35482355172066
-0.290424104070154
-0.129595395051224
-0.181826979371405
-0.271588543964732
-0.30554890259361
-0.212715629679528
-0.196901081257548
-0.27984374218002
-0.230726341458969
-0.27068942243465
-0.149999905444443
-0.138705253975239
-0.287829707526588
-0.292344055502355
-0.169308816081222
-0.320600678666638
-0.157896809159931
-0.23008187904214
-0.246815144718652
-0.292915398569252
-0.18132541863492
-0.199304137410203
-0.176535327319905
-0.251286210191729
-0.297581656257517
-0.253601681115588
-0.249271288674139
-0.166576813693223
-0.282942089753112
-0.148564066396205
-0.227562368104311
-0.266622937769262
-0.261208337501513
-0.234717435218566
-0.0440370628357162
-0.332776254155141
-0.238423431262745
-0.0328402203673262
-0.141643490172305
-0.343806137840952
-0.0655112128083992
-0.135649330443792
-0.287316597650599
-0.270944906349385
0.0207368220771062
-0.326623602584333
-0.232405979239622
-0.109793186236979
-0.191058089827743
-0.0959969365892841
-0.178597845476697
-0.167535626726865
-0.127148370101707
-0.148540713786671
0.106621220493709
-0.0409143068699335
-0.0698382838171588
-0.195760509128381
-0.136538265504572
-0.134336133086922
-0.148943309345037
-0.135954328737818
-0.133216481119014
-0.180513242839485
0.00256460263257872
-0.0573488206950448
-0.0495852390375102
-0.187601241483849
-0.232858852935186
-0.186967927292894
-0.0844077565318123
-0.0809951770060157
-0.124469175970642
-0.119714377164384
0.0559779531190151
-0.060780559315627
-0.120418303071045
-0.102946619214307
-0.107159930028764
-0.209899856862908
-0.277494956347774
-0.194457082701695
-0.175093017257043
-0.220800419111862
-0.159255363996508
-0.281520599719401
-0.213439485882638
-0.119441529141899
0.0488179057651859
-0.0900592873303504
-0.0280263829652594
-0.13090137415674
-0.029257891761927
-0.129461058324316
0.00913659235927806
-0.125185169354222
-0.145234230838113
-0.155864885829989
-0.0449946112952765
-0.0152357200117925
-0.0825906656889714
-0.058627458972661
-0.152996341864129
-0.186843054732749
-0.135269860260501
-0.0296975427390504
-0.0519862230613961
0.00414193750545497
-0.0732007975989298
-0.102639210415318
-0.0160110587472389
-0.0107742589390761
-0.322127105326523
-0.131567176848973
-0.233766412091922
0.0284124801103657
-0.0742434881062905
-0.0375237568574205
-0.0195162371430566
-0.0959447824213759
0.0507320293693592
0.0266106755771863
-0.0504330265418218
-0.0167426865815177
-0.182959953151752
-0.0183417575187091
-0.0909388955752389
-0.196653625815718
0.0200387769726846
0.113521817001603
-0.00232023366198534
-0.142104780690529
0.0787906037181982
-0.139685214593816
-0.160083209267444
0.0291155011706532
0.0166769802752711
0.0139934519912753
-0.0455833921220772
-0.0344531591710238
0.0374154375283742
-0.0153144312455048
-0.0714765506402999
0.226265540218782
-0.161889396355601
-0.0431114696935722
-0.0497178176015765
0.038539107855569
0.0497031099585124
-0.0540520799297119
0.00517010565471574
-0.146385566458015
-0.0399292066428915
-0.011709616881111
0.0323973940503023
-0.0331603654714192
-0.0206603473463383
0.179218217339527
-0.0876824462446657
-0.0330790160964541
0.0276805516880744
-0.0717872651603709
0.00638190255361207
-0.0429277220658129
0.192663759157573
0.100648764859778
0.0711862656369771
0.204484339700207
0.0290373510140318
0.0297875464643104
0.157301070887236
0.129978938880298
0.0843077013535359
0.196307479829211
0.136990675389106
0.0758557488830395
0.194080190975485
0.136183644878823
-0.0816272558808698
0.122645035888377
0.0738592395326082
0.0296695795964732
0.00789606940643703
0.106283181104858
0.0950310041169564
0.129037207496881
-0.00887931374615979
0.0973418842198423
0.00045084785111103
0.195967946062983
0.117321772319918
0.12648921992774
0.194105174544595
0.0482379539484429
0.147547009581628
0.164565443865383
0.120953756447429
0.206015996119558
-0.0110440949819927
0.018633087894511
0.066831764200077
0.030388568896385
0.372702338369259
0.263632236091421
0.231515172497611
0.0318203144392359
0.172683692797872
0.0140128590912601
0.141957941317915
0.241842219486417
-0.00936686963500907
-0.00480984329020614
0.107366845271672
0.209193563738537
0.154720401155116
0.127758801246281
0.185275399742681
0.248162096630192
0.176752149745784
0.221921617286694
0.0836705400899068
0.16841391139124
0.0963955929639987
-0.0265431274796537
0.106884348325103
0.107581801149663
0.194934540705401
0.258710805034792
0.219276444254892
0.198322472254075
0.278685538098916
0.182112512508938
0.180418772937297
0.207756890808238
0.215129833835282
0.208785201592366
0.157901709619171
0.115574694313633
0.217776985024907
0.220093462992774
0.220438985495626
0.365934549815081
0.234191757642137
0.0142466971632554
0.218431652602501
0.22132586424287
0.359704187721119
0.140474851697606
0.261910902492158
0.284155398544486
0.149194142706527
0.39185680652182
0.296715148192566
0.214032250960447
0.270420983305894
0.145609161239112
0.315400263330799
0.447751917439284
0.375670341623081
0.14463697199016
0.272919058650856
0.244196211542587
0.320219042661983
0.285310897246981
0.386568189630947
0.192630116575719
0.330183124628451
0.323115563234154
0.191558346906259
0.209577794938917
0.253952972218618
0.352991528275135
0.235318155598033
0.424427919050205
0.297975525058614
0.454547452031247
0.245178911656647
0.266681739135948
0.289388857357051
0.273160435319812
0.213428888756259
0.245065952163113
0.222171585061423
0.374680064905801
0.418389759172018
0.346159121107911
0.225973690946425
0.458836109522513
0.531434214118104
0.405306421775337
0.342622723396616
0.375833575114485
0.0678065784394082
0.378371190594296
0.397207547192838
0.194700590352364
0.426939852833103
0.325736122245722
0.352930087949014
0.36666001124216
0.31293597379914
0.398951070245844
0.294219974730227
0.358062407408805
0.301049921831994
0.293178943987666
0.387252925238418
0.326395422941943
0.375047479458955
0.355785077764169
0.265183850888922
0.432303827023035
0.328388646610021
0.27009538467259
0.33379993008672
0.374789578143717
0.39173556809293
0.451963050116973
0.315359204876124
0.374877964597915
0.366833740502095
0.497166249924955
0.428788939680406
0.408821208918844
0.363333250261533
0.417750777928069
0.363111024893743
0.390482629600538
0.485677244098831
0.27728315736875
0.485357151022517
0.382163922647068
0.391903087583789
0.366608912345687
0.368407469036196
0.477872113844947
0.424003922869888
0.495389820735678
0.344913904451071
0.268359564718214
0.376594500038212
0.607277256291688
0.371385476664798
0.5706749390224
0.359858114437727
0.280973854588309
0.34274725872319
0.449348836878958
0.428798714316719
0.375836529764181
0.369297978175117
0.458812549535543
0.457905531626181
0.662111363239339
0.467489820126983
0.492426929241417
0.460567749244092
0.369641018450272
0.510566388850175
0.427915056076805
0.384507927917702
0.53642375661641
0.613784122806196
0.265868337879334
0.508080538347544
0.457036667806982
0.603123109298146
0.32648507924889
0.430155014197606
0.54749811583529
0.434756448818262
0.510999137529309
0.524325772671928
0.390066078468234
0.556933210307306
0.531902124416306
0.527124453175286
0.252678075495879
0.458001102497021
0.407634557207894
0.348189964582928
0.572700999222539
0.414499600959229
0.478391181529742
0.54748759220392
0.40909341601433
0.362551600827792
0.591162477735796
0.452434412300837
0.391338289626526
0.557359782019381
0.469539938096237
0.490806239511124
0.347526065420747
0.482157806397187
0.571744155661536
0.477774490986578
0.568459014310742
0.52260690384981
0.46381059469865
0.439536395768034
0.574258945637211
0.437430116081249
0.536345315148102
0.560446934903981
0.570276080884078
0.507045142779022
0.477620526264097
0.489674047912711
0.404200256171533
0.521975607658782
0.537380066902601
0.662618353973554
0.646086295428857
0.583340709694909
0.357856775931753
0.556649947656695
0.508442488894014
0.608621117836119
0.472326613206356
0.48034878412768
0.615730569707822
0.561478876091273
0.43640195551688
0.571881572944648
0.506705303329769
0.631211244430238
0.540695907012371
0.466001066002894
0.733433453454009
0.607938564673484
0.616025064653276
0.575026333772443
0.639732491880874
0.51836367940466
0.574249156050779
0.450120203443396
0.667312877943554
0.553021084644679
0.55622767595822
0.64623975731743
0.783574543213954
0.624095758767608
0.717457214313785
0.557118085590578
0.568976746273518
0.672917027494963
0.646547048226607
0.772464882018598
0.729962241074328
0.581103560063904
0.645526485765229
0.693454022143343
0.500034172431947
0.638273999231269
0.558262322505498
0.611116314851979
0.542989963941182
0.534816889944634
0.628951716988866
0.51171801215245
0.626396223457398
0.77245170274984
0.583048478207448
0.718954358272028
0.755031174599834
0.683846224965073
0.661001977824659
0.627041428591925
0.605204517049543
0.688368684606433
0.811324122751834
0.653036738132004
0.550581598928774
0.706741665725288
0.60431680182194
0.508828993140445
0.626927411731832
0.608521609248441
0.762006631778679
0.685393697362359
0.620168587934161
0.536508795856205
0.623523945386848
0.72227737881302
0.68934823287016
0.754540854448246
0.688958239184332
0.736159399409843
0.853185724224393
0.846467614870298
0.572383155582503
0.771900479771059
0.71143540332812
0.80587698146237
0.662900234371504
0.715076390866761
0.773030815822531
0.739458298761315
0.746194492371709
0.738570027865111
0.681305515792085
0.708725294219991
0.786898406524076
0.705879808340272
0.689205684613303
0.721116052530111
0.638597341080185
0.724137244375074
0.754787459430778
0.700262258427267
0.674488112669845
0.659813110789745
0.824595298619792
0.682724702517052
0.635248997672679
0.71603769229431
0.607777732306994
0.688021108950316
0.747435277341126
0.736369041250873
0.781239526576884
0.628894790950739
0.661567952694936
0.623316514212009
0.786857338751417
0.715619228837889
0.860258715403887
0.792330002136152
0.758702681265561
0.871653072701142
0.686892181908153
0.736258736032064
0.769547465133327
0.80446766789673
0.800569289505947
0.876539445242467
0.765253783812916
0.821359364860873
0.742251886825753
0.814929274655805
0.997568279121929
0.909308453947318
0.8392321547202
0.826405589799638
0.938247415225637
0.782451326562583
0.802396423972702
0.828888479847726
0.827865836118748
0.931373285068871
0.779247356740729
0.772872176700409
0.821547370556572
1.01174780617954
0.638018770415889
0.836492511875524
0.784986081597016
0.860341582044559
0.815768717180857
0.831230706988289
0.784687419190637
0.930562703347426
0.619737666859106
0.936966332066229
0.846057633839469
0.65744269899302
0.902522516378347
0.941863561489864
0.936322573982574
0.872869860574637
0.94935970470661
0.774172262346712
0.792053375295749
0.8872233529181
0.999220341748112
0.887454817441541
0.853453412445903
0.999070365318246
0.837385366195444
0.801797878171555
0.965507598088629
0.957833104619621
0.824886259496064
0.832838272146667
0.881458111370582
0.962592587443534
0.931841017483282
0.984386842273893
1.00056805359003
1.02217479011518
0.926584014496742
0.826525118470931
0.90009109753371
0.96867839004547
1.03966549715757
0.949904534087417
0.936892764266646
0.972514553941679
0.938152633487194
1.00123557875899
1.06909575839631
0.912004159992085
0.900273467414494
0.836074076577409
1.00886324468059
0.95657428238267
0.930940534791174
0.890322557234748
1.06348193114363
0.955326037992102
0.946304980737866
0.927723886008182
0.924190196063783
0.857448843409435
0.9264824513501
1.03847303293968
1.0313673497854
0.844559705678214
1.06030176524391
0.987839735992673
0.823425045694782
0.939574020262139
0.912718027304093
1.11103178121201
0.946901141879852
1.08576125203264
1.03550271063003
0.910194951009047
0.804247768249581
0.984155766365697
1.11506946070358
1.12598548903901
1.06083533288175
0.936318556775205
1.07955568072934
1.0386713347537
1.00554818475002
