"x"
-0.958045791679626
-1.03220520827823
-1.13480756604184
-1.10508309863385
-1.0436694915081
-1.0317305146922
-0.939318195251269
-0.877256346144827
-1.05544612122635
-0.952008865347231
-0.930157710135933
-1.0903142578243
-0.917213937485897
-0.847466148856526
-0.796218725726095
-1.04984146869128
-1.06242573755637
-0.922175828465932
-1.02492110867756
-0.815847350337431
-0.829433972810115
-0.892585274298696
-0.950759227330023
-0.977525632890323
-0.850008739580746
-1.10926919989689
-0.984777753778777
-1.11313793657533
-0.931771410022019
-1.02466492225398
-0.906212953834321
-0.871312847967967
-0.954738218856668
-1.01927403477909
-0.877625557144762
-0.994581853993943
-0.897679320982823
-1.084901149082
-0.851727423928356
-0.916163932353451
-0.943396500531449
-1.05358816167567
-0.95698455608793
-0.958361182795269
-0.885931646337271
-0.938369838979634
-0.895325593937572
-0.687608502585056
-0.869876131227345
-0.95292369935563
-0.985019001432169
-0.920970966227086
-0.831861010294745
-0.824428580395667
-0.90905099657814
-0.929982443641955
-0.831497365651959
-0.886502368475682
-0.872382187649712
-0.770470929503189
-0.8693247639987
-1.03269254479638
-0.881851898539518
-0.865199353963954
-0.898269426261678
-0.876539477361114
-0.802274514968001
-0.88827682395334
-0.835605820709298
-0.953665172248839
-0.692881971185771
-0.716641577144412
-1.03310348885571
-0.906790902005956
-0.777551571538625
-0.858750125539124
-0.954202678800952
-0.734051660458135
-0.897436884842172
-0.782035595535815
-0.812174010497442
-0.756984574076503
-0.985814929917017
-0.756793763812008
-1.03664863828124
-0.817187661632643
-0.999591451086433
-0.840766887440045
-0.751986637701189
-0.738512623140176
-0.764386389291747
-0.832768931218324
-0.823823116822586
-0.809871483631594
-0.795690725735612
-0.781255756899038
-0.761845810791589
-0.694787599100248
-0.89807624679776
-0.712504947432241
-0.748458639500784
-0.816849751590863
-0.593801058847583
-0.672985381363669
-0.762140052252365
-0.789718758186069
-0.72208210057424
-0.686918774430568
-0.832766373886057
-0.760098217049131
-0.597488695244549
-0.825794128608872
-0.842945778373838
-0.772469696239464
-0.868147527871461
-0.860278633436344
-0.772792692952193
-0.771139476716098
-0.613392123103111
-0.770600625116848
-0.643130997655161
-0.888078500342798
-0.826665998067335
-0.845839472828045
-0.854536391572986
-0.679523753339166
-0.857179405067913
-0.744895721662283
-0.796740747740234
-0.679480282730137
-0.696258748665666
-0.720839600976341
-0.649075616096951
-0.842608955034336
-0.741512055339579
-0.768495237598008
-0.673437140353734
-0.789004556355757
-0.644302649638594
-0.665144506221032
-0.637165796645646
-0.577059958691695
-0.870454557334688
-0.569257253265867
-0.65588674305007
-0.772798454424776
-0.779684255981645
-0.702799923736486
-0.666078192320419
-0.639001062231768
-0.560032600369457
-0.587560793841788
-0.642992125862769
-0.779425834477037
-0.742714902859108
-0.641380857419254
-0.702986002140655
-0.60737039805754
-0.689129378551635
-0.659593659107579
-0.764373623667991
-0.619220274632644
-0.677430011765945
-0.556039284428046
-0.599841144081023
-0.731653687991189
-0.765222621216692
-0.635331641246747
-0.742139707612193
-0.744583364726746
-0.603899685841352
-0.623700135400677
-0.529103262220822
-0.689202395263442
-0.711226827009124
-0.63346871506056
-0.71351431054931
-0.617918449940251
-0.810461258768307
-0.65087864737879
-0.740580722801393
-0.608261196325299
-0.632588681673373
-0.687753647693453
-0.685102570606437
-0.60149979243276
-0.640391965207604
-0.57062422256618
-0.637504434625027
-0.75271912535472
-0.631773278544627
-0.750201999326541
-0.514357412976596
-0.626272396457134
-0.64975283254686
-0.593130534954084
-0.661826197857596
-0.562044031081365
-0.61640600252439
-0.701437800651783
-0.698736446825343
-0.51120417823009
-0.563793332155511
-0.520302080688579
-0.670764774952807
-0.630808516085235
-0.379663109889842
-0.601886088525596
-0.482853349618741
-0.300869497985482
-0.523354458529417
-0.517346455144822
-0.646655128082516
-0.526695575675952
-0.635847181613562
-0.544348773264776
-0.348345943451616
-0.510206244786628
-0.70331403038171
-0.710862191747476
-0.628594333415319
-0.591657588304268
-0.411011963403633
-0.786166494091822
-0.702023177767595
-0.602095305083145
-0.458933799467981
-0.514020401534221
-0.380578670118101
-0.567715840851986
-0.640539894386711
-0.662145458252012
-0.598440007257135
-0.576185721172446
-0.528122089575946
-0.456646702872805
-0.711046048931692
-0.451650098825419
-0.53574174331218
-0.470868129025435
-0.522014872011478
-0.579263041618695
-0.501378455792773
-0.591312863894011
-0.57796992396105
-0.364100229355947
-0.532858430212614
-0.433788183987527
-0.425371905683767
-0.656517726530994
-0.388493202775199
-0.480070511589326
-0.420123829283392
-0.409179352246706
-0.638967339361399
-0.493336971586696
-0.488032668033655
-0.494094971865457
-0.455970229804825
-0.400430099468374
-0.576896227486687
-0.506474568801672
-0.253187755147865
-0.531648694988777
-0.624946658125069
-0.555878016204895
-0.413421990648419
-0.552317877109048
-0.557446865671931
-0.47999188535659
-0.482972174379113
-0.354326240675671
-0.402661883153726
-0.390960838087455
-0.421663683881807
-0.662312257620138
-0.464692797404987
-0.487373175311076
-0.44642015906708
-0.456028950399002
-0.42495767233099
-0.452550459701008
-0.496405231399115
-0.425251202844198
-0.475103348084751
-0.492739584075949
-0.372671547429114
-0.410552679342844
-0.332153088164677
-0.649303585293367
-0.473496388205752
-0.406522984169301
-0.571741493567191
-0.450784581811935
-0.365173109615951
-0.442634259783962
-0.446705576732665
-0.467617537705135
-0.33235730170871
-0.556606162474947
-0.474395219767165
-0.451079613236808
-0.355288824431078
-0.425563030684249
-0.244829191020757
-0.368524480161698
-0.539222795410218
-0.182817845842358
-0.32220920034566
-0.319776192698202
-0.337710956031366
-0.330307577623671
-0.382401979187416
-0.231141056287068
-0.420253412862884
-0.359002740942829
-0.347493915913255
-0.180885915036698
-0.452685561003026
-0.418310511287459
-0.305558471476089
-0.358824992003142
-0.340702845881789
-0.432853042442014
-0.42745720897983
-0.401835747795841
-0.190540524269672
-0.291971402862412
-0.394947192369865
-0.491374094562243
-0.179643452570611
-0.20654111560206
-0.290407955342789
-0.304560525375587
-0.28712506461276
-0.362880860968944
-0.288481237922905
-0.256641186614012
-0.331477075942429
-0.229472402481523
-0.304947906897483
-0.248559901293037
-0.362875377248134
-0.211623473078141
-0.336128812559834
-0.377571711791635
-0.310078630898575
-0.386336646573255
-0.288125252770081
-0.40626326926729
-0.196711551677951
-0.296434342436704
-0.296563858001314
-0.173256846448699
-0.416278209227518
-0.298885599018595
-0.268481354497358
-0.300768676616912
-0.243471595625317
-0.265058648010565
-0.271600998718587
-0.374109643859414
-0.274984455770168
-0.119239194369941
-0.196318041209516
-0.283211757206864
-0.31661362486496
-0.226555002243413
-0.215659685600922
-0.285043143624172
-0.24568580797529
-0.260192892771054
-0.14032312155834
-0.143577668945652
-0.284558757255362
-0.264525271267113
-0.170630595454104
-0.315856416412742
-0.17617369976093
-0.238119105199539
-0.251716343964247
-0.333276700458454
-0.162611573901551
-0.203820195157541
-0.186032808326167
-0.25779746541613
-0.2874742215257
-0.251597619346638
-0.285635204621266
-0.164353060296522
-0.271958721607183
-0.15496997596525
-0.204234228298329
-0.270317979424954
-0.260455245030345
-0.233784632250533
-0.040097215885045
-0.325044123217703
-0.245536788110155
-0.0134465800073397
-0.145823941383323
-0.330880012168918
-0.0821110707391813
-0.150923676408778
-0.279344288831174
-0.256870462919441
0.0215645829245101
-0.319247006894097
-0.220319749157445
-0.0943630807818372
-0.203710244657528
-0.0980488669978203
-0.197683030185887
-0.197362629962242
-0.143823490909683
-0.120069392925169
0.120727110941229
-0.0316326880647402
-0.0693760270900271
-0.178555609283812
-0.137361083107807
-0.142506769769794
-0.155450918268829
-0.128295606696016
-0.135892973988234
-0.213983844757083
0.00444309469232657
-0.0501121128409169
-0.048745025819484
-0.184903262676159
-0.235189579949741
-0.162810740097083
-0.086591185739715
-0.0694930010117171
-0.124602067966086
-0.130977583523844
0.036588433356505
-0.0709207232358331
-0.119333298464982
-0.115600210091992
-0.111849224524827
-0.214036571115128
-0.245581984060703
-0.197417446016852
-0.173640715352977
-0.242262889880194
-0.143224996392831
-0.283839575314619
-0.199504394517518
-0.122695193603626
0.0630243703946825
-0.0553958494603931
-0.0294107429441819
-0.106821274665511
-0.049587681749441
-0.116201063101273
0.0136616242703941
-0.120140951409849
-0.136888979791561
-0.147927341448395
-0.0847065234575229
-0.0206401273350547
-0.0823466331538844
-0.0500192706541677
-0.157381185804304
-0.185129350593827
-0.140751431765781
-0.0139068956367949
-0.0380372921273551
0.0152951683006464
-0.0941979197163545
-0.104472427895702
-0.00937398390152287
0.00546603602449374
-0.334372929574159
-0.126563259601057
-0.242753405650565
0.0208643172240577
-0.0599848450626628
-0.0535875915489924
-0.0163455356334992
-0.108422171899109
0.0613833855025122
0.0130349982384228
-0.0454173682701802
0.00433421663965641
-0.167733212233161
-0.0588504308761545
-0.0787245332012499
-0.202596702189513
0.00327672920425815
0.12015075172182
-0.00187237882552124
-0.113690578861689
0.0561960141716228
-0.139479378735652
-0.164182216872302
0.0282452211470333
-6.89405338289644e-05
0.0227619838264166
-0.0452997542462579
-0.0060372673613929
0.0400918491318321
-0.0357504132816608
-0.0532256829451365
0.23287539072525
-0.156941601768867
-0.0329280628050841
-0.0469569180925466
0.0326048414600311
0.0299272179078753
-0.0526002772703964
-0.000674331990603112
-0.112289300297335
-0.00552967714839327
-0.0158007676449956
0.0728053305710999
-0.00681394974394818
-0.00174566751915466
0.183555699392113
-0.0882041007758348
-0.0371573908636649
0.0301451486171582
-0.0790291471642611
-0.00726372528847475
-0.0528652018170195
0.188244523885177
0.079018216705215
0.075455757270993
0.185497377847917
0.0535168979116826
0.0354627043599707
0.164165253961486
0.151559720016195
0.0913111803755482
0.199636530955205
0.113281428858189
0.0526591788167982
0.165932811942866
0.119315154044758
-0.0828853735108245
0.131927545080499
0.100643709464803
0.0370780668730707
0.00338997423740821
0.115708356641848
0.0882904801050885
0.122065900149549
0.00318328703425659
0.079987632635369
-0.0188239497390781
0.201252007520366
0.0963910640551723
0.114276821923266
0.197205310531971
0.0329233772766875
0.144533685422963
0.151776702295195
0.131052834287368
0.216870176569673
-0.00279381192975238
0.019939907031889
0.0541121995138466
0.052386616833203
0.375498094056964
0.243202657389241
0.237048068141231
0.0407372602208969
0.187644285093523
0.0132465681901429
0.136251976540644
0.265752922955793
-0.000881925187228641
-0.0309619595653681
0.105735457998736
0.203534047730824
0.156259250816075
0.128938196194809
0.1924406900963
0.260799191821449
0.187701799650231
0.230536931097653
0.0909971278042718
0.191390598293702
0.100426751435694
-0.0286923887381105
0.117968841728931
0.0801316595892758
0.17647055756963
0.259732941506438
0.202578890557193
0.187186700089528
0.271998638510106
0.172306502454976
0.1585262479914
0.187491665279855
0.23466620759127
0.20573692113521
0.157005173380528
0.124884175530527
0.227234405776932
0.229404790427802
0.228348165486304
0.358833772394142
0.221003279245773
0.0264367916375491
0.217777100881495
0.224518745539423
0.366701721594549
0.130404206889485
0.239269439710708
0.258499153779261
0.152975567193973
0.392613063217035
0.290614750401918
0.223374353603774
0.27820887100531
0.154227573203167
0.291601388449294
0.463087598090149
0.357371940603861
0.157944643790004
0.259599847494421
0.22741050725634
0.31315279431396
0.292752129931923
0.378564130157662
0.13820997683083
0.331349141193794
0.338485995865815
0.19322740964875
0.188116259580255
0.246376496427432
0.356222858966374
0.238748727664683
0.390195482640984
0.291366859145256
0.444125506444771
0.240758252734435
0.270405890225651
0.279616485473503
0.287138231201321
0.222247144563224
0.256127992018382
0.216074815366048
0.352720137178355
0.390634848091319
0.346338682694915
0.223586875627442
0.458080095058922
0.52425452395995
0.397887420655174
0.356580062312563
0.357463157508674
0.089381016367973
0.362854150809536
0.393517629570917
0.186308954270499
0.436309072502364
0.334836958532412
0.33555699343742
0.356117074258378
0.331924873353239
0.410447816566224
0.291282397838092
0.347786989509369
0.31167415233369
0.307197864760281
0.399479630017242
0.316193010441596
0.375285542076022
0.373146994051277
0.281541943790392
0.42492624404912
0.344071503140924
0.276422648815689
0.334451615629915
0.363409913774142
0.387287070135157
0.463775415978028
0.327012563719204
0.389777760306283
0.369456681609962
0.493340241161965
0.443994833994996
0.397682027044264
0.377995756335324
0.414194139486534
0.348813240344631
0.39958842789486
0.481247440937559
0.27403311674026
0.476876714281201
0.407517707088188
0.390285696422351
0.360694199074045
0.367495475200365
0.46115491125998
0.433045280598219
0.498064567986478
0.323580841996929
0.291021172886726
0.371994533798066
0.607737972639491
0.385261485892379
0.575736032007777
0.35030284370394
0.296536282985112
0.346097288573294
0.454149024096139
0.412380541908382
0.378695041880171
0.354401805431237
0.462235615130594
0.448524815890847
0.656772177956097
0.46432052406553
0.492899098366039
0.461737800590167
0.388089168996811
0.50155063788244
0.432933656220431
0.3610398692941
0.554486152584099
0.608896648708437
0.267521421183153
0.508242490656491
0.452264816427967
0.583145712628918
0.315046844045112
0.412536997728304
0.540864915216422
0.459989888924983
0.510470304715174
0.50386337053621
0.386333740350759
0.569422818548501
0.540529418883777
0.52832944886562
0.253548199552674
0.45528364800211
0.428293790687118
0.341080832199931
0.555305233880008
0.392731785585329
0.486953523178622
0.55186715097214
0.442272418538377
0.355715539723549
0.58205417712347
0.469977072271481
0.384191904533428
0.558985257743862
0.465557606683409
0.479715512338372
0.3384200282525
0.483925013564185
0.56006028150787
0.476171839328004
0.557249755831086
0.515070083112778
0.454658513463275
0.442310280195683
0.573227792841844
0.422187607330486
0.540346309909173
0.560492731106463
0.557318185877605
0.488324063269887
0.474291506599256
0.477886274536866
0.409344791583163
0.509937047749931
0.552047283140702
0.668559101167827
0.654622955784527
0.599507724324871
0.362991996055287
0.553907184595751
0.508609468054634
0.605966544546825
0.484635184696843
0.489851609575971
0.590598430358105
0.56988178150215
0.456452846011512
0.583177426330644
0.509298342088104
0.621574090484567
0.539598662840056
0.467589161773053
0.707164352682069
0.6233309633873
0.604846375210322
0.584290929202486
0.637184329097055
0.530073014308444
0.596477729243551
0.468017515511122
0.645990664555677
0.554104889641879
0.553332846243591
0.644784380385491
0.778376033652025
0.625717671507382
0.737220711397503
0.561560123082209
0.564089751251409
0.679381630324404
0.653834925470141
0.768218973993631
0.73128085065626
0.598718995438979
0.648837504264638
0.688257790400544
0.50732958687372
0.657505154737632
0.547635182838853
0.6037561688776
0.517243968660725
0.525112772836555
0.612937711317242
0.50862579478388
0.643528148303726
0.786526503454299
0.570784137655116
0.738735799742129
0.752324332712273
0.679289840203145
0.666773237547592
0.624534700323089
0.604793416832393
0.661444947017031
0.797332416000752
0.669506144711383
0.570757508635712
0.693519777548947
0.588954639548159
0.506693488584651
0.655555080177028
0.609102338939236
0.76293338708657
0.706643503791786
0.605927238026055
0.546239373694333
0.633747010308687
0.738672571540484
0.665954345345441
0.744686793085119
0.688449397559378
0.726517302643886
0.85000668995188
0.845101370405739
0.574548490759927
0.789508494294074
0.721265962767202
0.786534013380427
0.651180356188548
0.716770017205069
0.796519807337788
0.748944617492558
0.750746731748999
0.744056317796398
0.676646935559649
0.725445844162573
0.76346533597169
0.707482035941619
0.695713785361329
0.725956701726579
0.650538007092812
0.730090824482849
0.758656619271393
0.691415145768257
0.673574853840077
0.644098100242301
0.848241865584577
0.70021741171305
0.656896690209728
0.730022003466199
0.599841606316049
0.667505770304475
0.748386832417081
0.717995238437313
0.781086523742011
0.62680513326532
0.654413474852694
0.629460405358983
0.799875479097794
0.72149673099543
0.862678150146201
0.781844194397642
0.747714337663403
0.882250804152898
0.692923661942941
0.726879790161667
0.775793926649218
0.783747121918986
0.779712862422325
0.905569215838156
0.757162216271521
0.829973734857381
0.739475946671131
0.810849837373408
1.00824819848675
0.91507452836193
0.82066926307377
0.83885210981994
0.930650526924069
0.769809424064467
0.814338139694094
0.81421002954349
0.808968961198996
0.933583889506969
0.790878924322893
0.801810430604738
0.839567349108087
1.00033047809456
0.638506095772138
0.826578703849553
0.789011305413387
0.879970436135878
0.824782366035197
0.840088749664037
0.793616587763041
0.920081444207362
0.628331863597935
0.916937149548823
0.844943257453926
0.670203510665521
0.908619179444103
0.931261755187959
0.93311351013223
0.855346114383297
0.965942843290761
0.751083732797923
0.797966775006146
0.86839731083188
0.991502978221373
0.924596102630085
0.855002568923887
0.993295538440544
0.819756030145085
0.786753294997667
0.952163933697859
0.942992430698046
0.815346920481425
0.809891098357628
0.89823027251698
0.964182141531724
0.939477609964752
0.997408370573058
1.01827049413519
1.01445996958783
0.929308940524567
0.829250628720648
0.892542046250394
0.979235790689301
1.06919880460906
0.940758518231368
0.942623868951139
0.98412889599483
0.929859894766296
1.00892615533703
1.10526261321873
0.925868465084246
0.920100576406514
0.833441790589954
0.995748450520008
0.954227458645969
0.9412947554753
0.896571126284058
1.0759670986115
0.962167375915668
0.957176307699788
0.932071079079066
0.942381785892973
0.856037720304233
0.935349883893019
1.05279414442378
1.05093257938826
0.841101532290972
1.07180213906581
0.994829132042108
0.818975123231159
0.93465952767651
0.911225563239023
1.10792789657164
0.959537168357869
1.09580983972746
1.04069315157965
0.903556453632452
0.800054250564611
0.97977344362118
1.09562578460045
1.12556309461492
1.08227306958897
0.92891754714331
1.08853433036062
1.03157879394524
1.0130482074635
