"x"
-1.10856848781634
-1.00811877357345
-1.04981996361939
-1.01516474936122
-0.90549983515077
-1.00750339177148
-0.883668854307154
-0.985938567526499
-1.08593199975155
-1.08910923940966
-1.01772649114905
-0.961718595107075
-0.923031929429924
-1.05276598081942
-0.883430578439305
-0.967562963012126
-0.902864661976467
-1.00952031833178
-1.02740063446958
-0.92245954035584
-1.09486678600359
-0.994419482088217
-0.891970366278371
-0.841679362794544
-1.03351860714196
-0.909749478215695
-0.900426251764413
-1.02305884287472
-0.949272907898845
-0.937935509265184
-1.07138602567584
-0.857533927779751
-0.883971463637116
-0.803459017425863
-0.853553886565147
-0.885279656706717
-0.802985011282752
-0.907004296684552
-0.883921034435521
-0.963420466295199
-0.88685997176938
-1.07160090466616
-1.06747131075105
-0.950224291248169
-0.830422388981256
-0.933994280599673
-0.995008687379059
-0.857905764080101
-0.786714319123043
-0.912748536862048
-0.877397349773635
-0.896605042578536
-0.846166334227181
-0.843831345013028
-0.872542668257554
-0.833091984373155
-0.908578181461476
-0.82061106323184
-0.983443392807334
-0.938923860364026
-0.827819950115717
-0.891260215940656
-0.88315115001657
-0.842330708489487
-0.884260003016751
-0.924941124474329
-0.913678140161655
-0.813319961976407
-0.915223858647034
-1.03514964059304
-0.963027052358402
-0.898010729273448
-0.957642760191951
-0.802054443327479
-0.844019071688137
-0.87759715199555
-0.88803999530304
-0.893821384258376
-0.876243871535559
-0.671489561151361
-0.897541499187365
-0.8374472796686
-0.814166810100757
-0.860194206157443
-0.904891899496388
-0.843013055090068
-0.806530999537077
-0.860348473672224
-0.801527317542109
-0.918362399728692
-0.831018159530835
-0.72104273270877
-0.868366390218056
-0.832407468055196
-0.77131654844489
-0.860324632743176
-0.837517434089308
-0.728269834318988
-0.782836115465007
-0.718607880300991
-0.861435119231817
-0.752521775153197
-0.733303766980746
-0.694578185985421
-0.733691028655921
-0.896576016812439
-0.641662984542458
-0.711830230056013
-0.739983702993679
-0.813382487068091
-0.854072500384651
-0.86353382888681
-0.786036771269505
-0.812768607101176
-0.857416601191861
-0.822355277013507
-0.885340259196195
-0.585774126746502
-0.792728908481758
-0.744219436262979
-0.750128758853686
-0.870438979414261
-0.818140213673203
-0.574950582494964
-0.48778201755964
-0.659295845877107
-0.696943353118104
-0.747179753947139
-0.765253856054343
-0.807681210564648
-0.757106130974664
-0.729259637240466
-0.743488260919438
-0.720862380535835
-0.6692224442457
-0.773506279039713
-0.814715678478681
-0.815140984693144
-0.565567360488043
-0.692006707029344
-0.631359628005111
-0.701350780811174
-0.68462857314307
-0.67485796310747
-0.624116350991433
-0.747178469622366
-0.794325606984046
-0.753295762080782
-0.666219649738756
-0.571722408011338
-0.567325436329957
-0.661605153651364
-0.679650273084925
-0.590454005985414
-0.724151320841231
-0.683984002433074
-0.845927453069321
-0.786737997961344
-0.568260547569785
-0.643322237881336
-0.697132737083166
-0.683036124732234
-0.789922205761172
-0.808542082565359
-0.694652994520159
-0.812856131516046
-0.613901883929576
-0.542123763670134
-0.676272457526132
-0.536090815743933
-0.653340197766468
-0.614119383922881
-0.654854176976566
-0.603611829584376
-0.640855158349068
-0.652660386596529
-0.523472322735847
-0.59260826640867
-0.54920741807985
-0.72965266408518
-0.679219016673547
-0.692177519886233
-0.64967672091876
-0.609617376651156
-0.570494043170728
-0.587679664802356
-0.623328831254642
-0.686449430859156
-0.552286356898381
-0.701595305669111
-0.613304251540466
-0.61584865607242
-0.624621380310606
-0.441854015954487
-0.605159725161009
-0.629932111965304
-0.616284658612434
-0.652429138289755
-0.68287345707104
-0.523037596023286
-0.567366271120905
-0.587438617909171
-0.657201758186004
-0.619467503889373
-0.479435141267988
-0.64544067659688
-0.551083118838373
-0.549257941503792
-0.433157567345096
-0.548110138140465
-0.608668357378111
-0.511331637084411
-0.450753546831575
-0.529461410537269
-0.556693806634975
-0.507109309019585
-0.363633740189388
-0.544035220098117
-0.579632317703365
-0.521213245252248
-0.568190608826028
-0.517765294024584
-0.689863903038792
-0.545626761489964
-0.560396711693505
-0.423270532313558
-0.474468642769795
-0.679865261311731
-0.454776236299342
-0.543581139207616
-0.551723079825931
-0.608739982497245
-0.430528639033749
-0.551130564370259
-0.544707130111331
-0.528720153992943
-0.354768985742525
-0.445388213977202
-0.513371827291672
-0.517411819465994
-0.485501090031153
-0.532264507395763
-0.682765913937585
-0.569788680211082
-0.436619598422732
-0.699702759206208
-0.313403609346764
-0.579320684648265
-0.501758510185678
-0.551499256151023
-0.410151510304579
-0.635576978938941
-0.328429310152141
-0.710387320623222
-0.594164498579722
-0.451422618395664
-0.474090949614931
-0.527062053758616
-0.454337239531782
-0.487234258226912
-0.414338578082242
-0.507859364391374
-0.473140744519062
-0.284428357567635
-0.52535627288476
-0.62278564328933
-0.453592148195024
-0.412503969750487
-0.484546386451399
-0.477733336942802
-0.330100377964527
-0.380258239027105
-0.553603982027658
-0.569722285621156
-0.357828933865195
-0.355797039205827
-0.377464170049637
-0.412276933907224
-0.599976056067606
-0.489228899842304
-0.536507738895583
-0.301139301629914
-0.547599635243472
-0.375087331395844
-0.346900993260778
-0.323457535368561
-0.311826604044174
-0.630411652378362
-0.377181144450693
-0.523012002723123
-0.663334958035144
-0.334366266128563
-0.551027344563468
-0.456444411482167
-0.44482303579267
-0.421344524270303
-0.412595717088892
-0.445982499647935
-0.418979322422347
-0.297687737193077
-0.350851606433551
-0.535580581454476
-0.418129463923151
-0.510286896646297
-0.485155660433337
-0.403318534427511
-0.374874988472244
-0.287434157649569
-0.4542403744678
-0.311723457380835
-0.451707748750026
-0.390217112440577
-0.354902234098273
-0.416917216873923
-0.282080464870412
-0.46338120629189
-0.223906004611573
-0.220121299149953
-0.31718414725683
-0.488124801546099
-0.327703074126399
-0.446545521138804
-0.40183057275663
-0.354076451035607
-0.474557670963703
-0.306751304217961
-0.213048766372899
-0.323375748527554
-0.403274268826139
-0.320284205714437
-0.357835348943698
-0.340013927201435
-0.29987087148078
-0.149421492750331
-0.428559454646791
-0.287749304007987
-0.318915029363439
-0.393222455328318
-0.56177121397986
-0.344874758162205
-0.426432729340003
-0.170239801132125
-0.299330898360065
-0.346356532912628
-0.193661185014635
-0.127588408743543
-0.35511673279074
-0.151859102435828
-0.390585608544764
-0.286047617282169
-0.25410342573769
-0.402852852555607
-0.0726930270127525
-0.195230060412967
-0.350723012685453
-0.3071730687253
-0.33130689609619
-0.366554184394931
-0.310475056463695
-0.344208955620531
-0.253024972537671
-0.412365212818934
0.0126846300772203
-0.407898740592889
-0.212688356310371
-0.32952298004399
-0.298677884914841
-0.0869730106269751
-0.341064192663855
-0.311287064308989
-0.2621374094316
-0.106334375662522
-0.211085883261291
-0.15304183401692
-0.192546850445284
-0.195604059011372
-0.198619359803149
-0.230307243858535
-0.270442263616854
-0.432629537485837
-0.251858647361665
-0.293042652674191
-0.183512383298684
-0.0637705750881104
-0.327864766986917
-0.166125857223487
-0.343567197378934
-0.246376061753938
-0.28915160032254
-0.302299871251076
-0.2572087024903
-0.0692292037053073
-0.0985422981545974
-0.183460423824162
-0.250917168379976
-0.163533912322473
-0.274302123725321
-0.32909288062099
-0.191531659033933
-0.260552022775944
-0.200545572735621
-0.28481737229978
-0.129420598405964
-0.355385086898286
-0.189317816654974
-0.197718414644696
-0.274807337590607
-0.151916601795041
-0.197976254292095
-0.137259671159048
-0.162624316884683
-0.0735492019247949
-0.0253342556328922
-0.184275207264581
-0.12858460807924
-0.0322681930702575
-0.222239780422266
-0.239397372032917
-0.200444583969539
-0.198522096663144
-0.0717647760989254
-0.241358532060993
-0.1491028122735
-0.0542129967515016
-0.258683561565865
-0.200950403830391
-0.0633969155112007
-0.054701430881126
-0.13040578389346
-0.132205884379028
-0.134235064591623
-0.165303667173046
-0.284356059974491
-0.0954830117329585
-0.0714360071669353
-0.181914155016987
-0.224921639587329
0.0188915786610864
-0.1874956607744
-0.174591653396245
-0.0906931175766558
-0.0872727682082325
-0.0162132124291241
-0.0288721555435183
-0.144610447171651
-0.185685829830866
0.196427660793801
0.0233701649434472
-0.0643385212758694
-0.303672321020053
-0.210568591491953
-0.238401615701163
-0.147278800402184
-0.177940647361941
-0.0866495417231688
-0.170477717600567
-0.0331682972684855
-0.0904225642345289
-0.125765524882578
-0.120982858987107
-0.0596701674027105
-0.0391613639465119
-0.149105209110207
-0.143158079288736
-0.145459438977938
-0.032484884159241
-0.0168444524664141
-0.0799834757721314
0.0165193799257136
-0.105482727756819
-0.0420690709892774
-0.047085812936274
-0.149800899922962
0.0565920471073021
-0.051548045487682
-0.10819925455843
-0.0644306873199077
-0.0328239548403291
0.0412768355243272
-0.109405466526959
0.0704781590130862
0.148017967633618
-0.115118838665994
0.114910386746354
-0.0542419604354222
-0.0251636540921124
-0.0762730134981667
-0.0119491537483021
-0.0542877439372762
-0.142501182792141
-0.0169178837719551
-0.054268556653085
-0.0590462895930881
-0.0259072348895776
0.114069185754252
0.0768289797715195
0.0030542904130745
-0.0734733815387688
-0.0141449109076419
-0.0948691977442086
0.0220292575441518
0.129483613940214
-0.00592981811614339
0.00981383428054317
-0.116585984482703
0.224264115953778
-0.11069642857358
-0.194225172944702
0.0779160332929827
-0.00184258338624158
0.0621975810552083
0.0800520915125597
0.0301163477380255
-0.0341258526218065
0.0397023176463466
0.0512387431287874
0.0954939181066094
0.126147867676901
0.0842135294221791
0.0355623010949877
0.0791775356560256
0.0881213498547308
-0.102160035008955
0.188690340071614
0.0632597887622891
0.0319814227251632
0.145132998743621
0.103854597404982
0.057973790220538
0.00737755656694707
0.124173022471696
0.116315162781102
0.116199257684673
0.0793458003018283
0.196264349255716
0.0337872753618109
0.0407767890637836
0.00155122672106054
0.111173036388999
0.154597941792565
0.102578362368467
0.259254679562881
0.129582042396441
0.0268182712030821
0.0786182160554221
0.16438179336935
0.0808215534842994
0.0372605409051355
0.0225370088708695
0.0515395119036454
0.123246028749766
-0.0344377819520696
0.102964305725878
0.00398271643163767
0.188589271634856
-0.0527713966149931
0.138081439713388
0.16845140979631
0.1262744716643
0.265679984062784
0.280300786378467
0.225091709012834
0.159196101569331
0.131388064982598
0.0378685805175314
0.194448589639451
0.076627010195578
0.0431603034172884
0.18391163739071
0.0230633042680239
0.182812947785221
0.149367573393991
0.0430193751034611
0.127699091501992
0.191820180400238
0.0703957662005408
0.27759460306751
0.270769289780766
0.106026329626491
0.110868648365055
0.100850216536909
0.11723247192709
0.217285066391659
0.175384746173679
0.147350718910759
0.233643027976232
0.0670228982235669
0.349097290367402
0.204618565826575
0.141717115920278
0.203468976244885
0.1218730439022
0.194018934512695
0.283994106563444
0.0544848121480838
0.246253265156643
0.179326623391197
0.0351137590592408
0.155862610064452
0.108056111039599
0.245566404107601
0.130733996202793
0.283568477688952
0.266017349604878
0.11725878344922
0.408771649583339
0.290364821478868
0.0773292536067364
0.150170378105869
0.102525320143146
0.237230586584395
0.299287851778458
0.220095824512713
0.317915276543666
0.311610802366882
0.260688208844744
0.279222932451775
0.304208018315671
0.26695832738798
0.147512232569864
0.178395252531852
0.258204383344807
0.195693771844688
0.313989616330011
0.301383968515174
0.317200750590696
0.260383248379365
0.272709959301611
0.255154819020089
0.330537584258229
0.301576206970865
0.317366620094867
0.292045235830611
0.323929569649298
0.303632287115678
0.226776382662872
0.302637687051597
0.345074629648398
0.242063693511867
0.215481934959558
0.291246392477902
0.3411015595072
0.387605556713137
0.437683745339129
0.278871823104275
0.245471576862701
0.299177237267228
0.369528543633444
0.305984776053442
0.162090347101977
0.355839491657446
0.178935580298233
0.285160503928227
0.260064397256628
0.238328163343462
0.369505704145602
0.389614092299005
0.444990986880907
0.211713141049714
0.337285828610784
0.27457060200364
0.319198271094737
0.260491189173077
0.270560004178734
0.233846482131817
0.395247035773586
0.422407701347692
0.206884256097744
0.339542708551944
0.226513859743635
0.249057229828743
0.177650480159821
0.27233066917665
0.420229985270707
0.359235336987385
0.353622083060443
0.308065602765052
0.251441561026478
0.477890298016862
0.443410255170159
0.561566543943037
0.530684059975123
0.306678041214675
0.413122024990235
0.453392652735949
0.370647337791868
0.43877632263796
0.5162031821814
0.29040589785956
0.335148106405268
0.455575417051198
0.37200800538244
0.338531027516644
0.517038436855844
0.40022392429926
0.283376538001634
0.235287564279992
0.435320458690772
0.292966668785538
0.295833306427288
0.366907024668967
0.313476625639699
0.444889105596378
0.449340949427777
0.338853887693903
0.403377301957234
0.252620580751423
0.394670575078233
0.33623732869574
0.560100760470549
0.455060210547625
0.498129255451874
0.401621238446303
0.388119786257388
0.275582110138251
0.416512812778508
0.532493531680112
0.396005208373062
0.372530039737492
0.468761460551751
0.473744705328825
0.470896435784427
0.382359257206463
0.485217865399482
0.509537517438489
0.476610563663661
0.294211375711411
0.429400313614134
0.422229538982792
0.578921512743859
0.5449000918758
0.403840469141347
0.400576371874712
0.479497657475858
0.439797035563022
0.495877328875256
0.360609785026448
0.439286665723586
0.474377461677051
0.591679610272449
0.520011260563997
0.582186692551854
0.435071493617353
0.55882324468897
0.53741046231877
0.539760610534142
0.482411083334009
0.614180692992056
0.549286066068639
0.502723390115359
0.37955753407711
0.351296769421491
0.469808082359327
0.412740930997871
0.568538382939582
0.45419359549631
0.591031752075895
0.548992451132956
0.465738170540723
0.695930658589413
0.639959831372856
0.62485447820966
0.471870909377316
0.51618457439102
0.409127528958141
0.557218567557118
0.538776824345404
0.523755921701141
0.640567511157109
0.580739355632392
0.535915069220816
0.492243114585719
0.658111821112966
0.604086573866205
0.533567603987141
0.473004466690884
0.629377143355366
0.602270944011317
0.644149822731452
0.355469331923315
0.504779429291174
0.694028194703846
0.524130976452729
0.664337291230538
0.589371234678765
0.625476814517341
0.581813998667866
0.70540306684406
0.589103481878302
0.62561240608771
0.718152465582529
0.529753940307416
0.547323220682501
0.563969672094382
0.518205185996757
0.526873304789922
0.528504373450328
0.624596552531622
0.643248272140543
0.488311783731506
0.617317063016892
0.487473888909987
0.67159953742711
0.642764361551742
0.546282142390471
0.58424974286739
0.461793810472016
0.550232714164147
0.659751105520273
0.637975575394881
0.583287050243143
0.657118184188822
0.554018462554649
0.683981205744547
0.789855587422535
0.409143837185794
0.520002420221417
0.532321959797295
0.644943946456692
0.635513470244336
0.558514158577904
0.586324763638936
0.617258949594358
0.653535320536983
0.673457521860316
0.724735308675634
0.596695594611348
0.771767452688393
0.491249880882102
0.612448817304505
0.71874822990922
0.729649605197682
0.626232128213666
0.560715202507411
0.737504302950277
0.820858793680365
0.590220420080071
0.837547392119963
0.750687933199814
0.616845718573243
0.684461518786239
0.847306635830333
0.777262683921289
0.623322337904028
0.651528594799214
0.67877018001184
0.649155934500675
0.666889618478009
0.582825990645232
0.709925498099422
0.503962386857838
0.803197817861646
0.829836159969885
0.667297622153873
0.598872680779597
0.66442683825282
0.7148783559605
0.656857229080254
0.652912190840092
0.631135655616834
0.672126821154746
0.586927988037961
0.798608473481808
0.709825420715905
0.670271578602689
0.71203046830347
0.591070403287615
0.577265244384272
0.739241409397138
0.839320965915677
0.792778368342238
0.760732862852021
0.601644388279924
0.785517481875334
0.525266999255938
0.879028439160983
0.756726392106058
0.788630816170028
0.638510961263674
0.620712681126728
0.618936155840208
0.847291853988863
0.653561742039247
0.897294280766013
0.767225402497739
0.725889108612478
0.804692479067521
0.668766288159485
0.759997968705687
0.793516448218315
0.712314697163224
0.706933278274266
0.790837392540976
0.746875851381072
0.752231042979053
0.7994805382756
0.825244139881967
0.784446141069393
0.925484580007685
0.808008310637788
0.870964233587469
0.847151569269131
0.841071590179106
0.799759742478256
0.760962908197087
0.61385580637752
0.919036052230367
0.872110308752639
0.897202711453505
1.05321678004819
0.910517909001963
0.871463369576729
0.777358177093389
0.817800841114746
0.92254359216982
0.772741986099674
0.786724100706045
0.866813134313824
0.998092618807632
0.836796949138766
0.850388251097255
0.754692855346457
0.85638465536121
0.886541577763905
0.848661072504925
0.892837655651081
0.718977404068066
0.717816948504215
0.884612054343299
0.877795238141477
0.943306293758999
0.814278286073773
0.940257042879478
0.865849323014185
0.913139771185918
0.803109566970075
0.997777559382916
0.835786681062521
1.05070077854589
0.75758423122824
0.831789270931026
1.02697498546905
0.819393025474381
0.975864860920422
0.907625668547159
0.836011232537075
0.77764138230828
0.966380792678456
1.04606972124976
0.775888893525205
0.93413386480903
0.881933549019681
0.842898405602445
0.979543505350286
0.977441277291374
0.926771968989708
0.87743734358542
0.898017346521411
1.00388068108634
0.855078626578409
0.831175039943093
0.943573208449284
0.931579138631338
0.814511972003371
0.932440216090791
1.01990765897553
0.946874686782125
1.03140019562142
0.888034496327175
0.846718285416784
0.82705904856341
1.0015681674797
0.975290569792478
0.831006509331076
0.938857554009607
0.94218450304736
0.900723654612779
0.903557391247006
0.923309355920334
0.914507577908441
1.09397310454997
1.06872960843062
0.89536946878224
0.991858014246387
1.01677921504126
0.911904249453309
1.11351162844499
0.996364257172555
1.07861869693328
0.978311286710584
1.06124886891444
1.02990615394423
0.926946697867553
0.936298210396564
1.03440875261906
1.03415519713789
0.954318766823383
1.05929787271004
0.917478265356221
0.90739180170657
