"x"
-1.13231312643137
-1.02698927662998
-1.04806796790112
-1.01239056602673
-0.933261954105625
-1.03948679132147
-0.915983624334955
-0.970066003271409
-1.10675388814823
-1.07568076624085
-1.01721043015005
-0.969101929783272
-0.907748921163696
-1.0624028237723
-0.892253933811228
-0.981232830343087
-0.899629490398009
-1.01283893138626
-1.01029230675712
-0.895651283397442
-1.1042810400461
-0.994185065994123
-0.905780403593848
-0.86337279294449
-1.02007614085503
-0.918079210597323
-0.894524946294301
-1.02083969801574
-0.976143009805416
-0.90263408841856
-1.05594988878255
-0.874213024365215
-0.898992800345361
-0.803880486209339
-0.829673479533723
-0.908054872903872
-0.798758929530953
-0.91410085446383
-0.879481291533116
-0.95832417044263
-0.884450414560151
-1.07609117262529
-1.06635670318958
-0.970917437125494
-0.823650680557955
-0.933687286759271
-1.01250817096722
-0.839487639634206
-0.801403327836216
-0.904763093021422
-0.894696986465678
-0.870783432162614
-0.848268076957358
-0.837706515342259
-0.852641000681094
-0.846523866574007
-0.907056888186252
-0.822863851483268
-0.98248260999911
-0.953621934280144
-0.834324619714773
-0.873385710842822
-0.919415687610032
-0.866395413938261
-0.89628402264291
-0.946485926223059
-0.925720050403548
-0.82378330029269
-0.894014050950842
-1.03923258158728
-0.953941245420187
-0.904546840094378
-0.973033810009377
-0.787769045722525
-0.843900680036782
-0.875422202176603
-0.893024405163859
-0.877001109947319
-0.865585079631696
-0.686425820896385
-0.857839753638096
-0.835881456449734
-0.833032129733279
-0.883269300746603
-0.909934771919644
-0.83133228966044
-0.787234146770166
-0.870491472135778
-0.782396058843395
-0.912459832825166
-0.792897330531675
-0.728417191312317
-0.851118806448405
-0.830768882579425
-0.779713312714945
-0.863860379637992
-0.83645534904667
-0.713465211098913
-0.767202854487972
-0.698714531502264
-0.842269556685438
-0.747633163683997
-0.751070234661559
-0.698453785603434
-0.739462555511696
-0.900551837960615
-0.629684206145668
-0.711300183420862
-0.730278087625028
-0.799128280647745
-0.822011939978256
-0.86857939192104
-0.793887709787407
-0.819082872844242
-0.861793985600015
-0.839335621463354
-0.895463957108177
-0.586053248172551
-0.794443968589634
-0.7646308494672
-0.765640505754271
-0.860500879193479
-0.826958023478231
-0.60091964103268
-0.484789783964294
-0.656082065751942
-0.701787416006332
-0.760663531442784
-0.758951946899292
-0.836194403005194
-0.761033793602234
-0.742355376005956
-0.744313676717574
-0.71623245317993
-0.649620132539994
-0.789707172700089
-0.802349796301846
-0.8108699603775
-0.576642424531785
-0.670770570970359
-0.657209002470214
-0.724482175769844
-0.692235279254207
-0.669450957655439
-0.615488398738553
-0.753532239422499
-0.791431884087338
-0.744148395288379
-0.661046250054773
-0.570949335152979
-0.563666686849945
-0.655918492434253
-0.657416560506057
-0.60459894824576
-0.713063688182343
-0.685463552436836
-0.82856160633839
-0.782024860056159
-0.566104366839509
-0.661345816985071
-0.679101575981149
-0.696795848462885
-0.785236162849934
-0.774973376740423
-0.692427659532849
-0.820816690917684
-0.604152742555108
-0.541283373229854
-0.685991191770576
-0.531803466518915
-0.651966505124446
-0.616233139542279
-0.636817625129488
-0.599228184118646
-0.633234191518695
-0.662021143544819
-0.515983992615457
-0.585300800594098
-0.558799346784526
-0.740796230823815
-0.698387377897891
-0.688251107906512
-0.662046341454958
-0.602265902442732
-0.577365813188458
-0.597071554509605
-0.640215565117121
-0.66666770247746
-0.557100022526932
-0.698656275208972
-0.631669576301764
-0.609157213309785
-0.600669982583558
-0.477341142542551
-0.588472906815235
-0.641100874357718
-0.625604936592824
-0.629425812646164
-0.663955070968889
-0.532039547837908
-0.571420187454339
-0.572987184032779
-0.649815848536503
-0.632678951238562
-0.500749402563355
-0.63914984390935
-0.547397053331006
-0.564501955505498
-0.437108375631311
-0.547137260169673
-0.599561312290546
-0.517105629996089
-0.438775761902371
-0.505415141720041
-0.551891250689158
-0.494438270010539
-0.362322810750767
-0.547571107227872
-0.552131692202473
-0.481954427713782
-0.584224862521238
-0.546334917826843
-0.685794091276057
-0.551749100715179
-0.574357831984563
-0.431417985617888
-0.450617607516436
-0.67875978349775
-0.445674245844677
-0.574494829852386
-0.550870625970301
-0.590296516489236
-0.441951151749856
-0.576481154714555
-0.540296509817163
-0.503312428015584
-0.375860667174077
-0.450103992992808
-0.506993465609362
-0.525011956343598
-0.493953791448362
-0.53746122858662
-0.703020087323123
-0.563372578542991
-0.427592713235937
-0.679136205241661
-0.327408804100699
-0.570212622107821
-0.490231951627014
-0.537862451257679
-0.400714043207035
-0.649058583948524
-0.337321394901014
-0.704697075907878
-0.593482026149822
-0.457328936315927
-0.498383259740221
-0.509585693542802
-0.494365753463451
-0.53065700867926
-0.407663581676433
-0.515285261104701
-0.475020069090657
-0.283027608478693
-0.534313324967552
-0.627628359417476
-0.428892598751626
-0.422017686856859
-0.488208901279257
-0.469402741614472
-0.3068420684007
-0.380512125740941
-0.563453301477586
-0.559398928546731
-0.334397663371053
-0.36009714096961
-0.371163220907759
-0.409299856014329
-0.592454163421455
-0.502764316032356
-0.554744697019822
-0.283574210106686
-0.528156133533507
-0.374041493066927
-0.328183308617074
-0.329412874163353
-0.301194233371631
-0.637297708589725
-0.36900862550076
-0.521202174582635
-0.648469678879547
-0.326975570184004
-0.551158615811479
-0.466397028025059
-0.436940213657198
-0.415576021808774
-0.392420844175571
-0.441142238610113
-0.415637795875256
-0.308645233439395
-0.318052128228327
-0.550309105077988
-0.42473252955464
-0.488047140902068
-0.490445189553691
-0.388428461086478
-0.36705820585639
-0.319468633234656
-0.458210928247585
-0.315949381068274
-0.44471596852825
-0.390914795366865
-0.365652141450721
-0.442129745658806
-0.30672080591132
-0.474644007930802
-0.238868809439588
-0.243237939912468
-0.304468602854248
-0.465732957476308
-0.348934405978134
-0.445565824188164
-0.41162323162339
-0.357124555737867
-0.477217049386814
-0.305854052768016
-0.227843753326652
-0.309557105354506
-0.405765361107815
-0.324367536596505
-0.343585703717116
-0.317039582959973
-0.316075918907852
-0.15011379939052
-0.415298012206191
-0.267025145687378
-0.335671378621031
-0.400342322158732
-0.54031336257541
-0.339954932383636
-0.444844160305904
-0.161535464524629
-0.315976915284915
-0.34102527657962
-0.205714517951535
-0.140386444987558
-0.353387730298004
-0.160294624860598
-0.393385589386094
-0.305083164524726
-0.270506414492948
-0.402255487934848
-0.093071472685731
-0.208837500741388
-0.361180367905711
-0.332389876728436
-0.341927287968471
-0.36686852416124
-0.299011421760353
-0.32192480150691
-0.27174672241334
-0.387390851351018
0.0175137087293225
-0.416401401683129
-0.182268386637135
-0.320352776488515
-0.309954391926147
-0.098362442179188
-0.354368828247183
-0.311502260537184
-0.296992697854071
-0.12843401897324
-0.19660417950681
-0.150696069190871
-0.193214919831392
-0.180045303373152
-0.194029980221896
-0.228950630430478
-0.247573211056228
-0.461301316544832
-0.235330720949123
-0.31544707672331
-0.197491792934289
-0.0634628331085388
-0.327032226207271
-0.185330035363257
-0.336036666430227
-0.260844032193373
-0.299351494666124
-0.301222258442122
-0.264926149222603
-0.0959985149686645
-0.0968869011033201
-0.192657404067621
-0.231964155416446
-0.176053173714614
-0.261736704824523
-0.314372958880393
-0.187927428117033
-0.266504825606111
-0.175425835849576
-0.300759392917904
-0.124695933838468
-0.351308584904385
-0.181932886686486
-0.219089660194263
-0.259951116237871
-0.153196534831623
-0.219592217052244
-0.14648933729298
-0.190237064814864
-0.101664091310428
-0.0277268187531003
-0.169045522299164
-0.133625749418193
-0.0447822031908827
-0.228696623926123
-0.221110076557056
-0.204430186882254
-0.181668200774514
-0.0683830921387704
-0.236804871288728
-0.143525009688166
-0.068569511124137
-0.25941858589787
-0.211623896976067
-0.073908554641954
-0.040742040399032
-0.148836861427844
-0.130469083328008
-0.131940914900174
-0.188454810822419
-0.273800310779795
-0.0914228921375727
-0.0671061181886296
-0.165999683864329
-0.206582711919258
-0.000535973086365048
-0.207838371668626
-0.168128310191178
-0.0889285975663008
-0.0914322579344269
-0.0304507853582259
-0.00281581376074888
-0.1439543781871
-0.169443419113123
0.1847623403838
0.0136032169311632
-0.0582125254369586
-0.259122599540986
-0.19045939346939
-0.226043876717673
-0.103989344129693
-0.179501036050341
-0.0921313679780001
-0.152343208362557
-0.0662610989272003
-0.101893171644793
-0.122996548894392
-0.125334901044223
-0.0473972516850869
-0.0265019219872879
-0.143940737210566
-0.158502112705827
-0.122601751728062
-0.029224784636636
-0.000338652315350924
-0.0718942733325084
-0.00884210076475194
-0.109503914441274
-0.0281778104453184
-0.0616796900989655
-0.141201333892693
0.0592480264240444
-0.0663687312096243
-0.114406783912755
-0.0455722434665581
-0.0268083126096895
0.0329323960156524
-0.117765422505718
0.0859512294374278
0.141539969217565
-0.100036656133489
0.108899726255304
-0.0524438730572471
-0.0262187208208073
-0.073423299844403
0.0185991709116956
-0.0305157347985854
-0.153349484401716
-0.00390007418120825
-0.0743464353850656
-0.0320616529339995
-0.0311237766551608
0.111977730860679
0.089037183647297
0.0160214301248927
-0.0899165023481673
-0.0213423381448172
-0.103185916166158
0.0142647199096403
0.133368911598285
0.00595982101130881
-0.0135613632836336
-0.127950348373588
0.219039960874644
-0.117102009262269
-0.190952814098496
0.0967628320691752
0.012558368909327
0.0457549635829025
0.110081168467246
0.0441667980262742
-0.0103290825328692
0.0405225024262958
0.0571754795413366
0.1088066644191
0.127874662782177
0.0893766527992153
0.0330225813239946
0.0650707980410137
0.072364185611045
-0.115542417331961
0.182949572084133
0.0739175024799718
0.0203631369096716
0.147903609445909
0.0886205299588333
0.0459161131194483
0.0199261629423074
0.106073454614877
0.116036252739571
0.111813003255713
0.0782843567393317
0.191831503211128
0.0146715422189359
0.0537685760419431
0.0233353467032911
0.143195460416514
0.141154498752241
0.10457015540301
0.25162466010582
0.147998596065899
0.0361783959762737
0.0653739567436776
0.159723769058811
0.0822871120122954
0.0557304608441113
0.0260453239939906
0.0297152308703962
0.144812287469537
-0.0167622821629012
0.0765352888738731
-0.00839651314360759
0.189015209359787
-0.0504951800516211
0.151631698513015
0.150975318472744
0.0965121577910477
0.266796017912029
0.290501632899497
0.214247766261741
0.142526495211169
0.134568189618299
0.0600290524207521
0.203834009254866
0.0736096961181327
0.0608977722548727
0.187365796289961
0.0232202065271744
0.187326692804037
0.137280562666729
0.0579739136231314
0.127797641015867
0.171088698499156
0.0677858420390715
0.259469229331574
0.256276253836015
0.149805345763294
0.0921591205729486
0.116165807177588
0.0753194932489408
0.22069053132601
0.190061753359427
0.127650136485197
0.242486252912472
0.0587900002634576
0.354081764636162
0.246430069397657
0.136187842870455
0.199716324359939
0.116662648102045
0.195819471999682
0.276476986252058
0.0411412470898947
0.220819586530517
0.189094551393971
0.0260880728546713
0.159662948687248
0.115213978737556
0.237321867210461
0.166063157951955
0.288113618561832
0.256318383444683
0.158620396127998
0.422526115455893
0.299629190480182
0.0768720372405351
0.164123262606491
0.130952292893056
0.228249573868368
0.272041442937938
0.244354344868085
0.338780871554296
0.317708999080927
0.279367337640383
0.267198435064666
0.309918251467774
0.282499349495441
0.139946105407945
0.174521011902354
0.243639189245266
0.177734166838599
0.310862576864633
0.276870912445337
0.318582232875696
0.266196070609284
0.255922545416366
0.257932662052983
0.316926945372337
0.295143227490297
0.316389200802591
0.292303460188446
0.320112308235559
0.29497799916821
0.226069334297345
0.327924392318236
0.336350491983692
0.263620866476082
0.200271421355277
0.262531975868002
0.341993559374534
0.371063878089406
0.439009546631071
0.283796754787393
0.249544575923115
0.297607243731078
0.398466052759991
0.312664059168547
0.157417810346609
0.341142407937892
0.196467998484454
0.260397440186176
0.269891173644027
0.249426366788957
0.367724062878363
0.386591899909462
0.449308665587432
0.213820746586137
0.349000433563811
0.278841935459941
0.295430722695781
0.262747056436656
0.258472590389287
0.241064691917057
0.407333031183832
0.420872564906618
0.203748163012467
0.339231582586185
0.241208843992041
0.24514002565819
0.20993727756418
0.269619389271779
0.429393293401379
0.372435081667013
0.361026847840087
0.300036019704205
0.265282245481226
0.474919887546941
0.426096087030107
0.578952454580326
0.524307028066571
0.291118270504501
0.382744314587017
0.466356041289379
0.356005356265201
0.428402477213514
0.530640245261191
0.304516999178768
0.332770599423665
0.469877436119191
0.35560186319264
0.351283818728595
0.502836830205584
0.408070848882311
0.292692398266107
0.236719526988116
0.460347168011689
0.303558226526261
0.297389622575288
0.374158231016386
0.314557366250341
0.446269186847177
0.434510840269975
0.325656140465175
0.402022671498985
0.277862964544182
0.408167357392331
0.348474092836805
0.527272248406364
0.448993791528131
0.505250392246924
0.42206884607903
0.385460165937638
0.263200741559835
0.435533586780167
0.531316413255288
0.390816396845853
0.36466637509679
0.452634020769633
0.48929792557447
0.464409494658422
0.373173340426821
0.478147927512457
0.527454102984866
0.456661066582233
0.298784069852133
0.438970851755867
0.418224923518328
0.559607397670197
0.540205027278166
0.413433312227827
0.422418280775805
0.471007182825779
0.451821304296504
0.476580601185117
0.368679837749129
0.46020262912015
0.468631145614268
0.602381371640947
0.544389202837649
0.600572126435876
0.40959484032624
0.566563664570551
0.522953496403664
0.526963726724092
0.486634370637787
0.600891595824769
0.554632570933296
0.508779400332874
0.345387652223861
0.345858780749003
0.485096307488122
0.407386212397706
0.558650744975252
0.447596567625197
0.600678794395587
0.531953682433262
0.493089261020446
0.696091510813962
0.625010811225382
0.623951463501472
0.473506284976238
0.541105127416524
0.420921660837028
0.569224018001465
0.523889209875317
0.505623147994487
0.646045003176342
0.599112964130704
0.527571341804596
0.490111425934891
0.658826694082495
0.616668179873941
0.520191482419219
0.503691911342642
0.632393273441122
0.590530345484028
0.635803386755367
0.37841310047651
0.509210535204816
0.688098260443117
0.540329038069178
0.66229027420341
0.576565664554094
0.631019755813712
0.609982440915579
0.712832228929449
0.607576059348319
0.632872500941631
0.693391610346196
0.521827112281549
0.562368175550796
0.581057701951691
0.501513932314353
0.523709442536694
0.541961828443605
0.608712863258746
0.636718529011615
0.491464764480784
0.625201866068681
0.490606269988947
0.680213073639476
0.648639750134126
0.554769914248163
0.573667196373739
0.475015468651376
0.53938184179141
0.650591864012968
0.647623696047839
0.577855004307797
0.663754014844746
0.527965993398853
0.673381046865238
0.763837071910324
0.412430592016948
0.519892786281498
0.540496800351178
0.639818788371969
0.613067414563649
0.56834296823953
0.587574879101325
0.623221182231617
0.649877201041278
0.668721121665566
0.759725917661277
0.605977170767347
0.747489963392999
0.488143099826218
0.630556538105349
0.714283711385028
0.722570642686703
0.62179739991969
0.5509483877251
0.746111850398475
0.818367030571826
0.59185686226745
0.827326393994769
0.768898132648464
0.612034016454931
0.687866725630041
0.825211152004269
0.727538759299336
0.601560301470772
0.660278814516308
0.68353465080697
0.660466794819154
0.650256236102233
0.59423273699623
0.723537016074065
0.519901075956378
0.76902912991505
0.819205998501483
0.678831873201751
0.603803323673877
0.660017346120556
0.71435754076848
0.643840727874314
0.641503730097396
0.623663574217937
0.686169089674988
0.607815768447691
0.782800897024967
0.72519281433203
0.675925840935178
0.72158102023956
0.598233607079593
0.561309740441534
0.707959617546903
0.849292448966751
0.790660821266081
0.756026824800128
0.625108583565202
0.785303240991857
0.521893615796851
0.871120804123114
0.744579863011717
0.776248111656843
0.645579136493877
0.621915346437879
0.600227361940378
0.853118044007851
0.64727157581553
0.87010094240769
0.786531611416461
0.708337479656504
0.789223740577103
0.672803191514061
0.739159025265197
0.791119541073152
0.723791804698172
0.699667787325801
0.781350970653789
0.749217917920435
0.742966374129339
0.796968445219578
0.815007190439621
0.814752027503022
0.900195832726
0.797408958663969
0.853081505040915
0.86126740401239
0.839886897817301
0.785376517791403
0.748203636343862
0.620476175357243
0.911269249325806
0.852483235423738
0.894200746425164
1.052632681619
0.905787688192231
0.847668073679514
0.762859668970491
0.814395725482782
0.936614169230855
0.752013785530588
0.780735221358167
0.857777832709409
0.971481093281175
0.844161689254319
0.826996998631062
0.736244256453282
0.836508010329122
0.865705260034216
0.862444371792197
0.888492116964711
0.707518709364164
0.746167307727163
0.869448615307984
0.868878769607365
0.953411055258528
0.812277427201595
0.933445194117287
0.859917337602864
0.919255522621599
0.818788234590865
0.994676066903202
0.844805401245337
1.03463402861449
0.772856914565233
0.815473206625432
1.01116636353554
0.828707932391064
0.981214529376447
0.907803198545437
0.844787526748265
0.766095298198678
0.960222268909812
1.05230865612452
0.79376156768615
0.948121892685537
0.88414394039622
0.839948027180815
0.981440128414985
0.980126968190632
0.918358495829071
0.889554261285553
0.896910633885728
0.992390709796768
0.85882035306692
0.851633763104154
0.920155759625542
0.93136055741349
0.836572971379503
0.93247764289835
1.02840765256828
0.954917741922234
1.01001034035596
0.897794446762389
0.815580070968981
0.821790783887054
1.00855518146071
0.994879708491788
0.846589339520195
0.942984579703294
0.939370379739809
0.904602374976426
0.905238627725002
0.939746999481792
0.920508782647658
1.09376129877164
1.07647731878648
0.884169975347927
1.00199309406717
1.03204815079559
0.907140278678106
1.10447149775046
1.0225002824994
1.08475833407558
0.978501104692241
1.05785362294169
1.05546349338475
0.905949062416166
0.952572522343029
1.01613763396136
1.04117427387984
0.96310958933545
1.05297858164539
0.949434911721511
0.913974300469328
