"x"
-1.11859890221226
-1.00858127684594
-1.04537909628347
-1.01508927601099
-0.936834418973906
-0.993087667707531
-0.906001562210572
-0.960156030479948
-1.09847279006804
-1.08424115170273
-1.01644810664819
-0.973065295300251
-0.916087957207675
-1.05225756695084
-0.884755741664164
-0.985490449635499
-0.918222650237158
-1.01969454275917
-1.019431102752
-0.913751733129497
-1.08396952089235
-0.985067917149094
-0.890308997296227
-0.874890732236795
-1.02499542499485
-0.901654894827973
-0.896009186091416
-1.00319209311362
-0.960252873260725
-0.913524109325175
-1.06160126262155
-0.860762469834225
-0.898186272200941
-0.804009820198584
-0.857353768228772
-0.869345637774244
-0.78322320233632
-0.925870844100995
-0.871828020609832
-0.959250383781895
-0.890160745895214
-1.07866523447264
-1.07274344779222
-0.955942692620099
-0.852237432845752
-0.919158102005043
-1.01110879460342
-0.85469241190363
-0.77872064654763
-0.908760044211001
-0.883466063157997
-0.873051665847464
-0.848546490602093
-0.82662789215151
-0.855056899803046
-0.864046803456082
-0.908597394065894
-0.820061201511442
-0.98024487015242
-0.972840980798858
-0.835106711815631
-0.87593896363842
-0.897356888939886
-0.860770755481652
-0.894194240927801
-0.936976395102942
-0.917921543682317
-0.812375496650177
-0.908992989976106
-1.04214233793138
-0.952700137607409
-0.910450673622152
-0.96613292731707
-0.785162488950574
-0.824323593522981
-0.887305173498002
-0.878350952081814
-0.903026266805747
-0.866866477726872
-0.682841998096097
-0.8890039593946
-0.837176733480221
-0.831499374603096
-0.869786941362167
-0.921880244453575
-0.838477968923647
-0.783552491048822
-0.877826287753179
-0.795173522121471
-0.899540523477508
-0.808581667930498
-0.740573902588587
-0.865136621621552
-0.834055789090216
-0.781233812467094
-0.87288311930222
-0.839870082687167
-0.723408901789286
-0.765987723075559
-0.694980096800742
-0.822386324864402
-0.744336124839564
-0.742685864712631
-0.696080503783787
-0.720368641885047
-0.883298090975163
-0.642032713900722
-0.700306607300048
-0.736571401612148
-0.785834759430557
-0.830980908585074
-0.855278398467694
-0.782828665364275
-0.826203253842603
-0.88152814848419
-0.830863015817751
-0.890728098422009
-0.581816708893089
-0.793460425711075
-0.750287680914733
-0.765751807675144
-0.878450849495184
-0.79534192155709
-0.596871269487897
-0.464988531569413
-0.675943766349778
-0.702422541768513
-0.730211110088203
-0.739609445657151
-0.810834866386882
-0.759226434856359
-0.728401558049079
-0.73064617030227
-0.707898486027908
-0.642732835254887
-0.7826007439758
-0.806279437933752
-0.835357990281773
-0.577956734135407
-0.672214866656326
-0.656938561098237
-0.744750315264474
-0.695432905832051
-0.680735616846806
-0.627834757721425
-0.754161924539602
-0.784003214457609
-0.757787700889525
-0.657486237093427
-0.583946328786867
-0.550680466908793
-0.665662767218719
-0.667756265588752
-0.587399478268992
-0.730723085498537
-0.682638359525247
-0.833554615863152
-0.778704187315771
-0.567770212477992
-0.669641449915401
-0.707378793370185
-0.68228241363058
-0.776218543708298
-0.795370516979566
-0.689224129763085
-0.810482306091778
-0.605100892924731
-0.54508521624455
-0.675718450215052
-0.535711701957456
-0.634087578453035
-0.620405222116535
-0.646884539921654
-0.605832909834162
-0.630503687013654
-0.652785292123885
-0.533275547162025
-0.600009926561094
-0.551468101192157
-0.757057522359195
-0.684907083081999
-0.665889549661336
-0.636334694571373
-0.596483409399846
-0.5941400805596
-0.580264830708662
-0.662260020509281
-0.671083500939016
-0.550624290256228
-0.705646686987526
-0.606888742915229
-0.58098692116193
-0.606958080342126
-0.478091064727231
-0.608019697691601
-0.635446657967771
-0.612622590391631
-0.636074616257928
-0.684314896768893
-0.532957149288714
-0.54492035430123
-0.580562302152307
-0.660888823654349
-0.615129646819384
-0.489942803807587
-0.649488556221699
-0.5440378224482
-0.575699636251295
-0.444859116026782
-0.560300301262387
-0.597089798651548
-0.530495914260526
-0.446963411482415
-0.494435733933359
-0.555710353587322
-0.512497411316629
-0.361714632130274
-0.550889710059298
-0.558407078114739
-0.493310250881234
-0.588436724885739
-0.526028974399289
-0.710761233436612
-0.555493051499481
-0.572256416454006
-0.406767234463476
-0.480736743526047
-0.646628986321085
-0.453503748393553
-0.55479305371233
-0.537880597987816
-0.606050985522644
-0.436447647596376
-0.560262000742731
-0.544808063794081
-0.552798428182468
-0.373535812335279
-0.435486409407176
-0.515684259505743
-0.526700155116596
-0.493292916118545
-0.532540192582531
-0.679315002044416
-0.546735515419016
-0.434801332707912
-0.691738030285314
-0.313483346555058
-0.593257538364588
-0.491474311463127
-0.523404178549519
-0.393560028765721
-0.644278298823943
-0.330195386446532
-0.690465481695003
-0.584613646120699
-0.45454062590472
-0.497442617378036
-0.518871294653576
-0.451689940867224
-0.49129720917058
-0.428267909726862
-0.509257627928798
-0.474479633124808
-0.276451467010221
-0.510042430354448
-0.611389574845417
-0.468564707823959
-0.41104835036047
-0.486341216266556
-0.478039298527442
-0.307320200505153
-0.393037978505355
-0.544122379739743
-0.583121500039939
-0.35934407429977
-0.393882202533969
-0.362253469679359
-0.399933458102495
-0.582135237624995
-0.486626118632751
-0.54506630578477
-0.30146400606153
-0.543922047590819
-0.3804682176239
-0.36596356810877
-0.31920193603587
-0.343452443816602
-0.615114414167304
-0.370357176326218
-0.515132746203176
-0.654143372479016
-0.313460066410129
-0.565783632763284
-0.456390741274729
-0.438389383328506
-0.395237490904602
-0.40743824953053
-0.447597337820674
-0.406509390050293
-0.298831795886995
-0.325617534555704
-0.533374387574665
-0.443859760036523
-0.509709438885071
-0.493644461330244
-0.38715310672981
-0.360811098272919
-0.311363704353656
-0.456574720534184
-0.310863059833552
-0.447197635541057
-0.413552895493744
-0.374181328743023
-0.424147454847283
-0.320513711042809
-0.460122821922288
-0.228969408275389
-0.231300775645964
-0.321515444192477
-0.486568424517429
-0.332698019719143
-0.454395236587047
-0.418310668548319
-0.366202319646313
-0.483177972192636
-0.304021575213094
-0.215597146175602
-0.31077503714664
-0.395268842670059
-0.322574596922654
-0.355961348560359
-0.347707059262425
-0.299600755156876
-0.153733780487318
-0.408788523798699
-0.268254438953551
-0.324442673376083
-0.417297630020347
-0.534276538124356
-0.359314218974873
-0.449852196750756
-0.167992633194762
-0.333162657121199
-0.337744416894403
-0.216434749954714
-0.121527327268686
-0.351947053855086
-0.150545453685574
-0.403524358788336
-0.297523981112016
-0.2991025885912
-0.402060459868201
-0.103213751620221
-0.191299062408934
-0.359878989857533
-0.297938861216312
-0.316795788565456
-0.345533986100447
-0.309537887084133
-0.339050676632415
-0.268681481568872
-0.424266364406612
-0.00303001103885092
-0.416343058551664
-0.198544286435311
-0.343568418194051
-0.291006243987864
-0.103281770576746
-0.369467535480252
-0.298267030465366
-0.282709565417711
-0.10763934982344
-0.198029246461511
-0.147055885791223
-0.186807970575899
-0.197361142862644
-0.199790470391484
-0.245403671118237
-0.254341795746263
-0.44764076205528
-0.239350518702787
-0.283634942357191
-0.201764846161529
-0.0589742073066837
-0.336744735122261
-0.17523038027228
-0.331212476527392
-0.27213235525082
-0.292570212892725
-0.299257585947392
-0.258675898354322
-0.0921222283597345
-0.0855955986081183
-0.175128289232871
-0.245063222267499
-0.169059226463732
-0.259620999963691
-0.330354408301564
-0.170801088215862
-0.272522222761566
-0.18287911611638
-0.286194712975367
-0.126372437990359
-0.359329752114208
-0.18756641129323
-0.205148993462911
-0.268430813979674
-0.149433104200151
-0.221344674638962
-0.141027493995728
-0.181882955612426
-0.0844685477494129
-0.0427735609999986
-0.172916427000698
-0.13448654796917
-0.020079885756988
-0.218558247982175
-0.219171059729204
-0.174784006236273
-0.205760286361545
-0.0659929464515214
-0.245578376576757
-0.142530674193474
-0.077463981809348
-0.245668763007271
-0.211761489196221
-0.0801301096824914
-0.0362825082837806
-0.127214404879195
-0.131870427669156
-0.12412128297045
-0.145173185502238
-0.267994154597013
-0.0906323821954806
-0.0749022657920903
-0.184019749901262
-0.213821390687881
0.0259876043764454
-0.193827663306398
-0.17315490851122
-0.0967169901200369
-0.0966619658012103
-0.0203957255475147
0.000367210407992828
-0.138873934820155
-0.176006182942282
0.175710763741974
-0.0141438792537439
-0.0824327183009763
-0.271798360060744
-0.206343204744997
-0.239699471052419
-0.136587979456717
-0.17618748596816
-0.0640334401841371
-0.141252848554398
-0.0564804007619763
-0.0954671507601727
-0.135991865417703
-0.130685575121433
-0.0577044236642097
-0.0272678223163527
-0.14885116105905
-0.154777380457076
-0.113590061473526
-0.0267898682684294
-0.0176469415791535
-0.0829321586060343
0.00942024007969709
-0.0967414091369014
-0.0304210046812464
-0.0594684566583757
-0.135771691819545
0.0644597676592418
-0.0573258142631858
-0.117720121716323
-0.0546527418525775
-0.0391586955222371
0.010266583179107
-0.132700002076957
0.0702607083043541
0.139244066913413
-0.115837004540069
0.110522899931664
-0.074179665410286
-0.00411737831144805
-0.0664234801292048
-0.010194196379407
-0.0483958997242434
-0.145144239124177
0.0149183746912246
-0.0389818156300283
-0.040695680831171
0.00437777297479834
0.0991280647360031
0.071590531564894
0.00418903996916935
-0.0708636223877002
-0.026750294493611
-0.0979526906036273
0.0166686288914293
0.128489387215413
-0.0176050731640887
-0.00235420782774156
-0.124790801772064
0.194487580378528
-0.108621710229202
-0.184969590122548
0.110269477486046
-0.0154446882640352
0.0454408865448052
0.103891967902532
0.0318407859727884
-0.000980607192594908
0.0470232831240853
0.0567950127026619
0.0957487907901708
0.132460037895074
0.0898766060012306
0.036546130217992
0.0698550931408888
0.0969017831043342
-0.114090316741075
0.19109600050735
0.0815113602160006
0.00167563792926024
0.129342970185797
0.0870834526516643
0.0676429810583463
-0.00381276443234546
0.108043950736133
0.103317462807504
0.104871685744516
0.0833593593498383
0.195159882741306
0.0153297546807492
0.0637295407092864
0.0140426953441326
0.134927051694636
0.148091367065874
0.10575557070639
0.233382924314199
0.137966861799626
0.0212907849235122
0.078760238030729
0.158061993580399
0.0860862755306711
0.055918197186483
0.0326127472687273
0.050064682064835
0.13125384693879
-0.00733817014421024
0.0775836286681084
0.00731141355221018
0.187495242272794
-0.047131280384342
0.158303548077629
0.17034138922597
0.0956722576823601
0.280765079617517
0.288141233223635
0.228274822075112
0.144870247462664
0.127396451361123
0.0594439876714453
0.189982420476616
0.0669107270460501
0.0695240710908586
0.195511897070524
0.0326328998618665
0.166932765382063
0.135357411955932
0.0556061333931703
0.120148973783213
0.158708512479967
0.0612363178792547
0.267526547720224
0.26561852353764
0.0979540754099876
0.124394850598856
0.092902968825182
0.100754900143791
0.229680831878265
0.180528585763537
0.175352767793047
0.241582442714634
0.0585327151572317
0.34819047242931
0.221015180896234
0.129555477532094
0.188576014346092
0.109138593722547
0.188125610079152
0.279702486367317
0.0638345309019916
0.240620259591848
0.194261866824201
0.0393585021442727
0.175926838930769
0.111985465992895
0.23382029653969
0.144952232969003
0.283388363914942
0.270608593723549
0.1108278352896
0.393970612362341
0.28826674606453
0.0773236330257038
0.154011297352866
0.111702058671834
0.232356781664293
0.271852704721287
0.225093959951235
0.324366721474284
0.316130867733049
0.238611746543446
0.2800432222336
0.316688009474726
0.280689307314397
0.121625822619964
0.189432158042602
0.244397149935314
0.198042661943592
0.307631880289314
0.29934976029558
0.325747928261592
0.264673662968314
0.272011157112396
0.250250928580234
0.32656959555788
0.316184687059418
0.312668386400436
0.302973926478245
0.314606715149981
0.313594329482033
0.231452491753204
0.33797281799794
0.325399581491764
0.254394923971274
0.200291096538903
0.257991577934351
0.303628172764265
0.384805520187382
0.44835247355193
0.263698817306125
0.245532280394198
0.312086363413335
0.371934369909606
0.308542746517932
0.160691151098185
0.329790698311757
0.177499354936622
0.27896775060341
0.286447815164648
0.241907318545892
0.358960991451662
0.372978520010759
0.437906016178285
0.232627271169133
0.348937000396257
0.29693473229045
0.308817962002502
0.271227451078866
0.261845858512526
0.230988574079081
0.404861826613222
0.412595744701628
0.203708822806161
0.324648643682861
0.243598497379564
0.253856769974121
0.20252821569573
0.260740104505732
0.422976640375678
0.373135427606695
0.340610003477941
0.314758631136065
0.239527270982053
0.446385500430996
0.435306166136073
0.564036041547893
0.529779606811072
0.312852467033531
0.385768531269331
0.445654223751637
0.365440127451519
0.421671497754965
0.519336517610971
0.29768425347033
0.351765166869493
0.45553715947804
0.349181212818314
0.347209434486186
0.519031829591362
0.379873013946462
0.270030484827093
0.233348497253686
0.459082547279698
0.288562419338696
0.287063580831285
0.360005142251643
0.335762504415881
0.444204138618741
0.412269781470994
0.322665183037804
0.413698629969731
0.250019546685711
0.398483316607909
0.333001808248418
0.534145558639853
0.438028824768587
0.507805102104684
0.413157671040645
0.386050812251589
0.289716226497548
0.429357034439464
0.545722879991296
0.391814853240751
0.368546601741645
0.451540638395476
0.480319325896583
0.454506647305992
0.370183112413943
0.502227778192473
0.513477257530105
0.478590851207191
0.297085783557869
0.424682447897178
0.422203991128635
0.58213478845812
0.539276686405475
0.418840169293009
0.414970036777375
0.456264698095484
0.456176513256964
0.502436392197317
0.392780203687296
0.458639781479876
0.466087918123566
0.593254208840328
0.531689000872804
0.598261271909598
0.423004805218269
0.556654158528734
0.537016226444656
0.537601310156281
0.49259211205633
0.629915936106991
0.557881063926314
0.488433773021604
0.372333792953829
0.337463396022241
0.479981410090724
0.397058753624585
0.581342481706826
0.434485016604165
0.611275165707958
0.525682742713242
0.479024887627432
0.715081509102902
0.641926651606734
0.636616049879292
0.473645647511732
0.522418944282245
0.410562197460036
0.579860555308904
0.531193338645023
0.529924633563337
0.618037762592261
0.594989748515009
0.530774218821218
0.505148934673238
0.652626057750505
0.587960330328254
0.529057389491829
0.489600568031283
0.631430335576025
0.576512824863118
0.642206478745973
0.387218141941643
0.516405705840407
0.681422430115338
0.544042076071224
0.649188143839639
0.590203510757842
0.62527705274129
0.608318348276928
0.690538451557898
0.603985084948133
0.638640296051077
0.692803096753051
0.519056600698951
0.548037060359582
0.584414154853642
0.484825259946924
0.527277762064505
0.55327943899254
0.63291462407044
0.628470702918078
0.49397953761168
0.608187111311667
0.50821014431551
0.682257353125046
0.642613298583698
0.546714558569073
0.560070940744225
0.499450279648969
0.536083555887409
0.64993193664689
0.640994914908953
0.579261659207451
0.652458432255321
0.559411248057125
0.682837227603519
0.773040665551689
0.421982935244194
0.502749593177861
0.54774289599042
0.646697113116407
0.620496489872123
0.576509077987991
0.591939004685706
0.625300919127398
0.651831227028851
0.671108440787004
0.748987542130685
0.602251510575738
0.750804082143834
0.496167745042104
0.619057413197101
0.719371820170474
0.706175664028506
0.630154128563582
0.563384742913106
0.728597131249671
0.82550439120385
0.612612606836611
0.835905502954003
0.770683791248088
0.616195268552579
0.6821558579119
0.849744446435076
0.769355443210153
0.632861570991511
0.659654361571822
0.668082687923506
0.675983923234727
0.649440489391949
0.586158285492537
0.733897934839845
0.546745312345104
0.76479079283218
0.825606507059592
0.66352994093965
0.615223198683544
0.667323021085446
0.70610663078375
0.661133687530006
0.647451020962173
0.634475960099513
0.68035121646476
0.611518591120957
0.776043024944129
0.719757905108779
0.668387058136254
0.69900492500457
0.612717458691478
0.559480137555845
0.714710607947096
0.82629430405729
0.785321855608788
0.763853101667214
0.627711102016221
0.788099883480708
0.530730658886231
0.882099888457391
0.759258349840734
0.781075831692581
0.643030200064685
0.634393112348712
0.604411174758938
0.8466524093931
0.647372691562285
0.868899114242168
0.776301361059488
0.71325283055373
0.783308304189624
0.647482912357127
0.750734960029758
0.776045176985543
0.713403440715135
0.690890700088461
0.788900399065383
0.738572015552525
0.73138725281966
0.809687245048474
0.822932614271689
0.80577309918109
0.902473901618436
0.810846850391873
0.873200461607075
0.883047415017105
0.8441739319201
0.79010512191168
0.75947256197507
0.612244193620537
0.919802193585616
0.870711110395786
0.891226498505442
1.06363098987866
0.882975874843423
0.857740324804701
0.782724079847207
0.800254158715904
0.914968047439183
0.763569852436845
0.776107032999398
0.832783988166317
0.970514513316502
0.859509610017441
0.835062803823047
0.742271373986201
0.845120257272403
0.884742433586812
0.864711341661736
0.906136459212345
0.710436791322314
0.74160582388994
0.87925592650186
0.896795646358314
0.9448409377316
0.807898509108937
0.947498526839071
0.866850922569795
0.918836544747814
0.799848345584795
0.987689188770639
0.853479754218286
1.05374972709699
0.774224324953162
0.835661410363866
1.0505562390613
0.842098673804412
0.992659809359218
0.914764536689271
0.872774591169943
0.769418929580198
0.954229820325349
1.058241941889
0.790379348895146
0.950771639767913
0.86388536507582
0.835951924539764
0.978151609034219
0.985202450106842
0.919110989379729
0.87059492993672
0.913997835073238
1.00730324946528
0.851196685994113
0.847988192184268
0.944825284782778
0.942343639148241
0.82473717912977
0.925722061029494
1.0179195198555
0.954454565742868
1.02189760838772
0.892357397478678
0.822871180225441
0.848904291792423
1.01821046736646
0.973543813172961
0.850936495100219
0.946464374512857
0.927509580409176
0.896849843741066
0.918284507541295
0.924866854770751
0.929519017903089
1.07358675539134
1.06371231404938
0.889857326838976
0.996391582396679
1.033545299862
0.922648254819504
1.11094897962828
0.990288895933761
1.07749530071405
1.00066034610949
1.06393956570527
1.03302778098239
0.899743371381202
0.96473305451777
1.02081932011349
1.02561783344329
0.945841233625453
1.04925040925525
0.956740157836691
0.898212363677405
