"x"
-1.19658439747456
-1.09167770331588
-1.10119334294101
-0.907980307862112
-0.943114853348941
-0.934809130755505
-1.00478668846744
-0.930157263654085
-1.1617721439615
-1.01569720684133
-0.999015895908773
-0.991196373702225
-0.908037911604837
-0.853500499177385
-0.939994276725767
-0.962698268299318
-0.992817687657942
-0.991842416481406
-0.95871739655154
-0.893207092373522
-0.929951701712965
-0.972790580093276
-0.845840064105884
-0.911329018562147
-0.987305969112771
-0.836083162750805
-0.942344436095988
-0.886539174505384
-0.912011911316173
-0.94189139097433
-0.975405206134065
-1.01506984006445
-0.926749646030577
-0.905361921893947
-1.0333084972201
-0.950551311785632
-0.89898330668632
-0.919529046476674
-0.805783765531271
-0.833386184094532
-0.894066408276658
-0.807140333616036
-0.802056711368758
-0.808751326129974
-1.00578097304676
-0.892684185684624
-0.881769551120047
-0.937445619125048
-0.899813586456096
-0.862838381084292
-0.784601156027242
-0.975537785946564
-0.851348803330783
-0.863472381313862
-0.912571694246892
-1.04195361701886
-0.926107660603086
-0.894884229496998
-0.943443830400331
-0.923668698454747
-0.710800269479629
-0.92584384818115
-0.910384098187259
-0.785658217766333
-0.805814846402523
-0.705326971576065
-0.89410358621796
-0.839648541111248
-0.821198941559511
-0.835183161097558
-0.86021208376816
-0.84218441143855
-1.07107893407403
-0.964883427392619
-0.956331859208712
-0.931427527844867
-0.849985260915085
-0.727989365249813
-0.751295649014146
-0.834486414327505
-0.841884397656139
-0.8250001710441
-0.859890640909016
-0.836733005222427
-0.802012147267499
-0.7291203998345
-0.818495674824275
-0.891464630888759
-0.870205352417039
-0.771900195798226
-0.7276225622388
-0.728166355464
-0.778636344916716
-0.648238092281422
-0.804277424237135
-0.916980099252089
-0.856666899601693
-0.692662961896239
-0.778267648430633
-0.728656936438891
-0.884752882162685
-0.786948494916906
-0.824662802177769
-0.879328096521693
-0.836434655710298
-0.853190831433846
-0.766439781753649
-0.776664699735286
-0.805040398403765
-0.775656059637619
-0.804323998101569
-0.790499146177519
-0.778584652183399
-0.618369985643315
-0.786648153447176
-0.887256124994621
-0.671607489469017
-0.702984559878576
-0.654321531691687
-0.673339671556065
-0.653794637539737
-0.769017086863438
-0.70781809807148
-0.783331498629825
-0.714481554411771
-0.677736167372105
-0.716330708360658
-0.578364432638171
-0.683782010364721
-0.7853536928893
-0.676585548650258
-0.878291670625644
-0.604433005460305
-0.625283980148083
-0.72060227857369
-0.815127567811131
-0.753044170530218
-0.741409192768851
-0.654191273326502
-0.782231752375132
-0.697060117726659
-0.774303515466222
-0.795867929856212
-0.837211096954857
-0.644596328531352
-0.764689992642778
-0.62957136881495
-0.783391133930789
-0.737248521974713
-0.756686873734265
-0.544435273416287
-0.634457930868
-0.75948317617235
-0.576354141460857
-0.761456825272423
-0.726762569983368
-0.615992161752341
-0.708382784715882
-0.775562632380653
-0.737686581660547
-0.706059922269026
-0.791351371818249
-0.596398785125101
-0.603071022025466
-0.691492853171033
-0.564761545714226
-0.568108988759157
-0.711417115531438
-0.532630169483181
-0.7568062970162
-0.712042890362778
-0.652076426743112
-0.73687214825109
-0.55322737950624
-0.713242214525814
-0.676536316223561
-0.680090476547817
-0.607390516950187
-0.671595018824972
-0.660530731166078
-0.711650377814337
-0.613681622689956
-0.578957281024021
-0.576039410066675
-0.667558811595129
-0.632000664461653
-0.598999533261883
-0.671211194443144
-0.659559883897503
-0.837831807881115
-0.514477618295749
-0.668861175132785
-0.646054356963744
-0.647962391926302
-0.627692243836831
-0.675988103195481
-0.565988025137452
-0.721978919273431
-0.552286830377345
-0.590324471911866
-0.598347351595517
-0.697485689457559
-0.626648585736682
-0.642360368088361
-0.621624921625912
-0.655795623505046
-0.436456095919694
-0.499992776405724
-0.757542673257516
-0.65701911843846
-0.572665366038947
-0.500444364637444
-0.519261113373633
-0.506673991832205
-0.680442560387755
-0.418504042231478
-0.415732357730987
-0.732885992354308
-0.613133177113325
-0.55987983010201
-0.534376680128407
-0.518454852915912
-0.641227436649341
-0.412778289310879
-0.502122289704308
-0.655493994402744
-0.697673124630911
-0.47874648684754
-0.406417108078453
-0.42769981221195
-0.611973632451551
-0.560149077598575
-0.39551740378306
-0.574338123361254
-0.504728591175238
-0.565327839942427
-0.596480951139881
-0.439473073850623
-0.590127006939063
-0.503426899526709
-0.561797662097194
-0.414149755001431
-0.55706920313973
-0.485999681768369
-0.386538154004023
-0.531111072493267
-0.572269972436907
-0.572994698640596
-0.443186044830089
-0.47645198174284
-0.560722392757328
-0.520259164986299
-0.526042594623341
-0.559427559367212
-0.676613158545004
-0.467855738433015
-0.431731115309837
-0.374727280952435
-0.475290849840031
-0.545443807448152
-0.474636072709603
-0.431423779209205
-0.536484917311318
-0.388062722485392
-0.499515660300445
-0.415075027546658
-0.45865081245423
-0.494653548057747
-0.366180311870978
-0.351002765258245
-0.469995805861533
-0.554979498439621
-0.477669343450062
-0.310490262779614
-0.461866222647131
-0.411098518618458
-0.383122328450886
-0.509916401808338
-0.553026012985024
-0.450220679492966
-0.324738384678283
-0.376596072920811
-0.515335222052638
-0.426354058945193
-0.371926448521337
-0.350196074784875
-0.461840153071757
-0.463847957637892
-0.307814764153648
-0.336716551496413
-0.415214984769335
-0.561549231200058
-0.39013624724389
-0.413730195454996
-0.431270695298037
-0.303862862273991
-0.528939744782645
-0.368286331243425
-0.464539303347753
-0.468938613128298
-0.351473238220729
-0.407658466016588
-0.342783220872162
-0.393249212886264
-0.193065379662911
-0.247185054467845
-0.377800069525836
-0.451514839716053
-0.304745469810117
-0.491111890607405
-0.315438034324082
-0.578563903505712
-0.490140907959844
-0.265878897287467
-0.40278486938281
-0.288458373115101
-0.382993891187331
-0.536308642684691
-0.27467875787539
-0.298749435305939
-0.293049439246294
-0.344825625971214
-0.228937135099385
-0.218676273626285
-0.33156619389452
-0.335877596932849
-0.342261465095577
-0.313833653435806
-0.481511484870339
-0.342761704962408
-0.341386836435064
-0.319133463857134
-0.15264897603752
-0.424753569261135
-0.424727807840602
-0.433394871444238
-0.327769265639319
-0.392402296147659
-0.28714226082419
-0.412006593994438
-0.300088413431059
-0.409459589638966
-0.334323635477611
-0.260346869682768
-0.338038086779221
-0.285970484461626
-0.422183258111294
-0.293449337612388
-0.257808285066183
-0.277273643235583
-0.472028197220338
-0.357500048517634
-0.259106576568718
-0.220451436985668
-0.304651974551051
-0.343466398122579
-0.306090301800473
-0.365111074703906
-0.205023837262657
-0.316111145035011
-0.246488415691823
-0.400450314186381
-0.370394003947685
-0.334354250064016
-0.269285500997768
-0.382863733458564
-0.28862044115132
-0.24457279041409
-0.144397433027494
-0.118060905483232
-0.142220889996662
-0.317753122145042
-0.322721571947811
-0.22840030584637
-0.306113811503262
-0.181196626413932
-0.281057410027402
-0.0673627604294088
-0.26584521779425
-0.453107135998989
-0.340209106274039
-0.245293227165109
-0.169097956906412
-0.369152263354762
-0.367128889595318
-0.254754319122042
-0.168227349723722
-0.145812913270573
-0.254230995415124
-0.186222239114498
-0.270818058270339
-0.139574779687021
-0.132296366555732
-0.364400032829948
-0.162653879762575
-0.309009902947992
-0.186386237739868
-0.174672261957736
-0.187663455845974
-0.213793746026119
-0.116572318145756
-0.198686753201437
-0.352692097100652
-0.216310467407662
-0.0748936326073008
-0.337323702091443
-0.154835900697636
-0.192883024762766
-0.00605713159663227
-0.178753850288733
-0.162040946246899
-0.0880755160198255
-0.241379884808447
-0.209559216226625
-0.163036586835532
-0.366663908298215
-0.0994740577821471
-0.320850489535759
-0.159818917413788
-0.0894235634785979
-0.244636794824497
-0.145075870546171
-0.216714992431773
-0.24547057755696
-0.251353076674837
-0.139994267453303
-0.113304068757392
-0.0103775136331019
-0.152390330275865
-0.0428066625691869
-0.229286264229397
-0.293997860962227
-0.227150320458042
-0.172745563523074
-0.246741743042217
-0.0602612924270382
-0.181657590368844
-0.0044959705697531
-0.0748473976247767
0.0359095744877
-0.0215279388046625
-0.0971676828582761
0.0204018442595698
-0.199451143089753
-0.19340947102219
-0.144803835727056
-0.114173527652273
-0.0302781988308945
-0.19383600698779
-0.085975926973094
-0.12496580707004
-0.0179560400547525
-0.186353974212886
-0.169763105669741
-0.146070022316225
-0.0599938547958663
-0.0797838540826267
-0.00862766759822225
-0.171735665100279
-0.204768582397164
-0.13682501803666
-0.0287254439871603
-0.164755928326174
-0.193245527028465
-0.1719321063105
0.048936575778501
-0.095943867020367
-0.040497793759907
-0.162958555358453
-0.177255108139137
-0.157150296791876
-0.146314856408879
-0.210173950243518
-0.107635226834566
-0.0780050911554066
-0.115710838125708
0.102850590771266
0.0326663847714304
-0.13648579965825
-0.10918519698809
-0.133015749454394
-0.0106062314315973
-0.107737817922287
-0.205961088107287
0.0821504880182605
0.135020999101271
0.0280191638606085
0.0341239223093883
-0.178873413797066
-0.0377550793624612
-0.0332048905375872
-0.0251030686725062
-0.0118001654205881
0.0507590151221741
0.0348681695140693
-0.141216277431071
-0.180880516523963
0.108585123416693
-0.0857246125309641
-0.00612114365152431
0.0481697255593842
-0.113844629924296
0.0480548997770635
0.0540435651265608
0.0368388386579284
0.0484336052917646
-0.0953743290742682
-0.19375575639249
0.0957065307107086
-0.102525166280663
-0.0175660324900441
-0.0337433801115469
0.0526102459672859
-0.110290572054388
0.0267033190676062
0.174555631283905
-0.0360552968423024
0.0585021396026713
0.108434037324335
0.0901742606101532
-0.0042349630075532
0.117983838095409
-0.00443332484486473
0.0265932026553632
-0.00731108419894683
0.198032296039196
0.136001531834674
0.125663700479643
0.0379056883905357
0.0905887499802291
0.104686730720321
0.0468479286818044
0.0329546804794386
0.141078375514264
0.0363888210797971
0.131612737549376
0.0413141373013242
0.0293527531919986
0.114605498177634
-0.00258858196596249
-0.0255961000168036
0.151173113927011
0.0924217291244294
0.0103690628721436
-0.0595142333394663
0.00347204993186536
0.184552430692532
-0.00609293615988462
0.148346309897511
0.00201344129602536
0.0366982584369496
0.103694409577357
0.0246125546963675
0.175232774208025
0.0785186813923455
0.210809702372871
0.0609921729698705
0.178674440198754
0.00521647444819124
0.143154977646779
0.0386746768591544
-0.0943843947517648
0.109352375535181
0.0698537591839368
0.191814979435594
0.246789252530001
0.253677056167962
0.00731899956201732
0.1332191337944
0.234805442116504
0.143962485401157
0.115182553548867
0.125465671770107
0.0983217153893406
0.144818941179406
0.1615332784221
0.0220961938911998
0.13308939741689
0.193385893955558
0.0893328507578322
0.349487400995852
0.0507489430446797
0.212701057204674
0.198022212233532
0.172099636485651
0.122833742042316
0.230851320905983
0.116252613648795
0.164933130096753
0.303859139781895
0.316606499484016
0.258511049789706
0.109482915677762
0.0713215210529063
0.125245170289043
0.18062599026524
0.139958253550288
0.217249821090295
0.135691027838478
0.301570373757361
0.106283591023282
0.0806233233952916
0.197672032133707
0.169926685425811
0.369925181483898
0.337617755261871
0.215230286336848
0.348988298592434
0.227002197123767
0.234317508243462
0.272553843723444
0.25336317694572
0.213401317329509
0.1518601445063
0.255078952903772
0.317554832696543
0.266583332662391
0.232433177882808
0.335209514538946
0.269875704309185
0.36027055199265
0.22511027183706
0.148701730720072
0.235659802248922
0.266524498196118
0.293688078096049
0.161249006292297
0.346692186333402
0.242731013067244
0.288309009078334
0.287332020746871
0.120410401419453
0.0829727054994476
0.166703883724541
0.391697123547651
0.283392804151763
0.249145366640237
0.307449679740802
0.344080386752613
0.220402376448698
0.0893169568126137
0.353398145129846
0.296884555681633
0.222553317127417
0.362201562946703
0.0780101109174767
0.330537567129189
0.197510150815622
0.221680880645396
0.284354345769783
0.2683720408971
0.259384717749651
0.369353025963579
0.326556231640386
0.409064548650265
0.388504661697263
0.434603964567099
0.230040917183036
0.38035320489627
0.28210972462378
0.34471950559904
0.226108134444376
0.378192309462293
0.199710811241112
0.507195733819491
0.445519390080076
0.295843752817366
0.345166999277708
0.383392851877911
0.36780422513863
0.261241063565686
0.263798219799162
0.309372608130531
0.33754980768941
0.401840619047889
0.388105874976369
0.283619565638003
0.463541438690685
0.458693831957535
0.413274421853775
0.48368217890219
0.484296499147862
0.3323808463162
0.39055186523496
0.512700379234487
0.190382028249795
0.35165780903563
0.439087790805534
0.255936464120413
0.267865307063676
0.238197071255786
0.53161179276372
0.396953557520783
0.315654260314329
0.50063276821894
0.4122386382328
0.382624691632294
0.376446472816565
0.422821461366381
0.338483363812627
0.489170851548259
0.425874838934977
0.444932168730124
0.38271941449293
0.44006212444589
0.382461034596615
0.396713147745299
0.443095831575073
0.377511425646996
0.40906247018835
0.407456242896956
0.270113959724168
0.400666017462502
0.40005832655861
0.4804657166361
0.399616149305205
0.44607199700031
0.377181480645997
0.441929198843253
0.424333026645112
0.279907449133118
0.388401588597085
0.556615580342317
0.495595228903187
0.561197467402551
0.603070394801612
0.441143703888396
0.484822318878311
0.327915419750621
0.551405515988061
0.454075566133867
0.374995251466406
0.55606976801931
0.504056550244636
0.474620358315526
0.594908065827134
0.449267638104899
0.539321515594969
0.546962321877742
0.578742454888419
0.461277299229124
0.551471545265694
0.421678429536958
0.53591115586883
0.410611408291451
0.38188286650893
0.456725417230658
0.745635642469843
0.534883073714118
0.489748665751132
0.44008006535622
0.505798849590674
0.566736670858947
0.553256293137655
0.393883398504815
0.580512038613785
0.676180271211998
0.437208875164476
0.435960493183968
0.44169508966187
0.374041514783099
0.519444151406353
0.565009729085537
0.494159517275178
0.53545669694954
0.51298212133634
0.463562176995335
0.442103059786568
0.520853899108583
0.539176293815022
0.613782084251442
0.651479160751632
0.611318191685958
0.375957540283591
0.528168161472621
0.57568311351839
0.619443010042543
0.580372285357236
0.423678016149715
0.585644835136502
0.629935709139279
0.615622025188995
0.550281896964735
0.654939221904576
0.564749116745005
0.530213087411934
0.607627580999531
0.566438868968949
0.649496044192327
0.556738866465457
0.601455055417352
0.366769711791627
0.462159627946379
0.600470671402386
0.542963351284812
0.596424935886116
0.526401474946946
0.57210787288045
0.503328055996739
0.556358557743558
0.614138705109536
0.570224276210319
0.475337856932156
0.836125986265156
0.653432027463152
0.572448232606234
0.604468877520542
0.690796177438413
0.505331824768321
0.709877577195691
0.622055474182413
0.601692370980473
0.595716249824541
0.641503958454639
0.611643306711094
0.63600109112107
0.728534652408702
0.579948474197662
0.728719374129697
0.542847040867865
0.619300008118458
0.701528086524332
0.59128214139509
0.586624939423633
0.774742882737346
0.740202707021301
0.610362572470238
0.639397211759708
0.663592649581274
0.713829692254844
0.722821910782712
0.665014536370825
0.753403559028905
0.764847551146298
0.725753250498618
0.567605435520864
0.605026874960416
0.708123201952239
0.737664727368461
0.722179456244574
0.642889334373167
0.536796706991929
0.61202572039721
0.769650488846731
0.600567173276852
0.716666922704175
0.722423982535809
0.804998771438075
0.669679775970184
0.632072490500765
0.581611820221768
0.762968507095811
0.74876656210741
0.615183476686918
0.664860980925187
0.687117060763705
0.697179594186915
0.704427505390589
0.675705859685775
0.715156373817956
0.593359476387455
0.87107810234709
0.618444280242762
0.540857185588458
0.787501285562192
0.740928861187679
0.775777059940817
0.695457372424448
0.846755836603803
0.710731630798521
0.727423723557771
0.715692339750924
0.738708069631542
0.718258332436321
0.830617815852446
0.886259600351222
0.891184344532293
0.741994590263205
0.66089055855299
0.571387227226397
0.714865380548841
0.734807840374371
0.840562988594659
0.766624730655143
0.692602408697268
0.880517021181067
0.692383443340773
0.847761510820076
0.76915702578512
0.668511677186698
0.821865306779738
0.724413656677359
0.946821376713735
0.746998089031831
0.666441973449936
0.825101556681601
0.822870270693827
0.696984544073393
0.777396338036408
0.75703316109894
0.84790020321213
0.766838764665555
0.814677719183253
0.676433242171725
0.644449145041171
0.845772297686161
0.815859713096403
0.8117439928386
0.842546207724581
0.855318468091177
0.938089273739895
0.839774930406492
0.785475486376025
0.901691669619469
0.958520589274076
0.774245765322945
0.899068905907831
0.683100045976021
0.748068972646892
0.834551819608317
1.01462526199185
0.753020146871561
0.885540375342987
0.80217311638912
0.694122961049499
0.857656875515295
0.918198852078139
0.796348495685766
0.764914507882049
0.888956590024762
0.868531762559939
1.01253289182674
0.877286544675678
0.905024246955064
0.88951016412225
0.998531314840204
0.80126265743879
0.857189731257581
0.942703126242432
0.762864063037632
0.967848634599533
0.960614059619546
0.688749429915533
0.904070117704986
1.04352610605091
0.924945405130405
0.74468917964824
0.942452359037964
0.791458320573833
0.894964670804978
0.886499602572468
0.758941642468477
0.847879271463807
1.06363620211323
0.824148189089806
0.833752490907632
0.991244793133339
0.935704436294769
0.890773816947844
0.948694160163921
0.866536413221068
0.884104571610958
0.928727195923959
1.05215709903123
1.03332237012754
0.844663593955516
0.920407492276595
1.0737291568613
1.0576343712635
1.00541331340958
0.983752435647501
0.950379211082417
0.829729729326335
1.02609846444201
0.972077761829079
0.906644469614901
0.799663550367313
1.03726760860319
0.982784314321328
0.781483369805061
0.769992179255836
0.848986736692526
0.959938143768608
0.826586997174422
0.960032130903517
0.84195221117289
0.961744689145666
0.998603337150691
1.07295492497605
0.99297261040522
0.997370663265593
1.00198199759794
0.978119451460145
1.03005200761844
1.02055445341129
0.997978215052381
1.04726071774362
1.25450649879224
1.13294244755808
1.02369725268322
