"x"
-1.12221068687245
-1.02174868255429
-1.04834155744331
-1.0205063186713
-0.922891883704061
-1.02314610976176
-0.896527042531187
-0.952199006554215
-1.09841487423454
-1.07380164086535
-1.00222060668827
-0.953235349139286
-0.913671528407466
-1.03650079700465
-0.89794273817166
-0.985608229448044
-0.896900524060597
-1.00891947930816
-1.00973572547313
-0.913213105115048
-1.11010244422866
-0.982735051598286
-0.885175938139215
-0.844043224653877
-1.01892879107977
-0.920044388993724
-0.903332013307482
-1.03074743795636
-0.96351641839991
-0.919848923683228
-1.05458527542494
-0.876636445745867
-0.895053333580731
-0.809187862850141
-0.846470603080153
-0.889252744766669
-0.789015678419664
-0.913816285774628
-0.881805656577822
-0.955570450533257
-0.885256284916738
-1.06661801407963
-1.09287875392363
-0.965130470403241
-0.834771773462573
-0.935041383364613
-1.00455067129432
-0.854462238799096
-0.782023169361165
-0.898926716233311
-0.891719836234799
-0.883436677764097
-0.858646546345243
-0.853646685710369
-0.87164713399063
-0.833549728210169
-0.914715093683586
-0.827179811976054
-0.971556064008128
-0.952401149474
-0.835395520604981
-0.871868387473769
-0.91364659814318
-0.847337871621768
-0.880407122064179
-0.942487156359485
-0.916522651005756
-0.792915307898962
-0.908767932282235
-1.03053092949141
-0.950349798559408
-0.901340982620611
-0.96506108984775
-0.791826167730018
-0.823542218583375
-0.855166865833658
-0.897891809394939
-0.908533771530741
-0.883686233998221
-0.662867626704562
-0.881367292947798
-0.82950192978224
-0.818491522408335
-0.874138116778434
-0.905502525989167
-0.841936154839448
-0.760541234508387
-0.893909463535532
-0.800160536769686
-0.915363546301967
-0.794021661201624
-0.735856217055169
-0.857451771481334
-0.845749780934906
-0.773570422528506
-0.849940671188221
-0.833143554916475
-0.718321921816179
-0.771378846233239
-0.721004788942134
-0.853958636862906
-0.74867314798095
-0.751704078087915
-0.698656407597844
-0.722159396296377
-0.893689046462163
-0.618304581462939
-0.701201190932829
-0.753581875671065
-0.782033627757336
-0.838355038268175
-0.853311808288515
-0.76806517384348
-0.812337728151834
-0.867314138488023
-0.810128510271575
-0.874527812700037
-0.583812620140065
-0.775280534672671
-0.763350826723668
-0.764316516203664
-0.89300783429429
-0.815538148041705
-0.603419470780591
-0.47534368044372
-0.670839872102205
-0.688776106312245
-0.745560029532737
-0.766313332113392
-0.820320031682369
-0.746592248015329
-0.744994825198921
-0.745983182852765
-0.696387682388163
-0.645959932903357
-0.790997625248398
-0.791994872311573
-0.837652466882904
-0.56050047746794
-0.691672654502469
-0.635894515109658
-0.730607263326526
-0.702527180542626
-0.682284879837804
-0.645279516971343
-0.738820014292204
-0.796609335985334
-0.748158188868394
-0.641707817116766
-0.589895061464128
-0.564581022636392
-0.650820336616185
-0.681528217894241
-0.584287866347119
-0.731790189778673
-0.674521981804468
-0.829542691589756
-0.765267712599269
-0.568771466735365
-0.656323929306256
-0.683946676587171
-0.687608618584874
-0.790905181078695
-0.801480608078382
-0.680775728301465
-0.815503207094993
-0.614198633044542
-0.567300761876873
-0.683178406657138
-0.526428000281559
-0.638020792262676
-0.603763471798905
-0.636872225847717
-0.581710785621924
-0.659550048547079
-0.664389596883222
-0.537585872256338
-0.590204059066791
-0.55843592885779
-0.73136868388545
-0.687796985480701
-0.681664256645623
-0.653328496147863
-0.617006011963471
-0.564908831823157
-0.59121791583391
-0.651151996038808
-0.681503050888931
-0.544412935459139
-0.698957087636962
-0.63931414598456
-0.610793933180207
-0.614849036411735
-0.468884215557253
-0.580921372013985
-0.649366675309247
-0.61883251617734
-0.631373238050531
-0.688731081053863
-0.533730054319953
-0.559943581760976
-0.584214419277427
-0.650586800441659
-0.619243515860017
-0.491330267406321
-0.653823839838881
-0.556853555203418
-0.559797466174288
-0.439248013599952
-0.544463078035217
-0.602966941649252
-0.528847568446716
-0.467723195350094
-0.498206073443292
-0.548395639515042
-0.509079870889762
-0.329419710760031
-0.56525000522081
-0.54288247649869
-0.49266811555563
-0.58908801154012
-0.535187586980928
-0.726121785128958
-0.561903713398127
-0.579400433085054
-0.442394567681502
-0.478554326240217
-0.688006127187401
-0.45925989962692
-0.560355720091232
-0.537129733537643
-0.597833914942091
-0.447896321817794
-0.577573701290072
-0.547494659675756
-0.51726875244829
-0.359474800559595
-0.446319524337403
-0.51848216555276
-0.534683396305295
-0.479707168114555
-0.532069748104887
-0.684653842136541
-0.541328679306396
-0.439460365461308
-0.668892996347156
-0.309117939280623
-0.587330898662855
-0.501365893040864
-0.547431266522702
-0.391434455675194
-0.659274660686671
-0.32076512444205
-0.688035716898513
-0.591978305838735
-0.450944964462049
-0.479242450077429
-0.521965489475761
-0.467208565819733
-0.51767986512912
-0.417331430304855
-0.513399165354619
-0.485106659853013
-0.280487619494638
-0.522217275055276
-0.619213923618845
-0.448980570509518
-0.400843192663668
-0.501580161101601
-0.4723160731497
-0.293895750759317
-0.393122683436305
-0.544752534096641
-0.586230476937821
-0.352859380315061
-0.338281927047177
-0.374903290339666
-0.41972136201088
-0.594707163344623
-0.511491828552275
-0.560197830298814
-0.302712636698186
-0.555966848124235
-0.38468822055288
-0.351460644943253
-0.32620049454132
-0.319191417610793
-0.640863962806479
-0.375343745351957
-0.5304242670056
-0.667020801538809
-0.329152892728478
-0.565831297526498
-0.454098732299417
-0.429219390286983
-0.406776327989976
-0.420757992411952
-0.452744191167177
-0.430383856519512
-0.28795382047627
-0.336093629195715
-0.527050148795867
-0.432007515527949
-0.47840513569494
-0.504979800705981
-0.399266391956651
-0.375698912522522
-0.304853711000475
-0.444055617552023
-0.302676009522866
-0.456338121959769
-0.408206743789165
-0.360834177470946
-0.407752545141073
-0.318666044487154
-0.469874881616583
-0.227557157127574
-0.220486312780509
-0.29396109950561
-0.486983901090651
-0.308699925683135
-0.429074098552278
-0.414734051276809
-0.369314350755046
-0.483166710929335
-0.333784122581387
-0.221114283622693
-0.314812568720224
-0.412321047026963
-0.303998939296533
-0.345951170246668
-0.319669391535358
-0.290596355661885
-0.118305707023335
-0.404510451258212
-0.292319566764862
-0.321137624078848
-0.398488982025568
-0.538802893810283
-0.367665173980287
-0.453187701146659
-0.159990721068746
-0.325090736903098
-0.33906755401745
-0.215778756069019
-0.146452661527131
-0.335113251800529
-0.138107214969947
-0.387916381021837
-0.306537374972953
-0.283264899795416
-0.400075331000091
-0.0969367458510369
-0.191223913526298
-0.322244804658467
-0.315578836737703
-0.320994205094554
-0.367978893946873
-0.344179918181955
-0.3184615773899
-0.260610155007218
-0.413565756136299
0.00909801417764173
-0.42476514822872
-0.211398259075999
-0.316427551305817
-0.306270436814893
-0.105934359754639
-0.36100187833141
-0.277721556671539
-0.29894751496404
-0.123803393459413
-0.188937876899542
-0.151158909928376
-0.188373486237951
-0.183145335996025
-0.205442297062648
-0.24686160436337
-0.241686457235643
-0.44152339069971
-0.241456398415588
-0.319488275363958
-0.219568222880222
-0.0614693859153893
-0.321810143311722
-0.202238835376213
-0.332231516002931
-0.285608370272375
-0.292056822015095
-0.297580496439666
-0.244090785705618
-0.0803362506282455
-0.0831044633885467
-0.190474752688926
-0.260869932133229
-0.170399742659892
-0.25823687541631
-0.324256588577681
-0.199659250142785
-0.275630973660925
-0.16962976305162
-0.290287164467487
-0.126288743318933
-0.341934941205322
-0.18865626506129
-0.209471713507243
-0.276148028529742
-0.168211741945532
-0.205913911598671
-0.135274358451863
-0.178420094681524
-0.0851151321699102
-0.00476091702970389
-0.182024223033135
-0.122943582580155
-0.0181238450890059
-0.235422750173351
-0.217669291812218
-0.178291904536342
-0.188971559638142
-0.0742795393024927
-0.251819926238384
-0.15646894667453
-0.0712914952950646
-0.255076537467758
-0.192494654208052
-0.0850077619302736
-0.0689942526273387
-0.151109972656802
-0.138929987700154
-0.132702314734312
-0.162398926958121
-0.262783402759595
-0.106266085766349
-0.0875910694872672
-0.174320274555199
-0.206596025149604
0.0268461080502853
-0.177431488085724
-0.169466810769645
-0.0924994982722378
-0.101362015171837
-0.033448281334796
0.000340656016377165
-0.153580082555183
-0.164162935843309
0.198001028889033
0.0176713668865175
-0.0710577266075856
-0.317481595014534
-0.219209090769898
-0.252462058654399
-0.141222321447318
-0.172386150327706
-0.0766368127525777
-0.160270436239977
-0.0362567866691696
-0.0980097932539081
-0.133073902928407
-0.114968117247291
-0.0762552415926269
-0.0355209171599508
-0.123628647409949
-0.147707279082826
-0.118641153750865
-0.0127839911017623
-0.00558467869087253
-0.0845525011928996
-0.00852412281006013
-0.107101187185926
-0.0181073233880357
-0.0580077663831832
-0.148098303674832
0.0597383753020273
-0.071350257032076
-0.116081420779232
-0.0480170307649469
-0.017814507998978
0.0122088797146585
-0.144558006772406
0.0652135580688952
0.134837701220467
-0.0894248620448461
0.104986691821749
-0.0654300961348904
-0.0253795201589986
-0.063737074900384
-0.00652739927401557
-0.0582388932127477
-0.139266249010098
-0.0113594750138402
-0.0533016757911433
-0.0403963396632282
-0.0214988877232374
0.11384180465139
0.084409540196158
-0.00914101054895643
-0.0789056589604259
-0.0356941109647892
-0.104012311788694
0.0193651465406413
0.132447325491549
0.00405927488385523
-0.00230579586862886
-0.128189854287599
0.205380776648109
-0.105483400440106
-0.194804741262524
0.101477624057702
0.0147016467689702
0.0408517395740761
0.0892000532486742
0.0524618717287423
-0.00831222713498142
0.0424297613468906
0.039768310476772
0.0938478444391331
0.139452578860341
0.0786442532276856
0.0429418962755757
0.0617184404247484
0.0980812282192579
-0.120803312300432
0.177761757994497
0.0679477202444867
0.0195299608742302
0.154634018093588
0.103317904973431
0.0510555504681819
0.00115865479564667
0.113575030304993
0.107223463311164
0.104545588217769
0.087311225521828
0.184419050192888
0.0253046902330535
0.0505380857803262
0.0160204623875217
0.130844184941171
0.150279692850372
0.109783143937983
0.231909300793746
0.139898705303084
0.0173353299193624
0.0696309559699475
0.156257864873109
0.0820591829774704
0.056082380355607
0.015970262318108
0.0202702980813754
0.14646709977484
-0.00320199110134234
0.113213177293299
0.0108335887329904
0.170614674094119
-0.0433489676079618
0.152600794540064
0.164694599044624
0.120805287314627
0.286743337505841
0.279608413892995
0.233552365144862
0.133836371222092
0.123908535747676
0.0531516950111988
0.209543718348717
0.0534328546499283
0.0345273739776373
0.198493708682292
0.0252678419412216
0.165439966064214
0.148445938763953
0.0477042161476863
0.122990314995672
0.17857422831299
0.0800430045182535
0.27531227319283
0.255188161739756
0.136156105179465
0.100203182283622
0.0977797406493931
0.101828405617861
0.213110055639736
0.180142028131092
0.145889217250326
0.234978833144618
0.060086420912161
0.360117374545177
0.237495136524195
0.147897038814563
0.211948151742444
0.109703415873028
0.192644675727265
0.263505781386664
0.0578986427404403
0.240594520020117
0.185793399753048
0.0223390788648952
0.168689486479198
0.121714439191303
0.245560303780009
0.1388527490716
0.291546219353401
0.249662713137263
0.133046609516921
0.397971433069669
0.292138819252258
0.0631540090062586
0.16104252140089
0.120501624919005
0.237760590951646
0.291869111926774
0.234897512454282
0.30108328645267
0.300403694036673
0.256597533389572
0.271642787866293
0.306475483593346
0.241378845997629
0.158409405456389
0.181775557144281
0.258953943294347
0.200512518742703
0.316639539948502
0.285433438599603
0.332572945573285
0.257766472260555
0.277249774467215
0.253096998261954
0.322256130166265
0.278625867354524
0.33087654640443
0.286132880415709
0.299199001577736
0.296112753335644
0.242239115096766
0.315661862831457
0.338527202584834
0.269107135140091
0.199997028688253
0.2889506398852
0.337984845107568
0.392376349182985
0.442364577038422
0.293774850850133
0.269660582347834
0.298793959576946
0.394046467203854
0.305883518735771
0.15273009905055
0.360740477687779
0.18754893807013
0.286675238186876
0.274091510670026
0.228779654160284
0.371296625273555
0.388645105864028
0.44269508610865
0.201413619787613
0.343123597907987
0.300137117822242
0.307571108442364
0.260378912847416
0.274793197457
0.233100106522814
0.391856579078326
0.419935648692333
0.201368715776171
0.334943019536772
0.234702030450086
0.234511955472895
0.194405614905407
0.274559936338547
0.420102647900661
0.381702105409915
0.336649509921231
0.318681471954315
0.256250073751842
0.483145195251845
0.424296292100684
0.557664596948655
0.530643720554359
0.308760617954004
0.386050335414632
0.481082837306484
0.334824615219609
0.429020294446918
0.539213398819219
0.29687316746652
0.341761677919733
0.45337937986553
0.347361656452886
0.320360867870246
0.515696593103786
0.40997109985968
0.30420950692363
0.244600737923424
0.44641219850743
0.291013893886182
0.303031916418956
0.369063480102186
0.326547155530707
0.447662210563911
0.431118217174614
0.330261601129917
0.414175623939135
0.24193572530722
0.391507494600095
0.332286624356758
0.531917971370404
0.456544113175069
0.507488526052578
0.401057773215483
0.390635610323805
0.267646644600826
0.417866336702265
0.533967686171692
0.390540268996421
0.368406922248876
0.446068835968038
0.482838017812749
0.464050061966187
0.36070173795805
0.483161515197388
0.512009090327073
0.483351137054802
0.297851731058685
0.434368480120359
0.422493475590447
0.588596424684566
0.5405582581825
0.405402526041352
0.415555113068741
0.46557814283756
0.446029094379756
0.472106915040225
0.395384194376567
0.468658611616166
0.472292534436831
0.601431423303595
0.54035242310073
0.595578265214944
0.432842332518893
0.569303664703099
0.510447663137132
0.532597722869996
0.504289353470887
0.615094899809327
0.548189133664744
0.506098911547248
0.361126971687891
0.346204632794745
0.473884390306331
0.400316099266153
0.556966856692758
0.439462553758174
0.569324046000234
0.52845082004538
0.481001304925551
0.699262915047709
0.645779567443546
0.628168932811109
0.472957596266441
0.532152097126684
0.417901795963087
0.557029744589501
0.518575883845314
0.522408802796659
0.634580541380535
0.574238518454654
0.520991834721091
0.486315568163029
0.657611094429731
0.602674752949192
0.509297963308277
0.505221586697096
0.643737213210856
0.592191781409134
0.641244616075311
0.359534654490611
0.518008519111199
0.688979841751119
0.530153659648223
0.664047725688022
0.584304862602025
0.629009597003455
0.603070994108642
0.686659125143913
0.593546531973303
0.649205807034245
0.70432646762786
0.542395183434461
0.536335506176519
0.578670520652656
0.50252222170511
0.518435478693284
0.526217227229797
0.627783584143277
0.659436676380331
0.499561767691682
0.599461460656274
0.504963014280793
0.684982408979312
0.640465645518573
0.534544313533497
0.565214512044108
0.472649462421001
0.532458529772779
0.630194898651379
0.629888874094049
0.589772834839538
0.645096028945509
0.550298321558148
0.682277188688846
0.770972358250584
0.424031824299945
0.509106833723259
0.52636931025236
0.643415342946323
0.627227861369989
0.560873815433046
0.5793641510291
0.610390935219009
0.657372983577049
0.657254258469997
0.749169849534747
0.608178553625192
0.758976659331098
0.501171794704316
0.621653130249356
0.712127626383612
0.710195960072066
0.621712924990159
0.578641355603807
0.747703976084073
0.830174206657324
0.603035674582014
0.839470086834897
0.76365283099362
0.625834757851349
0.682649021584975
0.850068630556854
0.755063638384418
0.624143859627746
0.664832521953551
0.697895199151042
0.670440824714574
0.648263290957066
0.58600788207957
0.705793328547564
0.534001454328314
0.771929349118258
0.824326002209873
0.668824566659241
0.612671346138628
0.6755572485115
0.723762770205816
0.653370925153228
0.646950208236295
0.625162520739707
0.711719863876321
0.623233468320956
0.793937541282989
0.697450656637664
0.665342509544928
0.710534189796748
0.615055103983452
0.543436321370775
0.709077756098073
0.822957770349076
0.803666942503842
0.772681141608142
0.633522103469553
0.792826327984147
0.512612608025571
0.861485531272398
0.749968606897811
0.796779330592153
0.65331918827451
0.638602060454256
0.605416308189639
0.873358065754808
0.648046560714149
0.871975228671328
0.775769634878245
0.716816245643137
0.797656580263665
0.662831794904198
0.741295241885442
0.802729978790854
0.721741029879856
0.691289653724835
0.789725994419149
0.756025129121284
0.742722032843166
0.794999876546659
0.804911109356744
0.794779392863058
0.906974450912964
0.825170538393638
0.858861141394852
0.848392409077426
0.832661160415015
0.797007179221615
0.74701969948309
0.615813651906437
0.93243076870386
0.876558380053931
0.912848071429969
1.05338591243268
0.897850211020467
0.842520770598787
0.765849443480302
0.825468157291855
0.921381949015525
0.755842484783566
0.784484487941917
0.86325516341882
0.953376652314508
0.842330953051378
0.82505339521377
0.747467437916524
0.851114231797644
0.866064231598028
0.850763982003582
0.887216556403396
0.736642459085525
0.735497453097803
0.899525938383387
0.86894201725888
0.95833401424299
0.825227543036502
0.952321957991408
0.869281899638194
0.916364569203997
0.790453974290188
0.990938656462969
0.843642298303567
1.05407005761672
0.767865266624447
0.811734009071363
1.0257257339022
0.824794591598635
0.991279604289118
0.908728385902535
0.834437636653143
0.787804626310835
0.958229150068132
1.06650980268357
0.779312903921609
0.914473292122273
0.89340608824149
0.839313559784336
0.986337689406526
0.985035041052244
0.930606712591952
0.876650317590227
0.887415269261621
1.00063323152942
0.836389270326202
0.844683319684191
0.935714866084703
0.945499581961429
0.833392518377757
0.925517645831044
1.02214729305694
0.924035834859825
1.02858233315802
0.892954240049298
0.827356080936581
0.841269011515683
1.026072148323
0.962690477790758
0.858093870993332
0.922222162007966
0.932872717369397
0.916304957426875
0.921126938379412
0.918109827828095
0.912055306085944
1.07799832939586
1.07826093357541
0.887870218952874
0.997566752080648
1.0025304480459
0.92114156090345
1.09027320242256
1.01334718607555
1.07416837292472
0.970493232119547
1.06290291454847
1.0532722495339
0.914295431441307
0.948704992064171
1.03642253111905
1.01997482166324
0.961881487368811
1.06721055092793
0.948667801792535
0.921896281468114
