"x"
-1.12099464367533
-1.00975273303766
-1.05029895344322
-1.02217267520517
-0.925316876031499
-1.02654337260068
-0.894559716600471
-0.95517352396358
-1.11629688943754
-1.06148867438728
-1.01905055073473
-0.959506503887854
-0.926438441112595
-1.03085914052904
-0.900451666385386
-1.00344147339948
-0.910758863049817
-1.01366778708436
-1.00733396517039
-0.906394725712497
-1.09133595699209
-0.975711551215075
-0.900448945254056
-0.864021105486323
-1.01774903599943
-0.90702363074556
-0.915778671664131
-1.02288858175153
-0.966758687960997
-0.937235840056183
-1.05666429406279
-0.856339648452752
-0.897407489130178
-0.812221171814508
-0.843505025383118
-0.888310903164529
-0.812286693283922
-0.920299041259168
-0.868968218378233
-0.938570704934458
-0.887633910181278
-1.06420274523767
-1.07877724476579
-0.979966531532096
-0.823992613107852
-0.937920402892753
-0.991304233164613
-0.863140833131693
-0.778810626198876
-0.895522671143159
-0.862261347163582
-0.871954466354911
-0.831381917002373
-0.848475677762736
-0.862791520439024
-0.843238433442847
-0.913856142566178
-0.82329602926692
-0.964129467529945
-0.95131331882212
-0.832155678800526
-0.861925917201551
-0.895359874477144
-0.84286197908413
-0.888210827936315
-0.955203160149741
-0.910661513622509
-0.821435864435082
-0.91608851541625
-1.01433009969636
-0.941778672602442
-0.884173634566795
-0.952422583244138
-0.803928242534538
-0.832593781666685
-0.873332772556666
-0.877168713402597
-0.903564760788278
-0.878944974960964
-0.671659189656922
-0.864309203785398
-0.840126063067928
-0.834850349054491
-0.842368618230798
-0.934680922315137
-0.842559089632405
-0.776787671966264
-0.880087031997486
-0.800956749712303
-0.913136598370228
-0.794400454472246
-0.732368869310198
-0.859284415257928
-0.847073027590968
-0.776960552626897
-0.857498619589339
-0.839216766473013
-0.718563933058112
-0.779958468219814
-0.700447222653522
-0.860476354468241
-0.75379662028351
-0.74870241997807
-0.701041732617615
-0.741206600985915
-0.913432914428806
-0.625467305482153
-0.721496736445951
-0.729290380339705
-0.809977532662435
-0.825849614470529
-0.855189355143643
-0.783924482722394
-0.825969508869267
-0.890105063747121
-0.826823122374189
-0.897160074796572
-0.602203246285124
-0.794674117809902
-0.733430166551906
-0.772235460187655
-0.875429090979036
-0.809891527715064
-0.584705873239486
-0.467405933972985
-0.662012908759385
-0.697764581318757
-0.731626409305466
-0.75867341308545
-0.822749671326326
-0.757067378360491
-0.733844622049914
-0.75194744030335
-0.710141049502674
-0.641445896696052
-0.805404415447612
-0.803999182392766
-0.835112122888798
-0.581634027515251
-0.700774941017435
-0.664201211310999
-0.726441153811745
-0.681351350571626
-0.694617613516097
-0.617958717588229
-0.745690200474743
-0.805735821226302
-0.757529905061807
-0.636827870674564
-0.571423257023481
-0.53948874568415
-0.650481136754489
-0.672324900063028
-0.596228517713609
-0.724896811207308
-0.674406888420286
-0.85380203945794
-0.764932543132601
-0.557341944553537
-0.662613427285027
-0.6886938060924
-0.694198183146631
-0.803367387879257
-0.802303222741529
-0.693889327708553
-0.815391142568181
-0.617483104909953
-0.547474625026134
-0.667534846085217
-0.526820526615782
-0.628707455319909
-0.651789765472065
-0.631630428732357
-0.60614483811314
-0.635371468615346
-0.66688390295814
-0.543644101536804
-0.603621542323161
-0.549616294354104
-0.75060762263188
-0.689490824427166
-0.704145560928058
-0.646975675234837
-0.599062094451348
-0.580715062906769
-0.612645511076282
-0.629708757841388
-0.682811212390225
-0.556601936327262
-0.694109078110184
-0.611613122917764
-0.592789227154795
-0.626821558483538
-0.45921120640442
-0.586028509459817
-0.63076463747048
-0.615755315434131
-0.623183935328097
-0.6821525433661
-0.514869728375251
-0.56248382762273
-0.582655186174026
-0.656804056787123
-0.610026885812927
-0.487577806249937
-0.637080280875701
-0.528423598359466
-0.582367661125523
-0.445766377966648
-0.551056102857699
-0.598607357031917
-0.516082430471743
-0.412651354875934
-0.5064750351001
-0.566129551662246
-0.495068176088254
-0.353260689205654
-0.547454635254734
-0.564690255354806
-0.488629620294313
-0.589448612330454
-0.55528561100542
-0.727522376914128
-0.545964132412094
-0.572993983897581
-0.430730314995318
-0.479378693829767
-0.671081009501846
-0.446411488875452
-0.553383860023036
-0.548018058033623
-0.609902886896623
-0.441095930571598
-0.562820621573378
-0.539672951059543
-0.542228460591922
-0.369334919004794
-0.432611003096578
-0.514391285190525
-0.535848798641621
-0.500022256539978
-0.521765174655007
-0.678146958949371
-0.554194191652529
-0.444322017999983
-0.703768357137782
-0.314992604696837
-0.612731533048135
-0.497678428982307
-0.543164195089769
-0.412370435914247
-0.65790313400261
-0.329891000615477
-0.716943921536804
-0.611917977192685
-0.47674554279392
-0.475521127744608
-0.520683856741269
-0.468003771004351
-0.501123402312765
-0.410435922795888
-0.49896572602504
-0.485450135390341
-0.286768353926394
-0.516793631030699
-0.617145301391705
-0.458081847498372
-0.412807237674659
-0.502374448532459
-0.487850315734506
-0.304569384951935
-0.350097367333835
-0.557146164084875
-0.573651112501535
-0.341454068835475
-0.37540571560757
-0.371319522269279
-0.392789965397224
-0.60583455193114
-0.524074891245135
-0.54553968140391
-0.297496579478735
-0.542355139269808
-0.394936578126452
-0.352211607789666
-0.326514826352321
-0.326855433529212
-0.617888539662762
-0.379382666177066
-0.528185954904961
-0.65667271533724
-0.350001261396959
-0.554371391116614
-0.450026610121358
-0.433045594791718
-0.38969080317421
-0.390816680307424
-0.440235925262442
-0.42451218013599
-0.312028828221794
-0.341171507936213
-0.536894620938875
-0.410958186989196
-0.495777926275133
-0.487999118870866
-0.387163116533555
-0.355594408615964
-0.301860518335955
-0.450838171116091
-0.297109879604802
-0.435272795259133
-0.402876526698406
-0.357908650228761
-0.424094794068044
-0.290707934219294
-0.479058541591814
-0.215737886386042
-0.231443638817301
-0.326859771293225
-0.464320877732736
-0.349376150480791
-0.434838291759246
-0.399884296518391
-0.351293403466163
-0.466644233679424
-0.291555393999956
-0.221200047506039
-0.320663415339138
-0.387810885158964
-0.306094586443142
-0.382786322128016
-0.340760446822381
-0.305624801465183
-0.140446479524606
-0.408933027335624
-0.307553271228387
-0.314348170323103
-0.397617848496901
-0.545996452072225
-0.354182661735076
-0.435778629537605
-0.186636239197084
-0.306384010527026
-0.336776663781563
-0.210082636718093
-0.141123338375893
-0.354829994400672
-0.150264070330311
-0.389706250639937
-0.309366784527588
-0.286788733849021
-0.416030855054785
-0.0984068875036993
-0.197629738189719
-0.342189739408632
-0.302110303199901
-0.322051876715868
-0.347291944587684
-0.320240294771556
-0.336581638842881
-0.288994445442911
-0.399379125622154
0.0164413960830198
-0.4194662852556
-0.210653282740214
-0.322833506295035
-0.312750791491204
-0.0986461674509861
-0.360532284739605
-0.327002524493359
-0.302260764960601
-0.119065616277889
-0.208980040511861
-0.129102839380512
-0.200602236708073
-0.186417817488716
-0.194470707761954
-0.23180385783189
-0.259347647757467
-0.435089072227751
-0.224795490782889
-0.287914818822192
-0.215300802116969
-0.0753333042981266
-0.335278607731794
-0.201778145321624
-0.346661350267465
-0.239151807687787
-0.275300351251275
-0.305173712164537
-0.253697273683057
-0.0886737125939698
-0.0789377090409651
-0.196288772469653
-0.253049227019466
-0.175556446957691
-0.257693255374509
-0.346354456764011
-0.204435580238561
-0.276946941758179
-0.182804143393047
-0.296458647522334
-0.130360981448351
-0.341449718680031
-0.195517702666554
-0.208066674512381
-0.25285502161418
-0.161840038639563
-0.204562402709734
-0.155230262226391
-0.177075682797164
-0.0902824139251142
-0.023189630551299
-0.186625260114916
-0.142036274903396
-0.0173019275200639
-0.248769000941452
-0.245507131940371
-0.184885683304555
-0.201563856736711
-0.090935854022583
-0.24007116853099
-0.142612916068479
-0.0798061261105996
-0.243768830811798
-0.195433039162303
-0.0796352593809768
-0.0512426149019849
-0.143099380998997
-0.143891904838466
-0.144078356009769
-0.169948474557416
-0.29167240492331
-0.0871620501387971
-0.0886977849412562
-0.164250891782505
-0.207183906198894
0.0181911502752777
-0.184106719265691
-0.173820984653114
-0.111697167462509
-0.0695371052987235
-0.00908847193930316
-0.00310126967726206
-0.162707811833928
-0.159992174677553
0.177589055517875
0.0145920620155285
-0.0652853413283315
-0.296946741551598
-0.190187573740806
-0.226812373387578
-0.134920877465428
-0.166035273041737
-0.0807000342407718
-0.173142355221205
-0.036003999390661
-0.110536892450004
-0.127956489516541
-0.106706015205407
-0.0481939600797026
-0.023453108307129
-0.141154111914105
-0.13935061506061
-0.122188455939425
-0.0077489078508926
-0.0215401545249699
-0.0776178099778111
0.0067787182797435
-0.103988527399898
-0.015612485362062
-0.0645218966212888
-0.149581347745346
0.0595256950157883
-0.0600756428813975
-0.11147203397301
-0.0332284419846144
-0.0393185714213182
0.0302631033980424
-0.109920734505883
0.0658851541502166
0.143030193155508
-0.117201853389055
0.0868295338956927
-0.0589815277771536
-0.0147233752511989
-0.0734224609016598
-0.0138472290150354
-0.0381586965841285
-0.174527830575815
-0.00911892921684881
-0.0443327748905402
-0.0480520784828579
-0.0101382090931623
0.0947866077128029
0.0758108849610599
0.00951396038933841
-0.0556665355261659
-0.0315776387330997
-0.106227896879859
0.0180148528686374
0.106801064584917
-0.00238999218033459
0.0115671490148502
-0.118458465629582
0.231272321445869
-0.0957816953559211
-0.196449935442503
0.0984520096678517
-0.00617025749664811
0.0430126131018605
0.0853000472832066
0.0361664139658423
-0.0123494052953402
0.0429778738702851
0.053117163439339
0.107707592287178
0.117680789633859
0.0960279694289832
0.0355667278869652
0.0603655905900823
0.0841016652135395
-0.138100571918662
0.189144562609704
0.0740337793944457
0.0199581275562905
0.141337127206488
0.119901603815007
0.0463821479933515
-0.00259202705499464
0.11627180009125
0.112707641583208
0.105080505530673
0.0830466910620461
0.173918386102455
0.0156910928730507
0.058052121301554
0.0120791314481899
0.15082466201927
0.150125349966047
0.0829270655430772
0.25156049426612
0.132398998842922
0.0315857845889419
0.0859984001064288
0.135415009441987
0.075737149560157
0.0545040979637043
0.0235600372850185
0.0417102851172992
0.129532285156904
0.00405274571656341
0.0778600741259802
-0.0137630478258913
0.192066383581738
-0.0452066240493268
0.166870474860221
0.16197882069418
0.103132800567072
0.268471333583243
0.293703681599282
0.217076753137557
0.12736557191476
0.141597802713337
0.0440038711036071
0.19679309313192
0.0581123628109568
0.0549809600086785
0.171937768716443
0.0228535018040319
0.167584533635408
0.14335525335216
0.0559894998592617
0.12839426115276
0.179279404021944
0.0615640715273163
0.258245526719501
0.277525158880383
0.106930000567316
0.110658728769553
0.0982925484428788
0.0939299815610577
0.218335267847054
0.178918517736018
0.160497925972982
0.254986666435459
0.0545431380750643
0.34354018591879
0.231084538971614
0.157006810021681
0.203397541037499
0.114814428978203
0.206333259288191
0.294533088767533
0.050234112077409
0.234819600971503
0.1866392374654
0.0296660021071875
0.165057200615903
0.117968627524359
0.248012499320219
0.139870066401109
0.269798710191238
0.266133966330681
0.142205037853059
0.407894976862436
0.299820878121882
0.0763471127345152
0.162224347780556
0.125450267558087
0.236518409558568
0.290199110020554
0.213711742751907
0.313278654307759
0.317847533721234
0.254367065205748
0.26506622762535
0.28178945949913
0.262742874083349
0.14188099309416
0.159175113554471
0.248564849860561
0.19290303819412
0.30827078685122
0.275347543813212
0.321698790027507
0.266467960909775
0.271176843896863
0.246558743874501
0.315912824874493
0.299322707961353
0.323680254183731
0.271245994082479
0.31274013407824
0.305334927883981
0.228492189551436
0.308175791085689
0.349591470375422
0.255598100973993
0.199346814430581
0.26437321031006
0.334506241590687
0.364512384491196
0.447017289736533
0.277274750401499
0.250098499946207
0.292785033200446
0.382503433596961
0.294621179538157
0.157116102608443
0.338256771857738
0.190431477344801
0.267371862476712
0.279274570974033
0.256213621238209
0.378507667391103
0.364155048062406
0.46246900063279
0.207744336043828
0.319058866719819
0.277999222454371
0.301182139413871
0.260409321239109
0.251299413250858
0.242834951295141
0.411514761762619
0.420284712539984
0.205750513240619
0.32974554600276
0.233661410491975
0.243949854872728
0.182463936947897
0.262940498765089
0.409003752515564
0.370737303782852
0.351599020187233
0.30240281748562
0.248444808529661
0.473869198684362
0.430692273844807
0.57696175104888
0.526280860919937
0.29261925972499
0.404427621582104
0.467707463362587
0.368191159459695
0.409955265160891
0.520961617013687
0.292655147293081
0.359919989604949
0.454326821770853
0.361129100990076
0.348058893211882
0.510763477144516
0.390760545290991
0.288850814160126
0.226600193726706
0.455323876850422
0.300843018223477
0.290212942903431
0.368975335404356
0.316507895938836
0.425831359498065
0.440614531403822
0.346135408988031
0.405884338169846
0.240494978615685
0.394328155036541
0.346587570503391
0.531690014725768
0.458412113594001
0.494724463112251
0.398921607334086
0.383584659973624
0.275985221906026
0.437009622211907
0.534242958267656
0.369818117792272
0.353423357948964
0.451283371298462
0.465514807511993
0.447343559807436
0.359476860207751
0.481502850134495
0.50244654040342
0.486159273829384
0.283410492620398
0.458861088562081
0.432977010480344
0.570656579193329
0.547883723915112
0.403653009756014
0.414212337690774
0.470105105167009
0.433164056476425
0.491067786156103
0.354580968320817
0.461122802341806
0.466359779919044
0.597114239468695
0.519027480409592
0.596505824110291
0.426176465054043
0.556672542408513
0.509445779835973
0.531294187171077
0.489591107753022
0.61430190063332
0.564957410323095
0.487470919700498
0.3898359043494
0.32810016812431
0.479546969549053
0.418032611532163
0.558311672719925
0.45197365670157
0.596978651031441
0.515641016101854
0.487287280718926
0.70441668573601
0.633105759551642
0.641377941957434
0.494723247002992
0.544650840892507
0.441079801740223
0.559887467037605
0.533007845375706
0.502670191343757
0.643950049171855
0.578317208314773
0.53571078667221
0.49967896272348
0.670136124044198
0.604137175116513
0.539702460221084
0.50493222908874
0.644315210980235
0.604139438945584
0.635521675831585
0.353877588669128
0.495920861588783
0.688503583258982
0.528291473001208
0.662078273345975
0.583678072404787
0.628151252087406
0.597399713520824
0.700139317238042
0.610466434067319
0.629804776093249
0.707260198466935
0.546304627162908
0.555320279801996
0.578761990798738
0.512689725718863
0.529935200985112
0.529098166612496
0.624547452354833
0.649047437001932
0.49752460639508
0.6267570709875
0.495050240198429
0.677931721412416
0.652158194995677
0.516463401373847
0.595592403777258
0.481067352858185
0.516429525587181
0.641880592893444
0.645980636149516
0.560460980805307
0.637129084901319
0.551131961436216
0.696252335969004
0.778160646241073
0.418297801868946
0.510504519590664
0.552791029277536
0.64078639386187
0.641646390221898
0.568290286614904
0.610927338076641
0.626392997335339
0.662237999166545
0.670488659586914
0.744186956267929
0.613322088714477
0.736814154120983
0.501233543474381
0.608295614029316
0.742383894450927
0.721410922601945
0.631317216720267
0.549590566517891
0.724569400779639
0.805055008657494
0.603258690839989
0.834454293831827
0.75986777048617
0.612374553370258
0.697343962019614
0.855974073373912
0.768586465812291
0.607420682578106
0.643298478846021
0.671277350784067
0.677264304554416
0.642587026849388
0.603483153671049
0.72317591362645
0.53901326247741
0.781762185578794
0.848825376855565
0.680754015003297
0.606632422676932
0.65443517774155
0.727483369017934
0.659323271616202
0.644875567046482
0.605928737879067
0.657556489756469
0.614698177975126
0.785352933488199
0.713342336809825
0.672864006105529
0.714947854462642
0.606138132714194
0.573176419345052
0.702707838277713
0.833669147669668
0.794732755463834
0.767044929127915
0.617315374048149
0.776975354003334
0.509930199201308
0.865248327679907
0.757154197485572
0.786812235709476
0.626311902862093
0.624677446083596
0.617144749068548
0.844126539467754
0.659974558411121
0.878098692051807
0.771427399577466
0.707490267887252
0.782568488176921
0.651792899249762
0.746126783508483
0.783275553491731
0.720259848375893
0.721209016179767
0.793263457520377
0.738939933243639
0.745426867289135
0.794227788088975
0.827775605768172
0.818667247619403
0.912192046737085
0.803585212511779
0.87019643622157
0.841988653492941
0.833511503248797
0.796148069015143
0.749049699860549
0.623732220387139
0.930595811998436
0.871843231261263
0.886380269201392
1.05836437252128
0.899940499422627
0.841375877494965
0.785792598734808
0.813268401747118
0.915988381625983
0.770876600592627
0.800035645294583
0.874141119215786
0.976948019612193
0.830523650492958
0.825707629196185
0.741201892237253
0.860441762268844
0.891677369538
0.880387664571143
0.897629998940781
0.723143806377481
0.734348168376697
0.87852194676902
0.88228316781526
0.970828890927511
0.798069059156539
0.937500985854874
0.859401880828896
0.907679353558954
0.816135874476765
0.992087443521277
0.856376881072138
1.04777740462861
0.764823741471666
0.821765988760659
1.02845842169613
0.836352357901611
0.972715252302222
0.907546753690191
0.850616002163383
0.7871195888753
0.96360680709048
1.06879805392592
0.784615151327647
0.937148924562097
0.878076688862505
0.83140693296382
0.975933608012141
1.00462628750935
0.927103037060496
0.872414186431328
0.90359496554523
1.00294213759967
0.854078329453906
0.828224996416593
0.933750339216412
0.947776479359111
0.826180996205033
0.939006199914083
1.0221672384493
0.91842160859698
1.01775622048716
0.874658569627419
0.832775777858905
0.843543775780393
1.03661431260701
0.985404456353062
0.821370416791989
0.919041411661297
0.933568454095519
0.889829307226382
0.920863616654667
0.901559244893122
0.913334002715814
1.0745487638451
1.0830969425579
0.89303615234275
0.993181546891147
1.02107120494255
0.910103356611103
1.12213533624903
1.01155279376749
1.09166561966592
1.0012293590652
1.06955650920231
1.04063398549849
0.893285841302129
0.946998330299434
1.0261312964738
1.02657769097214
0.930945330856911
1.06002845069376
0.968655176309292
0.914886304581208
