"x"
-1.19345420247859
-1.08279361319741
-1.12053494935247
-0.884174363847348
-0.942139188426884
-0.936778597989434
-0.990100593483188
-0.898498792847382
-1.14924898817281
-1.02446202365101
-0.995271352892995
-0.988495830097757
-0.901532399443675
-0.867003314820334
-0.922772779902183
-0.99322405697085
-1.00267300350163
-0.991796019046419
-0.947168219255777
-0.887150655700088
-0.931081892921633
-0.983223539570468
-0.846761084675442
-0.924354721745684
-0.985734837023897
-0.835255685800048
-0.922853625760976
-0.878615202942778
-0.93290221888227
-0.976745741111474
-0.978067890143149
-1.019430107139
-0.909446206588429
-0.91773080986673
-1.03912072288752
-0.941554734227947
-0.922911578357611
-0.919631760163725
-0.824680720232054
-0.822749663076555
-0.917887713666019
-0.790328107238381
-0.793323529923486
-0.789840802877485
-1.01967446266014
-0.894310158623039
-0.895127153137259
-0.961226689621563
-0.881436094525416
-0.879675911648585
-0.810240080507022
-0.974928328604266
-0.875280653667158
-0.8718007686288
-0.920577041144784
-1.03678517263683
-0.902723940946127
-0.908845033699824
-0.95606396707545
-0.919321020539336
-0.714836393171932
-0.942508433731743
-0.887465301039908
-0.758286394668968
-0.816795070847665
-0.704563985364818
-0.894144872708594
-0.838180971556102
-0.814431720206749
-0.813416248745624
-0.838756125211054
-0.823780141729494
-1.04628580976124
-0.943167476551157
-0.956011913266563
-0.923515397851541
-0.846513741546386
-0.722689383243919
-0.761469327303524
-0.845798818028686
-0.848463676440155
-0.843192933049259
-0.878216758673271
-0.832853379249431
-0.808556511424146
-0.728447801913924
-0.815617472907507
-0.885744686667117
-0.864721983520968
-0.797140700234686
-0.728381566566247
-0.734243931534264
-0.765271118624812
-0.641389247066706
-0.816355793758909
-0.896530478134548
-0.848606657157799
-0.721091633944202
-0.782367768008929
-0.73134490652542
-0.878335808277723
-0.800840036808064
-0.808632777248539
-0.859858619699559
-0.818529458730505
-0.861645890702435
-0.777459011028792
-0.802922986395041
-0.817628854934049
-0.790379631205919
-0.788890321833049
-0.808143312969964
-0.774229687808903
-0.61088563332579
-0.791289549386343
-0.887319429376499
-0.660398903421433
-0.711748921801285
-0.619363437085749
-0.669900341038111
-0.646776254913785
-0.785455569732559
-0.704101777238992
-0.799349647931338
-0.708119787863707
-0.678683544093545
-0.719184268027039
-0.553538271347105
-0.692198403769604
-0.793586485436931
-0.67557599530169
-0.861744359493515
-0.624432751571787
-0.615436660161356
-0.730475882329918
-0.792722402351352
-0.754904638006083
-0.715542939833126
-0.638918922029003
-0.781413706430179
-0.679953428946773
-0.748412500674745
-0.778777008544067
-0.859878340915006
-0.61492798870869
-0.771033817358508
-0.628372230947727
-0.763136270577689
-0.757846318742741
-0.746181408442176
-0.546854405530971
-0.652206579066276
-0.766677836052613
-0.578963428234312
-0.761748771401119
-0.723386189740792
-0.608170914481812
-0.734980916953051
-0.780421218418693
-0.770374406689054
-0.691556747078195
-0.772290148815447
-0.595857420818123
-0.601273913794889
-0.687947402934019
-0.577308447237968
-0.56496106377956
-0.71363726068123
-0.533138919487948
-0.762912410391464
-0.696175324355596
-0.636063641290494
-0.747524244750711
-0.54298609525052
-0.724037522675563
-0.673522208957623
-0.686616519433436
-0.601841147621189
-0.689535923919413
-0.659762347171003
-0.694478742676752
-0.614039241606599
-0.602795718868449
-0.586926534649188
-0.679880886008547
-0.624919739464986
-0.610795040083355
-0.655137755064038
-0.671932366081734
-0.81780722331778
-0.537719086836785
-0.706071507158958
-0.643915872301963
-0.633450384420569
-0.634783528345398
-0.66250082410147
-0.557832996604301
-0.747831012626427
-0.553670973172492
-0.577835960481059
-0.602473207389571
-0.70049257480858
-0.651859506857175
-0.635853598276759
-0.627855683629625
-0.661698436036206
-0.419630925616455
-0.521203114915445
-0.749548644066331
-0.652203179567797
-0.568542001000915
-0.468557042031835
-0.519676344463133
-0.523577684473791
-0.703510262854796
-0.430852020586636
-0.39951729511512
-0.719441872233978
-0.603897642587435
-0.556703995949627
-0.518244882449145
-0.499824426731629
-0.639716643804707
-0.43045171818818
-0.500584046026209
-0.634165970458769
-0.688328267841303
-0.463677037927577
-0.409324559598976
-0.445903200084726
-0.615561609383956
-0.573867062427815
-0.362516328006738
-0.572100900825707
-0.507271541395383
-0.56456423372609
-0.578001652440166
-0.437369924413055
-0.580433850141898
-0.518468688835433
-0.554173628632571
-0.411374422967917
-0.5840481953023
-0.475264774522644
-0.404705240497958
-0.521056525144569
-0.576293464065197
-0.550361752485969
-0.449559719603402
-0.475527146435147
-0.566458885665168
-0.517251299731493
-0.532681905782597
-0.541846664758087
-0.673223527209016
-0.466124345820073
-0.41821930373456
-0.382041830204145
-0.473117382659961
-0.527971892965342
-0.477183601445977
-0.426852435286259
-0.549062257039375
-0.381341159326402
-0.503576294663852
-0.432364372421838
-0.463518464895969
-0.460212538282248
-0.365097611664498
-0.346120043877963
-0.470085223963957
-0.56189460286396
-0.495229651793503
-0.322970426977435
-0.451633376973054
-0.424687736230156
-0.377061635941607
-0.510849701266109
-0.544025300887897
-0.472717957688578
-0.319779271153486
-0.377523355414565
-0.531356640818312
-0.427807055302951
-0.35754648773651
-0.350649466743713
-0.449106461281598
-0.476869739147029
-0.310606040193369
-0.364111076784085
-0.424041924385331
-0.584634681155962
-0.383947517034301
-0.421121878724321
-0.430852050416446
-0.318502233272382
-0.551497984622887
-0.364254684212882
-0.471330822129001
-0.487394052639678
-0.342999281970544
-0.402970674430944
-0.370096606464151
-0.392226132285295
-0.224640693241957
-0.246832010416779
-0.362911119311687
-0.451551784209294
-0.290308985534204
-0.489218657645047
-0.298679749416483
-0.570645465142671
-0.466107217320874
-0.265094597958882
-0.401821282013225
-0.287189681347723
-0.391606700512549
-0.523803238465624
-0.281276979898292
-0.299119774698471
-0.301470388785238
-0.340681370357307
-0.221376959144991
-0.224791060057763
-0.351289394085179
-0.337300989392947
-0.347552279356932
-0.302904788209526
-0.481974657012579
-0.340542470596713
-0.349510665730489
-0.32995700540126
-0.150936364569366
-0.410396447646475
-0.44677703680024
-0.437546720272657
-0.336811019573127
-0.373661884912874
-0.272142348313298
-0.382208678616983
-0.299388418454354
-0.406190099750534
-0.331092707516301
-0.258978117315546
-0.352744045331046
-0.282791672171779
-0.420888223408064
-0.296453163541166
-0.246978050928317
-0.300109541967471
-0.483448594484813
-0.338543306919418
-0.258399492140862
-0.216124531929693
-0.314723759094204
-0.318269154105099
-0.298988022243286
-0.350687772592734
-0.201619508024189
-0.305585048982212
-0.251666655772853
-0.409771161659732
-0.342593401948139
-0.332277975159757
-0.271717910046609
-0.398238108285608
-0.28775715309063
-0.238070749267887
-0.133167484880002
-0.124094157671144
-0.17352881787717
-0.315725925334763
-0.325707945126197
-0.218591339004429
-0.310163174500338
-0.17885282939029
-0.271922171909904
-0.0523676900942527
-0.262849834393612
-0.44731835909321
-0.325670557054723
-0.23086380821914
-0.181098024034452
-0.392368857806888
-0.365391701773454
-0.254688200953165
-0.156032384906833
-0.143781398710907
-0.25377914758623
-0.178982151333093
-0.300477143411324
-0.125473959338516
-0.119001438482796
-0.365938762985224
-0.185118670887613
-0.304053590190944
-0.166825044281645
-0.167012701927618
-0.19733941101183
-0.206300416006921
-0.112280836345817
-0.193648276173069
-0.338895972792882
-0.211276671655028
-0.0864220598155966
-0.321114718778904
-0.178909552357107
-0.197316228679574
-0.00526989857259633
-0.174998841780487
-0.144336870742127
-0.0842017814098461
-0.27055298171876
-0.199882049224605
-0.130189376978816
-0.356215730243238
-0.12438341072844
-0.322319960919668
-0.135626588905591
-0.0788843954766359
-0.256675713832733
-0.142725953820314
-0.220045805471373
-0.25024755176446
-0.252863959242894
-0.0927639522507416
-0.122694134647028
-0.00823482379830672
-0.177000217895743
-0.0576477888652395
-0.243340039933838
-0.276150568330657
-0.250125523311308
-0.181561872172073
-0.230565681681855
-0.0560054322578048
-0.165354376097639
-0.0128555431665743
-0.0689946696594652
0.0631035700665906
-0.0300210801603014
-0.113765682801753
0.0141616383356386
-0.179516669558513
-0.206537672302183
-0.108297098757292
-0.0919104731155789
-0.0305719451360537
-0.188040977834655
-0.102420743787096
-0.134540881392669
-0.0234563695295352
-0.193734483105241
-0.189149330838052
-0.145700848860234
-0.0528300828045493
-0.0772215604433531
-0.0255128214718545
-0.220623458486971
-0.198022322948497
-0.107450320630056
-0.0458206575702076
-0.175025568535889
-0.18308583122097
-0.155930957917852
0.0768209897684499
-0.0927786214620162
-0.0544519633020277
-0.149634234805056
-0.181391958996657
-0.15347773165939
-0.137826467030107
-0.218388127001537
-0.127017842666115
-0.0856463055087077
-0.125277443449514
0.0969135498232567
0.00453832590186374
-0.131569721317374
-0.0927160832625736
-0.134222231346719
-0.0308688359110538
-0.122200609232657
-0.202298984942878
0.0798625348933329
0.106945395028842
0.0633075008068438
0.0459009284546695
-0.179451816188556
-0.0495543409635235
-0.0494446919305213
-0.0383324366305626
-0.0128975417526032
0.0453713643330418
0.051108463368748
-0.16683015780494
-0.171265988692471
0.118886890205495
-0.0960904769378613
-0.0248474380441577
0.0450788164765155
-0.0867032120025908
0.052598363503295
0.0586054842814897
0.0234510265616653
0.0560545491447265
-0.0983444704132569
-0.179209494180993
0.100146869135558
-0.124939911993116
-0.040442535241292
-0.0180320200865843
0.0610401625882324
-0.101307123491846
0.0402224053218809
0.183836230517786
-0.0308271050758396
0.0350562128706597
0.120497496059921
0.0687859390975784
-0.0247861465565219
0.111338219950028
0.0062224662076909
0.0602808402870585
-0.00722846471314526
0.1937199955256
0.120949840063286
0.143665356339158
0.0516444629430503
0.0807283773925695
0.116552460602986
0.0464602541479281
0.0398171903530994
0.137447931023298
0.0514982736225225
0.120567651053463
0.0418319183617106
0.0233076971960999
0.107443418605651
-0.00816892073399621
-0.0353678048271964
0.157367981123653
0.0935850829407304
0.0235573902981263
-0.0539629889946999
-0.00773856632269253
0.198746979060567
-0.00173638687288972
0.135773700489204
0.0201594736367586
0.0453121744423166
0.0893524768837914
0.031476924629489
0.158789174271218
0.0942280429570606
0.233519962316631
0.017482543423182
0.186744730373162
0.0488754242092727
0.149461200415239
0.0292150813646224
-0.104176590384829
0.117801013225863
0.0905099007496593
0.217922231233716
0.244554743929417
0.219310618647869
0.0246681074196121
0.126958069373487
0.256260905688446
0.13131677688409
0.107999026706408
0.129688255301626
0.0888469288921646
0.161983550918475
0.14049537041336
0.0310075558386023
0.123646632331474
0.204262601277599
0.0820310931196983
0.350902578577742
0.0464632711768134
0.209192440929712
0.211771326227567
0.170470153658191
0.118194159704032
0.225123917198385
0.0971896287874833
0.156544264800565
0.3157012849535
0.319491204029546
0.269974136583217
0.12135325196936
0.0706163465179029
0.131123826122495
0.171571345997325
0.105331545936587
0.227596217117635
0.153210862899178
0.309562467028902
0.100167661520604
0.0703923874016027
0.185422241208255
0.174688643824343
0.359455638159984
0.311393759219076
0.195740153526163
0.356292788090864
0.238391761392019
0.212772570567068
0.252219489631422
0.235258152765573
0.209888729790956
0.121409503514223
0.252292218519247
0.298453739987541
0.284401905422992
0.214491660363094
0.357010116218405
0.248272680277867
0.343919414756878
0.215350138356236
0.136520761591653
0.237319266967515
0.262846745264055
0.282185939420045
0.168332266045049
0.343587881603933
0.227610964653774
0.301480112002475
0.277618090878236
0.132037317074161
0.0708490382742819
0.180335698703629
0.415374020471932
0.282102708153124
0.256655305313684
0.3043154255201
0.359295004911102
0.21476335741624
0.0657523132352367
0.374253779211642
0.300957055782018
0.235512323350096
0.3468456554452
0.0726723832864352
0.306279933867684
0.202407478940508
0.22110521931273
0.272155506556713
0.272918882789155
0.266747515103659
0.377195697968578
0.321000275914765
0.4072236727898
0.384766120186333
0.429975773474924
0.223431037701185
0.401423578577417
0.288574841066704
0.340393603520153
0.2346578032909
0.375127458230348
0.204473223731782
0.52021384188642
0.457575669623987
0.307129134853582
0.31389088029637
0.363995976328788
0.358232214839763
0.248210874012749
0.263612155630385
0.30100139787407
0.345750189475434
0.415959382213088
0.387635980885661
0.287119994432916
0.468046470661313
0.458618667176588
0.407621567177788
0.472345035047453
0.496241462908615
0.33560054044934
0.398219962906124
0.539200336708981
0.173508672255778
0.349613796976732
0.428811441573177
0.257594247570881
0.297825691539845
0.235660250635037
0.521090614526006
0.39022405862284
0.317652559313215
0.498337124198333
0.417330977089176
0.376240840497231
0.381792214305592
0.442306058797266
0.358662408810615
0.489750329858263
0.429229601380428
0.440963204300577
0.412295581460405
0.452846959388483
0.373301138997743
0.389413987461975
0.419108606910617
0.378618679048654
0.420129318726555
0.420195715534479
0.269228730916172
0.373681051823875
0.395075912836231
0.50954654830242
0.402116203758119
0.458666505456882
0.359943238645914
0.45272455337576
0.439767842520644
0.275102829058374
0.406947977909823
0.542500960334141
0.465901034531252
0.562501520647837
0.608687267242636
0.450416449767662
0.450231409998051
0.316792357440473
0.54140750519382
0.465130830989171
0.35186096548402
0.552662041560953
0.519049056306995
0.476098582377474
0.572608508122759
0.445755136467329
0.528658101362718
0.536700897760833
0.576616760385933
0.453752415250627
0.570335045931188
0.424540533760634
0.539366252738192
0.416334390704498
0.386384488996086
0.455821156768247
0.729979862413123
0.515050018278822
0.494088349882721
0.439568876348538
0.507828918146917
0.561331080241056
0.552556439430751
0.386497250897389
0.578522068907754
0.671839606058996
0.438552777307662
0.456612404953944
0.452821552438523
0.358795829309212
0.528063319903523
0.571504184634002
0.482892909092632
0.519732594952732
0.506647996799236
0.444513861100107
0.429815307914281
0.548589435983363
0.528493038231652
0.591672928764045
0.643926121519923
0.601314651646964
0.363003560844638
0.514285311635567
0.562556242373625
0.596491247301544
0.592982887983633
0.447572876474623
0.555117478263969
0.630084080667584
0.609140129018512
0.55871505627975
0.645859138283317
0.564986059608621
0.544094216104405
0.629176280641437
0.539116935974984
0.677509799746956
0.569750577215733
0.600214471482604
0.366050053608965
0.466442015681245
0.589776073342002
0.544467327200878
0.61867643003452
0.53123800728478
0.586490974542648
0.536065730173397
0.55372433851076
0.622531310376216
0.561652130558954
0.435302138375897
0.840168584945604
0.656714078744317
0.57080510693999
0.591171790708492
0.713108101172786
0.514182147197897
0.708016540244024
0.582679983767278
0.598064068172054
0.598956256013259
0.635687843487405
0.585900935026535
0.626623089234403
0.731685230926988
0.578582838447464
0.742773877293126
0.554731250417144
0.601817935923232
0.685222441786627
0.596453996216138
0.609806313379778
0.768218212842161
0.741919370608447
0.61107760016613
0.650680727816209
0.674671185304496
0.727262931112707
0.723352722828073
0.666574200661656
0.764837057142089
0.760678037703867
0.717515490404523
0.578854281595449
0.595947822134916
0.705336895886354
0.745412103886964
0.741567660830514
0.659118415739509
0.522725115718896
0.614589680683106
0.783081474565767
0.609041315217439
0.732598338754465
0.696266713632495
0.823780381066906
0.648345253881198
0.632421960380301
0.592386168503921
0.776445282687962
0.751827917450229
0.602818584552129
0.66730764751817
0.688545677850807
0.70185551712297
0.719244229723329
0.665144136643322
0.745519722535006
0.586897513408829
0.871633962582083
0.642767619033033
0.537556143031021
0.796804709724325
0.747760340044502
0.758565278999436
0.682368458215414
0.832932071935292
0.696728835702786
0.719984273864113
0.68260035681376
0.726927004233912
0.710289830447809
0.836192930148554
0.85735891135207
0.893822408335677
0.745161168289052
0.672307677393807
0.561492838486964
0.729339759213375
0.726881268534199
0.828260251186196
0.759833759401341
0.698332499799018
0.899478217178721
0.681460268353806
0.848119157279403
0.778765065074291
0.685607466419091
0.853766356840776
0.720035291976429
0.955056317406767
0.748198062712271
0.658230831334269
0.825018204473926
0.833553566874534
0.692591840304857
0.75761660738792
0.733741215026292
0.861341978491151
0.756004988021624
0.818687733584878
0.669415912846111
0.645363029636619
0.855325625776417
0.83100119971206
0.811356589627831
0.848251104343217
0.840132861447956
0.926998607679007
0.843062658245068
0.809982058783354
0.910760815118707
0.961703539775478
0.786336833353696
0.895184645575538
0.672179363065526
0.744216293597023
0.837099119222937
1.0357180519959
0.75318252621358
0.869478032153028
0.793450318544017
0.693401583574591
0.842078324647566
0.925373631502689
0.78625750718839
0.769428095991877
0.881298695569934
0.868237460260762
1.01228716940468
0.894899178182242
0.901452349345546
0.887624207464648
0.998998231693761
0.811620784125281
0.857488452344954
0.947010402259843
0.743590049456204
0.948782645954517
0.943804313590026
0.704546046404109
0.888134003000795
1.04151543437982
0.923011964340025
0.753686511369345
0.950186518383124
0.789372959797308
0.911981170441753
0.881104574159593
0.76394580872483
0.857327483621752
1.07461511473623
0.823799573838426
0.822509208245363
0.981898235148179
0.933268805162092
0.889848471970517
0.944324393389748
0.883610177611706
0.88990872514803
0.917309153434742
1.04174955901548
1.04920867177166
0.840411679477789
0.90709227327457
1.0881682227222
1.06477560241723
1.01122157092294
0.981519312582345
0.938727633127308
0.810371275729647
1.02005615432658
0.972993311114119
0.890541433632763
0.793644337131603
1.0244079810833
0.989401711262196
0.787535562231198
0.758876869209984
0.836858765188065
0.958209418445909
0.834498528964698
0.969440597400709
0.844171892481838
0.9815912801941
1.00686097855164
1.07506817442164
1.00016544234313
1.0114923709359
0.995791960734856
0.976993999659043
1.015331874244
1.04005902939176
0.994162041546413
1.04979997727499
1.28247872022873
1.13542465983791
1.00209407800616
