"x"
-1.03625857260029
-1.12481924555743
-1.02821994121272
-0.940250836045089
-1.0443101047709
-0.990132768641392
-1.0932846268264
-0.971469522904154
-1.16672243906974
-1.03421830215283
-0.957490104418404
-1.02611929276249
-1.00081060622397
-1.1215438213749
-1.10883643985717
-0.998297239550703
-1.03890867139972
-1.10538421712551
-0.851492823754369
-1.03979179730636
-0.979642821981715
-0.884186639256802
-0.926726733827251
-0.981369116719689
-0.891538837205314
-0.866812115647256
-0.996024985830571
-0.85826809066382
-0.936556778233381
-0.87447023925628
-0.898668350194114
-0.930298880799505
-0.996700640498247
-0.837735272673132
-0.873189072645524
-1.04710289330718
-1.03257939237587
-0.937680301185629
-0.883423854853228
-0.977094528007941
-1.05456320602604
-0.801864061184084
-0.997542713753108
-0.975790376355946
-0.932086207027623
-0.944159065162693
-0.992592791589143
-0.919547393250111
-0.872889518778137
-0.977694689569601
-0.920630105505796
-0.951309568578316
-0.888329585053164
-1.07057242512577
-0.885108221944194
-1.02504468306574
-0.940645927759656
-0.721649878717516
-0.764134535779274
-0.893482004281832
-0.889521374157191
-0.87523921288818
-0.708607709838896
-0.866302276307681
-0.931904800245341
-0.862518490259298
-0.946372718692301
-0.963843277839953
-0.994703381108463
-0.828758844800843
-0.762538207886647
-0.872335774891831
-0.813353807273434
-0.825144461943544
-0.948432953717437
-0.854779994106707
-0.878536991853057
-0.660694155803963
-0.845956862763
-0.731432024641154
-0.717944861367549
-0.744240853663656
-0.871150082931393
-0.905036863313144
-0.99648216817201
-0.813966683176879
-0.792704240743655
-0.899276446721353
-0.78179025599716
-0.861259691283108
-0.753534214166123
-0.849085405169453
-0.902015068983911
-0.788456208678351
-0.786514886422235
-0.709898465146436
-0.738255951741306
-0.723403366960501
-0.728770639533877
-0.706627974139084
-0.878541533779925
-0.735108727188079
-0.60842645005986
-0.886132732936685
-0.815653024935687
-0.783875078300873
-0.86853621216638
-0.794808717286438
-0.764666840144874
-0.712258753609262
-0.706486514368339
-0.795316860459865
-0.738827077873403
-0.863776821899008
-0.693953359160078
-0.906872124371121
-0.735407200225352
-0.893652246662501
-0.660163746115529
-0.871017570537433
-0.724575407734666
-0.807913351527417
-0.841970527742792
-0.956840378672659
-0.730583184849754
-0.848071264351466
-0.736670789587615
-0.641411844424055
-0.727173004261157
-0.685233190183203
-0.691120290618121
-0.784211004262956
-0.804175438465966
-0.879024377509788
-0.895701135770105
-0.784548411199181
-0.652638365495524
-0.614014780260369
-0.75693594538054
-0.686489757355136
-0.794969170292279
-0.467962969652716
-0.677471323734664
-0.7614518903854
-0.644192682044205
-0.498115382374257
-0.883833336247279
-0.540412283870507
-0.687333144255833
-0.612928034750188
-0.820555499377005
-0.680036216628098
-0.794518290483424
-0.715390660633209
-0.609203000682228
-0.646953059805625
-0.594498358934907
-0.619654148329248
-0.612192634555446
-0.703630473261177
-0.629641276559398
-0.724071313808347
-0.627166082220821
-0.520754809708457
-0.654895848142947
-0.627976056363874
-0.703623754867664
-0.610840019954431
-0.579707832274373
-0.701515596344239
-0.760400954064968
-0.595507927029104
-0.658953307049048
-0.63903352308024
-0.584118095230722
-0.514838146656039
-0.581173326723145
-0.580343814222369
-0.653941632957421
-0.675573229815143
-0.739946895836205
-0.701135194171562
-0.434170388858317
-0.598261388559686
-0.61707942972378
-0.695885052532174
-0.575633993102852
-0.576729777355522
-0.729173862148785
-0.603565185815632
-0.724622930874129
-0.617262643233322
-0.755788355870978
-0.706674458590012
-0.506114855847988
-0.645045007138211
-0.634651224945438
-0.662992465060882
-0.731518956363342
-0.500968351494253
-0.662721518771629
-0.627582972161068
-0.651367983723718
-0.599631694867568
-0.598992811705138
-0.524811191326507
-0.643065921861301
-0.582474821071431
-0.637183376830397
-0.473205758960649
-0.500413634059486
-0.484936330567953
-0.578764804119713
-0.497245085090166
-0.513494428958771
-0.54430792072337
-0.469617814335965
-0.493194496557885
-0.586639703425049
-0.571556315882637
-0.539731414913593
-0.585233123089988
-0.618680617916264
-0.528353579522656
-0.432195376717728
-0.581116594966731
-0.482379959584696
-0.59264988385983
-0.547859598246621
-0.474059073888968
-0.421187108271971
-0.614534729278688
-0.508782437700131
-0.520185792207567
-0.559759154960351
-0.4802889487078
-0.536138975709417
-0.536087696393132
-0.570046086573229
-0.53733504040197
-0.562984422959818
-0.573064290382284
-0.478393980876112
-0.632420761870505
-0.539884575789249
-0.533687220602692
-0.501103833956065
-0.567309563218448
-0.470219288122933
-0.533588578942827
-0.517605856184284
-0.592816476533437
-0.389296607524514
-0.637268829266861
-0.481005997089814
-0.565328290320159
-0.500675468236763
-0.515161037862834
-0.468035728445076
-0.487009317303378
-0.615880621040287
-0.621359918736772
-0.353770393791136
-0.559072945294725
-0.426930820442893
-0.479422776203192
-0.398411971953715
-0.527267749162248
-0.409969913679539
-0.408219386312236
-0.311164261058364
-0.441842747833418
-0.566711318009913
-0.475039064337224
-0.421876647351096
-0.334699934329815
-0.460615584355426
-0.48459644615445
-0.520312441139022
-0.440413564871128
-0.4497542679014
-0.521043735513452
-0.310807724368573
-0.430481663689277
-0.430808870817817
-0.385879713244583
-0.376322694368879
-0.349831552146442
-0.330732621359647
-0.351475669386171
-0.452626657881438
-0.270035295489986
-0.295289243493671
-0.518004335459495
-0.346150182441789
-0.409290911356076
-0.456564638429482
-0.237670992225415
-0.43455182479593
-0.418071638452455
-0.429944799929489
-0.376114398654162
-0.376257289366282
-0.491548552443761
-0.324878530695798
-0.387846711304128
-0.354380349379657
-0.45642668734069
-0.458557502629282
-0.355135244274439
-0.423116696226161
-0.315716022113224
-0.306830322380084
-0.417325204673278
-0.338157640053578
-0.31899543057507
-0.436400984874049
-0.174133005002909
-0.442691234925801
-0.258818367020166
-0.373145768736298
-0.418503614908112
-0.397915917145273
-0.384170704134843
-0.369615971824377
-0.454195018406426
-0.132161926195058
-0.336003203397173
-0.354647299782084
-0.170859286361325
-0.322184299559396
-0.260582905670623
-0.365696986835746
-0.315120609571166
-0.34522352375752
-0.450003593310435
-0.343161950709926
-0.407585408196904
-0.409012288258191
-0.210629941858787
-0.334577756051144
-0.364145762995925
-0.249951933284469
-0.434306844717888
-0.368812526182575
-0.257886397981773
-0.351621598309491
-0.472418076410835
-0.436524353681542
-0.211326188601018
-0.306394865534929
-0.313793336740689
-0.213032479950663
-0.271416685050468
-0.218317093241269
-0.248255204141465
-0.32007611346265
-0.307823315713952
-0.402250077899661
-0.238394409979649
-0.373700035268766
-0.376034481046564
-0.296710797943082
-0.265359020678644
-0.175526326105506
-0.41051999368376
-0.303029661152032
-0.304012971705994
-0.160680504040597
-0.206795282647901
-0.235061168549922
-0.312215282117902
-0.276001475519222
-0.400444908896323
-0.256626377062631
-0.223060997264711
-0.300280548071616
-0.265672308134761
-0.328417603596148
-0.385317830507103
-0.264776576308645
-0.241084812362128
-0.388661612531614
-0.250545751293236
-0.350998140182904
-0.324333004511304
-0.376901623697824
-0.175232379731153
-0.223499246338218
-0.198891992046619
-0.195902064145334
-0.175532466941724
-0.263218359291043
-0.051355675049309
-0.369722429828843
-0.223867069760733
-0.198174296378192
-0.128867964094516
-0.288788215374659
-0.303830920622285
-0.248120585057586
-0.114096419448928
-0.210003747192511
-0.274725500852396
-0.345195365489275
-0.0391064409636543
-0.0831686062472375
-0.349851990743067
-0.205402272256003
-0.233378194730195
-0.28622972855748
-0.0388630024050128
-0.164479972397486
-0.223414251385826
-0.227122592292945
-0.160897301093328
-0.228911122360976
-0.181165694299127
-0.0685737649150228
-0.156650207808532
-0.0954734687375032
-0.170802975300078
-0.150510536348929
-0.197600590493652
-0.214547937218663
-0.0633734890998792
-0.0982887502736937
-0.172554581437795
-0.081366535319908
-0.00543583456684262
-0.0850856182416172
-0.0837690067544479
-0.260182325243246
-0.163505727983821
-0.0662930950355796
-0.0543137807231115
-0.0912888623525237
-0.0480150519462174
0.0629566556044978
0.0173439952557118
-0.2394575507535
-0.115076502294212
-0.0576590075905602
0.0913709629700108
-0.132585924403869
-0.0654830398869562
-0.170569977443065
-0.0467568890286032
-0.0578550413371374
-0.284871971197898
-0.145934308429699
-0.110205428862339
-0.128838879170946
-0.216644232734968
-0.0179116515905998
-0.100201137211266
-0.0545304271089743
-0.0449119123981544
-0.0539360128459206
-0.10816500284064
-0.0950660935939579
-0.0116635899854526
-0.0412392135155633
-0.0410368546191544
-0.209868969949061
-0.118362954382014
-0.0377219316757586
-0.13225637246628
-0.165765716368285
-0.142860528136827
-0.0620226822601766
0.155062877940986
0.0890568459882182
-0.0901681975076741
0.0119832523333434
-0.0251022785603746
0.0350556213035472
0.121375968503067
-0.00018479587466653
-0.0750829212645223
0.0300384113590605
0.078754023692419
-0.000797683209859873
-0.003901493578861
-0.0437406912825212
0.0314853920064075
0.026396886864683
-0.0887823963611789
-0.0605963968069271
-0.00732409295658212
0.0025204603059508
0.0399788273278036
-0.136899471087255
0.101115976719022
-0.0318948126056505
0.0825041218070564
-0.0159832885472621
0.0186044648631534
-0.0927820845074403
-0.0374897947765585
0.0189286815403854
0.129431500657858
0.0533177221917593
-0.0339988053580429
-0.107623506098679
0.222148172536866
-0.00964384524817142
-0.0385168438561635
0.0818664171235031
0.130320640605061
-0.0174464799991372
-0.0183843683385136
-0.0887270559000952
-0.011717776961159
0.146454632067042
0.0459945471364525
0.139090614742329
0.0434668071144443
-0.0443014532999433
0.216893677492087
0.119280206200337
-0.0345257689861189
-0.0988301350238836
-0.0342788693430069
-0.0754820514149872
0.0528386081263988
0.0826552034016474
0.188459215890494
0.139967504465128
0.0321093612800304
0.0585101593578443
0.0610922965359886
0.0301728329893244
0.120960810679861
0.351226256343407
0.100729505465524
0.0841257345949848
-0.0328260534269529
0.0979138251797193
0.0826503828670883
0.104058867050507
0.166579994274594
-0.00903618981700535
0.0673143884304531
0.193687959655637
0.0641038985218681
-0.0243384890370312
0.10337099793587
0.0334011182845029
0.0931415425495961
0.0956854023401928
0.104375516917989
0.151457558696371
0.0774111889587592
0.077206581918902
0.100511093951549
0.0398413612530671
0.116779362345857
0.146236329194391
0.132638137000136
0.205784070773671
-0.0513813921070709
0.089215006805029
0.171223614180534
0.251829842857117
0.048406794692073
0.0241994312985419
0.198239107727911
-0.0159222202254997
0.198239019858303
0.0158474730478257
0.271746946195561
0.182591871922292
0.151570748663596
0.124636003037445
0.0789732816157094
0.247016584310016
0.0717962732269942
0.229850828607784
0.0149984995942205
0.279225109406561
0.214346991496857
0.112810917363944
0.0819156206134687
0.364913021597767
0.226481506411738
0.253793292610199
0.18391594652491
0.0795944936408793
0.0667283726212359
0.0976887373241728
0.0101581627625663
0.26249964672695
0.28066598045097
-0.0285282634759584
0.255567086563798
0.302918308910386
0.227512622964986
0.238831615107254
0.204302521704715
0.151230109001244
0.179577709708775
0.282162489316482
0.0865904359690545
0.325407563672582
0.283525406108359
0.170538006618542
0.246808783962201
0.235059820866809
0.273662283187193
0.290683779426676
0.0959301571313551
0.209832527617847
0.260969044292591
0.277157157070972
0.376269396846145
0.244302232642039
0.226066166987806
0.278052514399804
0.241355547136304
0.149770550256388
0.266524895869789
0.297268177005563
0.0578374385257369
0.203422487157001
0.224559658941136
0.381675478012476
0.161315831118456
0.373142619740898
0.37450945284156
0.275356350512609
0.113517086938688
0.282197478613264
0.264497853975332
0.329191790564428
0.185140394653572
0.364456665817453
0.427166888965059
0.269832778096947
0.260069755250408
0.25208560756532
0.216361353437487
0.40411799973973
0.447863704128863
0.339085659357239
0.196393335156936
0.138576640064549
0.459892145170084
0.298471422102254
0.225693163458519
0.3220012683237
0.270038178121206
0.38721336196995
0.263887614651675
0.270223206557996
0.247693523150514
0.236058684279363
0.389894067162346
0.303365880181058
0.490716887388474
0.280591654231151
0.364496214543045
0.357555637383855
0.373187802500274
0.299613620176274
0.250775226604352
0.40150035063646
0.334903190509602
0.456714791123444
0.326713375449622
0.443351517268019
0.339421397782491
0.293647042168177
0.353197666225181
0.480396299569634
0.454756302825769
0.396368954993648
0.355776909748682
0.361871570951607
0.317446882445052
0.177101176382285
0.433218938603306
0.184649379794638
0.202929749172225
0.420067293907807
0.417864047151942
0.40822091126866
0.344320762285325
0.337987540274367
0.340551866674598
0.387831829476685
0.373935836252188
0.332061746644347
0.339782341142479
0.398788056868833
0.308514826037769
0.275714959313905
0.344876582191222
0.457821011091189
0.370808698506359
0.412188410224428
0.326970304601783
0.360753962880184
0.299855455018887
0.228374519519984
0.564259202861011
0.467533901472488
0.32575191806165
0.430025009014538
0.530915400030234
0.407633864943376
0.470789583997066
0.350740855271025
0.360754174906905
0.417906577564185
0.354324275564541
0.329001720714808
0.403051488452382
0.281161314314808
0.425199056137622
0.51137289598554
0.468360573594717
0.469653277187408
0.446264351982735
0.543019414370608
0.457331089717111
0.516724710185271
0.414974685616807
0.627927282380737
0.347143464392852
0.525585239640216
0.426067665478421
0.424111733529958
0.509655250155068
0.413255841921219
0.553803946174143
0.512187854876107
0.332780399292433
0.380455035118667
0.417382961322954
0.396564052597282
0.596962215560443
0.637068169007637
0.668241592521262
0.46764476247744
0.498265462841645
0.580333952548144
0.510038369386661
0.418856310736296
0.470067061704085
0.442612425200031
0.538962792316027
0.512477927821987
0.640089791315979
0.358213395573674
0.592204109849057
0.572994988911507
0.465524963929182
0.621282264265012
0.570390831682889
0.582583205130147
0.659314144848107
0.529907739757701
0.444889569932096
0.477450111643581
0.590883719906088
0.488246387965738
0.476515092030274
0.594108623171434
0.589329718176364
0.515348406080394
0.582915902377459
0.491709713429125
0.740075865779737
0.712178555291147
0.382575111547216
0.445996338514245
0.5580701546842
0.568375977447079
0.463188937102081
0.352852110535114
0.47082080226118
0.547303090620422
0.598454134306229
0.593189188889947
0.428264819993286
0.696561921486562
0.662633974407884
0.585425229501135
0.580533056145501
0.697458097482392
0.425534768198025
0.3539506778333
0.533811372037172
0.518841489647207
0.548600696104448
0.455160053944771
0.420227077245537
0.588679992999845
0.567777959660972
0.831478523963554
0.682211226732235
0.58756551172059
0.623698195598922
0.705791285912993
0.644324525536371
0.66610274177634
0.635664378405346
0.561662038789404
0.587451632410417
0.569250976368789
0.696703200906348
0.519859663443038
0.690239764551426
0.702099817014745
0.676758715402426
0.740732590892868
0.584189702082333
0.683106810189404
0.628029236100649
0.67343024275106
0.58600915044205
0.736632690371529
0.825030624215585
0.841938403789578
0.628023994062303
0.617737918760087
0.680842101303316
0.817101886701696
0.642223473918777
0.716041996825416
0.694991330801866
0.668396855007233
0.579679097059814
0.593020738377054
0.654845046289421
0.575050391517893
0.786237693649836
0.593084089054196
0.63639665129056
0.458163505946241
0.60954787788306
0.638038410753851
0.512308049234364
0.658518006756838
0.636967951547626
0.74407948477274
0.626292474109151
0.723011628333679
0.652933574592847
0.539018148737882
0.617129558091119
0.746724419318806
0.816521857457562
0.812845102470668
0.713092329063382
0.722667040336345
0.77444650443101
0.650387055677621
0.596479327514369
0.748989090305258
0.73917081221299
0.737855753209445
0.754044519848773
0.80211621270788
0.690722100400127
0.793736331967348
0.812320978973343
0.663857575296941
0.665993304751602
0.664197557302832
0.721375568692198
0.856147110460415
0.843646124350713
0.576000383079393
0.717863708027293
0.874641043513555
0.804841196598369
0.810022433333057
0.651555008691024
0.855850496201641
0.778213419034881
0.797438977521691
0.768440874629638
0.800415795647868
0.931656012105575
0.651590414320584
0.846198508677368
0.802872694479347
0.779064652668976
0.724494335427425
0.78711040346619
0.867192182614334
0.798278323950033
0.808954777674209
0.795820515064102
0.765543763911639
0.753812786335109
0.771519963077452
0.832842089184707
0.702984512569539
0.598428034491738
0.957996839269937
0.703263197434106
0.909597283312881
0.848447351740864
0.869800777769288
0.704282230863461
0.834890093213151
0.895299898424156
0.763487042242918
0.800715273860017
0.824448955457859
0.891496684581509
1.00511398936213
0.861110253979227
0.663822681374713
0.769831901290961
0.784963463448889
0.912036701152868
0.792904479210459
0.84737469382928
0.851931038657654
0.825055319202629
0.692105609915609
0.876496569450414
0.830025912677508
0.954557920244504
0.888148661710083
0.726824597780863
0.957350290958706
0.839114073867088
0.811198543568012
0.752605863238536
0.838115932853557
0.811526661837745
0.85358429354181
0.932098360615316
0.876127124010486
1.05443722041058
0.866114619114801
0.881093856688172
0.696569147415356
0.977820334247981
0.955962343656572
0.942474662960815
0.83664278222056
0.934093893454018
0.845618757633105
0.803847355557078
0.828061274109353
1.03063996047073
0.935812530342756
0.863085773792746
0.918369091593216
0.873674203057348
0.90889384031707
0.94365397127088
0.926502163212155
1.00949149495738
0.989715891055455
0.913320313659531
0.820365807632603
0.809088872296805
0.904301614519569
1.00466241296939
0.930540776425267
1.00399395147549
1.03263282204584
1.01658407157072
0.905314995115431
0.838777914619257
0.885010065461525
1.01342805780639
0.841291261704843
0.93375195915707
0.969361186148823
0.898476979034581
0.841210811550732
1.06518265880609
0.898477882614684
0.759697666941781
0.890727654712867
0.877876028745113
1.0091285325126
1.01209961929843
1.06511308252486
0.919910718715861
1.05447863952492
1.08857691240846
0.985547876813724
1.07763868161215
0.965027346783922
1.07829518921772
0.973958566400712
1.02695665220176
0.9969560413304
0.920461665120668
0.957177489316007
1.15689569129449
