"x"
-1.06259540649668
-1.11395260163175
-1.02155590727202
-0.941906912598198
-1.03153390556579
-0.977515224139557
-1.07715088625606
-0.964619111462428
-1.15065920762075
-1.03471453051907
-0.959513233154282
-1.02724372053757
-1.02309536344724
-1.14863994517746
-1.13258914272048
-0.999650254012466
-1.05469131350756
-1.11958175771657
-0.864653524640845
-1.01849832508832
-1.01121439754675
-0.890934975684902
-0.918322315365007
-0.957365226172844
-0.912933221140814
-0.860318339241494
-0.995864268855708
-0.874347810928135
-0.913291691745332
-0.866926483382078
-0.93171672026792
-0.911275807479921
-1.00834299085881
-0.838879829666307
-0.889900761840574
-1.0559106034614
-1.04421842493165
-0.935416908972584
-0.877250610687765
-0.980848476926252
-1.03787365691424
-0.809760383866772
-0.988278489428841
-0.988246642723305
-0.944593567024266
-0.940626548697801
-0.968111087474468
-0.942522381248558
-0.893304145849957
-0.981144062899196
-0.890820408392275
-0.957232655493875
-0.868733231425254
-1.06992295285182
-0.882576602096408
-1.02738133935522
-0.929545011724825
-0.726764241378431
-0.798689029966199
-0.867931179596329
-0.886723776897121
-0.887964074224144
-0.705435169705536
-0.857899345403492
-0.95673807956395
-0.852426800681364
-0.948883216732765
-0.982566019513734
-0.994707337643052
-0.834688183760691
-0.766283514129946
-0.861202426568556
-0.797885796899765
-0.845980192893719
-0.95946010528649
-0.851243545902726
-0.897122790600381
-0.644769401606339
-0.851208604518869
-0.713001967714572
-0.704199645682751
-0.743094001484676
-0.861136618028467
-0.907132463923671
-1.0059998653665
-0.817975901456282
-0.789822539980339
-0.90606638053058
-0.777635683189942
-0.882516839344401
-0.761429954070668
-0.844885085020752
-0.895067783448884
-0.776722308250269
-0.800768109793693
-0.703952829598752
-0.727667800716201
-0.739901550291324
-0.724797737603517
-0.727482546951728
-0.870627880806648
-0.736772188114955
-0.603492133847696
-0.890572244034998
-0.829234917513727
-0.793545250869648
-0.867879692452585
-0.793679950249996
-0.750803881554483
-0.706753115873785
-0.699700117750806
-0.801963171597713
-0.705645632423895
-0.871887819118785
-0.698190787291357
-0.911876804886509
-0.720105126916026
-0.897826134931329
-0.687876176214001
-0.872796168067143
-0.73406096359798
-0.803215577029998
-0.821927718568897
-0.965159950743402
-0.744987799213784
-0.845621779960262
-0.749470899105041
-0.632265090939925
-0.717915391793683
-0.678354007467591
-0.721955774215258
-0.806729808573519
-0.791916427344774
-0.873800893129012
-0.908931005491475
-0.816295377339421
-0.636955242311113
-0.603414421279859
-0.756780948501588
-0.683515555815109
-0.79417333217263
-0.468703800497178
-0.684286582276679
-0.758488529278082
-0.648605663743013
-0.513538673139717
-0.883179639800018
-0.541568235368919
-0.687598675666508
-0.612978882674618
-0.7902959245609
-0.68193733587369
-0.808977329794981
-0.739529243530502
-0.582815847687808
-0.645255444604347
-0.573554723881942
-0.625656815956349
-0.612535128760856
-0.684079631820112
-0.617129304048395
-0.720946643149947
-0.624100790335628
-0.53326694376804
-0.637267338925352
-0.617581856835286
-0.708921922838369
-0.585493376889201
-0.566206486784479
-0.686976868268666
-0.751769727854089
-0.60904542666384
-0.650235985588739
-0.644630456223842
-0.594157013020801
-0.492953823356953
-0.567166483121311
-0.583438057574429
-0.649986231254646
-0.664652293024893
-0.731628659426065
-0.677219922641555
-0.43671720708711
-0.605974954328945
-0.63081112302581
-0.717552491711109
-0.582079402929808
-0.563941182600186
-0.72123067559108
-0.604771623569477
-0.702436463487254
-0.599017356292019
-0.740678888082363
-0.670714919907561
-0.519806400637171
-0.653478899276459
-0.664567024553293
-0.667476409043361
-0.725852372644773
-0.518224992917938
-0.671855364547857
-0.633776635315695
-0.649128673195683
-0.620027169939446
-0.584805337539584
-0.5185715863543
-0.640835275481665
-0.576149443010214
-0.641433928761278
-0.482944318623766
-0.491749059305795
-0.474989774943261
-0.574298015918325
-0.478884605047989
-0.495658841963816
-0.525749734997183
-0.483353160012701
-0.509603578590416
-0.601701289706885
-0.583956978518598
-0.552475571348668
-0.58605945453409
-0.614962344718905
-0.533460079217364
-0.408941284890858
-0.577871203602237
-0.486755155053861
-0.594540875667485
-0.52989580914681
-0.470408161609409
-0.437633602124072
-0.59521596340422
-0.490840411415077
-0.533926980146781
-0.53876425578365
-0.494120631745086
-0.540762606616478
-0.547883442766461
-0.581315784432713
-0.521377243734965
-0.582576937348694
-0.582204765164819
-0.473062171148541
-0.622025949727691
-0.533617982922802
-0.521485304561861
-0.501482325422793
-0.576272911153264
-0.477190314686587
-0.530570266024655
-0.521445382221953
-0.580883321826525
-0.380817798900573
-0.631021638017212
-0.477707067626258
-0.571893159043956
-0.506785720192922
-0.53759989558124
-0.457554284366239
-0.500565585341329
-0.628589579352521
-0.641246860712023
-0.36491309621812
-0.557022248196926
-0.418147926881389
-0.50193960004574
-0.427513324088852
-0.54156532531499
-0.42667318934954
-0.407991170275771
-0.326349900166472
-0.434816876825886
-0.569100778355421
-0.445156779081449
-0.424562728624004
-0.361553885356069
-0.447136902519927
-0.488571459492123
-0.51204007533953
-0.448407322416102
-0.470397870672713
-0.524832062147346
-0.323169994743301
-0.428678437832518
-0.436684947072066
-0.376955565095532
-0.367131375670007
-0.325564531118735
-0.330319461956605
-0.367847129670031
-0.455247726968046
-0.261999393799344
-0.308367584917602
-0.541743694110004
-0.349574829356609
-0.396699678194035
-0.457133853665319
-0.248760172941661
-0.429721042040625
-0.416016037089517
-0.42699149336495
-0.390932516462
-0.369363219767039
-0.486263283731441
-0.311485860513859
-0.378395277097046
-0.375330931862672
-0.470174178594451
-0.461018157522535
-0.372651619305941
-0.423464847301074
-0.30211289637294
-0.29960993577877
-0.398528000545947
-0.344798544448503
-0.33054052154311
-0.413202770167831
-0.188266130247094
-0.416971097358037
-0.268708177196163
-0.374972230882518
-0.410553168872994
-0.399161380488535
-0.401854529368673
-0.365337905765752
-0.46849787359401
-0.133357570235831
-0.345686595152517
-0.343950970219526
-0.158528574582064
-0.350628182150684
-0.259766576591351
-0.362959354356384
-0.334326970863286
-0.348852807998506
-0.433865999369284
-0.323399355331313
-0.399916588895284
-0.397647754649933
-0.217193640566733
-0.344264125866109
-0.377588765825996
-0.237690607293934
-0.432222469659562
-0.360227098407015
-0.219923651708543
-0.352988649692299
-0.463115130924819
-0.408583088897861
-0.208408287757226
-0.307942794091902
-0.290557493263814
-0.20586805630063
-0.271734680965582
-0.219747428063786
-0.25637186947972
-0.319431155449627
-0.288790892293705
-0.420188817545204
-0.233715472285144
-0.378502503961846
-0.386734001091518
-0.322424116038872
-0.269676273307733
-0.173252750287431
-0.406179838624577
-0.312196939618397
-0.326993807766859
-0.161088819134725
-0.205919654573407
-0.256502191277975
-0.293175160915439
-0.26677134493074
-0.39642564462
-0.253897130412834
-0.217201228862156
-0.306927208325049
-0.269703379976185
-0.325593097205286
-0.400259313725006
-0.282135641644826
-0.240699470265436
-0.370092096205955
-0.229569271349849
-0.342236275057024
-0.32762796274147
-0.392829506543104
-0.194407622428826
-0.220831038134219
-0.19557493142821
-0.178068861572548
-0.146834451116034
-0.265886298212659
-0.0683989016233462
-0.364267004376916
-0.240564558343036
-0.206649809166806
-0.136139872185507
-0.279377880706049
-0.317218146492187
-0.250934496406438
-0.105679089451697
-0.206058577442055
-0.283932111297161
-0.340962675235567
-0.0179445498112516
-0.0695167450112059
-0.345095694871508
-0.228356154310818
-0.221796780495716
-0.280902308986911
-0.0489802348210874
-0.170732026395729
-0.246025430572326
-0.223016356785439
-0.181957088205847
-0.218824272212387
-0.168195820220387
-0.06839081642511
-0.169349361921543
-0.102673875457053
-0.195243120892374
-0.135918595568105
-0.191563039219932
-0.20367156441145
-0.0683992185766715
-0.0879805756756159
-0.175551932551513
-0.0796137876750711
-0.00540848648004586
-0.103534720248403
-0.0783622969718125
-0.240111715943908
-0.148719685512593
-0.0764335517686798
-0.035249532809667
-0.0856588282377595
-0.064405875596926
0.0579271101987723
0.010111359119904
-0.234951346047238
-0.120182583825141
-0.0657827672639435
0.0900498819632576
-0.126982134375101
-0.0816262587158419
-0.126610701167893
-0.0563713867248993
-0.0634184653716825
-0.261343086447662
-0.119795427313887
-0.116349010998874
-0.122874545719542
-0.200502739418759
-0.0348080274923658
-0.102864456342699
-0.0212438349566005
-0.036048938401528
-0.0455392114448846
-0.118471534866816
-0.11185817383682
-0.0332069543183641
-0.0240753010841456
-0.0265060103177506
-0.184760507761692
-0.115682798854581
-0.0462526730602296
-0.15088265583714
-0.147461686514031
-0.113796294767144
-0.0751172724067631
0.145772260267224
0.0840111370644371
-0.0995977296276696
-0.00531626198618254
-0.0365295169577085
0.0633891420821574
0.110292565442704
-0.0156287702388266
-0.0612544149402963
0.0275736431264086
0.105470507261676
-0.00342671202117802
-0.0203899247563101
-0.0295788109249538
0.0140669810082643
0.0169534610011982
-0.101563060509082
-0.077270539780405
-0.0168873627968296
0.0160307866237689
0.046439252819091
-0.148825773794737
0.107637904968258
-0.0425431777260925
0.0651586184024603
-0.00979613025165333
0.0247830364642276
-0.0833712918119127
-0.0324570068082447
0.0193797237180315
0.136673916821631
0.0453399942305745
-0.045248415784467
-0.131840310712226
0.196310896634821
-0.00936902413651959
-0.0261810811627703
0.0621267457900154
0.151408010160039
-0.0382647715342917
-0.0330200517659022
-0.0954928066715833
-0.00955833467218053
0.137261536352792
0.0525393630246489
0.135451834890955
0.0290918489951876
-0.0157636044765919
0.231705498798072
0.140238367089059
-0.0441123382482067
-0.088353780266444
-0.0431967744953651
-0.0862660941107759
0.0544796146618622
0.069872769049676
0.194619561472808
0.118583078223062
0.0415314356152862
0.0845441729242912
0.0525556651500213
0.0463121505400242
0.107634129631927
0.358707334937472
0.114422360585684
0.0521713788390054
-0.0331020478582994
0.0713392511585379
0.0833195603527728
0.135698362561827
0.174093698206537
-0.0238231041043461
0.0697176918723814
0.216425654599164
0.0896990184407014
0.00374290571180634
0.117479472204399
0.0222200529626568
0.119176770483103
0.0837962893369582
0.104824800996968
0.162665751882922
0.074887997651534
0.0684756576703879
0.103884781368553
0.0411402583548684
0.115506787466426
0.134079723692554
0.13814937702348
0.195587929814915
-0.0530647941997566
0.0966756113949188
0.165473972287491
0.260614380891905
0.0448874119790861
0.0304994902035224
0.179135169173672
-0.0136179275161325
0.190159451417507
0.0253152144026198
0.255386933175272
0.187708507684432
0.141069544256629
0.124506295587615
0.0935606136567987
0.257997096019585
0.0865033749042177
0.218463736995154
0.0207851742719507
0.261167121288622
0.199785707252187
0.127002675186021
0.0850106355597838
0.340474128313162
0.227106645234165
0.236409245897932
0.182888072639496
0.0830649307564558
0.0473384083163592
0.0885643671311023
0.0239950748069658
0.261853867781753
0.266981568851354
-0.0272135123478456
0.260687805491785
0.297044631174132
0.239499184402672
0.250335584852825
0.187740855731366
0.15041871599035
0.177690156694723
0.275125558222042
0.092328663959875
0.336332497197095
0.28970577511058
0.185560952849942
0.240586330879914
0.233632517032926
0.259686477169476
0.273124186265019
0.101816870580033
0.203498749753966
0.272225523746787
0.262899535270455
0.387072544037037
0.255929075633078
0.229873369614804
0.264365826787488
0.224907261344044
0.126341987400553
0.251494621748804
0.302241991651784
0.0474410619966161
0.205311654048747
0.261534630937209
0.365023819511359
0.17219338326944
0.361719322289631
0.361272946157799
0.277099849281379
0.153028621861614
0.289498758898225
0.251589478685181
0.312951093845111
0.180971828232814
0.381867960910736
0.418852411346991
0.286942051606402
0.244465184221325
0.255709483975707
0.216232417992244
0.395020216856896
0.451857722889478
0.320271082812255
0.204888329111919
0.127154041185299
0.459986699476895
0.284291631996772
0.232506977387399
0.336522768259684
0.242158362323683
0.419716897749392
0.252355597091358
0.282342087741238
0.269687371439254
0.260389091048431
0.408055492888807
0.292042241534049
0.495749363262954
0.277350301325509
0.374221844769131
0.346922188285349
0.356060934981759
0.310878017228826
0.253764321697614
0.405159536752138
0.329562712942314
0.454888413752359
0.306530750781986
0.438420253562514
0.33392071762583
0.285860731499848
0.373195473434204
0.475564243356338
0.439883348051363
0.396636251024631
0.374136797559962
0.344059942944532
0.317523715934701
0.185358585393572
0.438435802089224
0.195501842081844
0.19152403801249
0.430286993815641
0.431164231788567
0.413646151659161
0.363187072480398
0.345249382538083
0.347843869931513
0.372261066456236
0.366957801030417
0.338083181490949
0.334542349349404
0.382279764611622
0.322127037281991
0.296285316088835
0.370007007502932
0.431060745110874
0.36112487885523
0.42531267080996
0.311291165139656
0.371149299443104
0.286280486737748
0.231591571846384
0.557423686793698
0.460029082276909
0.331917192864766
0.42474715368124
0.515620318763437
0.434475861991474
0.462590421960306
0.341813586575647
0.358426783613398
0.409692296764527
0.345875582305886
0.308916572126239
0.414250952188053
0.285295738425667
0.438808417152002
0.508444397840783
0.479200804284046
0.467390192478539
0.482039629535398
0.516241044518548
0.456622389003522
0.493019427694241
0.4196754419968
0.630985440496838
0.367581994603408
0.515993149950342
0.424607729888709
0.40687834552986
0.523607405851625
0.418949542997099
0.553829410900513
0.506383519755321
0.335532109679251
0.384401724778845
0.422726298919339
0.384506662514795
0.607258266762609
0.619832547869516
0.680502147578641
0.467539483517308
0.478241036333731
0.589228877988104
0.524345901456314
0.416218761263022
0.479324638274446
0.449484609842806
0.528317996307004
0.510322104386442
0.646852260065938
0.36238728041104
0.602672054732375
0.566911820302007
0.471035825443112
0.627640759650458
0.561374763746775
0.570440949684613
0.662708286626105
0.534629092585213
0.44145467124068
0.476959288314513
0.62282423862749
0.47777983072201
0.461529805062178
0.598502591963423
0.569695085824996
0.537187809500436
0.565263939813654
0.503024760991463
0.744728079862351
0.703287912528835
0.393254971425867
0.442616180523724
0.560199205145924
0.581626670308203
0.481683441301167
0.349442959100356
0.466148121835794
0.558267438874957
0.584853745539555
0.588149086196169
0.449671143367846
0.700268551812918
0.652264222689841
0.571433523665076
0.561547602210025
0.708773265322024
0.410037681573116
0.334629888996201
0.527867443553469
0.518063455364024
0.538303501552988
0.491489522319077
0.429199862575958
0.580557176361667
0.552118979907502
0.850103852872901
0.679573366161208
0.567173748794719
0.625754750915459
0.6943180908502
0.613930464644348
0.685836725760117
0.64531318696757
0.587172168188965
0.59054164056228
0.548202689397672
0.658943675957229
0.517785073785119
0.677307856694071
0.673790413232427
0.678162132985796
0.732977196817284
0.595434858373973
0.688843078926589
0.619659212766949
0.649883248592783
0.587209943150557
0.734411503168585
0.827154194898004
0.819505267170141
0.633640528844278
0.625869629194866
0.690958041394228
0.800074690486406
0.63670054132171
0.722646761295387
0.706637553384922
0.657242535366958
0.559671580808294
0.60157602163671
0.628602960944418
0.594374667276376
0.807784794877142
0.58705018158488
0.627362881623693
0.470386800370128
0.625688434724384
0.669604498832251
0.516533099743661
0.674423653833479
0.651542996243766
0.738150266817659
0.59847579765399
0.730670072765596
0.671378602546081
0.52798590962903
0.605876486008701
0.734598796908144
0.795786805889368
0.816377964925395
0.725680032689413
0.728552288657585
0.778457102811451
0.62643503127413
0.610968628206098
0.73530657436045
0.751706428379652
0.74677716285674
0.760376037523263
0.806022294848105
0.692647308069252
0.804239069490741
0.801043827097224
0.676373664382742
0.64626415019654
0.682946189199729
0.706130601951294
0.853057757081762
0.829904411997581
0.594498577102723
0.71151663109035
0.869456077842079
0.783801541557768
0.819373308916763
0.643549784155965
0.863511377955831
0.778187124106185
0.801833441309779
0.77571603862699
0.79125938828269
0.910503710510293
0.659969902492716
0.855167208445778
0.800009699844863
0.775257899471558
0.731435623413889
0.773688254981804
0.875204348608803
0.793764092236582
0.809185245634876
0.791424096924906
0.765621982840396
0.7503206366535
0.767410425993551
0.854101033827858
0.706613149122718
0.577847403352591
0.958489710851771
0.685741258065253
0.889010296460113
0.880810732476945
0.865150089394381
0.715402205936306
0.836182036414163
0.891316805244092
0.738586054410727
0.811393881733492
0.802695416652528
0.877140939643573
1.01475845926876
0.849118539875426
0.646825514370334
0.771662322061001
0.799035937793171
0.896988562987236
0.784946133561992
0.838134844088533
0.83678768482617
0.831899786210353
0.702153870678275
0.885737465686753
0.826665182126991
0.963384902108586
0.902136052983477
0.726101737203554
0.961777459192431
0.8429618311204
0.811447987766271
0.733864655638951
0.838161187878078
0.786616919798826
0.864794099959837
0.94026687019887
0.886956292721959
1.0558836445571
0.872378310048828
0.892411967167505
0.687224911700903
0.964549282364203
0.955611691617107
0.944811615923703
0.844012997886986
0.92619148806821
0.849178480530906
0.825386407205367
0.825011786043678
1.02850449599166
0.969563286464867
0.860781898870228
0.918243844699358
0.87899672693721
0.898111729531042
0.954808780964388
0.948076512126029
1.01080462502498
1.00870441670096
0.909159978329223
0.823574863928943
0.835610887654868
0.896824212664574
1.04107466846212
0.92784289534586
1.02314344862268
0.998534408542936
1.00275597076067
0.8843938689852
0.822865927876033
0.881884919916748
0.990041762293024
0.854884099399608
0.917562894076469
0.964614199554407
0.904314925151383
0.84854077843519
1.07562676285844
0.917832320767862
0.766025101513536
0.881579134196125
0.864503161445104
1.01330387958507
1.00090644874969
1.0468665145801
0.951455350307866
1.04961546055406
1.10726201080582
0.972373026420942
1.04334495731875
0.976365485286807
1.07632198423789
0.963049525729785
1.05603384992544
1.00423416724996
0.920103399646026
0.954850837403139
1.1170182129644
