"x"
-0.948010773746986
-1.01857269999926
-1.12501183998703
-1.09191960599801
-1.05539414026241
-1.00415934915821
-0.91682092119627
-0.883720250554724
-1.03842578290783
-0.951477232016562
-0.936513939378974
-1.10597306439568
-0.919963550739312
-0.841276949625761
-0.807616363161221
-1.03805762878358
-1.07142538637627
-0.927263882870529
-1.00641022198061
-0.822082094319761
-0.82802361750066
-0.892467795548194
-0.95598396948636
-0.979173772031055
-0.843219311827637
-1.09675385950717
-0.991081837901314
-1.12873389174983
-0.958653695085734
-1.0212292226283
-0.901571452449753
-0.873024146120035
-0.96139210069683
-0.999418397490102
-0.888747726273386
-0.99323716638357
-0.880754358762131
-1.08068748397828
-0.867340119967662
-0.912565631790374
-0.974671820692959
-1.05265066540929
-0.962002689232652
-0.974207596762477
-0.875294590901576
-0.926743319514403
-0.918929129330845
-0.69451743031977
-0.907232931885143
-0.961696257774009
-0.997152323901994
-0.894178768027347
-0.814551763593189
-0.82999330365468
-0.920150845286055
-0.915945358303512
-0.827321087952575
-0.882499513938473
-0.87572827411432
-0.7805896503642
-0.871046424481933
-1.00926282603267
-0.892411512191482
-0.829633970854248
-0.907469710797507
-0.874082877894264
-0.785481262149673
-0.885193961358966
-0.842949087330759
-0.970571954731469
-0.698893767377529
-0.742261831877462
-1.01125527771694
-0.89225233509686
-0.772172546187289
-0.843281077265654
-0.964293333606001
-0.752346620179958
-0.900726172948494
-0.783091012895812
-0.843312317948377
-0.754065563151555
-0.97769764917699
-0.780114272205666
-1.00565321636646
-0.811287039325471
-0.975757839270677
-0.853857012188255
-0.744237304420745
-0.733247953189721
-0.796385316307864
-0.8451424504223
-0.814355716645587
-0.814525614616721
-0.786009545496819
-0.798377274217322
-0.755204634107035
-0.678816627367681
-0.896397947775721
-0.723506199936777
-0.753806030729952
-0.805164148933328
-0.618155050541659
-0.705730318292289
-0.757986456232307
-0.794887394014025
-0.732440960955923
-0.679007282722485
-0.846531786628233
-0.751426789857413
-0.6007419101006
-0.821917579237123
-0.84999641377375
-0.762869350366556
-0.864260298581215
-0.854851257487932
-0.763107295113803
-0.771000618468592
-0.59097344871742
-0.765746768930635
-0.6515732454058
-0.88418298003417
-0.825363284757848
-0.846275377559952
-0.852524005460759
-0.680185965961227
-0.869423678390486
-0.745977150482904
-0.797159487264614
-0.673256271012707
-0.683140617268162
-0.72570568278542
-0.67152112568341
-0.828886054365908
-0.744300923058967
-0.763140831540034
-0.659374358479832
-0.821149209981877
-0.664402586084769
-0.668830829254733
-0.644727191425283
-0.586237142873752
-0.890282264775626
-0.551899389826665
-0.666307332929516
-0.786290446435016
-0.754933848157476
-0.689764963669818
-0.649886360468327
-0.633252031394565
-0.582214215207639
-0.58810782040225
-0.661557093894421
-0.748179405906081
-0.741413327580521
-0.638845409858854
-0.685231547565065
-0.61051307834846
-0.688668155497955
-0.656822218107523
-0.77684659666423
-0.612520832952692
-0.667191284682974
-0.555742913539066
-0.595986847443958
-0.734863930410368
-0.732453248138841
-0.634036664072526
-0.741778917700523
-0.726905561423698
-0.608489639120679
-0.637183000764214
-0.54365561268604
-0.689726075495536
-0.695305929163572
-0.628146505584892
-0.695046015795125
-0.617308517263717
-0.806901982734956
-0.634650246014514
-0.736263535368648
-0.610347536198934
-0.631247668609526
-0.674092241048727
-0.690185864656273
-0.604666290618933
-0.633813606259046
-0.597678273574315
-0.618314033391422
-0.748156264329867
-0.629892860365565
-0.736541586441207
-0.514536526286674
-0.629684461743867
-0.663201305879713
-0.599502836988993
-0.660433297858452
-0.567454892983106
-0.63916651375605
-0.69209261735106
-0.710837296143117
-0.51265179135656
-0.562805017281914
-0.51255760115711
-0.687011997053784
-0.643861814396841
-0.38792127683245
-0.602368379774053
-0.469628985464132
-0.318368683137267
-0.507079194511861
-0.513848245476321
-0.644657706337695
-0.53220977417381
-0.628722560347276
-0.515353391229231
-0.364678549375832
-0.52320154517008
-0.711785371058536
-0.714032002527834
-0.628126798860368
-0.593417854150023
-0.423215817219973
-0.799544743239911
-0.716260936185654
-0.595559585590905
-0.437005419625714
-0.517182232965539
-0.391453965344921
-0.572888870259431
-0.654112221557588
-0.64868076247118
-0.601566759676082
-0.588525355787208
-0.542112552401847
-0.44112967146946
-0.72258357390421
-0.456213513791476
-0.513676298883865
-0.484668421246154
-0.519689013319334
-0.584605930981967
-0.495874128460084
-0.573382083239827
-0.577150585535757
-0.356158037652592
-0.530122180281467
-0.432500419441381
-0.441537695665498
-0.650988124644251
-0.406291819239196
-0.477432671203238
-0.451675071647742
-0.40614287084411
-0.618960961431112
-0.484702050931675
-0.493837156639138
-0.483065812019024
-0.469100196794279
-0.361862805787416
-0.578771765408904
-0.539671281798823
-0.242648356302154
-0.544974394916176
-0.632634293565439
-0.550911608347917
-0.43561587437265
-0.537222311079616
-0.5517257135137
-0.459786256547778
-0.459719622946329
-0.350688687357278
-0.423214289492435
-0.406581630924209
-0.42875696439788
-0.648490589695509
-0.453354860864382
-0.471558291124705
-0.424727087991114
-0.450072532448743
-0.42905931483316
-0.455150910174241
-0.498972264175731
-0.416182598855406
-0.481661568270048
-0.50655515894125
-0.379758554180727
-0.429204716636105
-0.3556936743467
-0.610119486229758
-0.485653765765663
-0.382550900315419
-0.596330105027795
-0.44415636324091
-0.386524840333489
-0.425234823515576
-0.431537188105885
-0.451984220862246
-0.3137547551924
-0.541790239266336
-0.470373260148497
-0.448854927259134
-0.335666060818688
-0.420404019460092
-0.269220529387314
-0.359338086950635
-0.528788268912004
-0.18868324085814
-0.317647562511397
-0.308530025855841
-0.348070751231699
-0.320895216099439
-0.403563957079503
-0.228449007114743
-0.409902911378085
-0.339778298501921
-0.322415049134222
-0.157667484890678
-0.436050313866766
-0.403912702871767
-0.301906213029399
-0.357096677284889
-0.318576799052796
-0.406176694778909
-0.432944277431149
-0.4045439391487
-0.193873642599655
-0.279161597653915
-0.392909723671342
-0.452913092710648
-0.191719283882965
-0.220179007070641
-0.300644137421195
-0.293237048119296
-0.279626656197836
-0.370351050465404
-0.268065415662731
-0.282323543317138
-0.332228693396505
-0.234121080906686
-0.298052792415825
-0.249553569297057
-0.334153871576862
-0.216650144436924
-0.358859860340763
-0.355614450449846
-0.291559089190371
-0.370173454075841
-0.268367603067796
-0.428732090901978
-0.197918077611986
-0.296158825325447
-0.311335912552826
-0.156949227487517
-0.420617596035392
-0.295428071746464
-0.261108071461748
-0.304194275446163
-0.237107967088264
-0.259698642470931
-0.26213892272353
-0.331026619682789
-0.290240166848758
-0.149791074101647
-0.19308184933763
-0.260260171963248
-0.320950933865684
-0.2298125698322
-0.216404372391107
-0.287032678347119
-0.221223539992241
-0.27032973814317
-0.16948960760769
-0.13223522233269
-0.28562262452171
-0.281800008782965
-0.159486494179793
-0.344760103709627
-0.171657567223976
-0.240802912277568
-0.229418859641053
-0.293439501464756
-0.159261671834183
-0.202994323555937
-0.197711495999274
-0.261085053012325
-0.280739694328099
-0.253056411917444
-0.252334623081326
-0.16431138860118
-0.297314424226045
-0.159041053813337
-0.229643477632098
-0.260833314725974
-0.268620403004064
-0.234080078106206
-0.0354944482900576
-0.326972298771531
-0.228717238721584
-0.0290975730256069
-0.15248271089683
-0.33338838208466
-0.0717659850473426
-0.178313388361649
-0.285644083312597
-0.264601609270555
0.012267795917282
-0.326464926292521
-0.218840141073301
-0.0734210128790419
-0.205000191336578
-0.105227794366987
-0.178287655914408
-0.19575173642186
-0.118175024073734
-0.115192159163265
0.121725462101434
-0.0357869167811213
-0.0744904840494806
-0.175889331077774
-0.151863984027038
-0.148713840123612
-0.148808944366694
-0.124917613022236
-0.120625345519684
-0.205148246664448
-0.0125017947609729
-0.0376508041101987
-0.0449235220586979
-0.194162656304344
-0.233778954532534
-0.176421404905844
-0.0957331870652862
-0.0791226213795838
-0.128268595254759
-0.0960950919248515
0.0520003553677603
-0.0741374042091682
-0.122570118668828
-0.129050160239907
-0.127419058109255
-0.219154146198413
-0.247370644331082
-0.208181795823713
-0.190029476557659
-0.19831527202913
-0.151185264170322
-0.287584037965805
-0.19228038744379
-0.147419109863486
0.0728171490887261
-0.0662284881415019
-0.0201143112933101
-0.124183269152129
-0.029546876091889
-0.128575850090807
0.000578710908882368
-0.131815157672541
-0.161815930562704
-0.16260936530801
-0.098125729181576
-0.024772928320952
-0.0878010145604047
-0.0527260578603749
-0.157285566963932
-0.183661094769856
-0.120408824554002
-0.00962285810423352
-0.0417711541399982
0.0298283232515157
-0.0780345221398116
-0.126078015849785
-0.0179765522932445
-0.00902025797473781
-0.323851348935295
-0.142863892645254
-0.236142670384371
0.0148069659607105
-0.0585888165971446
-0.0259862365537312
-0.0373329504863984
-0.0930727768327998
0.0540784540942233
0.0428283654646116
-0.0524424305964436
0.00773768567003351
-0.186292835177226
-0.0309452998247698
-0.0916282723991634
-0.177872249432979
-0.00155950831110493
0.127339190449519
-0.0011811812570316
-0.133270935007263
0.052380609462296
-0.129007536580362
-0.182981712837155
0.0285208437430151
0.00799881864682874
0.033438260211917
-0.0302462308052145
-0.0520401127379971
0.0202155753016324
-0.0342314825476637
-0.0655949746635826
0.234329488034837
-0.165886884015474
-0.0295518917774726
-0.0411957964963834
0.0415537553142108
0.0391345813240648
-0.0729612994915933
0.0202664645589524
-0.12524519172746
-0.0218533757570543
-0.0193222703160826
0.0409889765166528
-0.0252256163907472
-0.0206930522595144
0.177413345853109
-0.0944232014793238
-0.0404388262692532
0.0328612612205971
-0.0804297592211954
-0.00584877247844362
-0.0492773002322426
0.187758907074944
0.076415450611702
0.0802357318585341
0.210661453458306
0.0599951263746396
0.00917627980721171
0.167989091101542
0.140510701221916
0.107442679269243
0.209662829117171
0.0980905418068627
0.0475303914591606
0.18451426217148
0.110113106568587
-0.0562964848233896
0.130285644555318
0.0794216202075425
0.0457562557798203
0.0145804882931685
0.0791766692787435
0.0886316425785114
0.132036424187269
-0.00210165751236415
0.0782808862534458
-0.0196005554769558
0.1761313133548
0.105473557673075
0.128776070850226
0.185051546690495
0.0420458452982008
0.137181872369537
0.162240608480413
0.127452925510756
0.222086324214786
-0.00766245251839658
0.0270580487969717
0.0617539223444998
0.0483460105749402
0.385163397952376
0.231915782107468
0.241572834727675
0.02599967669321
0.190723251795637
-0.00423314321680404
0.148516328798894
0.246232833162255
-0.0121179453903032
-0.0162294475131212
0.111713459602404
0.213422833898412
0.153895541135951
0.134474598007884
0.195718189335135
0.227980182812237
0.17940066094092
0.220378662306605
0.0801339486721778
0.178121419407188
0.0851059363739119
-0.0265920987002775
0.116291742290208
0.0910161535600613
0.198877473165857
0.265587381442316
0.206742100475602
0.184091265949753
0.269499532200937
0.176022678013936
0.185955067442601
0.201425568774722
0.245175825355021
0.204453667713053
0.156041061846449
0.121393852658876
0.204502565633621
0.247655745608125
0.213542297178918
0.359848485694552
0.232766384583026
0.0144754588630472
0.220756060844672
0.204078785616615
0.371860701057877
0.135302818341622
0.23865197828558
0.263614566245753
0.145771868816026
0.384727397252863
0.283054625924941
0.220069423192013
0.263697605082293
0.128285627502725
0.306054453733569
0.450233499621544
0.349452520132856
0.176703852934645
0.280143184920499
0.236882650136749
0.302990410115734
0.283758891333993
0.385144240670897
0.16992030401665
0.324200914482897
0.326508990163791
0.206254533846273
0.204464182647257
0.261233781068178
0.326875030211444
0.238878712611707
0.407648560269521
0.292407920479618
0.431792442593987
0.277409945951965
0.268501866556186
0.292814218814312
0.267557983789385
0.22237309002902
0.254922759529962
0.213172978907098
0.365123440445501
0.40512252493426
0.362626330846361
0.238844672589318
0.463764696389929
0.52727220756664
0.419078447987788
0.357346275005797
0.373093161523145
0.0816976321461328
0.340135001233955
0.391776392018225
0.17863943419069
0.432603073069901
0.31280746137655
0.341608788333574
0.365026308181552
0.306188121658884
0.400875195852199
0.27909916051016
0.359490469332313
0.284644325666512
0.307272357465241
0.392217281026539
0.319210249148205
0.378948102374083
0.357190744220355
0.245906316031178
0.427830749797375
0.3369648131986
0.279231634126751
0.328092937112155
0.346958940815493
0.391179498188383
0.478706432154046
0.328737146351105
0.376938225493372
0.362484698495779
0.495238037974524
0.438108243311649
0.383519419620694
0.370578355821681
0.423885573015982
0.368378837782237
0.383290710944497
0.474017484077828
0.282700355514794
0.472735192663157
0.405173363716803
0.38679016975685
0.35813857507276
0.36882961041636
0.461631725605152
0.428424394628883
0.503680173892535
0.323846477475292
0.280513113518695
0.372913213874417
0.607188356556776
0.379304766319472
0.592681453165292
0.340712471440268
0.3082286255236
0.330475561737617
0.45316039981173
0.40834036099398
0.393111831512519
0.359237596891548
0.458730914354527
0.442939242775326
0.667773681432275
0.475782119323938
0.480177022231087
0.477377071628097
0.38902057515014
0.514207997810419
0.422120630091871
0.36561672920899
0.559885033778774
0.634346877744202
0.260068521810827
0.518673274940442
0.464589846546383
0.609207935237429
0.325459475955859
0.402210449788971
0.526038217260268
0.440396606969893
0.509338264256967
0.521977569540604
0.370116952796648
0.559131472379125
0.535404823919875
0.536666688824
0.266335185239382
0.446412861668959
0.405706236337505
0.339692370855681
0.576404061756291
0.435091697873641
0.469440025291236
0.543977643943824
0.435759056178063
0.346978902083409
0.587134599007994
0.442856076541682
0.399371548854788
0.54955270239818
0.465534989269726
0.491470844190272
0.347544739643078
0.473365855314221
0.558541942708218
0.489048535708412
0.564440952970495
0.529554043864171
0.450822111712042
0.466261857963182
0.590867455594572
0.428429996175411
0.533860527600389
0.547581491602277
0.563687546733428
0.488661092723624
0.499978833365296
0.47307250174276
0.414910327023027
0.541281087297171
0.548934578131699
0.652783102930362
0.637010716190872
0.591522198465603
0.374174027208926
0.571573212395519
0.498824576439315
0.596563694453104
0.486378893549428
0.468969159863159
0.601804336027794
0.564836890135384
0.439558386710757
0.583151174151728
0.50652611182409
0.621418026390126
0.559020788778517
0.466455070628673
0.726150598397431
0.614703780571199
0.6171550857009
0.573656891143986
0.627475059339894
0.526882935836275
0.595427043518259
0.431733226270367
0.646620154839447
0.552126575802593
0.560777247193188
0.629731008824635
0.779579597972105
0.622499497319309
0.692143277554942
0.572826603377981
0.570685270256889
0.657206263473044
0.647149699759842
0.752924409468173
0.725776571040717
0.584025774081706
0.6434283025361
0.701634983793076
0.523313261047245
0.645147305827327
0.535232815493888
0.597692456506794
0.528108691864029
0.542964700638797
0.627313551071436
0.52119398809862
0.639807410812329
0.799662158937565
0.587535026154976
0.734079777669281
0.75797310188177
0.675026883238186
0.661647813146453
0.637984424017185
0.605117727615934
0.665066201412457
0.804416222475554
0.670525566426624
0.545769622782794
0.707576845008778
0.593896698573597
0.507686262985851
0.623037334322102
0.626609433065301
0.765489411497885
0.690298372127831
0.619310404123156
0.557043415459045
0.603699807034954
0.724297027280934
0.6852996151857
0.733749517953163
0.684301440061984
0.737615861417987
0.85822793825201
0.844585038490998
0.558224552340501
0.774875839267207
0.727443018924671
0.796549662520523
0.656732146027128
0.734062429870487
0.768219385693869
0.730227743181816
0.758809739130275
0.724473007961025
0.685499849926388
0.713422427401395
0.788660708455036
0.702120207868424
0.685771606742497
0.732514148028879
0.648961540533171
0.738043631782604
0.731346299865309
0.667964179374646
0.694744422957763
0.650084880792648
0.845275045530363
0.685695942755918
0.665444258410576
0.720345065117243
0.609557033819231
0.681764700603765
0.757820242387933
0.738826627172784
0.759550708723056
0.637177408580754
0.657216993589783
0.636066960168544
0.776295860632229
0.71191967985465
0.887129604284512
0.781092038903812
0.744081366173535
0.887471568040355
0.671159830967097
0.749740327697345
0.776257703103096
0.784541897777763
0.787578441573819
0.882280034823922
0.777550769042135
0.823375517378101
0.7506044363194
0.811263830351671
0.996642631489096
0.92325588447219
0.834185692696332
0.831166918485713
0.922409166041759
0.767664113632064
0.804099815101846
0.809877912462738
0.819983563054259
0.932472785005164
0.780715790430145
0.793975548065921
0.814227711609787
1.01053012372879
0.631844663964452
0.830356090634341
0.789166166957146
0.862446321087639
0.824136856959219
0.849359370230969
0.791118050451289
0.923378983322411
0.634369215751798
0.924358543227491
0.871864319217923
0.674520151284815
0.926284877894146
0.909249542043756
0.947614412351437
0.861653841128273
0.953766142689344
0.782939466727247
0.806039306105421
0.885332583122539
0.974263908684426
0.907318097541116
0.859133820048054
0.991709041263878
0.830317136822326
0.761659149164954
0.975180186228664
0.941772973132979
0.828601749338429
0.837902928946972
0.89456995565725
0.972269277835216
0.927383287896683
0.998178615363218
1.01165912598454
1.01169594059526
0.933228250177343
0.83621611252606
0.901604886120224
0.97467484746326
1.03369220467122
0.932448070775669
0.930103092116961
0.975321738693046
0.945426423323753
1.00668099965548
1.0701765849541
0.90153383357583
0.903632884082377
0.825525231563077
1.01769927637623
0.959573041205325
0.939662919956725
0.89231291901698
1.06020993291728
0.9662183181184
0.95887771898314
0.942277013436703
0.925463824762884
0.857355351465945
0.934605771009131
1.03373154166373
1.05453528178387
0.819025890973845
1.05706879162658
0.980731627173642
0.820797490594028
0.922212243590067
0.920884773273956
1.10997413542523
0.964518551544567
1.08568268666595
1.03326029069859
0.885643115370334
0.80148356971986
0.992375841434111
1.11805515320901
1.13985684654856
1.08894703205911
0.938359599286938
1.05915420372884
1.04093056358822
1.01422617413506
