"x"
-0.951054883299991
-0.836074061450188
-1.08894266517964
-0.861215737880772
-0.897022997454869
-1.05913123892507
-1.11617842948806
-0.951309706836631
-0.958559705812214
-0.908599718619794
-0.981678485650184
-0.981958975386356
-0.964723794000621
-1.19617355728102
-1.02073753110524
-1.01125930018899
-0.999213317653197
-0.989449939659666
-1.05955445808296
-1.02037275852174
-0.958113877314515
-0.871616367151485
-0.999627147795823
-0.863455020724854
-1.01090983723395
-0.939321926543985
-1.06731455495598
-1.01182716452478
-0.97488302332394
-0.897241970949091
-0.958912164547476
-0.824628064780603
-0.860529556944917
-0.885818871818794
-0.805598337149373
-0.876220089690278
-0.733509235459926
-0.984653165816069
-0.875731658372739
-0.900043416050505
-0.887431919336695
-0.876950808257821
-0.877646007226556
-0.868911300618375
-0.840910495318519
-0.822312730666523
-0.914637747651897
-0.930061626395539
-1.00362836515372
-0.792524738540587
-0.873990765897511
-0.879432552350002
-0.711335921234857
-0.872628988529077
-0.838640808928184
-0.991182568018953
-0.864154930180284
-0.991785766046638
-0.855640640118398
-0.924797395324331
-0.791096020617941
-0.916287719745124
-0.835336329513155
-0.936371639856694
-0.962828106649682
-0.902675431879588
-0.84001948650491
-0.920399959730272
-0.893676655597891
-0.902098396535579
-0.770805072237136
-0.815971112048782
-0.948641940460238
-0.799392910084451
-0.717673782512372
-0.849374658933429
-0.803310062100809
-0.770974739552114
-0.695509388966291
-0.866554676616895
-0.823456781057651
-0.688785758716388
-0.917492317024351
-0.777371921720801
-0.823430383308757
-0.875238440330402
-0.858586328740548
-0.850106969265767
-0.815433573424602
-0.841785072706017
-0.718464864765746
-0.881606700256752
-0.884696335090327
-0.74773251233416
-0.872474225947763
-0.759024025454105
-0.75970391350988
-0.655460713650564
-0.737305918379063
-0.874378980263734
-0.835471477101792
-1.04693490430465
-0.730649010756573
-0.802392025504182
-0.538059336042505
-0.751400395039604
-0.827295450980831
-0.840551896945005
-0.728060182013414
-0.807669991105052
-0.742743318637725
-0.78201852208029
-0.785504517656143
-0.683829186144465
-0.806134145307174
-0.820116345243559
-0.746067118328945
-0.763608068924399
-0.66939086996609
-0.846283075856961
-0.62559170207004
-0.851961034655161
-0.868012865525962
-0.674779605380398
-0.870066118506214
-0.759345851838892
-0.801425655811314
-0.608969037456223
-0.851511032974995
-0.659502715994972
-0.704601403120062
-0.685290680157884
-0.688333587222883
-0.693290511920935
-0.689286669104045
-0.691549396905061
-0.726387114315615
-0.799972414427787
-0.680229519002603
-0.86532730990257
-0.777890492982507
-0.759459228464524
-0.705062825059506
-0.811800598871048
-0.703320760142178
-0.441945185338527
-0.685313517234793
-0.75471058005153
-0.772762277181155
-0.683617622874093
-0.748722904493957
-0.626796939671273
-0.761951168830733
-0.68786104424101
-0.743747629570484
-0.666307851089368
-0.731307423838228
-0.68404210898949
-0.780988324977826
-0.742579910582495
-0.754347143277286
-0.730810180610787
-0.584937476503381
-0.646719621918173
-0.547280517468044
-0.764484215697725
-0.601591496610139
-0.661619240684286
-0.653812981600727
-0.64800541902395
-0.644887676533586
-0.683063760952948
-0.681337922577032
-0.736795634207879
-0.715638978593896
-0.636254181255412
-0.671134642267946
-0.598163986910924
-0.739029725257082
-0.676579685249587
-0.776631861491145
-0.645823166793197
-0.697977294652525
-0.563800647997392
-0.69953272629121
-0.665433073212455
-0.605811065815452
-0.521004127316478
-0.650375414031058
-0.585498932483292
-0.582205338186817
-0.484320345727156
-0.60592855632953
-0.476391246628763
-0.704614143603555
-0.563618616723379
-0.6207238372758
-0.714695286795108
-0.512683952954823
-0.55332233697022
-0.56639424906434
-0.566801604008222
-0.679876997337371
-0.619921458339544
-0.621768770810655
-0.660751635112801
-0.524707419810848
-0.698531698828032
-0.677574121204603
-0.553680414061588
-0.563273908079791
-0.574016471865298
-0.438004187107516
-0.51458333154786
-0.568786811605284
-0.442425531687569
-0.611723830968037
-0.522928590602113
-0.593681363816076
-0.483836453432474
-0.673685432595142
-0.565514694750573
-0.672764644874513
-0.469399353969847
-0.518206532466188
-0.605434386930998
-0.597059889571487
-0.487536090822397
-0.584109498108844
-0.559320227489065
-0.558146041338431
-0.495161688274047
-0.390328350000219
-0.527433231490508
-0.525578154189236
-0.517797669742803
-0.419113220902691
-0.510660082290427
-0.506235920448973
-0.454107027180358
-0.497810317273072
-0.556147512746843
-0.511806133642437
-0.626099554048659
-0.54363874594302
-0.479298437280022
-0.593612518363209
-0.494131701113916
-0.544394509324657
-0.436825943732201
-0.543243625791747
-0.434041542217521
-0.418323468488722
-0.348644855978061
-0.575048446057871
-0.40589398616251
-0.515465238800024
-0.557687010113213
-0.471034643992809
-0.427796544443038
-0.516989857083641
-0.499694840649169
-0.329833145388103
-0.6568331717844
-0.564275650387521
-0.485323015449465
-0.540194554777876
-0.395924309682117
-0.501987010668337
-0.371534121009936
-0.378923889180069
-0.54264118653834
-0.55613078261439
-0.354387048567638
-0.395353639689791
-0.510147802361076
-0.46218394783742
-0.404694224750716
-0.329691434191067
-0.489202641565598
-0.423494783867169
-0.283407725649666
-0.422797093473501
-0.400283840907413
-0.442890954187133
-0.429935698770695
-0.489596600029468
-0.490804543602559
-0.500603898952607
-0.393003285963453
-0.534291400797999
-0.414478200023633
-0.276305827093692
-0.528977523215809
-0.432322743747623
-0.424227297102476
-0.506757767699175
-0.294091135637876
-0.477835647116478
-0.405132942501701
-0.420842231790496
-0.47256916248872
-0.499022846769633
-0.339811987370747
-0.45107337427839
-0.39796510399132
-0.477788302078704
-0.431654558302334
-0.414387216995651
-0.512867123490111
-0.434794323065106
-0.374390779115877
-0.465925564611893
-0.401727569311013
-0.605022698672389
-0.344076814315467
-0.277205814105474
-0.3080261827082
-0.343918202066573
-0.467270659920072
-0.332634727823801
-0.336905088574008
-0.441607098367484
-0.259091075443021
-0.431980292684359
-0.371325644695743
-0.435840159398316
-0.357475761637365
-0.202827558939
-0.277655320760454
-0.328819314460866
-0.360251401895586
-0.350437325247294
-0.418754114802955
-0.27768244228971
-0.370350295759972
-0.32271866538606
-0.275086433977679
-0.353491873160274
-0.342295249522576
-0.284271309258793
-0.363757007199851
-0.265781344288296
-0.195578973325617
-0.263952386086314
-0.358708299993546
-0.173002989532946
-0.254040247400299
-0.411230832821786
-0.345008414511762
-0.268437515201297
-0.342546633023319
-0.357253399526785
-0.353703232232387
-0.171383335008507
-0.215594512926091
-0.167301173872735
-0.146500010923601
-0.216359601183928
-0.466369517344265
-0.343649862659893
-0.195553386542083
-0.295604771507331
-0.307268645964621
-0.320670736601526
-0.276618127783468
-0.295350039332233
-0.11088171838487
-0.179760153230339
-0.233571898383967
-0.416758734761319
-0.275913263972537
-0.132508208939066
-0.244203739238775
-0.382289278762562
-0.238498951607027
-0.418908849458809
-0.179123983620224
-0.282754447100126
-0.0857134771772378
-0.127028037803721
-0.168144839101611
-0.233432358371945
-0.221880178273221
-0.227312700812196
-0.330790267247634
-0.211188693892119
-0.131669365142373
-0.123957707420254
-0.275836720442305
-0.165196846777756
-0.206801292192586
0.000511342281379402
-0.331249078484504
-0.135354893820955
-0.240416005294923
-0.0838090469373698
-0.108537396398297
-0.198293361901397
-0.0509283263832554
-0.224608352867764
-0.314547945428796
-0.264629338593867
-0.0970658672418135
-0.151790138689351
-0.126184213930552
-0.108285741458825
-0.111961149798831
-0.331416946403187
-0.241779733707761
-0.242029861335458
-0.227323163176564
-0.0534514471915004
-0.111640909168448
-0.233428135649605
-0.0686136155631143
-0.130228800644685
-0.0980321364107425
-0.187764953252076
-0.162610215487355
-0.204816267966007
-0.310745698830463
-0.240860280052916
-0.176846863716362
-0.29090981572244
-0.105077913953581
-0.0917871940207137
-0.123486010224771
-0.045778046866336
-0.121089916862509
-0.182857075445542
-0.0910803046538595
-0.161400637029623
-0.0729656913103292
-0.187631555989676
-0.107513195563743
-0.0516876185698414
-0.20640077602229
-0.142078961546856
-0.0671432414936972
-0.125171245398761
-0.118490429473111
-0.115395799585739
-0.026292373104177
-0.049781751394973
-0.0807367615744693
-0.222946742492192
-0.0308965433194101
-0.0568505662783768
0.00366600978124152
-0.122842831861033
-0.0376086711155329
-0.0541759080161129
-0.0752547969003034
-0.134628100024133
-0.129957827780779
-0.190517254495086
0.0784512977060902
-0.0249430480838311
-0.0117366806146193
-0.140442412697481
0.00743366282530007
0.077388225267855
-0.0122310566948131
-0.0686677486199364
0.00913533340724383
0.0594127260788664
-0.114815195783099
-0.175955634167241
-0.0548628887315152
-0.199401317864692
-0.0266961305082039
-0.100657072209035
-0.0190322760144961
-0.0239532931645059
-0.0321345307865667
-0.0207368501887425
0.122243256112784
0.0515444474007234
-0.0805107575492423
-0.0428786305622457
-0.0191964152638843
-0.116334695621296
0.0134079586951321
-0.0871182217117406
-0.085154548051003
-0.0184655683091852
-0.131198289184602
-0.087706427430989
-0.195532182464131
0.0249625064291546
-0.0781262503983427
-0.0332030826162885
0.00140053738945709
0.100667294449673
-0.0530470173587635
-0.0135829635684845
0.0167036409381163
-0.0448772658215411
0.0438239227098472
-0.0979179635647143
-0.0657394388757201
0.017002214873539
-0.0262192774622371
0.00480291703128478
0.0285216542242371
-0.0416996939909409
0.0297966173101936
0.236046669580058
0.0427073812288977
0.0149150105038601
0.0635814958167767
0.0441295649154781
0.0494147677822159
-0.0742308329310665
0.098255936660857
-0.0560792726837665
0.0696290558538865
-0.0554038480897378
-0.0709757882391295
-0.0193979014587358
0.10605424431443
0.26980371688108
0.0186502295779428
0.115814304838066
0.0381496468060342
0.0372295465262431
0.149485312219805
0.112530472808344
0.0563319626284162
-0.003571877973107
0.158997906668732
0.00446695475986072
0.206320213211467
0.0834779289034539
0.208570015728344
0.220180103168775
0.0623048194670592
0.0634641460405063
0.0817564628812652
0.0825363436402534
0.0236230446774234
0.136569370732399
0.161172771882985
0.154071958596484
0.0557365397638595
0.106060878400102
0.0241951197783783
-0.0550533456209947
0.0862836028470771
0.145771461870552
0.0734488815414764
0.116632890919595
0.224578565419515
0.12953118680365
0.0936430138089288
0.0990947670336622
0.0919535842227552
-0.020829135460564
0.168693549463596
0.131621262576169
0.173445310204586
0.0115839781270083
0.149014461987161
0.323504461013394
0.0673258049818221
0.123253553890532
0.00177237835639572
0.0936548893858619
0.139381605679567
0.150738454867073
0.13838675896561
0.288318737520275
0.0928152674018683
0.163365308216722
0.187332413185424
0.218934427537375
0.151786654169727
0.0919365832785249
0.287249363660361
0.0385031270107464
0.220698893862678
0.20822748688019
0.11638482239868
0.165804596604607
0.299055089780017
0.243500829102701
0.216965516022081
0.135854178939064
0.157287009053993
0.0673540740222002
0.137893789297991
0.105749395060945
0.208353715749699
0.245299443570758
0.221696199574609
0.154430265703385
0.253894707781191
0.233615082424211
0.230048322582424
0.246541073709434
0.201043270036839
0.172258868763057
0.145064466702517
0.215549990877729
0.209643876875995
0.24579206612993
0.300725623762333
0.185907793531558
0.120858416069647
0.222510590928338
0.174668368073042
0.200065665354701
0.208832533406404
0.272247272154468
0.16963469054076
0.196912043143391
0.131867721826756
0.165875551180036
0.260822848377711
0.188909280568324
0.236272114820899
0.267314912794083
0.385742196533985
0.471480659213475
0.251856545591341
0.224844052652867
0.19885716834349
0.213641382534931
0.219854470526303
0.206372202031504
0.162181490203825
0.311810901486258
0.138494536948179
0.362859312261844
0.407335898623343
0.199073977526214
0.264724879859216
0.170115922846973
0.399872817124221
0.247994328288238
0.186611953393048
0.311476500281102
0.286752955104481
0.139436920716155
0.290136622242346
0.352154931811016
0.394981110111496
0.169364995099255
0.326732207063315
0.427999203171942
0.273653899948223
0.237409776635127
0.37543489223811
0.151912115336575
0.418575593809204
0.370192722830836
0.337748917406878
0.493538525089953
0.415768210250414
0.280885668437543
0.304930092197768
0.354863749557211
0.206383825538251
0.381294998087546
0.215486939025769
0.26732235994777
0.372218346545125
0.304243613416486
0.269986351834148
0.403930638340089
0.54615384397091
0.478378955883521
0.28762050183552
0.241396312839113
0.445318537888978
0.391486485658255
0.350428090832032
0.325935821645998
0.392573279990482
0.413128542969871
0.416907722183261
0.338951454632847
0.255335935852323
0.381366829832066
0.380519730385884
0.349150088057254
0.302922973693981
0.438721740839434
0.372354943077826
0.413229068671538
0.338264655487959
0.474748940968309
0.285854874391115
0.365791632023828
0.25948711901209
0.214460456717868
0.452951965670292
0.425525739122678
0.418079200492746
0.342720462733013
0.408216670545308
0.451977277693233
0.514874760089093
0.429778764314718
0.349294970031567
0.43038051815796
0.407351268197897
0.467895342484314
0.440428843437774
0.350157114729876
0.602412315007177
0.430354087091171
0.576364307273623
0.524776452122957
0.510180057187674
0.496632873483762
0.445865921415988
0.460588041394928
0.535439665780235
0.514876144599897
0.414110369442621
0.507121160250055
0.454118493979206
0.483102314782768
0.439295614389765
0.399349936321454
0.320247014571981
0.307276961188075
0.415812172855516
0.413483173145064
0.429914573129665
0.42704254780937
0.505963527906848
0.436174777018442
0.477977465434522
0.46248738056462
0.484539853296874
0.510059732605543
0.506238094120112
0.365039017987524
0.563134837731177
0.53082580463919
0.38979631371789
0.406152410802645
0.38441932993043
0.519192387087914
0.334132186204493
0.585670474581118
0.54852714453293
0.433685233221533
0.499530043782774
0.607062488865678
0.541064130174393
0.541236245598832
0.575546141643283
0.427708177107438
0.415941141819465
0.547202356954884
0.573561183286618
0.417900205534254
0.357260405764466
0.627515321849552
0.550478524946434
0.535395086211512
0.576860893442651
0.562554354673808
0.546746290385306
0.510527500386513
0.595093787526848
0.460042659092981
0.583046681273628
0.552946834208462
0.453684300212123
0.652286994235503
0.568569671242948
0.6454443865587
0.481808900355082
0.493089821979782
0.466538255452535
0.659368125252736
0.513286044042904
0.605831369847388
0.617663448994421
0.514496295772921
0.628829810206801
0.632325269778354
0.60776273397636
0.704703203123928
0.629906513079083
0.717291648771771
0.51391500603071
0.587873560286503
0.347764010526804
0.53784515974887
0.522409964201665
0.522216821238194
0.646486878159201
0.583122295589422
0.679036758150083
0.518005713659703
0.493385524274181
0.6211583447278
0.759909664640643
0.687776745248195
0.629252582796885
0.470812955163318
0.594778842559148
0.629104063306539
0.592289713619903
0.700839670753991
0.633059004922257
0.479320454307984
0.621446490517629
0.668114250731622
0.571761035803641
0.699476452488254
0.780709049933989
0.453876070206463
0.744365570666799
0.558268672551223
0.734611389436751
0.450974098486465
0.583655715741428
0.683638049395448
0.62724228842332
0.509119022995374
0.661163766054323
0.573353671038563
0.723050750358259
0.703744194289231
0.675122322849073
0.564273874890747
0.790232464807802
0.750653994662969
0.500257132903911
0.653220809077565
0.808152088059256
0.770808493229906
0.617218893968457
0.828545707993051
0.56014136526355
0.65614204503461
0.732869295629139
0.614261143962653
0.666958239057575
0.752932634352439
0.698726336567105
0.739355534560905
0.657309033502892
0.659097111265467
0.724762349986806
0.593865282927899
0.734212032974471
0.622505537235548
0.789917713905535
0.674344851208903
0.758391295207844
0.545739609922442
0.83999407551427
0.721902440739049
0.746185775050044
0.707348078693949
0.751656637172272
0.646912834843843
0.692744198995665
0.801147035774816
0.79607986401788
0.754407887002114
0.655846837342054
0.56562160507189
0.593206666543331
0.827599207617874
0.77883772870211
0.676103219529502
0.778359232279066
0.721179703794529
0.67319973572908
0.843435483052336
0.877589832086655
0.69940655783443
0.773644576131901
0.778792832696838
0.686139718313878
0.79702718142004
0.807200481899826
0.840252114928011
0.855660953751754
0.807027526199437
0.758331786516455
0.619674547652708
0.823591535147296
0.534457332393544
0.87776035917725
0.821920738313876
0.853492210757177
0.798108890334981
0.682627410185937
0.770068511021375
0.762883457204683
0.729880633760178
0.790995549796667
0.839780383217538
0.780817194915166
0.753008091358055
0.657575943811318
0.987348081879946
0.721320920880431
0.819879263646769
0.728393711700917
0.791909754623943
0.846749699112935
0.946323705347652
0.873210750248906
0.756727730514683
0.890830669778375
0.732253428389784
0.735304566669956
0.829808782358889
0.827115666423896
0.770058337862112
0.893288574396123
0.798746784293375
0.927634742215665
0.779890481714323
0.945117798476161
0.915755972753908
0.713914247105925
1.00707793714246
0.809508277964198
0.883030940898358
0.791426789367261
0.829782184583249
0.937002225053209
0.824724158057114
0.831597909030268
0.896398990043145
0.839082681495243
0.904231765627281
0.924504973887214
0.906851955510001
0.933243521177336
0.840220728323821
0.872450886777369
0.846404069825133
0.912462222307882
0.811254453943977
0.724085435631354
0.908966021923248
0.917617905041763
0.970143311070279
0.734301998670076
0.872987590721426
0.929453807372065
0.816865656034579
0.75442103283626
0.776764690907372
0.805794118750144
0.850623658270898
0.818194096136703
0.886457576746492
0.913078346248084
0.977130459858095
0.99082884385425
0.972947301160927
0.785312200631024
1.03076830626702
1.02731571093685
0.950355333666406
0.936528971477653
1.05835021228295
0.949138598339916
0.873875663427623
0.980549390310657
0.926023337257527
1.11064465862948
1.03029737081606
1.01951348428474
0.804145621316964
0.927957097015275
0.983282567266468
1.07634132965488
0.980560589532147
0.973793065160569
0.919487554582795
0.935574185776853
1.07641777748517
1.06938748040284
0.986867763993333
1.01346920452704
1.03356624946778
1.1195270412472
1.06847026982635
1.05006040394378
0.951759106052115
1.02453748453638
1.04437727284963
1.00406884151498
0.896510346323565
1.02575400256027
