"x"
-0.928653280920643
-0.8314161416716
-1.06829136634977
-0.847849607807333
-0.89027168977775
-1.03783144576141
-1.10755118791425
-0.956492898399488
-0.948340878198663
-0.912388030153014
-0.98740771694261
-0.998410402420214
-0.940773055476474
-1.16092800756215
-1.00927459524705
-1.00980007372689
-1.00154689315307
-1.01463009648857
-1.050214733237
-1.03525704417956
-0.952653034732708
-0.843151484970143
-0.977827090235828
-0.869562123190541
-1.00372771178887
-0.939255985399391
-1.08103144825565
-1.00322315197392
-0.972739903004092
-0.905492822251493
-0.964475663509822
-0.8245914741009
-0.845341095101062
-0.905959036704772
-0.79483065996804
-0.858350536219137
-0.721562017288999
-0.999083417045441
-0.882667704221636
-0.881925856999944
-0.901516387969451
-0.873339202302406
-0.901043651960405
-0.891560886500635
-0.852667358784526
-0.821509862271737
-0.926238347946057
-0.921960422400435
-0.992533646588352
-0.800625751410112
-0.870949780944468
-0.87396092205577
-0.729921941725047
-0.859826567521119
-0.851881442171564
-1.00488850360999
-0.883649153691347
-0.983173942468639
-0.842548781159453
-0.887615937762801
-0.794392209604737
-0.927632737217944
-0.82142550073235
-0.950169183432783
-0.94328132860991
-0.910078536928892
-0.835740142541881
-0.890062426532946
-0.890270401730635
-0.894015188726956
-0.791321363359698
-0.83181804433204
-0.982349626154106
-0.822681735694689
-0.748919650798715
-0.845569193917371
-0.814822142683178
-0.758250270970996
-0.716921836110315
-0.872489546314163
-0.832090677624314
-0.702049570045035
-0.910276357257673
-0.772073215230044
-0.82968904201472
-0.868370580216694
-0.87063677398386
-0.840314069666935
-0.822488415960057
-0.859845726952072
-0.727418975056124
-0.893931740312173
-0.894851568022415
-0.711816211736277
-0.880858820399884
-0.760592202879898
-0.729305566763375
-0.666372727485285
-0.726325745529193
-0.885587869000345
-0.831848469598452
-1.06036814306016
-0.73286775518293
-0.793961421812711
-0.543294517026569
-0.768415932647666
-0.863674163145037
-0.821556640798027
-0.752502197810667
-0.801753900236678
-0.738191418839881
-0.78041239203762
-0.783965772396055
-0.687507829709298
-0.80628528702272
-0.821678724179536
-0.746147655859142
-0.767470000751124
-0.634023233687777
-0.845498837349682
-0.640963219191991
-0.854974946505583
-0.875038580547117
-0.66971390294384
-0.860613049848979
-0.755176666396782
-0.801193558189252
-0.600353080107716
-0.878021160168038
-0.633739945605863
-0.709803189326758
-0.698691256806927
-0.697148661429749
-0.701153389738711
-0.696520253747215
-0.672057031114863
-0.710397091355101
-0.795027726250248
-0.685573573642633
-0.859887381873423
-0.784060917231241
-0.758686008401034
-0.708068120941294
-0.810886132369162
-0.683288223768633
-0.428194966082308
-0.649164729740246
-0.735119801762923
-0.785204410545403
-0.679305946377795
-0.752070532907765
-0.615404696214649
-0.771795300433026
-0.678384841764943
-0.748550505032755
-0.670802266281009
-0.736806850004788
-0.691911427024161
-0.794733560682419
-0.754659316598994
-0.777349285848357
-0.732774702589945
-0.6065889997246
-0.641246024387534
-0.553069655733935
-0.763635024395389
-0.600104945618348
-0.68427499076
-0.629061386697131
-0.64853076237262
-0.665754173602167
-0.708252944877001
-0.67491240066871
-0.73154148185676
-0.733175327678709
-0.629564606230004
-0.682827521977126
-0.578519229778869
-0.719764603780297
-0.659986912484252
-0.786889448650632
-0.651772176557009
-0.698419761827035
-0.549858787178951
-0.694728235322409
-0.658863163426722
-0.610291755363594
-0.525330958588953
-0.651847943132303
-0.567212037626195
-0.567795254851319
-0.512783191950364
-0.621049515326068
-0.454116994654571
-0.70423791658515
-0.543347248367887
-0.612011522286528
-0.72244290181395
-0.50955633723614
-0.544488324631468
-0.569584922446115
-0.545282354857498
-0.678932200204348
-0.61438619290057
-0.60212544332343
-0.680982666304837
-0.522657189904625
-0.694915724771786
-0.699778018616585
-0.546639490161298
-0.57349375380768
-0.549620773391161
-0.440127967959981
-0.527572501805189
-0.570442940908593
-0.437540556011093
-0.611348681907321
-0.5210375952747
-0.590482968147827
-0.478939272737793
-0.690680658995587
-0.569403195766622
-0.653911226661481
-0.478613851362661
-0.522335162198007
-0.591407478015782
-0.595188829498782
-0.485352626146036
-0.604303495735696
-0.560793173368382
-0.582273860552266
-0.489119979095787
-0.384711070356748
-0.539632612216381
-0.534688373698994
-0.508305261609131
-0.447054534112302
-0.485853437563442
-0.502107451562628
-0.459235037876649
-0.497331194269767
-0.564234143247003
-0.511333972624583
-0.639677941142562
-0.557594461591697
-0.472046938020418
-0.567366715792604
-0.500516069490577
-0.552708457551963
-0.429188351164505
-0.550191650574634
-0.453223606625422
-0.416289876576154
-0.353345569209267
-0.575089237379224
-0.380944051799148
-0.507106991055279
-0.546927006681425
-0.45911494007966
-0.41446295098911
-0.504373183495162
-0.494201896537907
-0.325962171035844
-0.648932552274266
-0.543424163698182
-0.491821065657947
-0.54425367794667
-0.415786274243462
-0.511001818988667
-0.383050289262467
-0.388115614689598
-0.53117654191631
-0.546738014085924
-0.358696944952084
-0.402879224672222
-0.533642378284095
-0.472697116911876
-0.397302501303583
-0.345146297878488
-0.497304974619649
-0.400854373133333
-0.294426278721524
-0.425610821650444
-0.398543603893773
-0.437486054644461
-0.417079001760196
-0.481442668867496
-0.496671337373365
-0.515469968886368
-0.393090498360995
-0.536130949841363
-0.418964837854082
-0.271219763871132
-0.525336589260295
-0.454539050898991
-0.425937428850403
-0.51546134823623
-0.300659687820467
-0.505376705932909
-0.398360380272316
-0.414848471114654
-0.445729327250595
-0.486656099387838
-0.343280129387875
-0.440579174274012
-0.413046710017843
-0.494013524533701
-0.437157149218081
-0.395059321039774
-0.514654767960371
-0.423524785447021
-0.381925233977477
-0.46087009071332
-0.395854629698433
-0.588115384775457
-0.325336326811346
-0.255420667219027
-0.313506978624749
-0.357300697150642
-0.480059379669918
-0.336723457777648
-0.328542201367443
-0.440619476502803
-0.268914215817017
-0.419579247984143
-0.364233476791509
-0.439552905385594
-0.346752677590869
-0.208467069221068
-0.259048645965139
-0.343756925423942
-0.344818323531758
-0.338475688752342
-0.413490222932803
-0.249458726320716
-0.373003835151265
-0.303577180873627
-0.280928578640727
-0.368745376532544
-0.313814950858938
-0.295881603707172
-0.362770238425395
-0.249058906689194
-0.187809752891932
-0.269743438251602
-0.389653965374144
-0.160524734114795
-0.251586077527838
-0.425322908528947
-0.332100960179742
-0.262345925826188
-0.330005605385207
-0.369717168182065
-0.33729058819308
-0.148088980564986
-0.1959067985116
-0.159786627464906
-0.170585778542155
-0.204807687978638
-0.475657314594011
-0.347380126108242
-0.175374133428949
-0.270285399452306
-0.298468723870338
-0.314967840134605
-0.268223401097484
-0.284594876132151
-0.0982204443114033
-0.183117168521626
-0.229265179010084
-0.399166471678883
-0.262890388999686
-0.126793715358979
-0.249363740398298
-0.378629893931407
-0.253095725429254
-0.431286193300916
-0.177033864197755
-0.255029465797096
-0.0786503244189319
-0.115429012347848
-0.177905799874912
-0.216615729378511
-0.218687287379064
-0.254610826721138
-0.324840666875462
-0.214429752170202
-0.141362129237141
-0.0952201733489888
-0.267291017731083
-0.173117152311053
-0.206281739537872
0.00776529478558115
-0.30732454587007
-0.131424056897028
-0.26542395391724
-0.0725814817863667
-0.110013185655139
-0.19930831806739
-0.0722684940554842
-0.231295045934544
-0.304621982016363
-0.258405087609252
-0.118570135832602
-0.147727433778339
-0.119023475592556
-0.107607675095933
-0.117101754851059
-0.336444766376162
-0.21957395943481
-0.248472402223344
-0.234030776772039
-0.047630683428867
-0.0976263895967668
-0.240262594595442
-0.0742336894704104
-0.122882753095044
-0.0852263182919462
-0.213225624725002
-0.173848954391461
-0.189569247076372
-0.300194767476361
-0.243793048001642
-0.193998242656804
-0.294732670999456
-0.113252489789866
-0.0969703036683817
-0.124207090274906
-0.0615862669031001
-0.121167159608466
-0.17072391520185
-0.102809318279654
-0.150808609325028
-0.0803517422893455
-0.192787275986762
-0.109493793843256
-0.0396991886286908
-0.207902405977545
-0.140271049087151
-0.0778676818464624
-0.146153726800704
-0.126488706927323
-0.126859347081119
-0.0395753348148206
-0.0305260689371612
-0.10149784865479
-0.20982749719261
-0.0413699244999199
-0.0472257702956962
0.00282555894742262
-0.107788175758429
-0.0562221225504804
-0.0823955302529467
-0.0844922315424501
-0.105046485959242
-0.121971840902751
-0.190495963531821
0.0503084908747095
-0.0314872041684903
-0.0249853759388578
-0.115854311008048
0.00269459761387867
0.0833882841093801
-0.0106231669870857
-0.0689070230241581
0.0263156936222733
0.0494808807545178
-0.087600165319347
-0.154011209541979
-0.0469361502258348
-0.194481938037601
-0.0238352204920237
-0.122177613003203
-0.0281823381970339
-0.00305955838332802
-0.0444725133899758
-0.0203217993401245
0.107261943921115
0.0529039654407277
-0.0809997566993049
-0.0546757086703312
-0.0182009756766333
-0.121688014565567
0.00695606782349145
-0.0945310176030356
-0.095550863936549
-0.0216876774406684
-0.137109152394997
-0.0714732513564616
-0.182396401011841
0.0239503611449368
-0.0768174624588833
-0.0289345245932093
0.0107594456347234
0.0756981988123929
-0.0646822537239721
-0.00452550273150513
-0.00160043079085852
-0.030313456193242
0.0615423173190172
-0.103009106890436
-0.0722705089209847
0.0195826499313123
0.012908459023919
0.0223352800074891
0.0232094873197756
-0.0628484020680849
0.0169924715961032
0.221807955494942
0.0363746355954143
-0.00528391036947343
0.0501402524405751
0.0329215178857187
0.0536342906025171
-0.0793168658789229
0.107177714710093
-0.0203509186768844
0.0384003176084211
-0.0869725655732519
-0.0708796167307967
-0.0352693975630605
0.0956433770459015
0.273045729925765
0.011726246660469
0.0985722767840888
0.0436771008267471
0.0428126306889734
0.152715226044813
0.0782387638930092
0.0387524734157705
-0.0028806342612864
0.174066673691311
0.0107632514727677
0.185950440937951
0.067193052163095
0.219078600622527
0.211724424780284
0.0637510604157977
0.0466183929882192
0.101326002495596
0.0919381663571054
0.0286595865388617
0.144357556906934
0.163657458480371
0.167908928674416
0.05706025176433
0.096455507647
0.0245429628284363
-0.0634728535964371
0.0856085931245766
0.155865993395259
0.0888832719276427
0.0977243881628763
0.202536383534462
0.140146354533585
0.0752339135953839
0.10538740459325
0.0916763779880032
-0.0340360850939314
0.163855378540172
0.132963843895189
0.181261660920962
0.0164067261189122
0.168697259439382
0.316477059194248
0.0740850533245272
0.156470972750381
0.0068710497079318
0.122390916600278
0.163523256657084
0.145570175798837
0.14676436378176
0.290391531909898
0.0788172305603681
0.159174340118148
0.186795523910672
0.216527234892006
0.151508262189811
0.100852155014906
0.298790898819225
0.0473559318048621
0.235919463783534
0.218931313861044
0.112817387854888
0.170425885823153
0.32232495278449
0.219514562949796
0.223174958944222
0.12578660907281
0.143439691808585
0.0714440611478537
0.130879006385259
0.134464900803473
0.226697100294058
0.231913358297772
0.240594968085526
0.159663940824462
0.254531839562282
0.245242525532764
0.232853017770599
0.267747172900706
0.202310013614367
0.181945441301272
0.144195555735513
0.219771652160923
0.207951492075943
0.232053195045348
0.288577389926865
0.155014273788397
0.11996521625571
0.214426314030275
0.164364231366197
0.204196926888034
0.196332194844026
0.267251410910435
0.158200133210373
0.222530883553057
0.146985649029094
0.163430424005577
0.266552779309866
0.207718492880568
0.22995321476302
0.26674760305173
0.400078534301927
0.475536335250814
0.255778724025198
0.213860375303382
0.204283538829368
0.21964316121557
0.225338325957658
0.200345405658623
0.164263214712121
0.317151944653366
0.121827515809184
0.354984018762877
0.415535893002083
0.186657414508384
0.243562062950777
0.175021028090058
0.3870177697951
0.257650554821473
0.182003400151274
0.298238702736338
0.310517375202704
0.141039810391739
0.291657702770344
0.344772944035278
0.399040349872557
0.171189476933472
0.318910447125305
0.426366151061832
0.272642935320376
0.246685112543273
0.361874392525934
0.181841525757365
0.401032977329955
0.371112505381075
0.347763855005761
0.481026960552618
0.420831445942288
0.284252028345615
0.290172981162314
0.334447406547148
0.192261893003321
0.370648395016017
0.22596825935147
0.265653669352149
0.35921833576717
0.315324564529749
0.274099721017023
0.414041908042799
0.567172061144913
0.475620397935449
0.274853806147162
0.237975904877474
0.4516756626379
0.388383950786006
0.361989112226023
0.321810915424881
0.398619311859869
0.406482390855717
0.404543078955483
0.328531971489631
0.244211483083733
0.384828614103844
0.378860980605052
0.340960143221594
0.319578033065938
0.453008307444781
0.380790167883801
0.423794366270394
0.347564586887045
0.432686875616116
0.283479510716722
0.357724266648364
0.250726374845345
0.218008927623152
0.464116290983061
0.4272537117132
0.412020750951306
0.322548527081968
0.391434202529342
0.466777919651911
0.503128190435158
0.423351456306875
0.338866564836905
0.444030274404319
0.42499807020184
0.469651513535788
0.435095779046522
0.342836706221448
0.614058776305915
0.443821875239024
0.576473789001209
0.518851165992629
0.500520455227185
0.508932730044459
0.431667859858781
0.457162804192881
0.538359403394983
0.505465742733053
0.427856799648392
0.530878391281007
0.477539047220778
0.483590924181076
0.454320011722608
0.398999915787544
0.305838811017819
0.319604335895255
0.42144232498884
0.41587424768254
0.435567476925324
0.424316540120379
0.500128118032337
0.431687705299269
0.488591555733097
0.470424515570828
0.484812147620339
0.515538294361375
0.52201615913206
0.375517120901143
0.566835471350924
0.516485578939813
0.373527674033724
0.407750025738009
0.378501310904692
0.525736313272965
0.345921038546041
0.586527564627622
0.574118326613134
0.428919411883581
0.507223803266696
0.623687110939027
0.530333065480044
0.558272395577218
0.56525760560423
0.407904879323104
0.393108139849059
0.556946662572889
0.553684212712406
0.416262587748733
0.367118660224318
0.649529429925218
0.550460779360448
0.567178331693531
0.586881577404039
0.571002329894008
0.53754114965822
0.518142650568022
0.582321346904232
0.46550676104824
0.597497665495239
0.53562061596014
0.433570339252602
0.660732652758987
0.574515736323341
0.648270829266673
0.475079722969366
0.49412071311915
0.476204140692828
0.65515163381552
0.504085782720033
0.605407776759365
0.618707817210976
0.529962447256823
0.624065786759242
0.615702418042935
0.612457441291453
0.674128837431057
0.606546550628146
0.707905771728521
0.539442488024988
0.578509529697295
0.373778620106921
0.542028215664577
0.510296996963682
0.537079352223209
0.640794079616432
0.585632009713971
0.690899282061276
0.506245953649302
0.470450526503165
0.624156937109533
0.7502951113321
0.669083319621116
0.646743259693618
0.472760144407416
0.607683324294828
0.604342786797699
0.60095027953886
0.71125841078891
0.642936585492038
0.479678108828797
0.607998822981956
0.650377924186557
0.570555774928372
0.701723805091481
0.773343151920755
0.45641712700801
0.759141783352949
0.54179014275671
0.75105495485806
0.464859846581191
0.578439487802231
0.689173611501751
0.634956570104953
0.523910068017453
0.653940802683479
0.568398289127269
0.733159050854802
0.72487046105235
0.685658601388658
0.559645884625393
0.783096141129169
0.735323256313692
0.522849038609144
0.660326297553657
0.814843111804411
0.796402118487995
0.633260660411321
0.807723617839845
0.575014169991745
0.662085069460598
0.744750249792851
0.615379794574565
0.662981291808694
0.740221667613341
0.686453708832881
0.7630733812153
0.676651072268099
0.654702489212723
0.759734163518067
0.612417222066588
0.731424009392382
0.625774704825519
0.795619228324474
0.698486070867492
0.771249192425123
0.521615189448357
0.841592286875303
0.742512691333933
0.745271669450929
0.69900625494378
0.727373773349456
0.635061138834657
0.715710377254205
0.828947367360508
0.791625902037883
0.7537740986542
0.679041153665702
0.580018769889823
0.560754951333896
0.815306061315324
0.76836447957394
0.672193579547809
0.796376859275614
0.724364460069214
0.666645611023443
0.822307191275771
0.864529483670094
0.699984487627739
0.777626314654993
0.777220480532882
0.689218330029196
0.792388631082634
0.821239514224835
0.850803180501541
0.867351629494635
0.800625683126242
0.739915220969013
0.611528034044905
0.821649283019589
0.542669859281675
0.871113277619751
0.829546340851345
0.872892165305835
0.79325163337751
0.710050857066415
0.762660635082203
0.785891276831521
0.732190342803261
0.778903767541172
0.82610073052811
0.793580885057266
0.74005015230414
0.65244404332052
0.993027053268271
0.736861556502266
0.814686595422159
0.717735881898304
0.792787714793745
0.839578490063194
0.958970209038549
0.843873762503818
0.752651380206512
0.885022427438656
0.737277723902297
0.743114993195846
0.820955977531872
0.806832412599352
0.783943652785736
0.860986344711003
0.793062897878168
0.943141248848882
0.779362908963216
0.952778988023828
0.907387417769146
0.728011539557177
1.0167487764243
0.803419723593276
0.88191549799633
0.762760173562725
0.865063005250084
0.924337597878024
0.830556562062919
0.842039690193254
0.88565562983957
0.867720029912684
0.916706844797251
0.917471363063966
0.932261894654021
0.926938933156152
0.837377172154393
0.853753222417494
0.8331580439825
0.91076960418374
0.83361940255207
0.754215026334098
0.901233038397216
0.902911193001368
0.979365159389063
0.720654627946638
0.877994780384458
0.939750447382436
0.825577793068284
0.744653645844292
0.765468547873495
0.811399029610353
0.88087306272179
0.79943997861005
0.88939272259558
0.895281021290162
0.991856640890154
0.985703802591819
0.994038973679562
0.773069988937599
1.02453771228441
1.02066206753703
0.97655586071526
0.919508958260817
1.0687402029618
0.950624131225126
0.896899236771838
0.996639456351785
0.925617241232309
1.09955460144885
1.02166783620885
1.01836585027736
0.79911995838175
0.92402602099096
1.00380742218911
1.07665985018262
0.972694878923026
0.97363440328483
0.917554835103221
0.938962038538367
1.06961113949932
1.05771736999144
0.987429955899935
1.00511347629109
1.01839552811035
1.12160785364598
1.0559173239447
1.05906053775451
0.956537315212694
1.04728965115501
1.02944169034903
1.01232743223959
0.901195404274898
0.990745929669343
