"x"
-1.04850382827492
-1.13586476361125
-1.03553052250152
-0.935707250861925
-1.04899101147927
-0.978797566872185
-1.09541515528565
-0.97961189040677
-1.14489865794635
-1.03387251764877
-0.982927962331489
-0.999515110591312
-1.00219693261803
-1.14155959832773
-1.12156230222306
-0.994849949529949
-1.04877296281799
-1.0931487164481
-0.844395076465938
-1.02863014562033
-1.00950299647651
-0.891795927766604
-0.917978586932279
-0.970465205708321
-0.900411925073475
-0.868046153597869
-1.00082175710032
-0.85753841142228
-0.931825399393206
-0.875043896506311
-0.928479821900755
-0.949727279408145
-0.989534074158617
-0.844510656334634
-0.899534558715855
-1.06249191041895
-1.05208178884683
-0.954400366989253
-0.883095834395118
-0.957529404634987
-1.04730591525479
-0.787224736846251
-0.97189639726543
-0.976636868867623
-0.948486307100123
-0.923501605221046
-0.974944279690339
-0.930095179313982
-0.862539831637366
-0.969324980345428
-0.908683713577963
-0.949598332889954
-0.877000426701591
-1.05268896856759
-0.881265862539385
-1.00733968731076
-0.940066395273584
-0.721060004246487
-0.792237021331267
-0.891885156612445
-0.872461587174659
-0.892190680529389
-0.71999003728877
-0.849130929270113
-0.926397895897236
-0.870080016012166
-0.928210499676804
-0.989898002601559
-0.971630091789667
-0.832103716349424
-0.778216921177694
-0.886165980050117
-0.801790082813862
-0.837104650581158
-0.963285416939143
-0.858957675891947
-0.879540340485769
-0.654284444496639
-0.838837455496181
-0.74295289922931
-0.699082410738013
-0.767760982896893
-0.856547891205919
-0.900246348734657
-1.01141820502784
-0.821773134771075
-0.805220435790937
-0.903775290959585
-0.774485591912354
-0.878736601765051
-0.766516763292272
-0.864166688861684
-0.907739204835249
-0.773103251266391
-0.797202956166909
-0.72637047800655
-0.718661186398555
-0.732198431646645
-0.717287055927281
-0.70712942338291
-0.868932275278849
-0.754152248268228
-0.608763029582973
-0.868223405426218
-0.814880591289443
-0.792103467972151
-0.85647908641559
-0.790926478994334
-0.758855016093531
-0.697678512762157
-0.703648957602694
-0.80028526497032
-0.703019046994885
-0.863717547168049
-0.709221917181131
-0.919286298322535
-0.73707805814922
-0.922279914336894
-0.665775431091289
-0.888028900837448
-0.718656737094577
-0.795096136457585
-0.825093788477582
-0.973979993758367
-0.7598752667461
-0.84821157979869
-0.740841793434442
-0.625462733306051
-0.712091654621497
-0.679869772105684
-0.691447035499892
-0.786793697168344
-0.79723535405589
-0.869716727769616
-0.898843810979727
-0.786524969715904
-0.624632975554899
-0.615670028570973
-0.739718591295457
-0.696443245873024
-0.787287428369641
-0.466482810596469
-0.687131713201333
-0.76320090887365
-0.656365272620568
-0.525765419976593
-0.873300444609701
-0.547285743280644
-0.689350169633567
-0.611669567308821
-0.78934966871213
-0.677819763041845
-0.782440360304315
-0.708077537166317
-0.593765068670238
-0.643758519681008
-0.575469686534317
-0.62245498100767
-0.616935279948907
-0.692141212867195
-0.622720256934121
-0.719750299715496
-0.6181111718086
-0.534397973772907
-0.649113034260954
-0.624608829267879
-0.709777258969746
-0.609400776330519
-0.587012402897943
-0.712002441846373
-0.763596149998085
-0.602546623280424
-0.64678614652684
-0.641468734242449
-0.586155221004073
-0.508972765713656
-0.586347507368788
-0.590451632510963
-0.643772485899823
-0.669303790587071
-0.737902409424588
-0.711641514180475
-0.433426070430567
-0.592305451175462
-0.610281359489525
-0.702806188275458
-0.577791238917651
-0.575906915505534
-0.718608218872019
-0.60002461856203
-0.702822016162575
-0.613326181665139
-0.74394048296312
-0.704968304801942
-0.495669030446041
-0.636761993042051
-0.655301864358678
-0.670185398794534
-0.736477497650371
-0.508400131558626
-0.654418051994124
-0.627016108496936
-0.650695249393283
-0.610224369594438
-0.590996729558621
-0.509253281993511
-0.637306378228001
-0.588858090543954
-0.629954624921269
-0.495964187751591
-0.482114396721419
-0.488165382959647
-0.573410423428638
-0.493473031431441
-0.523246047670186
-0.560012261774884
-0.450803258401242
-0.484163000890772
-0.601912234420793
-0.582400371547391
-0.56792659644294
-0.59401027044906
-0.606201617841797
-0.529129783623773
-0.418176309339216
-0.572121718843176
-0.482394911948109
-0.589032304924524
-0.535719856615112
-0.472452528782838
-0.441732885354537
-0.608150603394687
-0.490964773281975
-0.524101537217758
-0.540945516419212
-0.486595310825013
-0.553761699470219
-0.524691324892875
-0.558072153166131
-0.536204200482324
-0.587754559888486
-0.586106840994453
-0.482978322514157
-0.642487994663727
-0.526442512094579
-0.541102273276627
-0.510652873226722
-0.557579599599215
-0.490916697930363
-0.537776209567967
-0.501879387184551
-0.583531810852694
-0.388090314807427
-0.648165968750519
-0.465663905715074
-0.573333435725276
-0.510811199103317
-0.533889622391961
-0.475642686862811
-0.501164555920034
-0.617434596633123
-0.612826889392712
-0.348199981426902
-0.55111942325501
-0.429700600589119
-0.5044415383165
-0.428282532196726
-0.527987490674798
-0.414024786296097
-0.406078836298273
-0.338624555327139
-0.455048959529917
-0.574504364002496
-0.456335860269563
-0.426543380976982
-0.355037219440541
-0.45615582567636
-0.486309164016304
-0.532206195229354
-0.432876283103085
-0.451840632133877
-0.523454781991018
-0.3155428163566
-0.420005076559442
-0.446112529751241
-0.353118668101969
-0.393125006309958
-0.328802201741486
-0.325471050676903
-0.344949951767397
-0.445708070444713
-0.261811616602254
-0.309890376663457
-0.515279826834218
-0.348273650746916
-0.390720185708519
-0.457035763020954
-0.242838456771286
-0.431994641059761
-0.411656868984535
-0.421671531474167
-0.372732233852993
-0.380292380939429
-0.480309900720649
-0.328139248755377
-0.39936688914928
-0.374731838750523
-0.449046421607405
-0.471335990010645
-0.354860645833885
-0.425861968306945
-0.299740188228714
-0.321518479353219
-0.402726879735971
-0.334900900988255
-0.336612665576581
-0.428386272562395
-0.200788011194216
-0.438814552904302
-0.26168414957788
-0.375736255065799
-0.405632055644082
-0.398170500996146
-0.400911025306344
-0.355336647808793
-0.45605289578287
-0.136954101039913
-0.356743652779843
-0.341883699488522
-0.187919114044086
-0.350324956782656
-0.264354065430223
-0.348419393128472
-0.317331504285467
-0.344612840065876
-0.435347132460248
-0.339920670800043
-0.409488705744088
-0.394985757522314
-0.218198033698305
-0.324940316865218
-0.396237778141707
-0.248147425424817
-0.428978534184558
-0.349856252813169
-0.22787326138593
-0.351788899427019
-0.464977254889464
-0.423187677053085
-0.206085909653905
-0.320061734289812
-0.316644829219934
-0.201342580903679
-0.265628412761005
-0.225459041985124
-0.258879442405513
-0.333274895515611
-0.273601011863464
-0.439021795383194
-0.209727200606477
-0.373840399246195
-0.383976168553663
-0.29788096244009
-0.272968458678375
-0.190148180383367
-0.405986738619722
-0.315356294488731
-0.334281982930132
-0.17140866511575
-0.19371686625976
-0.243706179166036
-0.298092991709483
-0.279758153237391
-0.406178602531394
-0.256363907860828
-0.226330240706998
-0.312987580811482
-0.258696191911686
-0.327202534485478
-0.386775294359598
-0.269329357591585
-0.248158632675219
-0.382194820384424
-0.232998403552572
-0.360061547717702
-0.331210572935953
-0.384218561433328
-0.196190375010781
-0.193676744554161
-0.205715372068081
-0.192093703746328
-0.154098826468123
-0.278736156638135
-0.062228713788343
-0.353244329564084
-0.224821679303621
-0.191100553827162
-0.114569135269749
-0.269083695205675
-0.319749508357636
-0.2583433389605
-0.116333167261027
-0.197624739653124
-0.292188468418159
-0.333513635978392
-0.0433676315440161
-0.0693675747832451
-0.354168593288476
-0.228707037951031
-0.231024879631917
-0.270557024876252
-0.0407566298413081
-0.166368560595134
-0.245278018388262
-0.216730192361104
-0.161383811880906
-0.244931254410183
-0.170253115625465
-0.0821340792010647
-0.180506624529477
-0.100912869182832
-0.183773328528702
-0.124192820406394
-0.192834524502069
-0.207791443023768
-0.0603899892582143
-0.0882439105066565
-0.174397025501751
-0.0924364243613019
-0.026808572329935
-0.0925249738133526
-0.0710322560795544
-0.252512603483664
-0.144605452360778
-0.0689269677893252
-0.0493828218709759
-0.0674313574803394
-0.0678375540832194
0.0864718326825385
0.0189549465038943
-0.221727405122315
-0.136416131729727
-0.0727021337794688
0.0906372860613143
-0.159434571431271
-0.0569765561646769
-0.154954861323083
-0.0551831724047445
-0.0448223635302218
-0.273808599857926
-0.147201246169189
-0.128167144610483
-0.133348226358925
-0.213324483695356
-0.0409712077495173
-0.106956022844929
-0.0239347065571638
-0.0462408060097559
-0.0415590896838736
-0.101593712110964
-0.091871369322457
-0.0244318253334641
-0.0256939688338621
-0.051803399058861
-0.196660524400147
-0.12261442713389
-0.0479998916310443
-0.133057182888168
-0.153646356213284
-0.120786249064638
-0.094827156455979
0.171509095898544
0.083986966525261
-0.113448005924436
-0.0018535216228459
-0.0382800643910088
0.0397027520962406
0.106969691495578
-0.0184274759296275
-0.065591933082184
0.0328917074089162
0.0974374307234493
-0.00445719674918394
-0.00620502437237871
-0.042142378790887
0.0223957664259948
0.032642907695075
-0.104243173715407
-0.0611222764661513
-0.0209160973811786
0.00283533155472054
0.0436754381585498
-0.144533934741173
0.116184681811061
-0.0602202741574668
0.0558610176505713
-0.0079219792990216
0.0292903313472581
-0.0700932546975805
-0.0280414414860697
-0.00407658404181744
0.11595954275724
0.0331194530791064
-0.0481457963148081
-0.111105370721853
0.186420138402381
-0.0218461396640873
-0.0503944258030667
0.0869272691930019
0.135443539685035
-0.0227003530313278
-0.0413365848511592
-0.0847162056922396
-0.016345898839801
0.129841683887158
0.0516184041967395
0.142605062765242
0.0551632110744076
-0.0237240458188061
0.215945744167513
0.122726036865039
-0.0614323657349843
-0.0878111037292971
-0.0345506561146482
-0.0701713749529254
0.0558262425845672
0.103175665180976
0.187749767944528
0.145631458427641
0.0426218417078285
0.0665321798708186
0.0560373331435727
0.0473640402023178
0.137373342352148
0.351180846587138
0.115666456001917
0.0606843825682877
-0.024965837239391
0.08696215451383
0.100515844169975
0.136174504941815
0.157942028255186
-0.0340362154756947
0.0697843637929698
0.201316820240047
0.0919948101922878
-0.0133714429269296
0.117326444718803
0.0198144070395067
0.0754285375530903
0.101130241235267
0.0981410769276497
0.183015387935977
0.0746630147079758
0.0572189057925751
0.0971668987062135
0.0465754317601376
0.127634468707814
0.133168067167408
0.13072496068158
0.208541102502607
-0.0368981718036315
0.0886652437117304
0.177217107582377
0.239369303186696
0.0311913516196119
0.0378893175821051
0.165962344207905
-0.00307838141679341
0.203228915806505
0.0224254510449676
0.222635030782806
0.177528911043331
0.142766487058429
0.120787583579769
0.0812175366971116
0.246278886260217
0.0647463571842034
0.21925101884534
0.00405062314895064
0.25177753038111
0.21985471525061
0.115030114027714
0.100055342373171
0.345024151146772
0.230928723689848
0.249028065515435
0.188940086072443
0.106725437604168
0.0454869405938467
0.113528092781453
0.0152279395857109
0.252839738509474
0.261772239597891
-0.0245494439031175
0.238491351980688
0.305217770034377
0.261939516507248
0.221254791898699
0.174528983339333
0.163233842030597
0.173264891459624
0.271200798603291
0.0848243961149449
0.330285884646318
0.300459948446255
0.166297791670961
0.234282800138157
0.214621870193812
0.268466821161241
0.27650566130116
0.0926028905418569
0.200222423725824
0.273010039871746
0.259683110989407
0.384111312415861
0.246872988876424
0.222588159712035
0.271221404887566
0.249318205752181
0.143270453968168
0.279733335956042
0.284169854541576
0.067488509631827
0.182111808492502
0.243561282275289
0.408600470978749
0.164047052625287
0.362954925008304
0.352154314594591
0.266397651823143
0.147658791328357
0.285529850329347
0.261405646346472
0.336381748947846
0.197110924632595
0.383822248601562
0.428482424806262
0.263399447699113
0.268182611000902
0.27382381910814
0.219880823916382
0.400445932387279
0.45991908667515
0.324636140720072
0.201152145839386
0.142417272087271
0.4404737443808
0.288956105414185
0.228404318733891
0.339285765642075
0.261962962373904
0.394443707927085
0.273676473728852
0.273812109152808
0.25182912143881
0.248475435481868
0.390211373412881
0.29840021060249
0.490371816187842
0.296971804826601
0.361338027002109
0.339169079180367
0.365233994734107
0.317068998223704
0.241354869218898
0.407186987676155
0.327159273731388
0.467933283548688
0.321449866833187
0.466938581144767
0.337370072668784
0.303048060940328
0.366785299048037
0.466624435745899
0.422990698757119
0.385896433304464
0.349145671021578
0.345562501504627
0.312337469380621
0.160923526413441
0.437681579846669
0.182775403136749
0.215273954326777
0.442081661244022
0.446754137031821
0.424713864578829
0.344106912980841
0.345718644675191
0.358140732153017
0.370059184350134
0.363112892423055
0.329308396522683
0.342526871542599
0.375836734488826
0.320103971274243
0.296257139212778
0.34644061974591
0.436941671308531
0.36682759128492
0.422599459682658
0.311590599485417
0.355285752222921
0.282100584035377
0.234852875231945
0.551061157022046
0.464828511479211
0.339036963493767
0.429826131883055
0.527765595145334
0.434666944840731
0.447648066341666
0.346368063050182
0.338543526529023
0.403210592396739
0.348813153199094
0.313131208623983
0.404970111388891
0.304297316532249
0.436852501778421
0.521168448871797
0.464000499318814
0.468027009269075
0.458199010064951
0.533099540609174
0.456411394392733
0.51087806027233
0.415867094496652
0.63818082873615
0.370770477449686
0.518528698444223
0.411786579640991
0.430439274898666
0.525529959061385
0.403723916579228
0.544278819380368
0.504897519163088
0.314018750442764
0.383965198550213
0.404658886181403
0.372812297704172
0.587910052039736
0.613599956782802
0.683161861214828
0.452004810986915
0.469090595636312
0.590982794142802
0.499352561568654
0.429406945144811
0.479097638681181
0.462447928829595
0.545403753744441
0.503717675212141
0.666994191548664
0.34816962696735
0.603189113638162
0.574887251591958
0.465540125352234
0.632317133571577
0.546733977612477
0.582018471384195
0.647933142947509
0.528265542564214
0.449476814050973
0.481857631176491
0.597404847706351
0.486537035671251
0.482821278780529
0.601455446487024
0.574149170376865
0.510177671849817
0.583654313959876
0.523680775384229
0.736015028229116
0.685729866959942
0.388885802103922
0.447187039164011
0.562430534189722
0.574777570810723
0.484152785952136
0.37679647456244
0.471780120003778
0.533890121620775
0.601931540592512
0.604573443915802
0.422636733103899
0.711241852410028
0.67058260130902
0.579488869246812
0.569321779162812
0.696352942474669
0.415594644925918
0.363664100554633
0.533071698363043
0.520856948136225
0.54543525705498
0.484381612693449
0.423427890990929
0.581687854930614
0.564015202329933
0.854355291455855
0.683588348482712
0.579666775621392
0.610668551426867
0.702332736870137
0.639484918723573
0.656855090454212
0.635653909049304
0.572201219833896
0.58450403164442
0.576406930842672
0.684958989593317
0.520334005674241
0.662566514901177
0.683696576999376
0.698523735446229
0.748737848443485
0.587257124710952
0.679334927992835
0.643282933634053
0.670517565504596
0.596289420705907
0.72300697367995
0.835998760985414
0.810503531183249
0.659042357300964
0.616065755579065
0.660484465978859
0.800297814973501
0.654997291784969
0.72166860522553
0.689677948790083
0.675603867259183
0.562661442290933
0.582636205921402
0.617944485916309
0.557706885284782
0.792337245276858
0.57627393341441
0.624001615895862
0.468361966470099
0.613185046149249
0.644720894429006
0.52824998827609
0.670543893971273
0.657376807689175
0.742259807377124
0.617723649721589
0.730513689201061
0.658354229981067
0.545720463728432
0.597153031698253
0.734533691097003
0.797763787227829
0.825204981741072
0.728643928927677
0.719711429793931
0.768937848732359
0.622023527054675
0.618311790104018
0.75427860925285
0.720007522965419
0.726193748981506
0.772647944885716
0.797421591750127
0.661350608660943
0.786973867030434
0.800584082986344
0.683302867738506
0.643139072399344
0.692683780421106
0.705273736278106
0.857824103449554
0.849437862016051
0.594117902097807
0.702840409058269
0.851468791589117
0.787100059862008
0.803528263167374
0.65951026384327
0.870495196812489
0.761152487182591
0.819580538864739
0.758791335112357
0.783453864121112
0.909146508088933
0.66848890173547
0.840585189012259
0.798436724707023
0.770568681784215
0.723810544527621
0.770668630880072
0.872511211122346
0.784537507496177
0.806459094758139
0.796155397494228
0.77140770894137
0.768906160003466
0.760553224321843
0.840773895845753
0.731134998158895
0.588548358678611
0.985540137986568
0.686908642305492
0.894989292640422
0.864321800478703
0.863462557550444
0.704674161172138
0.843464806498767
0.896196503415938
0.740597274632952
0.819633665601631
0.830608381713343
0.885618878298199
1.02822216440286
0.854210040929226
0.653662889808159
0.761324918432898
0.7967933874924
0.901589771782853
0.774511127862045
0.842302969512852
0.8518888358782
0.853152535312314
0.708580164493239
0.887754028961579
0.833605455242042
0.973669606121289
0.879921336467976
0.72531077571434
0.944907939639477
0.844101824772107
0.81528069619184
0.751178509757049
0.835287250041324
0.810355617256788
0.862805961242191
0.934335211491494
0.872275616893753
1.04070852817548
0.867463440902313
0.890299667425573
0.675054288752362
0.971051049908572
0.955583703190978
0.954314369830797
0.846269662777786
0.929259989556812
0.847939354361101
0.820666363826859
0.817796124152824
1.03352400938778
0.936708887023271
0.842906169754138
0.915406424690885
0.887596671223345
0.89654263076635
0.942336435310131
0.960454705848409
1.01669253636617
1.00829038092862
0.902776488864177
0.796222192905261
0.830763989899144
0.917159571318532
1.03037192329472
0.919634485497855
1.02599613044911
1.03932176822067
1.00022275328694
0.897315976374514
0.840966480413645
0.893363723561188
1.00300335107873
0.871667793206516
0.94329999380018
0.954505815358917
0.905399731180691
0.848484488256489
1.06640206325689
0.938092567810055
0.773849221587892
0.873891653833966
0.883996979841462
1.00486547920523
1.0393305641899
1.05705449866585
0.955145887118727
1.0549566687455
1.08514288654682
0.977366054193905
1.04643386867354
0.966808424473157
1.08970827109745
0.980495404836293
1.0339726548056
1.01930871088434
0.95468345360138
0.947320721535157
1.11347829665193
