"x"
-0.95776600149116
-1.04165803878348
-1.15267388825268
-1.0922361172192
-1.04572271304217
-1.02012567995009
-0.921238214364588
-0.895169217463259
-1.03684123263672
-0.9557238784505
-0.944333163615083
-1.09043423564968
-0.924368744857855
-0.855423628212136
-0.799374443151516
-1.03386525336635
-1.08567184841144
-0.903929580926181
-1.00279832405352
-0.800654465050099
-0.832218466820466
-0.885548506195774
-0.954313907400115
-0.963098127815585
-0.834272276767988
-1.0900718114315
-0.969013904892576
-1.11735242570717
-0.945759138015741
-1.00890619238516
-0.919787610953064
-0.8785035687109
-0.935519207439211
-0.996836434528478
-0.882322718622619
-0.99400781343863
-0.891471727237965
-1.08140216609828
-0.861367766932252
-0.912206944937152
-0.951145016186241
-1.0459882339448
-0.943865251692261
-0.974978398631589
-0.904746144760653
-0.945677501368615
-0.901510674734615
-0.685578379446873
-0.875685311065305
-0.95803084999928
-1.00114967574303
-0.89004240887652
-0.828130789617845
-0.81059918378914
-0.912102290904538
-0.924296236722278
-0.825132240798017
-0.889295298526109
-0.875898579300779
-0.794989491441522
-0.875193301657362
-1.02723566387494
-0.887692750336575
-0.834020553333474
-0.896901790125079
-0.869530112305062
-0.809680430366257
-0.881876980989917
-0.847250004322992
-0.954791891728979
-0.709970055657256
-0.728745782227174
-0.996033978519946
-0.903009488452134
-0.79428334798733
-0.856437033272234
-0.971802984517482
-0.74993555966148
-0.885797831942735
-0.772082281965948
-0.834914567491824
-0.766514232666483
-0.982900681540531
-0.76836076133336
-1.03618913522576
-0.824272916217524
-0.994421031041657
-0.831947244161932
-0.728106002344238
-0.730006641729858
-0.762771463360248
-0.833643343188423
-0.818949930830825
-0.795952892152605
-0.785058767824705
-0.780499414224862
-0.77640414510258
-0.685833897673532
-0.898429165197233
-0.731515218486949
-0.762812239184395
-0.824867244922483
-0.603068660041159
-0.68289297385474
-0.776797363348277
-0.800981480260682
-0.722628499107438
-0.678271980763627
-0.815331648559888
-0.741192907367892
-0.605340061423975
-0.820707536832912
-0.837254655615144
-0.763693228743792
-0.86558923249336
-0.83168716517215
-0.767256150640119
-0.770186130943903
-0.598351280779384
-0.757479335404347
-0.631285743101249
-0.904719738950976
-0.816824726102344
-0.86228013761232
-0.866654948016263
-0.698822250097456
-0.881259979121195
-0.742699249519368
-0.814372477059276
-0.678925687310736
-0.675864280246512
-0.713088571369329
-0.661473525493826
-0.839434098278963
-0.75299115011675
-0.755724463225739
-0.691764338624707
-0.786776676831987
-0.628052289314236
-0.637656314014886
-0.630727672649451
-0.56247166708352
-0.887235404871963
-0.559150271582303
-0.670400658498957
-0.777327022862877
-0.763980904726104
-0.694417213128793
-0.660036762873568
-0.640973621131865
-0.581608146412252
-0.582138759205464
-0.656485908296615
-0.774225527316604
-0.740509317298684
-0.630256778094038
-0.690776451447704
-0.62028897335652
-0.667746850333736
-0.663058664526584
-0.763956337379779
-0.626286449628262
-0.662027474450545
-0.565424412601676
-0.585878659661022
-0.750065608271465
-0.741484629919844
-0.630680377447117
-0.735964174459051
-0.728566061717461
-0.584080374176541
-0.6452370025046
-0.564968905340315
-0.694808889490748
-0.712867207679742
-0.636763487540553
-0.713832419957454
-0.644789787144918
-0.80660100225373
-0.660295051907392
-0.738825531847881
-0.623033033526542
-0.626472593364996
-0.692820513035095
-0.673962477138079
-0.596956643152432
-0.637015675575709
-0.586468259387915
-0.632786959672497
-0.746393928366837
-0.650602489373553
-0.742469244082782
-0.506773018291476
-0.645180835730142
-0.66412179142237
-0.6005891310645
-0.684979357207971
-0.565299267011315
-0.642084550676614
-0.687632965434852
-0.689382186982788
-0.518808044040962
-0.579057618293828
-0.531591678739923
-0.669073191818067
-0.639236303754333
-0.39928226649323
-0.594342783463836
-0.472912940124957
-0.32163862764253
-0.507760259427377
-0.517730180714109
-0.656528431542005
-0.509438085786709
-0.609346541916763
-0.538803723842014
-0.34738939040868
-0.512090384702629
-0.716612801993138
-0.722855282466455
-0.628300104922036
-0.592948137843306
-0.396654295302779
-0.786073435716936
-0.713592858654104
-0.601630576290439
-0.456303568282935
-0.508441909317035
-0.370446660111175
-0.572898933793783
-0.648617799397967
-0.667939609802977
-0.600435556903214
-0.603388160961775
-0.534173190412656
-0.449929567779879
-0.712026059310747
-0.456699024867687
-0.5359214396043
-0.472939277156128
-0.525650700116472
-0.578798263768748
-0.492629437051476
-0.587116360434816
-0.603631881419188
-0.349635066343138
-0.54321453343577
-0.43761694950538
-0.448602772294698
-0.645954071874639
-0.380634344912354
-0.483835866356477
-0.433249536531839
-0.402733844385737
-0.637026612814026
-0.474641615685865
-0.491078779949585
-0.49809173358203
-0.448815037888693
-0.376986140156351
-0.578887896820676
-0.545296556084134
-0.240385078806856
-0.520691142232057
-0.611481295865481
-0.551506929102526
-0.425389066120958
-0.527917140185414
-0.548338651777736
-0.464736141474387
-0.497593524158864
-0.344257060785831
-0.392241624423677
-0.419297324052981
-0.435021291005354
-0.664109992806308
-0.459784369605782
-0.482421065493977
-0.445151718803699
-0.458191281980743
-0.409102598081327
-0.445464409168051
-0.504358401884191
-0.430387045454137
-0.493216231607584
-0.473993942711902
-0.379217714100859
-0.425878019693713
-0.343643487762244
-0.630842983884233
-0.472040148108601
-0.393218300739909
-0.599359495729034
-0.463993079338433
-0.373036267506206
-0.457484632848409
-0.447385628682425
-0.467858247032671
-0.31557278825875
-0.535550176293744
-0.465527528606204
-0.433875007031524
-0.327683358210314
-0.406247386830144
-0.224872595778302
-0.389868572907095
-0.565725661482868
-0.187914337986582
-0.324318288402013
-0.325580142169554
-0.337324365092408
-0.33213357741727
-0.389340581792678
-0.239202242271801
-0.397971447474305
-0.346608229065682
-0.331946471443947
-0.172210859841177
-0.452833717863975
-0.407661995456234
-0.29227368246457
-0.376013061813319
-0.317015200263379
-0.428215866172875
-0.410641842041414
-0.429500531643813
-0.191313032917782
-0.296713821988103
-0.375178996683949
-0.483362655970289
-0.184343213243453
-0.205407992588668
-0.284719516486873
-0.281527420763983
-0.282074371298074
-0.369063024913848
-0.292332107281213
-0.254407787609591
-0.337536851742572
-0.227602929881013
-0.282313307481126
-0.281019476664256
-0.354873895123877
-0.207806618550354
-0.364091530301084
-0.359876363172388
-0.314204913300886
-0.387554717348698
-0.266573489831104
-0.422508933392571
-0.221786412870066
-0.297622562671873
-0.300260629160284
-0.168427131992265
-0.4232039834174
-0.284524480125743
-0.256929212038704
-0.313999937732984
-0.26263820900644
-0.251309583766336
-0.23676102897222
-0.356563805226734
-0.28956446622258
-0.12770210709289
-0.187691329539335
-0.273661666318716
-0.306052535918871
-0.219404772997709
-0.214818887144397
-0.27623105885484
-0.233315608871407
-0.26133616163193
-0.14531406786945
-0.150689466170617
-0.28866520877661
-0.279145669364871
-0.176447529445042
-0.321252905846951
-0.165749592596404
-0.228420375087347
-0.231291167510819
-0.313071168657713
-0.185600959171995
-0.185422795045687
-0.175187473702318
-0.249071968374153
-0.323400754280822
-0.236752897504743
-0.268562766623864
-0.161038802217702
-0.298916328175612
-0.14523083767511
-0.223340366394552
-0.257141272395567
-0.272615032512752
-0.231342630741171
-0.0417960934790981
-0.306867032912823
-0.255972287226368
-0.0298636895680738
-0.148849157732126
-0.331241669580666
-0.0906337673016939
-0.180899259797002
-0.28259818149852
-0.282379726623608
0.00172714811454357
-0.330189617175248
-0.225049401877118
-0.0977284997199763
-0.192249440386863
-0.100790771581621
-0.184732230546894
-0.175070594146176
-0.136319033729686
-0.135846053161632
0.122117154022838
-0.0317135783260358
-0.0807652661469513
-0.170085608945017
-0.142114711723851
-0.137595149000702
-0.146877624771079
-0.133590211833615
-0.125089893190391
-0.19788308272453
-0.00387567232510679
-0.0568150771669897
-0.0522498148184965
-0.206880736180756
-0.240876772467807
-0.175228775062814
-0.120404046531733
-0.0696785908556961
-0.128828305835615
-0.107788854722834
0.0604093075805811
-0.0637857144838415
-0.1118261804353
-0.130523410582331
-0.0966096583028651
-0.209983422070161
-0.258288778662082
-0.203823681058867
-0.173238223059219
-0.230517228986946
-0.175072084917246
-0.279991267120184
-0.196994560511184
-0.120639199970151
0.0694477786214011
-0.0586068946617642
-0.0192895048840741
-0.126093079721088
-0.0429027764496914
-0.143528200772734
0.00612126645636014
-0.112444378646786
-0.125019758793624
-0.167955500570527
-0.0760151230264883
-0.0120673068498732
-0.0994946263095803
-0.0563680048816723
-0.144607164066641
-0.192794626781191
-0.144188426335629
0.00390881188957862
-0.055168808792459
0.0189094866706671
-0.0856084278986139
-0.123677208113173
-0.0145701099591119
0.0199742443412737
-0.32045951365152
-0.1292279388239
-0.240756960601035
0.0197451856333243
-0.053608087030101
-0.054088867123657
-0.0135238140762265
-0.0889438323402321
0.0389019066391441
0.0281229390954228
-0.0534761792963375
-0.00181896783529625
-0.168837930233166
-0.0364970069486065
-0.0766676161179475
-0.169594611896016
0.00981062806863629
0.0956470219627629
-0.0111039949569506
-0.154927266901471
0.057490385217793
-0.138359359414155
-0.171050852185022
0.0436232357550243
-0.000668924474026477
0.00415103071802483
-0.0537923095486233
-0.00411239005030925
0.0292132991792542
-0.0444543487140821
-0.0473780100293741
0.224478903907823
-0.147796706167336
-0.033377767419931
-0.0577032102493242
0.0425567087354491
0.0400525010770495
-0.0680756796553964
0.00245271487235885
-0.131478396071917
-0.024751026418225
-0.0173121709562345
0.0579241631775365
-0.00423195619126243
-0.0224742669950971
0.171381999050688
-0.0758559791110532
-0.017392833246703
0.0315574071673832
-0.0955799628883979
0.0142212636092118
-0.0553830660859167
0.197582202361402
0.0997526366999899
0.0688068043555473
0.206485999259038
0.0450084302007018
0.0209902358029853
0.157706180758574
0.142844368339521
0.106392179121682
0.199770040282285
0.10461714223161
0.0496458807269866
0.182641774982652
0.105981296032662
-0.0580483281855485
0.113895704103341
0.081969808697562
0.036611507694159
0.00773347716730398
0.0943801599286929
0.0885328759262649
0.12772777622951
0.00929008935698787
0.0647293299340924
-0.00380686432049267
0.186728701205689
0.10355366976058
0.127931280154134
0.196257478055215
0.0497891815859763
0.141164315635055
0.150554300382111
0.126987249905402
0.209102691801913
-0.014546163308551
0.0109410456135626
0.0848346630680659
0.0338664131764043
0.369367780233571
0.258185119921277
0.231165299729667
0.0351102026806889
0.175374641483677
0.0136471431807931
0.148009708840826
0.270789467488925
0.00319692985890407
0.00411399421537133
0.116022962720007
0.196184002982835
0.154041990439679
0.127357005649303
0.197169769069184
0.255234107833624
0.178963891348107
0.213707381206386
0.0771912528441994
0.177992189696002
0.0886877604177441
-0.00447213775030969
0.139679230292388
0.0842384199404674
0.202298624262202
0.265829508925781
0.206147008374636
0.185068935993801
0.271786771625271
0.192537107719057
0.174336970770121
0.19225697854218
0.238838464960727
0.218820580034717
0.155028875119869
0.113356427505104
0.203296604769333
0.222863901016259
0.215185828237192
0.35979597560955
0.225998338429552
0.0234895260065461
0.22126765167215
0.216729024899511
0.376350646461556
0.142716767929074
0.232703574085857
0.260543986708072
0.146941208148214
0.393058934955581
0.29096513391009
0.215357980055557
0.264782744255337
0.152572940094539
0.306754294948942
0.433226298150022
0.363080015041512
0.147154172264033
0.266148281749803
0.241094171495123
0.328073221458855
0.293953315960824
0.378509176318582
0.174425986866041
0.30943267724306
0.336981836613596
0.210110686269206
0.199333910802712
0.256745619899421
0.358705881102891
0.252615108597416
0.405611443298779
0.296964820080218
0.433755139155939
0.264023380737558
0.278996744673535
0.276697234516907
0.280927927022281
0.205357066744198
0.251377145652012
0.21195678981798
0.364637516533005
0.398196968600048
0.381050294879991
0.239295822117339
0.447480013618654
0.535360740939136
0.408713241882877
0.349739262208257
0.353745091934297
0.0888195372730192
0.347639125113798
0.370702233146809
0.158810492776213
0.460307794967793
0.320673083633011
0.347903751732309
0.378141906568444
0.307432403853502
0.42343777775547
0.287977777148649
0.345823053928908
0.300793448921072
0.297658423208009
0.39569565418861
0.304259198019605
0.38512585105209
0.376821843219715
0.250188022908453
0.423416675784966
0.353371614999598
0.256195387154815
0.321886016519665
0.355005524176414
0.39720580558096
0.459195932407495
0.315018860385577
0.360326665914313
0.392264537876375
0.515031926885856
0.4349859365191
0.375108376791547
0.350688037353095
0.429628016530747
0.347734185273771
0.382834652765022
0.511341423393742
0.304976469748989
0.490884048772465
0.391033511157584
0.390777655077702
0.352570039481499
0.391541008286292
0.481189550877422
0.429514210276785
0.491515862442537
0.347174375773983
0.289905291151834
0.366799957361776
0.598406735633453
0.382200457660777
0.542998925958454
0.345857398411269
0.295034918850455
0.340406727539081
0.437839823122554
0.431353605882509
0.401260486856871
0.354849811357876
0.452813008165287
0.441406619073011
0.651964530283811
0.457715505463645
0.508918388170174
0.470654810182335
0.397432847474263
0.512322972310979
0.423569941547414
0.385884927444291
0.54857569247454
0.63062414409201
0.263092982174755
0.52988031868648
0.450639281417975
0.608696672390069
0.340459572208297
0.429446645290688
0.536973608806092
0.417003657932198
0.490523484322939
0.499063247131139
0.398025586661452
0.574561035448726
0.528478211743538
0.525824439934162
0.261763996625305
0.436329335896328
0.415443155055467
0.342639505488923
0.550299884084769
0.411958397005114
0.495769661703647
0.539629697657021
0.420523144032601
0.350549021790415
0.592908725914214
0.459009953603922
0.387716727897838
0.558696146435907
0.461509430246919
0.497224794131551
0.349783291498377
0.475537734227515
0.565937912218767
0.468048160370876
0.550382480425047
0.505489810253741
0.458051335960308
0.453948888507552
0.56599943020382
0.421926228448391
0.515529414594521
0.546003486841091
0.586594962662872
0.482751203274884
0.468646836266462
0.486004648141162
0.390559160473229
0.529280149522913
0.55640491341666
0.656038946618936
0.649781736414549
0.606272041364542
0.343857068393421
0.579100295654749
0.507638285594867
0.613852628312706
0.492021935762813
0.484519410895924
0.599202665022521
0.550978015098375
0.44149178954086
0.564389138239222
0.495888289679647
0.612571965888891
0.561404053372472
0.465116449547638
0.737803925732014
0.624715113618371
0.608639157033096
0.563461630291991
0.640565797829875
0.525962052540809
0.580343919949885
0.418631184012227
0.660174765995635
0.562309280428695
0.578327879363309
0.655691367478702
0.774582148397351
0.642187872592069
0.717734536072805
0.563811310797082
0.569034586929801
0.685649349558267
0.648091986061414
0.760997153903213
0.728064288721756
0.596006889629434
0.674253935248658
0.711935922774623
0.506036394487141
0.646031523502421
0.535415657309467
0.595877412210862
0.538463106122858
0.53179822626543
0.628848657060654
0.518425609729898
0.645987148543685
0.7720712941219
0.558968270223664
0.737629027416287
0.753794831669554
0.698787619988843
0.664419233292222
0.619629538689137
0.622367103419719
0.675546470067951
0.794833870080592
0.643908805316457
0.542775515368773
0.683936059516471
0.595127981833246
0.513129635685391
0.650151664661195
0.603178304171618
0.760416989019799
0.695033470578869
0.626472659491165
0.539534718534373
0.614889535684217
0.714833141953403
0.686881533324862
0.739231370720797
0.68123613402315
0.73243025345977
0.861436671710443
0.843666060917045
0.541836250894468
0.798811670582222
0.712728523419293
0.792056480065478
0.649835173151283
0.710550619957439
0.791416225688073
0.743807989507374
0.767989452539104
0.734844601163509
0.678304956446502
0.72026076560162
0.780524697640397
0.705094691332522
0.695654691983275
0.718338404910686
0.651919117983031
0.733811872038617
0.747388077163805
0.698833048687872
0.68883400884068
0.670169891027346
0.838860567258917
0.67501933332071
0.644834224222811
0.727833774838168
0.588731850868136
0.653723419581178
0.747606629098766
0.712202708387228
0.766888345207594
0.631809874171805
0.658195271015708
0.627453659658283
0.770821170996642
0.73726317570959
0.869842661992735
0.790997828651528
0.755838746823495
0.878706361158367
0.695621791683784
0.747439719645054
0.796043997561969
0.783160787579712
0.775776457939168
0.900779142519456
0.750970839179247
0.815921513670103
0.743361604699498
0.825528051214833
0.999346485520953
0.906028521206132
0.8418149310775
0.832906379084409
0.928053284230427
0.78045471840656
0.80591071569308
0.830619761928723
0.827834656288131
0.950619085082596
0.772023889372786
0.774405663570941
0.823409109085129
0.992311170608756
0.659828403536276
0.822016598828459
0.787327670151781
0.845191209506045
0.799933872501548
0.841850642099665
0.778186468136532
0.936435202418738
0.627615134283959
0.913895883964861
0.853895527127027
0.649123415553834
0.911605113726463
0.934756340542397
0.93413041602895
0.864125727211607
0.964659103499369
0.77374819195971
0.798693721461383
0.861450128942529
0.97333169939628
0.909097731157665
0.848103763227987
0.996255599189533
0.831667397622036
0.767349016056161
0.9735359129674
0.944761882494858
0.848306562097614
0.854104691434762
0.897787307166839
0.955695563597284
0.92769774027411
1.00953247303388
1.01121951630666
1.02223173285099
0.93109283178603
0.845426562263926
0.906121591698009
0.963013803972683
1.04147913581911
0.92600510878188
0.925104631421249
0.977371618433014
0.931034144983005
0.997812916258354
1.06701545695657
0.922839538640965
0.89963155249649
0.848376634595904
1.00831228725997
0.946798131391212
0.945987799039874
0.908486680637895
1.07818205695549
0.962704214246228
0.969169652298672
0.919210294656999
0.955406971180855
0.871657501598211
0.923446808574143
1.04905141696744
1.02663333368312
0.843492299824815
1.04936770810728
0.977460800996719
0.834557031289299
0.928828041993002
0.920829788917673
1.12039287424189
0.955990483756731
1.08832209860563
1.03357785614309
0.90059747231544
0.784492289951887
1.01410997792439
1.117119108205
1.13014283676974
1.08189017835748
0.939196910934759
1.08119695506547
1.03636281811354
1.00066843553162
