"x"
-1.04797052623131
-1.11328124420274
-1.02434894816226
-0.933072308652692
-1.02941855873002
-0.975754501913974
-1.08702216423233
-0.959382103619366
-1.16218470337364
-1.03562636047852
-0.947892684643026
-1.0250572191362
-1.01089107579647
-1.14251127701695
-1.12589732380755
-0.974618672981632
-1.06303229263558
-1.10737826523777
-0.849326053597257
-1.03793783910838
-1.00168900000388
-0.893874079165441
-0.915149181530778
-0.981599801348712
-0.904433167607664
-0.862564826295016
-1.0065724146166
-0.851947866148142
-0.915633921209557
-0.89924646446174
-0.92445427967956
-0.935759796793927
-0.995346411090286
-0.831174756320389
-0.874095085062952
-1.06347687058893
-1.06316231556674
-0.956179935627105
-0.897065632442192
-0.961664019607528
-1.05172645647608
-0.819606508094166
-0.965995109936072
-0.957803859860549
-0.932675140758908
-0.944760633863171
-0.947751477029496
-0.931330250962391
-0.879701371594613
-0.976808375867738
-0.918035208636128
-0.949800534678531
-0.873234536561212
-1.06898300676413
-0.884109948818588
-1.01216708073243
-0.937586822363084
-0.715544003027347
-0.774085713770044
-0.889671780876527
-0.879192864890358
-0.871629593433325
-0.710965125353325
-0.877536590083317
-0.944771530834795
-0.865611659801507
-0.937181608246554
-0.983392198041232
-0.980926020486029
-0.831178418841693
-0.765804996897495
-0.84950612805253
-0.806129752684027
-0.825073211942566
-0.946435933407395
-0.854726533082621
-0.910597388647015
-0.642694009008039
-0.842622505392989
-0.727064465966734
-0.710615254290444
-0.749485402067675
-0.857321725500747
-0.88965632971192
-1.00826997917568
-0.822554301106756
-0.788382344999352
-0.886466049179272
-0.780347751066546
-0.876815391838025
-0.749413860233683
-0.851357399292153
-0.936423209624882
-0.783381264109276
-0.790208088786409
-0.722242222232424
-0.718851432828733
-0.719727245084678
-0.728441584674038
-0.709569463471847
-0.870235435749981
-0.728887260918059
-0.609552371384813
-0.869171334305931
-0.809679915240315
-0.794022926734079
-0.878155595358712
-0.807864235310088
-0.778018388714403
-0.704146464878635
-0.709953754938736
-0.796536762029324
-0.710547092476106
-0.862832401046374
-0.690060008753784
-0.912755472261986
-0.720922576888832
-0.895810000299197
-0.651783696898151
-0.877550296408088
-0.712755631981841
-0.79718539330469
-0.803144283181011
-0.971471994562801
-0.751347756570236
-0.846702386239718
-0.735032039087007
-0.637277851207229
-0.724729055625358
-0.674176300293493
-0.68746892541137
-0.79675416273136
-0.807851101736802
-0.872842182568442
-0.921228012106486
-0.791922588926724
-0.643527992190866
-0.624095931512731
-0.734315199658261
-0.683146342508284
-0.780500368588864
-0.468196394735363
-0.691064993115677
-0.76310118430756
-0.637859303196968
-0.499549215196193
-0.891469306963318
-0.547250134084438
-0.68500811478383
-0.626661475007422
-0.795226773231296
-0.671958632754336
-0.810058740811192
-0.719380218530613
-0.607207429349904
-0.641481710189319
-0.557458043752333
-0.620486192338892
-0.616894654519283
-0.690557297725116
-0.606721961494845
-0.704617273939833
-0.614038257151109
-0.517193874511976
-0.647223352229117
-0.613933744324911
-0.69866260387142
-0.598719424708119
-0.568016556745609
-0.686852363117312
-0.746349661527851
-0.612202483900206
-0.662457633776042
-0.644572495467047
-0.574651781504069
-0.523647045562328
-0.584482090324563
-0.586193370483646
-0.649361123795071
-0.67429759611691
-0.72400370317299
-0.704583401589007
-0.431268887171448
-0.588749938786595
-0.619296292662916
-0.702704573102273
-0.599291366894731
-0.591863952791391
-0.720896893872391
-0.612655716545111
-0.707855998469233
-0.612290453461817
-0.75140585330977
-0.703252956622548
-0.491961010238141
-0.655120802533899
-0.633376261561466
-0.682009107716948
-0.715806142905978
-0.514270785076497
-0.657812653847399
-0.619175965390014
-0.632322032739673
-0.626642354784773
-0.57854257406181
-0.502115123132839
-0.649203834146501
-0.591925931993281
-0.620266138438367
-0.502206846249066
-0.50578384852429
-0.487169525274283
-0.57388622759361
-0.50284176184701
-0.518555252393933
-0.550445723737421
-0.457361075355217
-0.496791540130914
-0.595942270377851
-0.589639588382674
-0.567264752370945
-0.579509106768048
-0.626820899475135
-0.524831156393668
-0.420890731149027
-0.576897137394655
-0.492102241220083
-0.587575407626252
-0.522673464786445
-0.461892274425138
-0.418118438977885
-0.603255807437148
-0.500241172296012
-0.509250600627105
-0.544141160679045
-0.488014015573448
-0.541753249899257
-0.532943205047974
-0.579760978522989
-0.514484901889632
-0.57406553615862
-0.569939210166827
-0.476597872077747
-0.629269220625097
-0.524928300538342
-0.525067146286488
-0.520409771948479
-0.560740513686573
-0.4774265407411
-0.525864472490224
-0.524564770851618
-0.586026218602857
-0.379821421556715
-0.637701175527972
-0.464123688269594
-0.553127154704824
-0.496478742353853
-0.516136087747272
-0.466083279003504
-0.490212671633157
-0.624197230467839
-0.618217446941796
-0.358313284287466
-0.544561894669362
-0.405861712559366
-0.475120335778613
-0.419263969796599
-0.518878500702416
-0.42341461396684
-0.400201585732621
-0.319969145297028
-0.443849283832152
-0.585994217982683
-0.459201280208031
-0.413043102007544
-0.332850749163129
-0.466570645438271
-0.470441956270268
-0.539293279618167
-0.420940931563234
-0.480374111976666
-0.536262596129075
-0.31937911352979
-0.409206552540655
-0.42280310311433
-0.382096685804027
-0.374944963211937
-0.33178325301658
-0.313115485079054
-0.345861567683323
-0.445047339611008
-0.269595440325794
-0.314315182905296
-0.53260697752777
-0.361428064801802
-0.402449050063909
-0.425741697670479
-0.228121694625675
-0.427608471009968
-0.42888719335647
-0.4372768955723
-0.393787574391378
-0.367664905233631
-0.47515797444889
-0.329114332815201
-0.389397135727724
-0.370082093516323
-0.453388749322161
-0.447579606811871
-0.348032909357754
-0.428374251048134
-0.328183159558236
-0.302814868313017
-0.408582248678304
-0.331513531372029
-0.317780287133852
-0.431918107453582
-0.176578837282497
-0.43957839024704
-0.268073483655918
-0.371442504457246
-0.414261209617322
-0.407387703165595
-0.406009662195592
-0.373160099441291
-0.463231536140898
-0.142408394570462
-0.338756834749458
-0.347457878154477
-0.16484905344128
-0.329635280941046
-0.254190188080011
-0.343375714359275
-0.322765426499395
-0.342513047202398
-0.424040990910915
-0.341267647647566
-0.410988465438981
-0.425230378863365
-0.221428065771292
-0.339910044242488
-0.384240828567286
-0.238841425483721
-0.432225526445211
-0.376477279092993
-0.2546331545906
-0.366452736672685
-0.477720438106928
-0.409352448159662
-0.201582463972406
-0.315985174146122
-0.27588447646159
-0.194366581122214
-0.275822247395712
-0.223491799783619
-0.247210413291175
-0.320022782436325
-0.289939369047522
-0.414002181670934
-0.241769758846363
-0.372203721436424
-0.407220536144786
-0.292701439094835
-0.280115651686547
-0.19283231264003
-0.393701333523403
-0.287672480438811
-0.322322252529789
-0.157736118586464
-0.193847039827895
-0.234901280499137
-0.290402972603401
-0.289429697846176
-0.415626857220556
-0.257813251320267
-0.217464810614187
-0.313142803255095
-0.275179018697846
-0.312187247710576
-0.377246139863328
-0.278250013860727
-0.225699613670716
-0.373754888027857
-0.224824255698161
-0.364847059110834
-0.333599300660475
-0.372327391174435
-0.179073068394839
-0.207925656704275
-0.219547597364862
-0.188985487008329
-0.16219701289538
-0.271246770804908
-0.0669797572578351
-0.366859378942081
-0.223177636337116
-0.209796381736879
-0.134922676821173
-0.275273240988481
-0.310882415323225
-0.248669526551309
-0.111019785034587
-0.204676524424075
-0.284005761938811
-0.324493521226444
-0.0469260148670444
-0.0618053885355659
-0.35993233005704
-0.199063690963461
-0.228287252031624
-0.273317132869045
-0.0299941999718719
-0.16565755004566
-0.266782408649293
-0.222302482338795
-0.15357615225509
-0.227096228536695
-0.175454846869327
-0.0675171107000479
-0.140369710924881
-0.0939638089365953
-0.178553481720998
-0.13039167167948
-0.189742912606288
-0.197144907362384
-0.065523545252763
-0.0791897610916257
-0.174909864553998
-0.0811515797645174
-0.00468337339134219
-0.0873523787430764
-0.0790981300090606
-0.232175822329789
-0.164469910178211
-0.0672964067141178
-0.0406164985950266
-0.074113444016918
-0.0722483873755614
0.0709228518709331
0.00618856910234907
-0.230727959701646
-0.122821945548514
-0.0462258970161642
0.107417658124455
-0.154128231700375
-0.076699404274996
-0.163014018532108
-0.0502137505133371
-0.0439839596740431
-0.288360455462742
-0.134002850670062
-0.112025725451552
-0.114089396014392
-0.219097818093445
-0.0307037958867944
-0.10321335620072
-0.031344712152748
-0.0475897497212182
-0.0553358074268693
-0.117863801991333
-0.0944005558682969
-0.018348209308762
-0.0334183292193803
-0.0536853108787678
-0.176454565444248
-0.127010226553459
-0.0458579878743757
-0.131040367655888
-0.150212145368502
-0.135402280886409
-0.078639045696375
0.169418171822962
0.0969819261325671
-0.098091608098022
-0.0148629209085052
-0.0264551653001118
0.0685164160412451
0.118672580828596
-0.0208265901206387
-0.0695570273437534
0.0303788840007134
0.0834504174894706
-0.00976142557127465
-0.0120220795455981
-0.0317051085770752
0.0111708898610818
0.0376970493529732
-0.0932803625212689
-0.0712624771936125
-0.00875128861879906
-0.00133925100972749
0.0371621367957159
-0.154318594578384
0.0871731931209755
-0.0307713125108685
0.0726405683730918
-0.0118355367723131
0.027652041588864
-0.0892727174112792
-0.0414888962291514
-0.0121814912867835
0.148774878076184
0.0418455467362449
-0.0366985402035724
-0.106767321587252
0.194393368157425
-0.023406078812488
-0.0381384990439548
0.106825203280085
0.156534116540531
-0.0247131031922626
-0.0262393397192588
-0.083744324694191
-0.0137738204163635
0.151372924082191
0.0367776019939794
0.133674719741373
0.0517649560440138
-0.0406662695977392
0.216803121263921
0.109346677758234
-0.049691544529733
-0.0806372949485833
-0.0475679358761524
-0.0672402343735422
0.0422566432851043
0.0818961682756842
0.213070362679825
0.125847296513135
0.0391647827810369
0.0515368836149947
0.0484162606102183
0.0498764090088983
0.122969089981898
0.3490817000484
0.106513763663885
0.0665438542625252
-0.0279986311653301
0.0590572837789072
0.0904193848919085
0.135024149753699
0.154139905483153
-0.0107238767101325
0.0849226344470485
0.200920257571266
0.0845322499238172
-0.0139712735678576
0.0969899130321123
0.018710352931037
0.0904249003182493
0.103852951345498
0.101262911839391
0.159722367482981
0.0695186601792147
0.0638725346544279
0.0999066990315037
0.027836729252492
0.134868643216923
0.14632618310873
0.133522486106196
0.211496909797811
-0.0516849805569183
0.0800305754205407
0.16116145128396
0.244605918264614
0.0350096468045815
0.057543061757935
0.192924661317879
-0.0205306051387183
0.202563172355008
0.0277322468712841
0.248397589352062
0.183029186045715
0.134313450492456
0.111944558662996
0.0954511739735845
0.252695876035855
0.0639519621361928
0.231143722311453
0.0442883454111501
0.241175116573846
0.21427072102167
0.131831039469028
0.0940843481312391
0.33894270132843
0.214096522036127
0.227366678682118
0.186020524478898
0.0808394547019884
0.0494805890986452
0.111929966948806
0.0147571298520189
0.281043225967026
0.267863285685453
-0.0147887079411658
0.247615931391944
0.310003198660358
0.243931701687356
0.23583579582676
0.192271319535159
0.13628381299799
0.181360994264899
0.274449193059974
0.0840204558385747
0.314996918412446
0.286983923742777
0.157798230432871
0.215391642820776
0.233501983422037
0.254207295792218
0.273745850055349
0.0868454798888748
0.192047785481494
0.27757505715704
0.265302973121051
0.39124971486527
0.269511840530289
0.236945242573196
0.287810870401533
0.242202588929483
0.136196651487703
0.256793553162427
0.304145425748766
0.0501033197576082
0.190631568720196
0.229028021552694
0.380834488025285
0.160123248961319
0.381132528731805
0.387324578504854
0.269289257386987
0.153587298554177
0.275008594857332
0.267283657434005
0.331724859854698
0.192178412397766
0.384830247746635
0.441745069966334
0.274751294423679
0.245642105211503
0.261145839818249
0.219544412979522
0.406710307956514
0.465729383099754
0.330468958692609
0.202602172975313
0.122669631610611
0.453562527239696
0.29432343078099
0.226322037684638
0.330574925563187
0.238415218599667
0.413213688976795
0.289445835192997
0.294148677533881
0.262355462691607
0.252428625037177
0.383762522007852
0.296697703584901
0.465918476696728
0.293832761880458
0.379339977730797
0.362443550017195
0.383688949205491
0.311039434267676
0.238414354711875
0.40568632460641
0.318162146453011
0.455873152436568
0.315285323293663
0.450055504031826
0.334369178001486
0.292447092865296
0.370055168133768
0.469355517397864
0.442200297855911
0.414761424850877
0.36288247794366
0.351019763260359
0.316884317406118
0.157663394205492
0.416455357813457
0.193970588737546
0.218668297214479
0.428150249241882
0.428367477365933
0.412451793784589
0.35404806933269
0.322463651567265
0.360963455782823
0.371425806495177
0.366169716840994
0.336122230367221
0.35404382027527
0.383793721114868
0.338887444370166
0.280976863689798
0.383944140113123
0.455299422747494
0.349483209478038
0.422823444697534
0.322576861735031
0.344901938594481
0.294407989393197
0.237449573832693
0.574635588446608
0.446788226946369
0.351944594024336
0.432198841661001
0.531809177023724
0.422505535168204
0.464563356993457
0.357514884710832
0.342746445305192
0.41117836061733
0.346105620480394
0.322801343735111
0.399194789818785
0.276213292025104
0.432509638682382
0.502796852542228
0.474151111595941
0.460249118251261
0.472136915332133
0.534094907352524
0.453863778435338
0.51969963227224
0.398643842681777
0.625781497991706
0.372674940513473
0.538339016182313
0.423068132648762
0.413971316160793
0.505539236633717
0.415257229165358
0.549659885609795
0.514727692569389
0.33951254205046
0.373770497630889
0.412134387604603
0.402759613870862
0.590529560663017
0.611150632849289
0.663622936831765
0.44573472324988
0.471972487217338
0.585567624411523
0.506039117261546
0.419680927730097
0.488643385974172
0.459430517382416
0.532624100001356
0.495430160244535
0.624567449928289
0.342259597247549
0.608952477933258
0.579398200787377
0.455449971100066
0.625081596755988
0.548123974793289
0.582919558605877
0.667927968836937
0.530445005834137
0.446545244344693
0.461737482654073
0.592876753000912
0.483421298311773
0.484024850945561
0.591865607654484
0.574115782145684
0.512868399117463
0.573740756480239
0.515636293740837
0.753706359218979
0.706777118298168
0.389606394867052
0.451300629962421
0.568712449071597
0.573089902984656
0.473797041578514
0.388005674217436
0.470750701758244
0.545605580220012
0.57974483711111
0.604743733295893
0.451747161533617
0.689700824405473
0.663648211907829
0.578366403891863
0.567985608875871
0.680963678336121
0.426096429038441
0.36442790467897
0.537152001493758
0.545149412774519
0.543552574200235
0.492168800968075
0.431665782922878
0.564815670230037
0.565593058256377
0.830412977995273
0.678594838967822
0.571324530507435
0.625246428267078
0.701206978973646
0.629688969710911
0.672165471468507
0.651939709163783
0.580727840290045
0.570210247097177
0.576827953661342
0.675160308439775
0.509592169575418
0.70462352159063
0.690434248896302
0.678477670563094
0.734160111229435
0.584861268505018
0.691142318764901
0.626990224431202
0.672344852314162
0.612327660169208
0.729350993220518
0.821389590669463
0.809752177369131
0.63966714669246
0.616093217695687
0.672972634072923
0.800640159093651
0.653929519810229
0.708367765844484
0.706917312671194
0.667264741263824
0.564064081917109
0.6051270217578
0.638822765687283
0.57695635414446
0.787431921253636
0.596702849839969
0.615778017669986
0.492959589346707
0.616213984871872
0.639605832113564
0.519696308523386
0.66845463821472
0.639472455202732
0.734501207448956
0.609423389946158
0.711939033597446
0.643718237469353
0.538333954418499
0.609727406341316
0.765120503592529
0.789001112541871
0.820471440528905
0.72744949354034
0.746032153298714
0.778854808458028
0.637747381560312
0.602345383262179
0.7607402899483
0.730582605966859
0.735744527467422
0.758597158751216
0.801491686431994
0.680479421204307
0.811139408652937
0.809157900315269
0.649994691226224
0.645439207938505
0.669045937665467
0.714552532208886
0.833250756670032
0.833809721131527
0.606542183586051
0.705433245406152
0.867141495785445
0.791900335729237
0.812993871374086
0.641584976738247
0.875622533348435
0.773629975541842
0.825626655097718
0.752977943229122
0.789103238423485
0.924403857958892
0.657767898922292
0.836611067510617
0.804241519397924
0.788933390080616
0.728755315987227
0.778669480195684
0.875530577720836
0.800231956111869
0.796795815744837
0.761001061911404
0.773432337071099
0.742191526425687
0.777063587487004
0.836632963717035
0.692332365632824
0.572521136628143
0.95395732712292
0.69244250282287
0.908757071425425
0.867542342939379
0.857327726974948
0.705953842017697
0.847305405368404
0.914609589608494
0.725951985750426
0.811611606892287
0.829045810229558
0.893873563614008
1.01766129596787
0.846336612245973
0.669799994412082
0.764608582123106
0.804090073969743
0.907180300884598
0.792251698739782
0.83740350275511
0.858836563077605
0.828106389661136
0.694656499766791
0.885938532800479
0.837097052519705
0.946408122722806
0.886938721746805
0.729187651787981
0.971063111095724
0.835617586773993
0.823089809941383
0.719371662752059
0.847674444994142
0.8131681916816
0.863596199621868
0.928512953563957
0.870971273708466
1.03686456775458
0.878721193022201
0.895580992390718
0.677425646780691
0.969716537544156
0.95412207630862
0.957213362786656
0.834660968009728
0.937545936547969
0.868373967657659
0.808208550695261
0.817631841040193
1.02081073669524
0.949265397376307
0.85372113649376
0.910052906223092
0.869398499377796
0.911876658099762
0.94798417378192
0.923248485024065
1.01983816271563
1.00135384523339
0.908990812100224
0.818409508124354
0.848554893192031
0.892434361562833
1.02531071056394
0.931532641744095
1.01962698473774
1.01351073698154
1.00303285917339
0.903210345670455
0.827652001740123
0.883599257728056
1.02309670077532
0.856357034037865
0.915096181007527
0.957029289930303
0.903268441388057
0.85873028162976
1.08915933184598
0.904760711173013
0.7684459058231
0.874875705845453
0.859520414189611
1.01951450070411
1.01645759056361
1.04982342338349
0.943205639437205
1.03908807634974
1.10606118492973
0.986969668841501
1.06023309965697
0.986606222885302
1.08730982735221
0.96635682053837
1.03803366918029
1.01525068015813
0.944346814757028
0.953593515663933
1.11107746976601
