"x"
-0.927979309216077
-0.833597744556359
-1.0725355958331
-0.866216534553791
-0.885134953499525
-1.05319292902083
-1.11930101546669
-0.959192712733321
-0.94014864545856
-0.912760940688296
-0.980446207789325
-0.978342111641901
-0.967488705969824
-1.15696277143806
-1.02645807038283
-1.0030373290343
-1.00455481207562
-1.03092830909829
-1.05189680298852
-1.03956316682576
-0.966648570373754
-0.875148422574588
-0.978596322078793
-0.864555283091483
-1.01836256176346
-0.935386776431631
-1.08063947361808
-1.02213897093326
-0.989817536994665
-0.889170813615074
-0.970964808753183
-0.82534752550032
-0.870005519590464
-0.890966491613763
-0.81405927649942
-0.856361591514405
-0.722039199969149
-1.00666123220266
-0.885812210046307
-0.886936385995299
-0.898420013083153
-0.865993026197184
-0.88662073748779
-0.874346697020208
-0.83533314653579
-0.819472774395166
-0.92609226576583
-0.964860480060896
-0.989890252208805
-0.802048502689798
-0.884997260417558
-0.883935308897244
-0.734864127993578
-0.845839874322137
-0.836273719677085
-0.998254963867773
-0.859824477400682
-0.996053912457043
-0.836209590030018
-0.884401866920895
-0.789407350353066
-0.940384715918809
-0.799419536576775
-0.922149683064784
-0.969664477710569
-0.921474750974486
-0.830599455896627
-0.906542278971022
-0.90429912354924
-0.899408681284663
-0.797000508542441
-0.822020116337973
-0.970659013777397
-0.810876945697293
-0.746342102480258
-0.84816490198607
-0.805113258521964
-0.754149746753211
-0.714044450556637
-0.870587581732914
-0.830083661740784
-0.702957620516951
-0.910708990892148
-0.768856482347609
-0.832605407936369
-0.857226772372599
-0.861652705830837
-0.865977724972716
-0.826076384438101
-0.827573624118048
-0.713512684805883
-0.90152712854048
-0.891236482515759
-0.709132092909944
-0.87950384025575
-0.757958299359821
-0.748179941775358
-0.661982589769692
-0.72861768433288
-0.876524783868279
-0.817194348667393
-1.0766990632519
-0.73878636558689
-0.784525078559172
-0.537595318969365
-0.752893959209971
-0.833755681312125
-0.830050535300963
-0.763134589728518
-0.816040169822333
-0.733415056701817
-0.786708989934299
-0.801166514474536
-0.67037209701896
-0.8147881245192
-0.805088865652341
-0.735232162189876
-0.763861808689591
-0.64004187074131
-0.850368459356939
-0.618480384135615
-0.832377289295715
-0.883031640570853
-0.658114075375142
-0.886049049758159
-0.749780850495461
-0.798402307881955
-0.613999388635709
-0.877932236320804
-0.641070102195662
-0.700675218714418
-0.675969884387403
-0.693830511032226
-0.702903356107111
-0.720607037245042
-0.692991594757509
-0.720898061615766
-0.787652557799045
-0.687916857672126
-0.851140030839329
-0.789471163764981
-0.769135658111675
-0.697301389399248
-0.803983980146922
-0.70661646602609
-0.43323533090168
-0.658447841594586
-0.753792336661886
-0.786074845672388
-0.679776805277807
-0.738939312525614
-0.626615316939595
-0.752508833227712
-0.693988078294027
-0.745755588013469
-0.67375635637391
-0.722882327046018
-0.696854713606244
-0.787279179760719
-0.77012204943994
-0.754490265411396
-0.733699664813831
-0.599197491137756
-0.659486888312026
-0.558461084672258
-0.762736156993049
-0.593677627076785
-0.650832872624366
-0.654561681350376
-0.656358824084137
-0.650559692065189
-0.71433284911605
-0.639123909872363
-0.726075222050748
-0.727347344462595
-0.636605671516429
-0.680584666664421
-0.563750680918565
-0.730492858229996
-0.682851407154957
-0.791302890115342
-0.64520754009891
-0.710306757457015
-0.551618128157633
-0.693363354477244
-0.666445750479086
-0.604268342817491
-0.525774229663732
-0.661359423122742
-0.555276507078787
-0.573398205412894
-0.492567830142911
-0.616634539975652
-0.454977980937289
-0.66985378982633
-0.562071813086013
-0.612683767764628
-0.685239614228973
-0.514041271272038
-0.534983376721809
-0.568758602400512
-0.542052357418342
-0.678110933939321
-0.605377751981224
-0.625044369051546
-0.677165354927177
-0.530158325458825
-0.684821825308032
-0.698219068576853
-0.55969384738724
-0.569375213300297
-0.576446989002474
-0.448215989706023
-0.508010570666912
-0.580863460305153
-0.449754741381678
-0.604373526522988
-0.524411848550083
-0.601220627143755
-0.468533702252916
-0.677106805564655
-0.557998246215807
-0.668580045083293
-0.457020962585487
-0.523758220138692
-0.577808355733587
-0.606002460880864
-0.508934937402475
-0.61473722221253
-0.55953322417472
-0.587167859067354
-0.474012429281278
-0.396871296377874
-0.520186295849005
-0.526440512708148
-0.505663440661693
-0.4323510604696
-0.491988940700824
-0.517614839730603
-0.451064792668592
-0.480783432403999
-0.557556014227189
-0.510625224450051
-0.648026130881846
-0.534361478168
-0.476194593644198
-0.552400718349161
-0.484327672949426
-0.570251860324527
-0.437182736927181
-0.551202559136381
-0.461153637045673
-0.407926005862987
-0.343587995208104
-0.577293080610954
-0.401764173207733
-0.527396063300697
-0.558520672931683
-0.445603985172418
-0.444542663432731
-0.49667162080797
-0.494304990465295
-0.34493987494124
-0.647785349787899
-0.582260386216718
-0.488587424316617
-0.539559982849221
-0.388603267497308
-0.479660447051832
-0.380624677137536
-0.385493754954252
-0.533173411780093
-0.562324269552276
-0.370928967843561
-0.396697724198752
-0.50541688133811
-0.455167763575079
-0.391880463572365
-0.328604273335817
-0.481932874126209
-0.424591705526467
-0.314628073196312
-0.429219944533803
-0.393652172963298
-0.423820526386738
-0.436847415086631
-0.505439601683601
-0.490787556876308
-0.505385204633126
-0.399726317986175
-0.541866618006139
-0.449131049614958
-0.285023403380697
-0.50973322032672
-0.42909359207061
-0.425747972424955
-0.500294464665763
-0.28911774515398
-0.497493267002297
-0.412994391631908
-0.416090166980795
-0.456572173911208
-0.479501386755057
-0.332459171734862
-0.452562582783385
-0.399483561264485
-0.485043746584313
-0.430615638242003
-0.378920163693128
-0.517913843390839
-0.433660802770385
-0.364653042327065
-0.481304435532972
-0.401912348303386
-0.588271329686134
-0.330883748885684
-0.25692937757007
-0.31571060655732
-0.356917377856125
-0.481407592137887
-0.331533689566459
-0.343268682522443
-0.444548374365435
-0.255391818847004
-0.454258182724444
-0.363819098020573
-0.43752578811818
-0.347260083026906
-0.199925852404113
-0.256950917861794
-0.358831071010608
-0.381374713984472
-0.353363834846889
-0.418716160276335
-0.254936545726814
-0.382001662700159
-0.325809159577858
-0.300257772099864
-0.342480370530209
-0.312322668770134
-0.293477606836835
-0.361251128138013
-0.236101174827169
-0.193092038191452
-0.28506587067431
-0.378539080842964
-0.164860585267986
-0.275899306203969
-0.439027646649415
-0.326475527540771
-0.254898311258946
-0.345906050847587
-0.369940799232259
-0.330550335305191
-0.151001523166677
-0.223448206945447
-0.164748475436814
-0.175723328714657
-0.222267586828355
-0.487934056486741
-0.330327314185826
-0.174208592574517
-0.302552964684331
-0.26203748379836
-0.305225944836979
-0.282193988598604
-0.268238018657344
-0.121406854641153
-0.192388846841819
-0.222621848123136
-0.415662889156857
-0.250201976960455
-0.138379651147746
-0.248485019230321
-0.368459252171933
-0.235345861986794
-0.435671984271128
-0.184260195958814
-0.258616414622148
-0.0822132640229168
-0.110434702787521
-0.148818234116282
-0.220988850345021
-0.215722307317194
-0.242649581619603
-0.349375958127614
-0.201853731686975
-0.169588105593099
-0.110239943323703
-0.271996491012955
-0.170549484078129
-0.214568461478319
0.0133116614621261
-0.325607306834326
-0.13971882640267
-0.266056493016191
-0.0782273040746696
-0.103758862438757
-0.185324796643718
-0.0633070949443826
-0.213297607699227
-0.308100951048549
-0.28663697736711
-0.0958973531231765
-0.151354367794599
-0.0984249176577344
-0.1150430740305
-0.100303621291044
-0.337127543179317
-0.212462666405499
-0.25432343070836
-0.242079657517007
-0.0718431184959133
-0.120265018216926
-0.218962718530898
-0.0717154462914507
-0.125046202070578
-0.108594449882445
-0.222050186384378
-0.15694410051695
-0.210052190543269
-0.322621614068939
-0.246203841416217
-0.186757278559811
-0.309554216035757
-0.133032944288009
-0.0784895661913537
-0.125985891454556
-0.0685908027788664
-0.131664999422506
-0.18297030137045
-0.0998950560756636
-0.17497634373464
-0.0551963471260676
-0.184327004491316
-0.116581865041725
-0.0396622333005499
-0.206718744475199
-0.155811289373362
-0.0659740886537619
-0.154838275882332
-0.120954311412071
-0.127301651970587
-0.0266388490482061
-0.0476854026580572
-0.0868577977132855
-0.20142378725125
-0.0139614913208272
-0.0674972175737014
0.00776863268116503
-0.115140199822548
-0.0497445738353066
-0.102397855120223
-0.0988384044373724
-0.139838686139958
-0.128019622618847
-0.208072940608224
0.0878847107210717
-0.0371122620947479
-0.0250048251057445
-0.117830411307145
0.0109537431382372
0.0956850239839192
-0.00615522559707838
-0.0692313311753287
0.0215414281133653
0.0787150725726822
-0.106192644870962
-0.164205664328526
-0.06078889190833
-0.201410673757471
-0.0169992395974674
-0.109425040288468
-0.0241119077000581
-0.0232444842266431
-0.0460328055158137
-0.0344776879733059
0.127772649629177
0.0432945568453817
-0.0893730166199707
-0.0691975262370442
-0.0173029560954948
-0.116856649317765
0.00144698292429782
-0.0959099213975589
-0.095321266085794
-0.0122267222211349
-0.120166608598197
-0.0748224485825151
-0.178818886428525
0.0197758628580111
-0.0599425187824224
-0.0372610103208444
-0.00888576039083563
0.076631391946402
-0.06999486852892
0.0192928080417088
0.0122581717369661
-0.0327008813984693
0.047670488232453
-0.0947122089513856
-0.0748528584008533
0.0345471253668093
0.0072988067187296
-0.0106613227822193
0.0447964811014695
-0.0362463416840224
0.039227305812799
0.227851190120952
0.0508745495720397
-0.000316295658634464
0.0487712686114067
0.0466807871605909
0.0528105853921521
-0.0866884959447708
0.103123314714098
-0.0371194717966294
0.050355918776442
-0.057701999564464
-0.0680355394594477
-0.0462859380921897
0.102243188750118
0.270120349141571
0.0178675039081118
0.101175724549454
0.00507157745263388
0.0333851907456833
0.161866447986806
0.103143620461968
0.0554190724505541
-0.00690292243716832
0.156656990810329
-0.0116361301068377
0.188491157716447
0.0606308529505192
0.231181157620124
0.211624681267708
0.0662753485870483
0.0434597029367206
0.102321487659936
0.0723667274556809
0.0370333189760592
0.138997300289029
0.157426257923192
0.147546006796559
0.0422058169059821
0.104122891998832
0.0261866379434865
-0.0674273884389579
0.0955382761715556
0.151657697492652
0.0792878107523022
0.106981880039804
0.204336361757381
0.158952444888523
0.0773970265403038
0.115301469579529
0.0994327178312824
-0.0100730091023174
0.129785538088695
0.113174901853853
0.188146289964552
0.0303076656861007
0.155173921455974
0.314317946568464
0.077113679161682
0.153292653997618
-0.00460168218148021
0.0865095765128371
0.156445904300414
0.114342707385005
0.144405859403723
0.27549794235858
0.0659144375738537
0.183395156784949
0.205430462900165
0.219082487187221
0.140737980675685
0.105106663096623
0.292148056935142
0.046086938961462
0.214136145120671
0.218992634147913
0.113015639134666
0.173839533192725
0.291132776257781
0.236699995467336
0.212544662998943
0.136641175009195
0.168793767404423
0.0789467036867589
0.132875831277479
0.106055769131542
0.205135764107146
0.222220356598389
0.220209217896316
0.145686713161043
0.263279996795993
0.252832483956429
0.224954989341388
0.277751365421485
0.19421585048293
0.164437800108355
0.153484058941448
0.211401680782032
0.186203179593715
0.218503669878301
0.28191915032957
0.175309754454397
0.117112727449929
0.199816304831478
0.166022818393567
0.2293278770418
0.193075438174667
0.261452598234175
0.184252119609031
0.199142446508947
0.137469759297339
0.184011370081113
0.25736890051542
0.187816383539636
0.21776048910081
0.265320753230766
0.39381355396926
0.49505846085471
0.259754238926027
0.199351965940694
0.206905946070229
0.213899625488388
0.239580881410796
0.214171759863063
0.172163368725628
0.305502773714544
0.120879419589912
0.365581375560399
0.422133482157561
0.192902503634633
0.248773614421031
0.175698371931089
0.408470563661378
0.257147389425003
0.190751486513415
0.295645048735639
0.310484028541741
0.157508419659053
0.294577559582215
0.335844164292638
0.409482327086155
0.161315086233366
0.333893010405016
0.433854863854695
0.291055423594447
0.242767701413072
0.345459061256396
0.155147402466449
0.407870512189506
0.389551966369631
0.316335088384342
0.493009881149428
0.428986591608486
0.281086678577184
0.291880154434922
0.340965349543319
0.202403545115309
0.377892388602801
0.224686728468479
0.273753663672736
0.366944187276669
0.337733883368416
0.260247323520957
0.408080772759178
0.567224318997744
0.45136129267581
0.27856361561996
0.236493636698196
0.442139240749358
0.375301701577841
0.347576924422144
0.306012823281855
0.403430356762902
0.410477975007361
0.386798055564426
0.323915123587481
0.239648924863803
0.387550525591348
0.388176437775475
0.353421374621348
0.327704311834224
0.437731086814142
0.382282309934114
0.421751697990953
0.313054317694404
0.446261847956228
0.288894570198212
0.341083978831657
0.253728231435902
0.211655715571855
0.455226090097373
0.429158530494004
0.413661467007812
0.320810668190838
0.407064637523833
0.450239958340044
0.515264011240829
0.412165124635537
0.366226769924655
0.426064493100938
0.428396433585149
0.481297823281675
0.441133418080485
0.343629853278556
0.616543912903445
0.438324148343598
0.562966402023413
0.508237435141985
0.489062655851842
0.52278393195448
0.445564365530061
0.451506535064247
0.537064131969158
0.49842538571355
0.388926379295151
0.519891038154602
0.475775308424123
0.483892499429793
0.412705344464524
0.388211690037411
0.308607321687803
0.316550494135401
0.404147969639665
0.385457023606478
0.442023771526035
0.418951819659232
0.502672055230284
0.431465854233988
0.480274548242982
0.467559303622545
0.478682876555745
0.499996877908515
0.556970195425862
0.377533242671575
0.566948118710486
0.518208046594519
0.388766480223249
0.414596495268458
0.405485443126674
0.525986378194413
0.342176019142982
0.599110628564029
0.575093423989457
0.424787045959643
0.515419653776058
0.609826484566081
0.557997864827865
0.558262587087867
0.581868818576461
0.434429460645079
0.414341340361816
0.540515448629955
0.569578521557368
0.416975593286633
0.393277393564025
0.636925909872025
0.553922888581064
0.538830129374261
0.582520356021818
0.563824552972776
0.533693938067095
0.511331389294931
0.60403338418074
0.453843566207243
0.591893374199222
0.544385620915985
0.43027777563106
0.650878778444784
0.578520156903663
0.647407836574279
0.47906257133674
0.500464778856211
0.466363538813653
0.664033801936399
0.489344789672992
0.609732771758789
0.618711113892984
0.543165584806055
0.633846795894982
0.625425756667432
0.60239753063897
0.68814648183865
0.62055484992077
0.705985993556753
0.517647333526061
0.561620195854952
0.355356659919516
0.520851020741158
0.519954115085832
0.523280842489117
0.637138006597319
0.578087184252579
0.66472135770389
0.522007260951002
0.478733485971969
0.605158165825532
0.768862249128206
0.670621680889775
0.642120584684086
0.454033534219814
0.585163360598841
0.618770255661002
0.591835572741756
0.686686589988994
0.640469219822562
0.499881611402482
0.627423674248617
0.672616746307258
0.562159443855716
0.708560523756407
0.772261742415636
0.446670085204293
0.761744440632394
0.549015596102486
0.740841537972047
0.467731229864867
0.588344217442782
0.691565977861156
0.626639381592385
0.50449889868093
0.668700844816159
0.566934039458093
0.722622263166668
0.692568988026467
0.670309278715841
0.564717456078513
0.814702719045329
0.74149944537956
0.528106837686549
0.669943548342197
0.796986782957122
0.77509869577777
0.633361104043597
0.83075775532452
0.565783887249063
0.652151965166871
0.733474951196527
0.622051295225961
0.675869280565146
0.757277211502863
0.691039132949242
0.756019649398769
0.675235287192834
0.644943441800765
0.740935208555156
0.623420298550998
0.738036896894106
0.648185407923508
0.78445339568861
0.690939825430753
0.768349129050429
0.529102042169956
0.843336942477243
0.740178699676496
0.749003387486223
0.700722388383642
0.739634108787302
0.641707350139194
0.704408130092455
0.800854189629931
0.801979857756594
0.75947616801848
0.684232375289779
0.574526146185144
0.567114903868552
0.809287067879362
0.784748081146211
0.686677068308368
0.772868209707499
0.713276013262511
0.663217002486628
0.846530428775777
0.865131687823996
0.705756446194106
0.792934524805537
0.770952085273809
0.697260504984926
0.771868713984036
0.814873503403726
0.840786532268695
0.878355063926561
0.801119974306008
0.758466006030345
0.602706205013187
0.821460408808252
0.536777268437746
0.873367743900504
0.816976713523944
0.875256224195912
0.779523399648478
0.694863787496951
0.792924979418444
0.778176879494809
0.74014420143721
0.768776261834471
0.827930593721255
0.792670233819137
0.735568660386571
0.640445189312612
0.9668164508119
0.723919756585982
0.82570660229336
0.722575927142892
0.808909260093903
0.836016321650094
0.973176478495661
0.861274883971519
0.741479386616095
0.880454889557268
0.744263089955049
0.734424272258426
0.840040428583968
0.813786282681596
0.785108324371742
0.873754453559961
0.804339335266549
0.928423040981537
0.779344872424696
0.944718618188309
0.913800925402749
0.72689533575135
1.01479420120034
0.79117896073794
0.88118674693885
0.78834279462867
0.833293933541078
0.927512702332454
0.819688297423162
0.843551731602279
0.887164654579766
0.855960543980779
0.919019654577338
0.932203683035707
0.929198078703199
0.945293886833605
0.856776334563167
0.875228040885886
0.839535623754521
0.901865179009447
0.821296252250754
0.739696461765613
0.900635131542155
0.925416545601154
0.987627430994281
0.70430396709015
0.865527473672164
0.906120085880312
0.817831286918047
0.748829768026765
0.759095535599757
0.811019797203974
0.862926286162525
0.813965099479929
0.873725851761234
0.892480210402538
0.978543864789855
0.981987953028181
1.00887048998176
0.766143713312136
1.00702507350539
1.02725192084251
0.964284559489252
0.928785023418441
1.05869842353765
0.935703963552825
0.886341501702754
0.98004594733103
0.893620049472518
1.10156320293744
1.01699432279155
1.02499929196815
0.822327963145255
0.918504272813985
1.00417830235565
1.08903709218376
0.969949701153959
0.998977111817292
0.908033932710395
0.939011709793973
1.05271480565839
1.08117836870227
0.987896726617292
0.996778585396831
1.0579232409788
1.1107987854456
1.07775975861723
1.05914431043735
0.939375075075287
1.00899459726814
1.04453065616171
1.01612473296693
0.890063213802197
0.987617613955373
