"x"
-1.18647560593664
-1.09523839382581
-1.09346571691972
-0.898741087646092
-0.909989874216066
-0.945899086481793
-1.01432801205629
-0.916787024390825
-1.14457344136379
-1.02627740348294
-1.00216117667012
-0.986955062544661
-0.917578427840844
-0.857936366182046
-0.923988306627126
-0.988181404482603
-1.00394913345016
-0.973535282431663
-0.966547667478953
-0.881171198634342
-0.912213888097903
-0.976883413318407
-0.843683520090639
-0.917378602053026
-0.974739510267791
-0.814930286013311
-0.922141302997254
-0.890336402351813
-0.937399467054669
-0.96430317489479
-0.96686521197113
-1.02026121223143
-0.922583191919245
-0.919762848850103
-1.04058773284439
-0.927019091522048
-0.925540013355165
-0.916562327203881
-0.824566818646952
-0.828490889480215
-0.88129699289364
-0.764195397179511
-0.787430992475322
-0.806722999812699
-1.00371757130208
-0.901698693542897
-0.877232530875148
-0.946064272939773
-0.885874487769149
-0.876145219729859
-0.800395419079767
-0.982292249724622
-0.869196621633504
-0.849550362890597
-0.91366623278037
-1.03252637501618
-0.924309875791437
-0.90904365948133
-0.966637744827691
-0.916264416947462
-0.741011354439796
-0.927193073548527
-0.909951893387772
-0.75531209744738
-0.809402537682293
-0.694787303946327
-0.898428980137848
-0.843675126480297
-0.823580959923742
-0.829177922257906
-0.852155855115874
-0.829259856227749
-1.06904303105751
-0.949754747732037
-0.955779404056431
-0.915188521567817
-0.852294269844568
-0.718171260077559
-0.76431911896697
-0.81253112380878
-0.835724063440545
-0.843959904179565
-0.854916674779077
-0.844648299989649
-0.796239461731561
-0.741778785943823
-0.790017226826202
-0.899770036394707
-0.864603030472337
-0.783551301829025
-0.729443115873467
-0.733435287121041
-0.780452112330212
-0.642430805675662
-0.806311393101546
-0.905056136409616
-0.843772177011131
-0.731962651449868
-0.777605452867349
-0.746342485148147
-0.880621448790935
-0.805090319137441
-0.813776873766096
-0.874209585878375
-0.818139890464625
-0.864805336159555
-0.778958822347735
-0.789074028775329
-0.827287124900474
-0.791170084191509
-0.784306539131042
-0.80354685404277
-0.790202786417929
-0.632298982995914
-0.795440173038012
-0.904280595652036
-0.660233641530219
-0.727784840231765
-0.618538712783406
-0.65226535829916
-0.667022108727576
-0.792878159559225
-0.695928320496322
-0.78599880443272
-0.720900546793087
-0.681457724197227
-0.727621872097817
-0.567340342261445
-0.67568036751126
-0.793930015914652
-0.674114490464564
-0.867598223556069
-0.630898459937996
-0.634946797060436
-0.731948616967899
-0.796947574941794
-0.738135393573031
-0.727851557230056
-0.657517206107672
-0.758391034065178
-0.684411797512759
-0.759509555854972
-0.781914364644021
-0.85130744650741
-0.623383485278348
-0.771891188607269
-0.637360546987475
-0.763144874573162
-0.770285238967001
-0.730412705320366
-0.548693534346849
-0.66957320425909
-0.776735081899857
-0.60665464657475
-0.743562852365073
-0.721433804026237
-0.600018334000302
-0.726006141673073
-0.768496516654624
-0.758925125405346
-0.703636799994784
-0.779584210571635
-0.593862747697058
-0.596546232191425
-0.672680702183843
-0.563539200296465
-0.568857028570168
-0.717062524796626
-0.563215049308958
-0.771018801220911
-0.720931305313899
-0.654913341456949
-0.737328457095836
-0.564008323993293
-0.715095629912859
-0.666914458675026
-0.688516752317097
-0.599938988807493
-0.671087047899426
-0.672807677491236
-0.698511604730912
-0.599987404353847
-0.598379622017811
-0.585254099708505
-0.669820943977694
-0.615239338868838
-0.604226175685362
-0.657319954079425
-0.678192620039618
-0.841912145721451
-0.509916136184488
-0.688933205762983
-0.638730710402644
-0.642215217276033
-0.639247222706326
-0.654437319665814
-0.537223549732336
-0.71885734831367
-0.553774343323556
-0.56784924491649
-0.584105230225595
-0.705571407245526
-0.649728824927475
-0.626470652957726
-0.615612974848059
-0.660908808399114
-0.425912043502323
-0.490901076505518
-0.77022476321579
-0.652243252172049
-0.564073571021232
-0.491075500052938
-0.5409177865077
-0.504309259998997
-0.707959021891614
-0.420256319908494
-0.417715004670033
-0.707736979520899
-0.61867907698971
-0.555382682998511
-0.532907639229387
-0.488796772184714
-0.649309241917947
-0.427648504563693
-0.48994671846201
-0.642064157012276
-0.678268080218843
-0.454016697194547
-0.410095954377644
-0.424078354168555
-0.616469804565387
-0.567124650735202
-0.36640946626191
-0.570836949357144
-0.521643606921279
-0.559279479125447
-0.570958210671639
-0.415777051910723
-0.588792016259469
-0.520131237542765
-0.575408898870927
-0.41559802234765
-0.585599942929391
-0.474760415964305
-0.374529483626388
-0.531226185235754
-0.582666311032107
-0.556261088262649
-0.437416191098974
-0.475329120942336
-0.58067750106265
-0.524031233582067
-0.521539997182134
-0.535201904400507
-0.681548272025533
-0.468343281975278
-0.412611943557131
-0.376020755890906
-0.478641158975963
-0.543398568687964
-0.476638652385958
-0.439417527533349
-0.537454692615768
-0.390299337919532
-0.495986198739051
-0.432159172741609
-0.456848781053394
-0.48672989023294
-0.358905913209593
-0.342930707780664
-0.49010606608722
-0.534480283683687
-0.480063679279397
-0.298746454463489
-0.465065067690983
-0.399631464852321
-0.376424988739577
-0.499683816767949
-0.552499542845971
-0.467799142523237
-0.316476156590436
-0.377196213129834
-0.539654387212965
-0.4193431554626
-0.382261771429947
-0.371250113887141
-0.462544044674601
-0.462289477662421
-0.320031557269747
-0.354601811026413
-0.423393213570916
-0.597621085216074
-0.377501605422626
-0.393951106348318
-0.425020336093371
-0.322050380647137
-0.531112448738783
-0.370340198391351
-0.474114258832595
-0.496151593560444
-0.339492105103415
-0.395235012804734
-0.348479744935526
-0.390135582295978
-0.221827786104281
-0.243804307075236
-0.392104467473239
-0.438838972174071
-0.30134388792639
-0.486702075613926
-0.320872265046126
-0.579252242916177
-0.452058690568501
-0.266327774248338
-0.402099493116929
-0.287075204260683
-0.410395105033265
-0.538545921024094
-0.283474582933838
-0.310608847280986
-0.3057626238915
-0.355701396610059
-0.242142694929539
-0.220086640305811
-0.332019108297838
-0.33075008083996
-0.354657774052087
-0.299395114318844
-0.468642643194159
-0.359366405778926
-0.33984315897922
-0.31493860869613
-0.116743699694453
-0.403537488478088
-0.445852791501813
-0.445084660730528
-0.327512992543117
-0.402200269927258
-0.295073402704416
-0.406546818230347
-0.273117038091852
-0.402348550564574
-0.314519425649599
-0.252618605705048
-0.340775119012427
-0.256511648160824
-0.426949332724285
-0.294135437854563
-0.249865358059554
-0.279812548560055
-0.470393969382929
-0.347610557090988
-0.279828072322388
-0.213960177682685
-0.288243714361374
-0.351812475308036
-0.28806680187738
-0.362366739662929
-0.181758246048477
-0.328280230465551
-0.244749431307168
-0.399860046212175
-0.343779667071092
-0.328616353068225
-0.277152546916845
-0.385984774461236
-0.28116368705023
-0.252238566768694
-0.153435151627752
-0.131829910259219
-0.147891375881842
-0.304974270216577
-0.291103911852958
-0.223483584556023
-0.318461392899438
-0.163685515751526
-0.277098355956903
-0.0561163669143011
-0.276753684266246
-0.444780572740564
-0.3304311923804
-0.244369403757655
-0.192901324738009
-0.384301568604395
-0.37647667683749
-0.261750085800228
-0.177554389296817
-0.158298089548741
-0.229929076232536
-0.164631666041345
-0.290410716991689
-0.133609778287271
-0.13006367876445
-0.382338787521498
-0.183026380044055
-0.305641364791558
-0.187934795423881
-0.144862743674436
-0.193307501779421
-0.21660716851352
-0.0994661381134094
-0.190139747100874
-0.338981802131107
-0.199837207984695
-0.0549450385956682
-0.346576394045893
-0.183881671130195
-0.192821121824008
0.00240316294924937
-0.173827458905116
-0.174697255088925
-0.0891981546770556
-0.237976354394851
-0.190624134122659
-0.163014103853326
-0.352834747218536
-0.0893485748524251
-0.314882701894631
-0.129200117300096
-0.102298355414568
-0.252670452922754
-0.147509041625217
-0.225175758685306
-0.252996623197453
-0.258936261327987
-0.110299643645463
-0.130656105327125
-0.0204506162355655
-0.178096662858265
-0.033865260421165
-0.228433096385848
-0.286528501818686
-0.217232506759163
-0.198644471293971
-0.249163837513948
-0.0551484793380129
-0.16880473468224
-0.0141453488890797
-0.0573108226515564
0.0461108686908734
-0.0148624181545172
-0.103073468241088
-0.000261508709541431
-0.187141068151992
-0.178663204426807
-0.115544819395683
-0.109614882489534
-0.0393572078700037
-0.183137695510452
-0.0889592822744563
-0.127164549215717
-0.0343319708629061
-0.17682379634837
-0.196611883256885
-0.144133724882994
-0.0742282149691136
-0.06313843125066
-0.0445979263496256
-0.198918743157266
-0.195619821416678
-0.12800508137106
-0.0499591963216903
-0.173534192570041
-0.172392979553408
-0.155458313014968
0.0359180467190021
-0.0811057423009561
-0.043627813235497
-0.151377971084246
-0.155062210241755
-0.164546290872564
-0.158005026040608
-0.229118547112205
-0.134245118967868
-0.074822170102379
-0.125046097181069
0.0931787164806952
0.0300419152164536
-0.143043427440321
-0.111637806327272
-0.141121636838314
-0.00457850357872642
-0.113182364242294
-0.174141653687827
0.0948237042152811
0.103219043343029
0.0654993306589067
0.0356232384434854
-0.170538585096756
-0.0516223103023643
-0.0386385138345756
-0.051224440506614
-0.00318968130454599
0.0352691690569449
0.0333375120532673
-0.144958356579611
-0.186689753084041
0.123116506041993
-0.0807978946066533
0.00450228650999957
0.057311075004233
-0.0860313871391874
0.0323795648161844
0.0453214825507228
0.0303155305747573
0.0325627801119055
-0.0941212134396156
-0.183518407375995
0.1061515301932
-0.0999449606567749
-0.0380514777265585
-0.00390060337626605
0.0690413619205344
-0.0995205499683162
0.0295878605983846
0.181350055887008
-0.0365882293416864
0.0508852340432666
0.130198355706043
0.0588551271251547
-0.0164242246892659
0.132147773202965
0.0157680855991435
0.0416091629691
-0.00466677854453408
0.192387224098973
0.140811756483908
0.128512109253456
0.0456348361879301
0.0807959935636253
0.110658507969863
0.0418520712649383
0.0325708615074243
0.135315778725897
0.0525624218176477
0.13185946297634
0.0251611918923088
0.0198400247555063
0.115156973534022
-0.00244823589308285
-0.0354520937235965
0.150812708710181
0.0682322105598351
0.0194262845037017
-0.0556474840404055
-0.0121252720955148
0.196621730596333
-0.00685456845920946
0.130423277618647
0.000949332336001998
0.0296378158198674
0.0899515062706403
0.0324843445958291
0.161154620853443
0.0931655430843645
0.241843055306266
0.0265223515486954
0.184648492363042
0.0465471898648398
0.145367833303733
0.0394000439541011
-0.0973440308871024
0.122231940567215
0.0856474663171607
0.20681868813765
0.252017437745634
0.247345620484266
0.0286007309393211
0.109839251979522
0.243859907975941
0.152024541328968
0.107117001890256
0.136723415848203
0.0980354314271011
0.148281538490051
0.141859454188303
0.0296531473326387
0.128827380095239
0.191025008522715
0.0776354504813271
0.353900086875337
0.0353630191213068
0.196910052831653
0.239533689732842
0.166807339805653
0.124162805158639
0.222138304646369
0.114337274244221
0.168085535352094
0.306648395763281
0.322570921773571
0.266864829129685
0.125642900725995
0.0834406014001919
0.140364479215735
0.181624218898536
0.124914271290721
0.193554561219734
0.142276180538386
0.304729939579937
0.126630772945708
0.0726244778098451
0.21091068374816
0.191243514406813
0.368939809478778
0.313574493689807
0.193162226911391
0.350819956658394
0.242660884999771
0.232409974996761
0.256488997337959
0.241958726543651
0.207440678849344
0.140424909574362
0.267015917969553
0.296011683273904
0.275517891602422
0.243122057877816
0.36191966018836
0.234411511328428
0.346476333246204
0.205595065578358
0.14132543074414
0.229752273016777
0.260828175216538
0.299933743182378
0.166631883745031
0.332487624301382
0.226969253194637
0.28406277981733
0.264644893978802
0.105201587639718
0.0924425808990466
0.179756588497994
0.413763866232
0.271113840428348
0.257662264861708
0.308584697151827
0.345395763724289
0.225412641145312
0.0979480800055279
0.377387362158042
0.308549080942805
0.239253567727036
0.353053419995153
0.077509184826949
0.335289413000386
0.221151938137878
0.247423686793238
0.274182965372664
0.266534163045852
0.264031983118704
0.384502997667603
0.324971462077253
0.418017531412521
0.385765593486485
0.425356793354948
0.218836151729424
0.376815974475419
0.276552358023907
0.330839993533821
0.205876357633659
0.367738180198016
0.212147808739097
0.518540229868222
0.454813149679469
0.283923773086008
0.329881601742044
0.382174422616356
0.361858686655822
0.24899344239388
0.262075198775899
0.323607828018357
0.35842630967903
0.40446338199642
0.387913710666251
0.281437405904513
0.46940265641553
0.442398441199874
0.409418128680231
0.482189211340613
0.501159279990322
0.352095388262446
0.395981450003458
0.537874496256986
0.163583092829234
0.364217585886801
0.414781882818664
0.258876091022603
0.29801747868195
0.236759091298872
0.534032467254375
0.400606866770784
0.307687724540394
0.483337152893359
0.417825330512998
0.386212566358512
0.3713622357773
0.443683723480309
0.336447402125271
0.502996568607775
0.419209380975309
0.429146134088729
0.396523851242076
0.433333080670709
0.375369229174064
0.420309256726805
0.444302349056856
0.376929509453779
0.414797372573205
0.425880895161115
0.281558775522358
0.401785060756885
0.390020457794365
0.491514444180512
0.372056654897497
0.464071729003645
0.371519375238483
0.429811948723827
0.441727291284657
0.271273680536352
0.40238480697627
0.555745541208171
0.470195364322926
0.555709183794624
0.608703126709849
0.440883813867732
0.44939909830324
0.309787864646027
0.533095162089475
0.45906050330188
0.357133149744203
0.567943453799319
0.505471370387575
0.476771761742259
0.563607106852761
0.440417064597899
0.524694417560233
0.539182757786153
0.5771921566272
0.437574905631526
0.573100543464688
0.417468880067997
0.535328293874475
0.400941870065433
0.381616000595753
0.446916616920283
0.72978899828664
0.512262906629308
0.499916409334088
0.430770695249124
0.510162671826219
0.564650432365745
0.550739664986317
0.377092942200119
0.578273691664913
0.678676409453744
0.451799220371555
0.471076008605066
0.435358448721798
0.37532302709034
0.533357522261495
0.563540891326938
0.48343761092909
0.531789861851327
0.515575807349865
0.442733362832323
0.42601270446404
0.528424391800304
0.551413074593577
0.602177865247822
0.644012147395773
0.6302539744431
0.370371882921345
0.503371921651675
0.565911682226182
0.609728748936284
0.580350811534609
0.435920441583456
0.551263608215865
0.627603888234562
0.607127131589089
0.554295881955194
0.644388520947035
0.551325599202723
0.542546404124336
0.62337524979235
0.578296826101459
0.666720779512668
0.561647534837302
0.612824443801675
0.377002354316816
0.464849094248872
0.594929556450368
0.55196910274262
0.613660236603615
0.528596840420331
0.558161498683359
0.539234235928315
0.553436242752996
0.611044400767127
0.546638807383617
0.447715624552462
0.844479797819868
0.655531929399186
0.582940166452413
0.594393611784869
0.711786633109555
0.49104456982725
0.691406791255171
0.606165623779368
0.601469317079057
0.590560568819645
0.627508749549912
0.614251689106794
0.634227551274723
0.730325726916914
0.557714935462975
0.725201909043956
0.552677418702677
0.593089846367358
0.688640344280899
0.608885125934914
0.572703571835571
0.771454886125321
0.738193638070615
0.620045149924455
0.667822219030826
0.664272959368599
0.713601070909271
0.708882895106356
0.661026913477164
0.746662449507249
0.76115558990387
0.728753050874261
0.575004355371956
0.586336818791495
0.693397024477413
0.74084628200265
0.740894227070622
0.667332619959879
0.510341532896232
0.620163497730483
0.777161935043818
0.612786888631709
0.719608975778612
0.687568819469327
0.803041555457477
0.663724066750649
0.622712222450436
0.578881543298975
0.765702304360863
0.755118479457024
0.612488605326931
0.6654406965886
0.689899359140264
0.707699338971968
0.713801646725058
0.659499201174343
0.740282857919802
0.594642868290399
0.880102412664749
0.633521295926821
0.555898684349954
0.777330303702518
0.731916264471024
0.764334191970809
0.692692005934549
0.82747074230718
0.717519558591013
0.737336344929041
0.700693155483716
0.706639482855791
0.705353066417139
0.838418394056377
0.889816415093238
0.883524385879103
0.745189275846667
0.666749391570607
0.55599230231167
0.719777176939436
0.727016512632255
0.821840462218845
0.745407501206767
0.692222809126084
0.879994600417369
0.714697850532964
0.86732026258766
0.785538423862106
0.693264049956546
0.863346430595882
0.726088882329331
0.94723358213291
0.762651194237981
0.682354682477145
0.843914385114679
0.834432675962459
0.688769638459248
0.757876619070078
0.740033889770257
0.852669005766857
0.766855593740703
0.812259089566185
0.693953782909402
0.651503905684995
0.844672842659569
0.833068255115288
0.81565766317798
0.847341546433477
0.862592794726946
0.914292679734197
0.844699338764671
0.788240175981961
0.921663960758344
0.977415744747291
0.763198506715151
0.894679612522372
0.68107834544268
0.74902688286823
0.832702979535583
1.02742437937251
0.764122649607746
0.89286979051032
0.824906423374357
0.679507313756438
0.846096486333716
0.924041730237193
0.775419557936305
0.773451679599
0.903026027430965
0.879720105247815
1.01022013590265
0.883509251300604
0.888869763866507
0.897725401748565
1.00738416678915
0.820184472163887
0.849073291148507
0.940370284932387
0.742988313959092
0.965877968950681
0.940118256608593
0.702036937885819
0.888645008386726
1.03016513186375
0.908719914799811
0.727858995794913
0.95844635788318
0.807197826931645
0.915631658751411
0.855923621300466
0.761819526148565
0.863632966001575
1.07421969009183
0.837300695418838
0.832040658630717
0.994188865916832
0.937743090439126
0.878491300221412
0.959647070384507
0.884429751793171
0.885258886429672
0.912168426971859
1.02882372827299
1.02918420796484
0.845148324117596
0.909857342231835
1.07693130674345
1.06958550390929
1.03301969160719
0.969653112555576
0.943722701802028
0.823088291813848
1.04074124295708
0.96821919838742
0.904790793618254
0.799369912093912
1.0313281973008
0.991420680744482
0.777197959721431
0.778266677085934
0.81347397878822
0.971454856282822
0.832986909535119
0.954218109716226
0.827374723787802
0.972479593355999
1.01871807468557
1.05293960207804
1.00253186230476
0.982760440355388
1.00439815822923
0.980685771555904
1.03925058229943
1.04547417846691
0.977241725627407
1.05974176826565
1.27000350462348
1.1250249508929
1.00460649021362
