"x"
-0.941471329850742
-0.855802533481704
-1.06755993833795
-0.853491127529221
-0.888609386363984
-1.03746026238667
-1.10900163921443
-0.944143903962046
-0.934985613098618
-0.918362175774296
-0.982845863476829
-0.995546714101222
-0.968105402927782
-1.19069560504333
-1.03155153016104
-1.03104195396362
-1.00181022079024
-1.0153466896997
-1.03993104000496
-1.0304053384235
-0.98030828794234
-0.853986259196594
-0.977743012224505
-0.866983554374132
-1.00556482603473
-0.945726341440422
-1.06413688939766
-1.03170389026691
-0.969799623512418
-0.894136438237616
-0.965161384410065
-0.84077057982958
-0.851171908328163
-0.887128450787614
-0.790303655359286
-0.864487301321179
-0.735782625557482
-1.00459661639384
-0.880485892413416
-0.896877872214935
-0.90061879791298
-0.869653622085239
-0.882689025406445
-0.879633686831381
-0.830364987101728
-0.809277327494415
-0.930330320773408
-0.944048159292704
-0.993893940300348
-0.797621733615741
-0.862614481009909
-0.875893026449003
-0.742058436144475
-0.854389402193401
-0.853205451847364
-0.993306655055868
-0.87773113240957
-0.993683028275425
-0.835817110565643
-0.900490935597831
-0.780721968734912
-0.928598712849486
-0.805968080693455
-0.934887796290141
-0.962133846724898
-0.914151213068811
-0.827405823892324
-0.903320149208758
-0.885997346776839
-0.890711663753857
-0.803730217249658
-0.812595160426121
-0.960999843684539
-0.821462168658914
-0.744737715635094
-0.836416003277698
-0.806142099520684
-0.74508182504358
-0.69211419542744
-0.866019150780715
-0.815537766173847
-0.688573757337087
-0.936340861395487
-0.771255175533578
-0.810367008050937
-0.857398127766307
-0.859558805803711
-0.851501579498061
-0.819977378495752
-0.839776204927627
-0.710218020620437
-0.899791779250302
-0.91384177449108
-0.724395532578741
-0.879937966912705
-0.749018350089162
-0.739833776040566
-0.663595482752201
-0.76353599556913
-0.868740952205634
-0.813155801743554
-1.05739548176948
-0.741355716502338
-0.798036219104904
-0.537306388029008
-0.735918165183705
-0.853903362825039
-0.817857600157592
-0.730096770628241
-0.798235636240631
-0.73274385262579
-0.790021057015179
-0.794153457472115
-0.695508893062736
-0.813608625682242
-0.824911402792024
-0.745210046164191
-0.78053870476453
-0.629377344219454
-0.834861626557885
-0.599890354032199
-0.853975044022238
-0.870304348662581
-0.670407983563931
-0.877421548675958
-0.739103804346918
-0.802925877266674
-0.596459358655203
-0.867433548871948
-0.660906635870114
-0.705486076050617
-0.682547313387904
-0.697639105367222
-0.676228012330746
-0.717593694884494
-0.687854169343842
-0.728480675927673
-0.774661356342475
-0.700168369885852
-0.841473499586444
-0.794754681145248
-0.757937384293533
-0.687315864126482
-0.818489839699709
-0.693433455945934
-0.433561601373296
-0.654312860493945
-0.748753785910315
-0.788130641241738
-0.666733626178865
-0.748898386205536
-0.618389997731169
-0.79009434259069
-0.683105001844718
-0.747601772338811
-0.656768955814404
-0.719309102402904
-0.704065931938597
-0.815353658035667
-0.757877418677277
-0.765884236100899
-0.729785478095307
-0.606311737858229
-0.64076607662429
-0.583569173018484
-0.761795390897298
-0.618380234999903
-0.667670325105134
-0.656550778211039
-0.654470131869272
-0.647322098205321
-0.702002008987253
-0.664381196509433
-0.726708196139553
-0.723580070716999
-0.645828162899211
-0.671582258086988
-0.610781426952057
-0.731193973894688
-0.667384809831693
-0.794931651806135
-0.658830381541183
-0.687686371768795
-0.565435843741144
-0.701677008393403
-0.661047359598239
-0.615428456495852
-0.519918752261839
-0.667755156433762
-0.566539139390198
-0.585063068360421
-0.496869141650374
-0.600229074270498
-0.471784989305765
-0.706175911828666
-0.557596897662414
-0.617436313555564
-0.711746445070263
-0.521472041711545
-0.543961972421246
-0.565571372897513
-0.546312819451767
-0.663580150306725
-0.605669055158688
-0.59176669260249
-0.666676747539894
-0.53928424846461
-0.682442741307263
-0.707490009059234
-0.553214800134887
-0.568437159224457
-0.57933514917475
-0.452571060080959
-0.526713088035337
-0.586432614096369
-0.459588468324128
-0.611215371189807
-0.537868838776831
-0.599211950388825
-0.496252261463069
-0.679174604876151
-0.573657829605339
-0.675470140020739
-0.460179877292398
-0.510455603639559
-0.583965938122983
-0.61212939948976
-0.503635540228164
-0.620321105584721
-0.560044423832192
-0.576439679816937
-0.49327220269358
-0.405775871376615
-0.538500208036494
-0.523940904611465
-0.520342836487954
-0.42759072595665
-0.503801411726004
-0.510407669006623
-0.44794052615955
-0.489750062986115
-0.55860719863837
-0.501427545318913
-0.662506505958141
-0.543644011371246
-0.470527166880382
-0.564773290023162
-0.486808479547159
-0.568937657162523
-0.425677006036071
-0.54292527468336
-0.439267324781471
-0.405893180476089
-0.354943192747264
-0.586538959617675
-0.397489750263844
-0.509463173908579
-0.562597299871884
-0.461575984406487
-0.435451542075846
-0.505455928498573
-0.492450118468541
-0.33881001922851
-0.659309613135156
-0.555081089101141
-0.488852175345572
-0.536416165674476
-0.407280419654347
-0.499400094320657
-0.375424033178205
-0.394963161177375
-0.540884098206674
-0.539392656231026
-0.34855485937537
-0.39261618036678
-0.493254993924297
-0.465391050280353
-0.399021712077649
-0.332620437207627
-0.48429454616562
-0.41973022986973
-0.293004621014713
-0.411038758680558
-0.410964234726978
-0.441097577857948
-0.426145053553518
-0.490615179487886
-0.490300292842111
-0.515835671613534
-0.388553403266447
-0.525340742908944
-0.425251012598502
-0.296836555196316
-0.521242796997883
-0.433746797368215
-0.409721716002385
-0.501497856070007
-0.295701656223929
-0.483034110414984
-0.392481052664542
-0.417629272617598
-0.481537568019471
-0.488057194725329
-0.337722967299835
-0.439269893767793
-0.430684195236707
-0.503569334132074
-0.435868882401936
-0.386168832818852
-0.511520870992314
-0.428522318776775
-0.370224623866666
-0.479887274680799
-0.394446274122491
-0.616604629158484
-0.325034717261231
-0.276269058726306
-0.293804686247737
-0.344762545644454
-0.480402230664219
-0.352118091323554
-0.312931369739594
-0.444062272135809
-0.252570042185147
-0.427459914607616
-0.361401571223416
-0.449740173097183
-0.362312124374975
-0.219473514118887
-0.283568472658801
-0.35833925034453
-0.369604594953905
-0.353259759678947
-0.420285855686806
-0.261806546496234
-0.363865491028379
-0.327257338587944
-0.298382167728022
-0.364120488584124
-0.33089960395364
-0.293300478471831
-0.358386113969734
-0.239210754217002
-0.188007887678392
-0.275805541423601
-0.395639340165081
-0.180219487767478
-0.241100321103633
-0.412596922948046
-0.342237624630631
-0.26766652093665
-0.350726028741209
-0.359743755504539
-0.329292668346013
-0.1729339187398
-0.215572671374602
-0.15343804293858
-0.158116854907068
-0.232659899755991
-0.483198674232677
-0.327252948054081
-0.182340008884604
-0.296006561569968
-0.297536886352686
-0.281940839679387
-0.283867095395455
-0.283830988952678
-0.110026936373037
-0.211812367278432
-0.233013424345902
-0.429898402504028
-0.24957959118615
-0.133734709407845
-0.236651032405261
-0.375257164342394
-0.240599341980316
-0.418938057471186
-0.186488257150797
-0.277561745861153
-0.0865940928675549
-0.112264951979637
-0.165150915084485
-0.222273065219415
-0.222800917718894
-0.257201812566152
-0.322518316596113
-0.228822288624577
-0.122593009217465
-0.109389991994793
-0.270447512520919
-0.167803617455317
-0.196197514241089
0.0151855679509276
-0.294741276744985
-0.148140068458496
-0.245375960074758
-0.0839246938848823
-0.104093784988003
-0.20708046034272
-0.0644244845347464
-0.234181435554552
-0.290629211077758
-0.254593829660197
-0.0898711171173107
-0.159400837982483
-0.121260566681448
-0.135708943238805
-0.105151040618576
-0.331257649056432
-0.220135254499081
-0.241123817256595
-0.24508557305496
-0.0576384398483529
-0.109191618467487
-0.226362395732946
-0.0752187214812451
-0.126506163385816
-0.0940249980612594
-0.205342119919063
-0.167391914394812
-0.189785534424415
-0.321700172498741
-0.245560687284657
-0.180320822154029
-0.306183510492095
-0.131236082953575
-0.0859804512501049
-0.118194273156055
-0.0569289871471307
-0.136531677004958
-0.179915164879754
-0.0988937299813153
-0.161312154315266
-0.0607416568475064
-0.172310599088691
-0.115372609723253
-0.0596545592465368
-0.199623527927838
-0.155714759655655
-0.0730803842591297
-0.16551495371917
-0.118190410577503
-0.1308285427447
-0.047081213811552
-0.0508841984688366
-0.0790108532786732
-0.221827202763028
-0.0520642119671229
-0.0504906104274192
0.00643623660770239
-0.129232443055035
-0.0472610392052993
-0.0780153800379817
-0.0963385275893117
-0.124442639474903
-0.144293101591272
-0.188459323695922
0.0796322909832251
-0.0202076690007483
-0.0348023985927185
-0.124328514460769
-0.000304352017306027
0.0974783297039674
-0.00273353302681814
-0.0577104460697754
0.00993728726797748
0.0634531371435708
-0.118569969547343
-0.140425844466714
-0.0462788645352171
-0.231136688484877
-0.0267485043666467
-0.108653634299976
-0.0235659026164475
-0.00682734142719639
-0.0623083114142564
-0.0448837465161952
0.120726313408577
0.0371182484992114
-0.0967184527321447
-0.0642485605561386
-0.0244105698505749
-0.115754542492445
-0.0112298507596437
-0.0837688220221224
-0.0920221990554223
-0.0333207054188225
-0.132202340990744
-0.066249084488114
-0.183976730530367
0.02772449120788
-0.0767313052501684
-0.0411815247880003
0.0149410507886103
0.0678908579337754
-0.0835343474235738
-0.00447408174045135
0.0236652080750767
-0.0498316271402028
0.0406627134811226
-0.104950579088061
-0.0526768764675752
0.037879428934315
-0.00240690142861802
0.00308117582063557
0.0422498693536777
-0.0287835927642945
0.0244455477700365
0.230504786945862
0.0297252107210525
0.00154689723450668
0.0677400848375378
0.0314653671252381
0.06000612898335
-0.0832288765785681
0.116675294943344
-0.0409162320185717
0.0372228488535571
-0.0695261554264546
-0.0715099586009454
-0.0325953536664153
0.0872914013882175
0.262637591068303
0.00202768042547526
0.0951187320995364
0.0246137816004455
0.0342438591619365
0.178367611023575
0.099792752763665
0.0524003138545776
-0.0152092800533548
0.181782689726355
-0.00219538373860681
0.196393981168354
0.0827626806188915
0.197433137335268
0.18969802358133
0.0753401766722317
0.035387828602327
0.0967713899692919
0.0921084357285574
0.0424499426002759
0.161792106805103
0.175325430471801
0.172525232137157
0.0617254709325993
0.109581794346173
0.0307532690563379
-0.0565858356038589
0.0957288601536551
0.139268097117946
0.0716679262787454
0.116106471853193
0.215489157652147
0.15410824585959
0.101498445344846
0.117761148243354
0.0977556611084211
-0.0120119030756594
0.152179140026247
0.130302802466989
0.188414948172769
0.0215039729136536
0.151547854338152
0.320405610512961
0.0618217269749688
0.15077271256529
-0.00816298416978612
0.0802480274828132
0.144811197746319
0.130833702831443
0.157048159504422
0.265386095783896
0.0757940954437119
0.162592612441349
0.195099838749453
0.220820338834389
0.144689110961847
0.0986982482995083
0.303087919787672
0.0578931622665732
0.236523532611748
0.215892521262637
0.113191091548761
0.163133806234915
0.318972745051781
0.24014703131412
0.202266140527522
0.128766101232105
0.165809043665493
0.0696715432731064
0.138861263335356
0.117453432589516
0.219724918459506
0.247904520236584
0.198729518525616
0.157384578981825
0.253996680663109
0.234901325821511
0.221363925291959
0.283295257796368
0.208682656090153
0.187383209543549
0.151731976817717
0.217966099589229
0.20376499665974
0.21501354382517
0.283587563492606
0.181167902138294
0.116095282889185
0.22468805383883
0.164166859833418
0.212499419885206
0.195045318023196
0.282550738782634
0.171224009944744
0.211539942592184
0.155478781897057
0.184074231693423
0.249966135441161
0.187148028270839
0.239905682809182
0.285844971532008
0.38211051578692
0.489643744465097
0.243009523657339
0.218974995072407
0.189822207400494
0.221266789981311
0.221666277068305
0.20353642459842
0.160817213132072
0.315741087794445
0.13296980276681
0.344653174978747
0.418808939483676
0.179159415404882
0.261520515224891
0.151635677079771
0.400003103787364
0.250333412246288
0.183047868830598
0.311935520576024
0.304321721741813
0.116018605943537
0.290978522227747
0.342731121579452
0.385311224066167
0.163880720860239
0.341983525316108
0.449388984835963
0.275966292950473
0.235782844859684
0.347053455332291
0.159270840705114
0.433072109733104
0.388645365078535
0.351803471669991
0.481420483243357
0.416566589834937
0.287250940416955
0.298992920717677
0.35630587076756
0.206186624036609
0.377088793026705
0.197752431578062
0.277729445889739
0.378030321420691
0.303968626640929
0.255693170885953
0.412790367983167
0.560319221288335
0.469941078281676
0.280121367344084
0.225931772425192
0.458307732327068
0.402367866461591
0.357959076886807
0.328514176280284
0.402680428963316
0.398391439785854
0.412659777766749
0.332348702054476
0.247257717164871
0.360576404226272
0.383770187398294
0.34702244589669
0.335239773065984
0.430953394131473
0.369063193562173
0.418517952722569
0.33736331176431
0.463261839425109
0.276740843410069
0.353248371689139
0.260850066194576
0.214550900974328
0.450101512019415
0.435009925781859
0.416609190437837
0.347588230290344
0.414878369303109
0.445317611297018
0.524824208721722
0.392052779389236
0.363322003217498
0.432088405814037
0.429416346808458
0.461149004160988
0.425332441126871
0.352572937305841
0.60443729922257
0.43695148049257
0.582848892479566
0.512914618828588
0.496373642736063
0.517876581852832
0.430138405990972
0.452963927318496
0.532137284076052
0.506350153925327
0.389372855149342
0.51706610619843
0.462457398292038
0.489190949171993
0.443118456741698
0.396633693707803
0.315845255789152
0.302115790349515
0.41877778264581
0.406996235982792
0.442631411384332
0.422349566379834
0.501107809960111
0.435196440099663
0.474292164850191
0.458049015145168
0.50016472550941
0.509267945809323
0.519500530770726
0.370670643498433
0.570978851493388
0.515157044536809
0.362410692533444
0.397317107953904
0.385749753285544
0.511550612235717
0.359015874769988
0.586114332381419
0.561337183901933
0.426449348696959
0.511639964520936
0.613903593389443
0.542494208619575
0.555691655758336
0.567514457273304
0.426415180961433
0.394459612938673
0.536963376008874
0.5669868979725
0.42405313952674
0.382112792696589
0.633016594057098
0.530491926252738
0.536315620637436
0.592200335509804
0.573840179766772
0.538263171428675
0.502030357785512
0.602009568523583
0.460433176836466
0.583300325435312
0.566348495863469
0.441167717806961
0.667010621974677
0.586765386176397
0.628945161358287
0.470483458815088
0.504526701563189
0.45697969652357
0.67453692162176
0.504412971461849
0.605192921234214
0.599075537878134
0.513355794017652
0.63576649047831
0.617611450365947
0.619006915809321
0.683579415072487
0.6189239782521
0.69834275949
0.522775867180828
0.575270424483821
0.363333780591023
0.526959909358269
0.525503195656965
0.543147381772934
0.628187006968564
0.581333560816487
0.686966010954629
0.51993105960182
0.474850286143946
0.61558654750964
0.761735238142814
0.693972870945708
0.646697855402935
0.464979636513415
0.603140460579692
0.633898656502226
0.598615954212575
0.713586880654232
0.650985861405691
0.500483632866728
0.618940239525631
0.665129749911396
0.555425466632333
0.700992372903804
0.763054652950423
0.445004573341769
0.763949774043006
0.565751511565808
0.747764832960313
0.474652690449638
0.591010984479959
0.721367456236132
0.632586457974292
0.510555011635049
0.654978848095541
0.538014324752436
0.720075442598581
0.697871454039368
0.698681624443984
0.555507020874185
0.790119481873642
0.748139687754264
0.507540525096338
0.671526151400131
0.80902941487431
0.780894507453911
0.64611285144657
0.815887514424087
0.576359614691477
0.672740484542337
0.717844516106411
0.615816177662808
0.658962411626214
0.756796684384445
0.695044496464263
0.762802394905965
0.66676970993012
0.670902910114539
0.747576033729005
0.586368400186954
0.755802824887642
0.656213296335134
0.789270476316888
0.698834120548109
0.774065662185866
0.517296737967106
0.839153494186601
0.729864893432823
0.759658503954234
0.722501437517262
0.7404549524592
0.631442768120613
0.711265598625393
0.818095074832447
0.786151677911741
0.757827295025338
0.677346129068304
0.572808426604926
0.555849673140332
0.816379769517872
0.790771963597229
0.688425116745795
0.795045354469141
0.7171024216649
0.671116014028697
0.834554538965225
0.878029738910133
0.690318774357691
0.772756134668512
0.759518902783828
0.686208429632526
0.779396814302576
0.804546996161064
0.851163335608162
0.85240678913485
0.79497347014503
0.765788941741264
0.601828358919207
0.808061216139294
0.539191054289723
0.879765281090649
0.816617055881163
0.859465872579218
0.797600784327166
0.704261303896784
0.786421907615443
0.777858754053903
0.753916063399885
0.778987837724565
0.858672454310415
0.793811983063426
0.736914008631926
0.632657593517543
0.97911642686608
0.729096308337333
0.819106192647421
0.717378837515033
0.813616469015337
0.824246460865138
0.950220327258411
0.870480495158442
0.737829843806392
0.884325285897211
0.733097508223661
0.731594768279644
0.840121776411395
0.824205598131023
0.775258429074709
0.856340475028327
0.808977799802026
0.936197409703622
0.757763022642509
0.951984831757688
0.918340522419934
0.715673943637778
1.03096427966208
0.788254128538793
0.886874533755455
0.780563933597656
0.840274562585063
0.92158358845059
0.810403436032913
0.838232031117608
0.897865599426665
0.863164124318475
0.925349445251918
0.913466849093264
0.911823916458888
0.929848865599325
0.865815680259693
0.877080557776536
0.86320719269901
0.902494430899088
0.817848545369183
0.752644736763346
0.884678858393288
0.909557411047888
0.987100385639673
0.728087019026071
0.868386526207151
0.896694818661468
0.81138773185304
0.745155797434344
0.74274585732659
0.814491535510807
0.868817392245105
0.808260962142997
0.885263810347006
0.914027993143783
0.982020823346276
0.985111466390165
1.00672367935019
0.772167227750973
1.00963847802132
1.02017578931068
0.95486682925561
0.933859018758708
1.06880773604845
0.962840057347749
0.875400435275206
0.975516802991408
0.924870828539289
1.11606767498181
1.00738972927304
1.01229221723661
0.798444032313592
0.924994139369167
0.976958563617192
1.0663250672687
0.974534046155188
0.974458828270222
0.904357344342606
0.939292594876332
1.04469146957184
1.05537485992333
0.981734625297417
1.01763309464407
1.03844408258718
1.09311092589598
1.04873590833277
1.06451526576222
0.927816326755583
1.02243429080322
1.04173060757621
0.993665626614325
0.8858132502672
1.01526183962243
