"x"
-1.18042763265261
-1.10146078477022
-1.10749327520317
-0.892026110137457
-0.931421357715619
-0.946027900116962
-1.0058004655282
-0.909455214894455
-1.15929722433084
-1.01202725720301
-1.00392728862946
-0.982259889083208
-0.906489647380907
-0.845458943551256
-0.926227974082075
-0.972535270947859
-0.99893376304225
-0.962107931127105
-0.946594970331009
-0.893915524564812
-0.938388435625312
-0.965760312212731
-0.857853745979554
-0.912110674784013
-0.974210996246261
-0.816000419116742
-0.905900463335455
-0.879612708527249
-0.926643317704049
-0.941942138061993
-0.990068273607141
-1.02778646099298
-0.892180292447713
-0.918362808299708
-1.03948820262965
-0.942024802617957
-0.908264000499606
-0.920787496577683
-0.822988717873058
-0.817134556414628
-0.881390975111582
-0.783542139754321
-0.792541974042367
-0.807851880253557
-1.01135242231841
-0.890011751950963
-0.88635050774459
-0.955266218982583
-0.870033231766855
-0.893718833286451
-0.80624335929495
-0.979597987156553
-0.881302403072561
-0.873035199765142
-0.897081937200765
-1.03283706030432
-0.946181889006578
-0.931024278185817
-0.966068086973337
-0.916384513458029
-0.700636748531953
-0.925819897647927
-0.892748424691638
-0.769825502931253
-0.822613633751619
-0.700193599736209
-0.88163497350491
-0.850167403827638
-0.810406446139058
-0.836493139763583
-0.859940586052608
-0.829720974302868
-1.05206614347044
-0.961909676095627
-0.937679812130938
-0.937674113945085
-0.828945815913091
-0.706054644069076
-0.768222079615322
-0.821583470020711
-0.825000624199146
-0.838399245651924
-0.885536908204481
-0.83741029870041
-0.79635138354074
-0.728671456772026
-0.797826901381058
-0.878431315095891
-0.851193641094244
-0.785293103158625
-0.720439571700106
-0.731002141424688
-0.761302145773079
-0.60688879027745
-0.799041598169221
-0.915560076008025
-0.852542875807524
-0.719329952340757
-0.795133142338366
-0.740418794308889
-0.882085932367353
-0.795200787387149
-0.840544254477303
-0.877825089708294
-0.814208753046461
-0.870045384231669
-0.776806812705073
-0.802804168949852
-0.795343333138017
-0.802117521701673
-0.817108602835956
-0.813845954360229
-0.790315394688294
-0.611987435109929
-0.787128541484208
-0.867229737381333
-0.63908562671895
-0.700682060571221
-0.647426169004236
-0.656889095488064
-0.663633575933154
-0.801551753369941
-0.708110186109166
-0.802026531864374
-0.717938840808729
-0.679253869686578
-0.748802733809624
-0.594856407086254
-0.667956342454154
-0.793789242823917
-0.69042032331443
-0.889324419028992
-0.599565828705316
-0.64549859487692
-0.725517594211094
-0.793695948475606
-0.741458719778241
-0.735728075520513
-0.66483470219523
-0.762445042473917
-0.700649695972029
-0.780053174804099
-0.774336289163949
-0.858052139514726
-0.621797680365131
-0.761269113202468
-0.636198140239773
-0.759146740262252
-0.729839989884344
-0.723563165947841
-0.559711004857177
-0.652276996169608
-0.776369882292134
-0.590187950241237
-0.775391471701401
-0.717898137111902
-0.606886934902189
-0.707938712666296
-0.755546825428207
-0.768820380174068
-0.705737595398677
-0.778274560018323
-0.597635259881778
-0.608275379632404
-0.675209585914862
-0.569763139519454
-0.568806493268142
-0.705214955231861
-0.552845237422088
-0.777974872613241
-0.713102143176257
-0.648858994036919
-0.749013392245245
-0.552139254528032
-0.701162590523571
-0.65607207580546
-0.69508286947612
-0.615863503474898
-0.679165741969388
-0.667525477787781
-0.68395529241208
-0.621772686532913
-0.60270453750996
-0.561174996184631
-0.660023769731989
-0.622463976460689
-0.61637730732436
-0.6753389989775
-0.65387546581828
-0.823735009083044
-0.537473988361021
-0.67198296212541
-0.648439312992388
-0.637256295820147
-0.661923837356318
-0.664094660590461
-0.555009097824385
-0.735886535821058
-0.558018421974762
-0.57237319181707
-0.587047100654395
-0.709321018212199
-0.639775982969159
-0.646269734615859
-0.61049913804794
-0.656812568276514
-0.428398666841112
-0.530532563725473
-0.76775500291425
-0.661752513438315
-0.564844335733123
-0.488076225956245
-0.528060619847999
-0.517858270133515
-0.700630376100545
-0.434793716550419
-0.419546858350928
-0.728078436148212
-0.61067177212442
-0.548112970706596
-0.530183837433017
-0.507994897818412
-0.645070239873841
-0.427476271454489
-0.488725777847022
-0.635405546064348
-0.659057135994077
-0.470347310586132
-0.40336761069995
-0.452984352582147
-0.616745341723424
-0.574059671942863
-0.351645886698802
-0.580282195511546
-0.505903279993053
-0.539390634899935
-0.580019760940256
-0.441037830166865
-0.57824981865085
-0.530106995763522
-0.582281918468166
-0.407252962525227
-0.574857440318854
-0.487359997104938
-0.404314727074265
-0.530271900196153
-0.573863371426111
-0.544428791058741
-0.437459237802269
-0.473992024119383
-0.584017978347085
-0.553381182435806
-0.531959818516634
-0.541622809192513
-0.663707772170872
-0.481311664191471
-0.431710676444154
-0.362471274832037
-0.478717713212636
-0.54144855683593
-0.469558816522211
-0.419382075521699
-0.535825747465701
-0.395938323097263
-0.509155950904083
-0.407214731229428
-0.466008405741751
-0.488298722720531
-0.357388634501283
-0.34396389357707
-0.478614696941126
-0.542348399020366
-0.468152311787303
-0.301243703090912
-0.455205122667461
-0.396380913339592
-0.387785859430446
-0.510801691111517
-0.554057763592812
-0.44660983984006
-0.317936484204642
-0.383408168057218
-0.514442578272477
-0.401395964185197
-0.384967229164037
-0.354976630774303
-0.44733963438402
-0.462819415569776
-0.335566139915355
-0.333178627188902
-0.399708199417192
-0.575157055592564
-0.394761386562514
-0.39571168320979
-0.421623914647793
-0.338858048859746
-0.558141266706881
-0.354288662424124
-0.474229585795333
-0.484776699154697
-0.336942584356667
-0.397962151008713
-0.359821488651988
-0.395211170142226
-0.224560210876819
-0.230570783143651
-0.377769959649512
-0.418003638912689
-0.285917461335735
-0.478580142255412
-0.317718373103536
-0.574196731750441
-0.469313298893126
-0.251419266309077
-0.388460257809782
-0.283098145092444
-0.38414499875984
-0.538176921180594
-0.263444598231108
-0.272385981913063
-0.316384694482422
-0.329655404824834
-0.237316879071229
-0.203101914629973
-0.323904973482271
-0.31900350849721
-0.364689742797388
-0.312657207620248
-0.447734656001957
-0.340410576022077
-0.360308708759276
-0.333789914618421
-0.157738500892855
-0.403532494090679
-0.436643170727419
-0.435335909800418
-0.326560419606478
-0.385193225871142
-0.289379681649518
-0.396230856547771
-0.305681045209506
-0.422927419485581
-0.321397829989323
-0.255720893940979
-0.348378014796303
-0.275152322851662
-0.420755629110561
-0.299239589485671
-0.261232056571788
-0.282350580319033
-0.478687879829826
-0.360837051551497
-0.25359897821709
-0.217513032692792
-0.297916063452645
-0.331015278969547
-0.308632189422196
-0.3500551216201
-0.19830864015386
-0.304070816377085
-0.228837493420046
-0.404392866113715
-0.360233490012268
-0.332764622592649
-0.283267124151293
-0.396445482924104
-0.279268612658074
-0.25954530716726
-0.130176146907086
-0.115195897900415
-0.150699609025772
-0.294007368085566
-0.316338016957269
-0.209857549728799
-0.31827444969357
-0.157297308149505
-0.253106211965456
-0.0496005099526663
-0.290362785582678
-0.452824610776942
-0.317718733275065
-0.234428758854853
-0.184624999545667
-0.390867137628265
-0.368188343989059
-0.260695574131473
-0.182569171596934
-0.146814670721337
-0.243915042564984
-0.168777914321201
-0.277609001605805
-0.130361912227608
-0.11793691662061
-0.375629692255567
-0.174583098434406
-0.297926905530912
-0.177837877484242
-0.175763603618433
-0.158693130772047
-0.213024797032648
-0.113958429750307
-0.200467815134046
-0.33762738240138
-0.225470028619365
-0.0694063931276588
-0.335718446392918
-0.159538015194676
-0.195531440596185
-0.0277045170295068
-0.187399251113248
-0.172058829824907
-0.0762143381520185
-0.247569406236626
-0.193924412856885
-0.161516510586793
-0.349469418613868
-0.105599541192219
-0.313623960385551
-0.140098573406807
-0.106018209917755
-0.248512384883236
-0.144699926958795
-0.201696416175669
-0.237877792311227
-0.242978810261969
-0.118202884200761
-0.140046808663931
-0.0347210119918461
-0.174295156054845
-0.0633056214938756
-0.242400014905188
-0.299371143085105
-0.225104289626727
-0.199920451071427
-0.235353915065332
-0.0652345159571734
-0.167016273577201
-0.00747053596477883
-0.0859471818025066
0.0469801600621713
-0.0117253651145683
-0.085020218549547
0.00350746787478229
-0.199314907885296
-0.209755283540143
-0.13945355211583
-0.109431312203247
-0.0127497253227288
-0.177947008830376
-0.0847963394447384
-0.119841738489603
-0.0102210835907528
-0.189835039413091
-0.178596653772098
-0.152633431454796
-0.0566476884579818
-0.0894548450716419
-0.0156501844610122
-0.183687316622161
-0.193461515783853
-0.13541475274011
-0.0305597534450451
-0.172606563025887
-0.195332689350062
-0.160338575197857
0.0408480355163309
-0.0901021603739563
-0.0573294266977379
-0.189750920610171
-0.155047310606415
-0.167859292942878
-0.136517797935368
-0.218438299048291
-0.129067415097452
-0.0891533761677199
-0.114248245543969
0.0865787884172592
0.0144370217678154
-0.152894627527921
-0.0912513203214712
-0.130215378427897
-0.0286019682139889
-0.0912449936451892
-0.195971521762225
0.0822338031623309
0.109067571735418
0.0644203264989134
0.0204707815786136
-0.166570972567695
-0.0471895617281893
-0.051984369580725
-0.024742984033019
-0.000141056380788074
0.0473682711918581
0.0523646098868959
-0.141289652743449
-0.173306952553494
0.100423952954824
-0.101539891949315
-0.00124725325616723
0.0335174577462829
-0.101345890237168
0.0511273321552915
0.0428708781837271
0.0440949896418965
0.0306876953776665
-0.0913361679850687
-0.209917298240863
0.11089709614722
-0.11295863283218
-0.0382125679679252
-0.025226209249719
0.0736178672810882
-0.10444893954355
0.034432699376599
0.199372698809348
-0.0398786782691342
0.0334649628773958
0.105722160171913
0.0895371965006558
-0.00103117803991567
0.0970514298046061
-0.00533365797424906
0.0539063033061938
-0.00770970351394143
0.213172663744863
0.147401354910321
0.132679075319088
0.0548840269948237
0.0801125295868483
0.0967401857818998
0.0582243506564158
0.0373035548490061
0.132591096189053
0.0420172708042465
0.135392312184819
0.0341621849138962
0.023325360176533
0.110930200422362
0.000696485538059926
-0.0161830585861868
0.146574914327911
0.0787970569728857
0.022112098812375
-0.0428773856829607
-0.0132451769518939
0.20683691561131
-0.0168776568248863
0.15070131673089
-0.00178742849457572
0.0459859611085299
0.0915744084723711
0.0308078977523303
0.139741476114027
0.0846811216074266
0.2510825104892
0.0351003531284305
0.172806333796532
0.0296137083296296
0.151041099054811
0.0398686468144556
-0.105961100498895
0.118611275853772
0.0805992135607549
0.201865198500867
0.243289532227327
0.22694964617584
0.0187219867700989
0.13537280378515
0.255622026243374
0.131811404627249
0.11238600751999
0.138174471968051
0.121864091302869
0.159605556640665
0.140614418546967
0.0204253781004369
0.133582766538918
0.194845284080766
0.0755453562958533
0.334089688101269
0.0343189573719784
0.214683745297389
0.188573248755464
0.189760990792806
0.111239196933361
0.214995033858152
0.104030145530143
0.15772886709902
0.316600684365349
0.307555503080001
0.271717899209482
0.12466393426357
0.083900960645246
0.142139134580255
0.191563886603448
0.115990192075946
0.204527621541726
0.138766665867001
0.309461417365408
0.0963042987814758
0.0704557999671814
0.190163495580216
0.157673795153222
0.360905121152778
0.339156025518285
0.198530807921209
0.33777275468741
0.235153453132974
0.225091366714085
0.277958776886975
0.228610961432183
0.218461237296162
0.130144174004583
0.262366288205671
0.319611317319176
0.273439072675536
0.246189216947177
0.339246824095906
0.240539885628313
0.353982723525977
0.217240740747399
0.129991274717117
0.229786410535585
0.274739845748963
0.296174300853925
0.161128711435781
0.333563326100714
0.231435138484598
0.295524504243075
0.276706480745595
0.112780188502728
0.0955485723993034
0.193093243245983
0.393810459126909
0.272384719675395
0.247771161349822
0.307869789666796
0.359060082035262
0.234611330159652
0.0883939694667666
0.391822514875999
0.301987118882946
0.233347673059672
0.351309981950592
0.0737642065236013
0.348210731898655
0.187534142692263
0.225793417278395
0.278867404693757
0.274997647558403
0.271540709566141
0.37454699115582
0.337241053652199
0.384370711097397
0.390782352805222
0.454136890235688
0.210056297431343
0.385461934559896
0.294626012083023
0.334001541582351
0.192075742754205
0.391867198121017
0.218231991640488
0.5265056307361
0.45595260929883
0.297750934221193
0.351493375637172
0.36768046111198
0.38450594179861
0.25738234380479
0.26684520374646
0.32249259498805
0.338420630402751
0.415346216830598
0.39109864272587
0.277996685245889
0.468112309011876
0.431870781708035
0.421962858141084
0.493341673596713
0.50017742331854
0.344600506315166
0.421601811703578
0.533023046867647
0.187827605827027
0.35656417743006
0.433538700782107
0.270938494349194
0.276606635936323
0.249240390185403
0.544321472582726
0.385399555664859
0.338255916940943
0.483456147907724
0.39239712978933
0.385230107682263
0.358025241956167
0.438866986197053
0.336157813857785
0.50587895658287
0.411856564679814
0.446784376063334
0.400330176201725
0.445899328218318
0.35858519207407
0.398086773402167
0.45084415817928
0.394692805055657
0.419763170540973
0.426560932467092
0.271264691640699
0.389836684144094
0.428445510411589
0.496574005576084
0.385335907000752
0.465353522225582
0.371695166002332
0.418404384999643
0.448308183542053
0.283616857030938
0.405097452345798
0.556103938835998
0.467539309567828
0.58137064880437
0.609865019548694
0.435214027398705
0.454452935423627
0.33867714282343
0.534177226793425
0.457822108573247
0.346589836934452
0.568833882992417
0.508455501934358
0.48667171574287
0.587989055040185
0.447134430721277
0.553092159177076
0.538276331300368
0.575252158932003
0.432259057852124
0.570424268236874
0.430587282768244
0.533126257803136
0.4027795319575
0.403977139333081
0.460404334498557
0.734205499646623
0.508460452866675
0.468680544083943
0.426708467693094
0.510388636055179
0.566887496026096
0.531970956702581
0.400219470924237
0.578536332218993
0.683528291749858
0.44117806526578
0.431399428588636
0.451578159962617
0.374323137350382
0.531477036919967
0.570844604525849
0.47473212796688
0.518667009482175
0.517952492449648
0.442089238055137
0.443540180386172
0.519163319306735
0.521478554228402
0.61874439558495
0.641191630138822
0.60414017325425
0.357220863896021
0.506079916108909
0.56130500833539
0.60852248933501
0.605446265509587
0.437713735699718
0.568194164663731
0.615089525190563
0.605044954483269
0.559693297756523
0.636170116586088
0.54787893443652
0.530946596655591
0.624287130940575
0.56125176169825
0.634834024837569
0.578733618625338
0.595663402012251
0.358726802346348
0.452098441291514
0.604472834306288
0.554622677964208
0.614191072831679
0.52210044497103
0.575726123405094
0.532892937305272
0.553312872945014
0.626719277216202
0.567653235316177
0.445023924101185
0.835407831458837
0.662999910615605
0.575884335638777
0.59837903695054
0.714180056831991
0.512097314845219
0.706225278951912
0.587586167394877
0.578646596262324
0.588153776766062
0.621908861396827
0.625176833189236
0.644202015623714
0.711585792698235
0.569418059376276
0.725036536067384
0.560719270873838
0.588913732596944
0.690174413805663
0.56910284792693
0.581316001637122
0.780490938513447
0.724106852471307
0.611543535506643
0.647804947536689
0.654771206221261
0.721101890083278
0.710941724319573
0.646670866911482
0.758027867044712
0.757410910456113
0.706193600857977
0.572834348571735
0.607230527599736
0.716224227065062
0.742013878586035
0.755254291202599
0.664001746306524
0.524961271207685
0.615341003384775
0.771711821181691
0.614205810292605
0.711580282640441
0.707070947613276
0.824531450479611
0.647103697959627
0.629218693896039
0.56492668090473
0.778630598187115
0.750635032341506
0.609990117973854
0.676545997068296
0.692611092115977
0.697788272090149
0.700440608305366
0.673746349058008
0.718908933909323
0.604395268137069
0.885988630510089
0.62059645656414
0.566258150546678
0.78288575145947
0.733022959872471
0.760397829252681
0.675571828519199
0.845472904919249
0.689455936628615
0.735180940302514
0.696393288711435
0.716042338838198
0.712528601162679
0.812023494606161
0.871854477718496
0.889585073888037
0.745444663337557
0.691964501315486
0.576785210626511
0.721073173433964
0.724564681780678
0.826429485232786
0.752832875824645
0.685363494604536
0.87917258073141
0.68725884924734
0.846926496042067
0.787187798614721
0.668574827948271
0.825342768743185
0.720145662501624
0.946121636068383
0.752680291296766
0.679812621521934
0.828343752155505
0.834239112736894
0.703256791691259
0.744034767277046
0.74346165301725
0.861524723866454
0.779910655821
0.816711573790201
0.673607290866838
0.640590230834059
0.850635213306321
0.849002309327182
0.795056501833521
0.857438632895054
0.853918276602443
0.912389647141888
0.843829440513879
0.805341004940917
0.894712536217826
0.968105246375589
0.770836333194971
0.914534135020918
0.661669039320528
0.739595423177455
0.85616931285633
1.03734878209685
0.745828447795047
0.869481710689705
0.826019703741142
0.674676185523947
0.837070527811286
0.923596147434573
0.800913275046654
0.752637044752284
0.902332792864654
0.885157180108642
1.03878082995183
0.86940643450509
0.910963953825266
0.902682826726049
0.99220741648869
0.818708879008204
0.873331151657284
0.947345276703184
0.748210986747144
0.966151042091584
0.945542914443436
0.699922550938751
0.885672094994228
1.04508825226171
0.917105651323926
0.732263934342024
0.942440537328588
0.797083748133519
0.907149780677401
0.87058759067696
0.76226396906352
0.848898191396308
1.06066163212046
0.841656267978061
0.82634035413141
0.974812661751176
0.945994661912956
0.867459175343905
0.956012721186388
0.886891296674752
0.892766247910285
0.91514750678
1.05079475432144
1.038612349978
0.855474030794852
0.91322681988197
1.06964159545556
1.0929167753837
1.03319276983278
0.988960272619424
0.930946615667471
0.839804474138482
1.02998732020862
0.996361874592249
0.879970079921214
0.795419080559552
1.01298601697653
1.01044914255732
0.782293783817618
0.758929391778473
0.840910377694095
0.965504751016715
0.842280119346869
0.962783338417654
0.819945272268694
0.984683824602368
1.01572758130614
1.07436178690987
0.989109600462039
0.997703217578876
1.00191872835744
0.989358659620505
1.02054111410768
1.03529636031329
0.958702470435788
1.0544885865551
1.27914766882409
1.14080286052261
1.0061410039519
