"x"
-1.02825858593461
-1.11332170053186
-1.02670253529669
-0.934675271481695
-1.04003184678806
-0.985422998023607
-1.08868291714718
-0.963480473834564
-1.16346912831702
-1.02836396853095
-0.948351693081606
-1.00875387303472
-1.03003592606143
-1.14190298936309
-1.11942975698529
-0.981372993399789
-1.05960015064885
-1.1116411812984
-0.853526816564662
-1.03312160181557
-0.999314438770948
-0.91022673403978
-0.929105256671721
-0.973896094192995
-0.902125520460148
-0.857680469942471
-1.00174135847768
-0.853468816612108
-0.913100923657962
-0.891949896295341
-0.925336379863322
-0.91385329479315
-1.01265083792049
-0.833698721898155
-0.873586839703016
-1.06045441216092
-1.04646128325492
-0.955851809887713
-0.882730820041785
-0.963286845938841
-1.04756981579681
-0.791932915505438
-1.00254226015789
-0.968144575496077
-0.942155671556945
-0.930963141868606
-0.977602674023732
-0.944287185008193
-0.864893810389483
-0.970949626368886
-0.899163611718108
-0.967105687222839
-0.878075712291018
-1.0716908828801
-0.874716274226729
-1.02155800812936
-0.933302750365511
-0.732829021372748
-0.78097826894559
-0.871159120949728
-0.881788733077846
-0.892153197075148
-0.703330980790494
-0.880567551459496
-0.939045048289572
-0.856631726260585
-0.930478057271847
-0.983837449162073
-0.971968590578654
-0.829204005584231
-0.755139352596069
-0.885694642378507
-0.807631704011889
-0.812247363254025
-0.956387699766196
-0.850177018488464
-0.874835758525877
-0.648455001732464
-0.842786242604803
-0.767907795110185
-0.730441907883805
-0.760569843474964
-0.877597820388477
-0.886847488041872
-1.00054516686199
-0.825395185455885
-0.799735804586656
-0.864336232237246
-0.757010450671999
-0.883498642204795
-0.768421742049945
-0.852017019047106
-0.935025400191791
-0.78161658550948
-0.789601382905996
-0.719433982289034
-0.724359019179927
-0.723645574181118
-0.709503313748827
-0.702687345545289
-0.866460287850999
-0.740873865104954
-0.625716548563653
-0.865431795963978
-0.807883218489328
-0.798585964105574
-0.859659151538473
-0.788468199149687
-0.75826016064018
-0.70143650784391
-0.701635569127067
-0.799157069486044
-0.70764991853698
-0.873021362745473
-0.71121385180336
-0.927262591198028
-0.72807429422314
-0.896286233087071
-0.673025901489906
-0.893878794281708
-0.734151117456073
-0.799392657847376
-0.829353564984583
-0.961060191721144
-0.746185664545258
-0.858017669889512
-0.736118359570095
-0.630380643397181
-0.704845622194182
-0.687897502780534
-0.687615165542404
-0.782434665843349
-0.821874112187357
-0.869494663959461
-0.89166628380901
-0.801664577103853
-0.627040930827098
-0.612728168971262
-0.749576492762389
-0.673698425081606
-0.792062609884552
-0.476857094033754
-0.670666941706708
-0.761993274422437
-0.648476205469536
-0.512470543927384
-0.880440822009913
-0.587243898810255
-0.676374938164611
-0.618712668919145
-0.813395153760499
-0.689976954878734
-0.793545396430373
-0.745570225060736
-0.600210961645153
-0.617487484286821
-0.602719715987366
-0.625938211454078
-0.602629589946003
-0.699813942009059
-0.61663151149151
-0.720664313526246
-0.620549114153493
-0.526391388066666
-0.654188351810241
-0.626112013213875
-0.707283676091595
-0.61438943598514
-0.565997686900313
-0.692245295774488
-0.744076721901396
-0.614458382261738
-0.654868174746216
-0.642239405579077
-0.581725593148639
-0.511319798930525
-0.576108153409079
-0.572504077794244
-0.642469766311356
-0.677704765303774
-0.738570111816449
-0.694044102328906
-0.448788975049164
-0.609051487880731
-0.644795712645292
-0.69515927237684
-0.568431261096005
-0.584551502050809
-0.740736492582327
-0.599345899611962
-0.69740202860759
-0.592457949527422
-0.733067403830536
-0.687100677306115
-0.520441535721457
-0.646817452217612
-0.651196198945948
-0.661082902056758
-0.728405505280795
-0.51939243342248
-0.663253488490772
-0.60718889924037
-0.655285229377555
-0.630293454087748
-0.600870515877993
-0.510844313383586
-0.647110633136996
-0.575712011161673
-0.623072602631955
-0.499493887230611
-0.50712364656927
-0.487070865467745
-0.581382248071506
-0.491500043358771
-0.525242811864407
-0.545480270811235
-0.489932701894422
-0.492153928629902
-0.603340496229721
-0.593901405549694
-0.549636771161291
-0.5831590730936
-0.619566591464649
-0.544527398169394
-0.41568843954346
-0.58430898806325
-0.497402734823388
-0.592460070619151
-0.537980802416355
-0.45024558377783
-0.415242977434784
-0.594725252422943
-0.50075394047111
-0.519551485879556
-0.535055237318329
-0.484476735715641
-0.546595577295173
-0.534766318625999
-0.581031210147668
-0.524036580542665
-0.570886931810481
-0.563020998400437
-0.482969230781469
-0.647344284060405
-0.515659761611023
-0.536070163087479
-0.499948473545263
-0.5609919763478
-0.466932834907133
-0.531618627514165
-0.527711239678468
-0.610463419083422
-0.407397953509458
-0.639353927557567
-0.458352260631209
-0.563608984504216
-0.514036750017417
-0.535573244602227
-0.455145723907342
-0.506098279026177
-0.604450846346015
-0.60933121002368
-0.35378489244746
-0.544904605136125
-0.429338611411321
-0.489434667190878
-0.420071316446399
-0.538457439148711
-0.423774162510477
-0.388278085867006
-0.331456157110657
-0.432488521226261
-0.536965066419762
-0.459643801751772
-0.420104332845887
-0.338039764856169
-0.454164693386065
-0.488288251463798
-0.521060436497754
-0.444257495054681
-0.460615158911661
-0.518721655953925
-0.327516147061168
-0.427921773238704
-0.442980255182063
-0.381649576278702
-0.374901751116807
-0.322862594780465
-0.32660057043807
-0.339257118558483
-0.448330161676546
-0.267772164749123
-0.29686448141579
-0.518200934837037
-0.360692487272806
-0.400960270579511
-0.445516200786531
-0.231597088474475
-0.44804001760409
-0.422870601410689
-0.427160565451621
-0.372605672221566
-0.378830575291393
-0.478571082088127
-0.319483605435065
-0.383616011960886
-0.371673046105143
-0.470905881498955
-0.452038592847575
-0.359024419751473
-0.420126997312811
-0.306864810276016
-0.279246905252896
-0.418980476778859
-0.347458234249534
-0.326907410631292
-0.423769605822602
-0.206268383695799
-0.42885821198377
-0.242779267088784
-0.374946195024573
-0.415977480525452
-0.398359689657151
-0.414400011386635
-0.373204651683269
-0.476799652219421
-0.136986259281122
-0.33114254992782
-0.323819759756294
-0.16304987147587
-0.333798546588173
-0.275763753035275
-0.352448424836561
-0.322703524701037
-0.338415506673182
-0.439177456965517
-0.349115583238136
-0.391209122626473
-0.398390177688173
-0.21691908140904
-0.350280797811526
-0.375684602829085
-0.237035656291218
-0.427672125555966
-0.365601884506198
-0.255858983825888
-0.369150493396149
-0.478274891513329
-0.42043082678815
-0.208146799031558
-0.300874691330115
-0.295758013751676
-0.21313645083199
-0.280830464338746
-0.212126059564067
-0.267715216908566
-0.31691084499907
-0.278734413709061
-0.431180581498217
-0.217061747209763
-0.385784111018921
-0.370953501411175
-0.313235120495245
-0.262522599092673
-0.175263940594679
-0.412776977420779
-0.298401988559027
-0.326295989080073
-0.166241343498865
-0.211593672218013
-0.25719452464016
-0.324142937858445
-0.278383185023781
-0.413683172100527
-0.240162086769704
-0.221514749191135
-0.312186403867838
-0.266637457001982
-0.322145687598561
-0.373942595252505
-0.276276933083568
-0.228780464076582
-0.380918994463394
-0.233959938078935
-0.355865629726868
-0.341822982493096
-0.378664551879116
-0.180841523278213
-0.216317978948951
-0.224037919738074
-0.173688815369169
-0.145772884613957
-0.261661724696459
-0.0709812393960639
-0.356716951174324
-0.224809803512929
-0.222202603768178
-0.141830096335645
-0.295352475717557
-0.306430742452975
-0.273213541761795
-0.114713021041006
-0.1994503905851
-0.294955409975928
-0.333392860214988
-0.0385025829756461
-0.0667242031373389
-0.34613745844196
-0.237045049392886
-0.23485944384547
-0.278856603410712
-0.0346056080491986
-0.168024446046837
-0.249852341976862
-0.213154860640886
-0.140123027021522
-0.226292122135129
-0.173124277772437
-0.0686607999449343
-0.141665097588235
-0.0892034306321614
-0.205319277207694
-0.135017016611085
-0.197663053766784
-0.211998840888493
-0.0671282947870847
-0.08256793595319
-0.170531814578366
-0.080956382717601
-0.0110611013579881
-0.0912724677474059
-0.0886372100538327
-0.24134968856177
-0.153340567141005
-0.0754797685849229
-0.0448586384042951
-0.0760596919897721
-0.0426370440089231
0.063750829509916
0.0273736251663392
-0.23993327063782
-0.137904685578645
-0.0647467304514948
0.0815603899730101
-0.135883170537721
-0.0659902159746531
-0.174748650082022
-0.0472154735505777
-0.0563071783973815
-0.272692769977725
-0.126622067254415
-0.104766837585662
-0.130149054004781
-0.203957519355894
-0.0166531525590542
-0.115790675630598
-0.0436795693468649
-0.0408172891936886
-0.0410398667164741
-0.12256311043424
-0.0949227493607745
-0.0237053707659563
-0.0446077409244872
-0.0473108031591028
-0.205727258790067
-0.107227244330785
-0.0523302467507061
-0.155134006916508
-0.156037856232368
-0.15590093116309
-0.0763413187795501
0.167243580732247
0.0913460270029485
-0.121214036764655
-0.00721268500990292
-0.0177926945657559
0.0424834508577314
0.110940548844632
-0.0184315494377097
-0.0665199898651026
0.022336086282222
0.118963498860582
-0.00835091839192712
-0.00250150534900458
-0.03362546769813
0.0473722411929178
0.0397917820694119
-0.09133919181888
-0.0674234521466472
-0.0245738503122306
-0.0246446159824006
0.0176787630955879
-0.151067611014285
0.127071214419373
-0.0444058673200217
0.0682998117143911
0.00795678201497241
0.0355037040589516
-0.0924414853517764
-0.0145800419586789
-0.00863076731945978
0.131890519376807
0.0638667762872025
-0.0334188338520605
-0.118930273327465
0.20924377894903
-0.0163367382353767
-0.0294548183898677
0.0751240724559162
0.127142287811333
-0.0297405381722529
-0.0326762719127016
-0.0741231784001304
-0.00338543825832827
0.135415958836421
0.0298105394562533
0.153015952645706
0.052625644566585
-0.0146120488368792
0.230334844589171
0.122262160628265
-0.0723119401351796
-0.0794053528143763
-0.0449421310248414
-0.0787560177660658
0.0241548419182744
0.0936620791831565
0.190685796835805
0.159232299650016
0.0389856192226831
0.0671987090930098
0.0583739363568317
0.047590310906015
0.123713040864462
0.340974036567848
0.122428357330039
0.0840261268379694
-0.0390630248996587
0.0853397821027161
0.0730683780280772
0.123213211263155
0.167834531934206
-0.0185952689840998
0.0632744354778655
0.207505151392111
0.0805320992988145
-0.0249504838997906
0.120390916718196
0.019317423653415
0.106067616706005
0.111410503442251
0.104076638982341
0.170283720792792
0.0692270441907016
0.0717951807090462
0.0871124181137233
0.0390061018165405
0.111173845594127
0.135414416150843
0.13076774913093
0.205364155491568
-0.0627735020802617
0.103324203106995
0.163420294200182
0.231840512360658
0.0375437811208131
0.0436526595100281
0.185679024493956
-0.0292216686482162
0.215743952343381
0.0127952222872351
0.272048884368555
0.182581513945928
0.117473975560669
0.139191327229532
0.0941117129928195
0.243616719872213
0.057920632197359
0.233640275540442
0.0193264727044023
0.247162777522493
0.214625792413647
0.121142795974873
0.0909516517736394
0.354222178560754
0.226805820706262
0.236981303668582
0.188337875023944
0.0703297536623353
0.0542884632764719
0.101521382484424
0.0217132297213881
0.252846877178833
0.30757662151482
-0.045360386873113
0.26411922563585
0.29744536089827
0.222708410178108
0.234917445262726
0.199113215947172
0.122768583250729
0.159122490332737
0.282237411062096
0.0800907709085815
0.335270455462907
0.300970584146303
0.168964216063307
0.228632972523885
0.221712177690773
0.25669364989484
0.299985355855315
0.0892083326436348
0.20601240888092
0.278115577002871
0.257399274899437
0.389452755215826
0.260760268296978
0.221288295901508
0.275994199763568
0.222397302807932
0.139844578331558
0.25972632260704
0.308344747988556
0.0705574149194234
0.192526331415447
0.240292194636639
0.386379473424135
0.163574016134595
0.369865398820181
0.379427129206882
0.267287277718312
0.162517869161776
0.288313126912161
0.238779173403353
0.326637587492598
0.182682619822618
0.374468725358405
0.438056275990916
0.27680145409632
0.261724620983931
0.256698671419923
0.213744188086466
0.404804306942446
0.464724859979032
0.328608984580213
0.1967322007814
0.105685842457119
0.450682403176767
0.302640350500402
0.222490679760364
0.333915530494243
0.253183530736512
0.413085676339215
0.272481177209135
0.291115918302792
0.2597346040863
0.257832392455146
0.378906224206666
0.30219812839063
0.473519764729516
0.307890880859358
0.3596334289227
0.355752688261283
0.381567559347239
0.297265287972727
0.278569705685774
0.397146809791308
0.318234167928053
0.449638749196482
0.323833101009175
0.441750780776201
0.361015009195856
0.284054873845408
0.368846418009042
0.470080719522861
0.446430677042713
0.410676231931421
0.362509979550247
0.351822910920807
0.30781933072476
0.163470994806602
0.441215249915051
0.180557352768756
0.218724790403973
0.410723230322811
0.428537766876497
0.425537749865602
0.364734911449076
0.362092927846595
0.364044326019073
0.367173908285991
0.371667159350634
0.343378390403173
0.343799587317214
0.382175066102027
0.326355753884436
0.270824429781895
0.39283665034332
0.431392142266508
0.368874287208611
0.436225891487393
0.310614452934416
0.355815590642007
0.299266983129394
0.224161051653187
0.540972874472724
0.469975747061572
0.322176417160979
0.423588891510103
0.510483250694428
0.43236620377079
0.468692431225617
0.330186368041838
0.360710466174589
0.407189500425808
0.354022610144817
0.314580506723415
0.384273116284281
0.304960797583673
0.447065778575346
0.511856445419625
0.465388747061316
0.470968951327839
0.46616316802497
0.523665803076863
0.441458813321944
0.532571706414962
0.431018474514143
0.633601665193889
0.379467308143656
0.550369806026854
0.426578926483444
0.404566922644492
0.51790527934726
0.430583391929882
0.532615393620105
0.522737986414118
0.353040498497776
0.383458607427576
0.417423548538894
0.374290132869395
0.589954148649353
0.628201922685941
0.664748835420831
0.458949539948603
0.47798494717774
0.612844718280777
0.513951680246237
0.425820813210804
0.477051331642805
0.460304118962295
0.551366076984007
0.498774486540401
0.636473544820709
0.34840202723719
0.60941524247257
0.584616779178812
0.47136064093155
0.617003571546668
0.549783283573177
0.576763303533638
0.651396598318733
0.528858462395679
0.450999622619044
0.469799792688124
0.615599105908581
0.495109930176909
0.480337151918461
0.588161386104552
0.57770080798103
0.512353790278169
0.571257484820419
0.5000867004324
0.729838493583645
0.719178760580081
0.396060854350186
0.46532902951335
0.565373418722887
0.561122990478101
0.488954150013606
0.357046964328406
0.471067729988835
0.553999629362913
0.589695112534872
0.620570796842418
0.447260603453819
0.713727983402668
0.655781276022667
0.565416301850567
0.579454313530898
0.711316666049208
0.42901934452332
0.361375016332197
0.540824064188957
0.532783154431308
0.523525344789278
0.49852770318374
0.461280863331107
0.570999976238747
0.576396858489678
0.832721131777847
0.669033572734653
0.578251391612699
0.61646710109309
0.70564000698896
0.626756955687174
0.669054035758995
0.640260540273129
0.588216293435192
0.567510479160747
0.560774462903238
0.680190937902327
0.51481358693843
0.693754653660978
0.704745713870156
0.685694036577375
0.737479472263584
0.567052744924311
0.701368152799952
0.611317019861939
0.680469685418678
0.582489808957938
0.727779373713488
0.823809851272602
0.815300649149272
0.651568621023386
0.619937322615481
0.656212135617252
0.805978135248712
0.634960225370672
0.713844845433058
0.704530954885465
0.641311762585815
0.56833153202757
0.608863422320409
0.655604195017749
0.589211082618424
0.79697983253081
0.57368875855348
0.626218033970096
0.474076406625979
0.626038179007801
0.640060312531489
0.521724189982755
0.664130002333817
0.65948995330795
0.73484642681968
0.641184320917887
0.733879116236354
0.667497994268579
0.544309900042651
0.599750060946407
0.7426975452563
0.778941062506132
0.801071307597466
0.732497873101618
0.745760547883898
0.779368966823008
0.649885923544678
0.611030824590858
0.759312245910522
0.736821714479162
0.721516894207754
0.767638291328678
0.796979966660567
0.680648275482245
0.794426736621851
0.827041894909559
0.660504388345188
0.658921138061661
0.674261342368772
0.72427986148554
0.848219513455954
0.844834464162378
0.583806167432347
0.695207537569571
0.879329283639368
0.773982025190499
0.79770044929846
0.659366934024645
0.853512963922945
0.792617930954831
0.824311483447093
0.771670896350369
0.780372424006573
0.905187313808755
0.657879215482864
0.846966291999524
0.815300607821386
0.764577755533962
0.735908804045794
0.761765325047792
0.868257854276325
0.791997740472101
0.815123557706742
0.809002127734831
0.771553013291984
0.775950218583134
0.775335522318957
0.844937884622199
0.705598297746751
0.58864407249778
0.947505740310155
0.686783995217072
0.901781909460792
0.874287732491494
0.864286249830023
0.697095629576324
0.840048043382481
0.871080983261357
0.749239293994781
0.814601321231086
0.833000275502495
0.890670648742235
1.02158168064481
0.849548268748339
0.634315235321195
0.773561228965536
0.794596632971744
0.884986716983778
0.785190141533787
0.852907480636118
0.847225297278219
0.832530302443533
0.70599631654558
0.903829342161477
0.816505911344166
0.973154850059356
0.88976844698284
0.750780107124733
0.961478779039826
0.838986741604112
0.803121323294543
0.740130209777975
0.839035290566796
0.795925074185083
0.859437870385454
0.93158630339817
0.872358536111227
1.05633609893483
0.8592628540574
0.859521947317522
0.683701432892954
0.968835878257708
0.95691896171521
0.947442664571352
0.831261206076086
0.924655231089106
0.858480884283539
0.808222338097082
0.833645507000981
1.02529059389375
0.940747377056754
0.849756396481993
0.917998002426853
0.891515411883217
0.917481410715328
0.955067406858534
0.941522083790231
1.02586172208068
1.01054096102688
0.909551325416158
0.791403481351287
0.840269322273204
0.912280135237588
1.01344988161667
0.929070561780999
1.02333532064587
1.03264544740774
1.00469905007638
0.884781119570567
0.841305896878208
0.888511884070195
0.99864467078773
0.850522968924078
0.924539268883803
0.956904448846861
0.9107493929355
0.85293333234755
1.07961216624488
0.907546010587596
0.769529502256829
0.863444421518788
0.87470143288732
1.03104956327064
1.04449339634506
1.04839320954079
0.959039679670564
1.04559466433462
1.09359103183723
0.978212883448014
1.05313009780037
0.965703715396244
1.07755405977079
0.9779344934513
1.03407283002154
1.0072444548018
0.927207290670999
0.9610279829655
1.11693823529446
