"x"
-1.10108114747802
-1.01362200722143
-1.04645425262066
-1.01922828817211
-0.916341344243512
-1.0116816364214
-0.903527141793795
-0.944473759664141
-1.09164982045872
-1.068739663568
-1.01064876539319
-0.97658457554384
-0.908814386440653
-1.03936374350363
-0.887404617902365
-0.975142754680256
-0.912894525779769
-1.02635975489613
-1.00882621637682
-0.920822473400585
-1.08395848967525
-1.00151699522749
-0.89868002839684
-0.874007743685333
-1.01706324066448
-0.898973755986729
-0.894509939118977
-1.00925398576984
-0.962658635984011
-0.917036179416627
-1.07508850073711
-0.857441969696777
-0.908154351988793
-0.806954086271827
-0.861817143254728
-0.890723940077282
-0.795110710960653
-0.908306780346585
-0.884416377331088
-0.968804143321282
-0.881508398229607
-1.06030028118042
-1.08024343924421
-0.97555167844172
-0.832113446109503
-0.919600963642821
-0.990890301521026
-0.837807043430176
-0.790443232016032
-0.909088313539424
-0.88967916140849
-0.880735887614867
-0.843043821233307
-0.87575929955007
-0.864722925654663
-0.835119644999884
-0.921303424964524
-0.828741442251672
-0.965984307788236
-0.948654875240563
-0.849546811864602
-0.857550134996007
-0.897920531264895
-0.843258858929477
-0.873681847815382
-0.938984986521393
-0.920713681811019
-0.819248289778727
-0.904485314858781
-1.05439898745209
-0.947324918219036
-0.894274844416401
-0.977578588421782
-0.816286288962126
-0.826597074149808
-0.871985135889953
-0.881877520242787
-0.894464163571299
-0.875046535104726
-0.678991282453049
-0.885772758436722
-0.83388913607656
-0.819001392344134
-0.854943485678036
-0.904688920188395
-0.823238499705948
-0.784853877348854
-0.8585130117181
-0.78709368904611
-0.906296027984713
-0.804692832814329
-0.741912283855429
-0.857097474704655
-0.836651221934962
-0.773768313578216
-0.854811645762819
-0.832718661958721
-0.727202748766428
-0.793190489819528
-0.682256328000663
-0.837291493758663
-0.748609986319286
-0.756512093579012
-0.704939414967398
-0.727527847198501
-0.89110578324143
-0.619320795756879
-0.725065744543181
-0.745825890494848
-0.799970511128051
-0.819603979294005
-0.860433206163588
-0.795304210005366
-0.800868645219777
-0.861978387527547
-0.831806299949724
-0.877080502052976
-0.572661324627857
-0.786923967889409
-0.754790847744003
-0.779907864761813
-0.871962431352308
-0.8088369781723
-0.593287519692088
-0.480948719695471
-0.660179999656145
-0.711163968622749
-0.747763495621031
-0.758284569130132
-0.821898990386725
-0.735701411244086
-0.748809793441592
-0.742788245967558
-0.71572586674949
-0.645497487503063
-0.7894894909625
-0.801419579465982
-0.829970514502675
-0.568630964051809
-0.694078317276653
-0.672092452565632
-0.739592248404664
-0.693512190656614
-0.692718017243348
-0.620328133879346
-0.741610736654221
-0.793801573605416
-0.786968727022679
-0.641679851018279
-0.584732470783971
-0.549959868920697
-0.669916823605806
-0.679586724780235
-0.590919708347628
-0.724367830066378
-0.69631390685343
-0.821776016970724
-0.775060162232993
-0.574947754819126
-0.662350393295981
-0.682344833065973
-0.679801163929056
-0.780739212159763
-0.796712308253463
-0.681189619315783
-0.799450894649234
-0.619424871854559
-0.556282667646351
-0.676577669882866
-0.537292859325805
-0.637599472169011
-0.635321005982375
-0.662123350185149
-0.602559643239654
-0.658727717176864
-0.670326330711112
-0.532372091834025
-0.601966581303255
-0.550911972698399
-0.73066650476022
-0.681156181553287
-0.687884726360518
-0.623932315508289
-0.593005004559151
-0.587561029605922
-0.597417970367779
-0.638251757252839
-0.661332524521386
-0.553159299178024
-0.702349798342179
-0.612290917968195
-0.601572223841805
-0.617752125637934
-0.463891134810187
-0.588651921722849
-0.621997977013207
-0.623417081555811
-0.63052639120761
-0.673822062048319
-0.539455243836856
-0.569663044326824
-0.597376493292549
-0.659911611974306
-0.614637388435768
-0.514775062824277
-0.643374052522977
-0.549021364059016
-0.575430158811977
-0.454947462627169
-0.544184532576723
-0.604934105287284
-0.522407772553542
-0.438514912849903
-0.48922937812142
-0.56326365007678
-0.497487151530327
-0.368312193312531
-0.529755551553001
-0.578093637657363
-0.489971841757774
-0.584530334369807
-0.533738505330523
-0.722176400861198
-0.591582602181784
-0.57636046251868
-0.430020322095233
-0.475075114641787
-0.67578753170203
-0.440012704640538
-0.550683808088158
-0.528133545366938
-0.63023296790849
-0.440637940509526
-0.557071071374323
-0.536114802051317
-0.539534280742254
-0.373168956518274
-0.426537181456386
-0.524436092614506
-0.523478721626335
-0.49367250833248
-0.534228360421124
-0.67829480026949
-0.568464612979502
-0.443952429534435
-0.683801645588713
-0.296122740899023
-0.587994737415058
-0.487867993446071
-0.536021032142696
-0.375859056429235
-0.645537362090767
-0.321166370528844
-0.708901876673868
-0.600934166917653
-0.468160989320643
-0.490260036350663
-0.523549729485734
-0.494388297165777
-0.51319365434879
-0.418539526094915
-0.50208031395836
-0.459109584720788
-0.291905073078863
-0.50699772101612
-0.628512069134006
-0.454530491615709
-0.400230027500987
-0.503052456085096
-0.48125047339826
-0.310791344344815
-0.384208837650397
-0.539561140583245
-0.556330792531801
-0.346273122302452
-0.368565539687422
-0.367637103616474
-0.420156388694285
-0.583407714258408
-0.518065219150858
-0.545232179450645
-0.286805991682281
-0.538141000671104
-0.380853604053956
-0.359957840040604
-0.3125750915986
-0.307848558775214
-0.641714693202207
-0.3781858889943
-0.518716618024744
-0.664798150694955
-0.326614156427173
-0.557289803414669
-0.430354194180891
-0.435535628852294
-0.410482027695365
-0.410228126049642
-0.452825208966284
-0.416738835344519
-0.303979623585673
-0.313719065970416
-0.547582746460729
-0.409951229139346
-0.50727427981601
-0.495750869139345
-0.40628918816894
-0.368803880488829
-0.288623928834699
-0.454450703989323
-0.30156336504628
-0.443611740556629
-0.409357875153079
-0.362965562245585
-0.421540778944871
-0.281031229304859
-0.45726819050804
-0.226032304705534
-0.235207824060835
-0.322280308899355
-0.475646333564157
-0.340778536928236
-0.467482532024223
-0.418787798208564
-0.367260974856317
-0.459159248516148
-0.309457218016325
-0.230958350967966
-0.317037629091596
-0.405374796653469
-0.313218380411508
-0.365719245929146
-0.331632769098895
-0.292686952213373
-0.139826822696964
-0.414451228389139
-0.300314080791436
-0.31530046110637
-0.414913678463881
-0.540501007304986
-0.352836150383435
-0.436377187570714
-0.179313031893311
-0.310200542077107
-0.364807418283087
-0.213028779512351
-0.131518392461519
-0.337929155541662
-0.152666642128942
-0.402959914180486
-0.292328448141815
-0.285128731483815
-0.407230578580905
-0.07445038273281
-0.197115705746513
-0.353608181282602
-0.318265363687951
-0.323218039726522
-0.36092125771908
-0.322118613132898
-0.335109820470154
-0.25660031171748
-0.409211363691513
0.00757898117746438
-0.403464286974598
-0.196619692711409
-0.332893007240266
-0.291933997430952
-0.103449119966038
-0.37280527733085
-0.311891953511257
-0.287511808527156
-0.127582486115387
-0.213937935572449
-0.13790816290766
-0.204915697714799
-0.196809508408378
-0.219737435336204
-0.239453162528691
-0.271106824120635
-0.440984984740824
-0.240989791421823
-0.287797165182245
-0.21115819485412
-0.0695115166708422
-0.342385044086995
-0.197687625080728
-0.347560041451519
-0.26449936902693
-0.284125559651937
-0.295622352816846
-0.281616374667037
-0.0786263579877083
-0.0979190108430305
-0.19383695151312
-0.254676236894556
-0.190263264465309
-0.232891126308518
-0.312307438482212
-0.179057470779986
-0.258975887504542
-0.18666545377072
-0.292244714266907
-0.142291432504859
-0.350695667652346
-0.169848021131268
-0.20713948830022
-0.253530174425049
-0.147928001775121
-0.209011718103413
-0.159925824418612
-0.166162378989607
-0.0784991761729551
-0.0223803643233222
-0.163391469093024
-0.123802117735615
-0.0150262062010423
-0.239521774832365
-0.219233712646333
-0.188705555573831
-0.177823213946576
-0.0769908784090816
-0.262427643643723
-0.135155303450737
-0.0870015761135163
-0.244504388049516
-0.19485377917745
-0.0616556750071411
-0.0521679769012609
-0.154739482299905
-0.135362050602445
-0.138046864332147
-0.187114687537849
-0.269335844652934
-0.106314710905878
-0.0777672689813474
-0.182969035822523
-0.217208665746905
0.0364055117414973
-0.177265816413759
-0.165321507051152
-0.0977386510426476
-0.0855900508714871
-0.0150147703770025
-0.0112794969187274
-0.150598228712479
-0.173834965330372
0.198129241497479
0.0100472238467792
-0.0557496670039618
-0.296393429789348
-0.202109187574311
-0.22947054713812
-0.136234122165164
-0.167060080737456
-0.101715343594588
-0.145351966646745
-0.0536763559994109
-0.100324507510174
-0.124125809791728
-0.11936889805891
-0.0640517838201822
-0.02358186664714
-0.117305931652934
-0.158171388026825
-0.135931799485947
-0.0273167391911102
-0.0201753114675744
-0.0791355163762531
0.00915127581399542
-0.105227474151141
-0.0224420433423674
-0.0511344494747772
-0.144134174687359
0.0472187979198116
-0.0751547900788594
-0.123643175984273
-0.040556756262427
-0.0292563541024894
0.0278417259656834
-0.128533996089615
0.0475059836415572
0.128769295029957
-0.094210910653953
0.114953774447272
-0.0701127064878714
-0.00296192381696251
-0.0817168719974982
-0.0208668564738261
-0.0625411829027091
-0.147850365413425
-0.00386762496898393
-0.0789613731160446
-0.052044755908582
-0.0156967803481681
0.106976355929591
0.0571366094389578
0.0125778472338716
-0.0864342128859016
-0.0391630815641099
-0.103446920205942
0.0297994245151153
0.113610118025286
-0.0333008953456721
-0.0119200921465324
-0.124535028038037
0.231006955800171
-0.0896243523625156
-0.184420887647761
0.100979500083338
0.00492588464206942
0.0490553168537915
0.0861634971236223
0.0450369732310522
-0.0261863167602719
0.0320523501215578
0.0410923342006537
0.110262550751169
0.124402798583913
0.0999561444468572
0.0299819765770365
0.076010085177978
0.0726484209978559
-0.111140869868076
0.18235390388343
0.071467813482405
0.0263960125277429
0.150797911508593
0.109720237222899
0.0527165016336547
0.00905345298137671
0.123590162973643
0.109737997454445
0.114522053963248
0.0861116906527218
0.190735497425219
0.0276350483914329
0.0218554133551373
0.0238614126314479
0.140466538948433
0.13689299863477
0.118739284919012
0.236674421763968
0.130106420228518
0.0419046486344054
0.0682143090199591
0.155231114292764
0.076929821885046
0.0391746571929147
0.0359510886543113
0.0400384478051411
0.127424379607537
-0.0241178135577249
0.0883305761843767
0.012886475836758
0.202480500904145
-0.0324001113273895
0.165518098899875
0.159193217646024
0.0938950051072595
0.273239787885329
0.30896500422823
0.227003822528319
0.153385849116254
0.136903331699717
0.0709190775528923
0.186455401535567
0.0767996046373518
0.0467822078633856
0.18808352906276
0.0308406872205415
0.18058599103894
0.127431468761181
0.0571673256380895
0.137379842407129
0.190372423886544
0.0709156728807907
0.261802686851862
0.290804787098921
0.113265236790595
0.11510391793398
0.087479475001779
0.0986801773281018
0.199439631408226
0.183310788525567
0.146635063464781
0.243376653369653
0.0713502922021119
0.340551512448475
0.219138072534073
0.145424801352948
0.205203770181676
0.113085794876895
0.204839977670601
0.273172366160417
0.0544982813819825
0.249571739614846
0.18693121849954
0.0363098078943957
0.165429577994985
0.115454745631349
0.249282058747762
0.158495278009224
0.274811816696259
0.26895454734822
0.133375185862419
0.391535754634585
0.302703468760905
0.0888622029237299
0.187431814441368
0.113507907118118
0.234906007146412
0.275185415892707
0.234828489190655
0.306823436803046
0.322321884427195
0.248023971542155
0.272859251983654
0.318600606376426
0.281349183926826
0.146770848178402
0.165326108272751
0.247615370716652
0.187865711925087
0.303248070178677
0.282954592717173
0.33180119837143
0.284543835797686
0.278101185683343
0.255201909417113
0.320037220828617
0.286047023758309
0.318928358652827
0.274626317934516
0.31237177492889
0.307457301687743
0.252451116258464
0.303280873162561
0.338184583846073
0.281327306454408
0.212440873337859
0.265154376402062
0.338981395970731
0.378607310239746
0.436391099741679
0.287583706960975
0.26163711756337
0.287567461533341
0.385315243104477
0.314295197996652
0.166068226680868
0.347440043106907
0.179351722953784
0.301332422387269
0.260228289237364
0.225155826864972
0.38648079341019
0.381171561893327
0.452314747446855
0.200280588216218
0.327543152780874
0.275963325071892
0.311736452268874
0.2778825313753
0.267025069903095
0.222960508369809
0.411639926873557
0.403071518379197
0.204420780266526
0.339238777892989
0.20924962950655
0.218095368139075
0.184083090215951
0.265734783620523
0.412093350897628
0.377666432138872
0.354860870404276
0.306761650028471
0.269634988303332
0.485258336307197
0.433195392268203
0.553763280123113
0.507138983799637
0.320437877993948
0.414205954913202
0.477975746488478
0.349813172846085
0.432371562281159
0.524915381529389
0.302709156203301
0.328436289877003
0.433042607046216
0.373537550259911
0.343472014602324
0.500178115761668
0.386783112172355
0.297114572784713
0.242924709985193
0.451858589526149
0.311041460093786
0.310425508422548
0.366019350190906
0.321583371424338
0.425632877651314
0.408809407311822
0.328675723324801
0.397977439906292
0.245723639394297
0.399335217494316
0.328593384093273
0.555508066882225
0.456387296132333
0.500913945091109
0.4199970844856
0.388966863900019
0.283520114407106
0.419013372751632
0.532330753951297
0.390360107003453
0.37881751158292
0.440462636119024
0.463158445571418
0.458351391038881
0.369766809006556
0.490176389152514
0.508976093905231
0.487253462643598
0.283878724111189
0.437882246038891
0.418795664674453
0.570329337532673
0.535081382930944
0.394093200267715
0.411501843846614
0.455173683391681
0.426092972548915
0.485867572731943
0.384624185593886
0.445909644701338
0.454175946687492
0.57786881072693
0.525009635442294
0.588182163479567
0.422621963140499
0.545940329542928
0.513743323865771
0.548241780053037
0.495701931739138
0.618282371557598
0.575322103821759
0.518638836521295
0.366670994786612
0.340723242985216
0.464940063492454
0.400790583193618
0.571781244270915
0.454994629984283
0.591469805466448
0.524790599904264
0.474660786219897
0.691322100547258
0.631209727654076
0.641683668704232
0.480828800981436
0.514081572244918
0.423014405969409
0.565759963838957
0.522252093390946
0.506581153084159
0.618973485582111
0.594356381812974
0.538984809404503
0.502072146596919
0.667062807620253
0.579428841219682
0.533416435509211
0.48283020490148
0.619880507713234
0.597683280081851
0.635177995686266
0.373707566134453
0.508320486157327
0.702212642621779
0.512759439127866
0.660478030442587
0.591935028500297
0.626773033493391
0.606959115530767
0.703190810586185
0.597220614647543
0.612897277162604
0.703666965315938
0.525496753066145
0.536179413170232
0.575645620213396
0.499952778735375
0.530004085672586
0.54273938440425
0.629073391147031
0.641492550400818
0.501144600857371
0.623297399482069
0.485058791817846
0.66662526057721
0.649573830820246
0.533106088562805
0.554499722461172
0.494504540069296
0.53473989677348
0.636022039160969
0.64282829884073
0.571736816246195
0.648476518081354
0.551980219635184
0.709013385323173
0.780357312925086
0.413758139494217
0.502017496043759
0.557306543636113
0.659176936002798
0.639939353997853
0.594862783068007
0.589133073681374
0.616957357519409
0.652846247278628
0.686327133858944
0.744420938481786
0.623278772876204
0.748600892690906
0.485657278282973
0.626994373584557
0.706774942716817
0.692789740042374
0.621132345375925
0.556129425561236
0.727666908339774
0.822683014032805
0.587344148805813
0.83928915858388
0.76786779075942
0.617933289894593
0.698816714585887
0.844964028561097
0.780993341882091
0.602508266687695
0.658139954210375
0.693644174247424
0.655647591497212
0.648227738700465
0.584043489760489
0.724374123709146
0.533877743007774
0.793069519350503
0.835424193733865
0.658857164067332
0.592431632307538
0.657289503682473
0.706901443823196
0.653716280058392
0.651133231831392
0.625904516361438
0.66525572615144
0.598962293741523
0.788895944514006
0.731017842430748
0.665957580205707
0.713971519918515
0.59850524024829
0.568924364160007
0.734709028353607
0.849080329418114
0.795471430220063
0.771856169483965
0.625113657807695
0.801102609132473
0.528278433397413
0.864964964576772
0.752211454369452
0.790156986600347
0.653055957925783
0.647367541729659
0.617000735002663
0.847446970702124
0.670821146962771
0.875139083137018
0.791173478307846
0.722608576028611
0.791340447783339
0.665770726117036
0.748688733044662
0.778309037759981
0.721179546646591
0.731510050071214
0.791678210285864
0.736582906917599
0.747135261091489
0.783082748029036
0.812067175149949
0.794944980934231
0.916782797867426
0.799756716905837
0.852278559724542
0.842642680260614
0.826874435334594
0.787788182393398
0.752381154306584
0.607926571129654
0.902083174131486
0.864432716315225
0.899481956293065
1.0511293935734
0.906195899034858
0.853731050122017
0.776030751114719
0.805071830782413
0.929256486999297
0.751103324108435
0.780346646288346
0.882830458011592
0.95833301749746
0.837053652843809
0.848406732755212
0.738683592408375
0.869704073527709
0.894005353344005
0.88177956791626
0.903795699099866
0.722903493016985
0.748844329236075
0.858242421033612
0.86579267065851
0.943450030460266
0.815719724543264
0.937427563192396
0.8715559092008
0.888429218344501
0.820874443675062
1.00364034731054
0.850696507999929
1.0512875701929
0.76448489945361
0.809702789246828
1.03890856147732
0.847871480634756
0.983319700913095
0.931693363738411
0.838938169960369
0.773670996113414
0.967320512253248
1.04600203441218
0.787579444124806
0.931361716370604
0.884913916326165
0.836642008182341
0.964732571499229
0.975998112676531
0.920304454916689
0.870978672105628
0.882763891253439
1.01833880622858
0.832133147730789
0.841560166123738
0.928253682453028
0.93664823761379
0.822439231211151
0.939048744509934
1.02752727005315
0.950930974157394
1.03612926234676
0.8769635893777
0.842027411463849
0.821179543514154
1.00233521364606
0.976900870205378
0.824533201819189
0.939311702257626
0.931924918583845
0.902838270216911
0.92296248560904
0.934483707593945
0.911335657251727
1.08757987643519
1.07873879479987
0.887487046337293
0.978346230623866
1.02164485810447
0.902833616387048
1.0800051274673
1.01581018423354
1.07092439325827
0.985124738547005
1.06661022187991
1.04324065627823
0.906980165823081
0.951677899786714
1.01547249069395
1.00913483951547
0.957071893995918
1.06494800571719
0.95620621237931
0.892505113777248
