"x"
-0.958355602243872
-1.01765115736253
-1.12612465749221
-1.09924605550168
-1.05432966924816
-0.994401420691967
-0.919569018372804
-0.904345348885314
-1.05185549878509
-0.953478825755609
-0.943022737782683
-1.10525882967753
-0.92510803041953
-0.85505589044242
-0.810504153582852
-1.05395321651116
-1.06442275425824
-0.912407912758142
-1.02012616472896
-0.821652438384735
-0.818194370859774
-0.866422749901726
-0.968323200413426
-0.980584728956976
-0.843736762585675
-1.11721844865093
-0.980209512993831
-1.11301901939489
-0.953087149925534
-1.03339395435175
-0.924006782071672
-0.882259123369794
-0.964166463861281
-1.00399607244222
-0.869397491152647
-1.00234182579496
-0.866823565614988
-1.07944775909597
-0.873915440792722
-0.916392465060462
-0.967605771640844
-1.05604927619838
-0.945108235842338
-0.96119571047339
-0.886990902873043
-0.927984802805184
-0.92066747278587
-0.688076666355056
-0.88119384977959
-0.957800540336545
-1.00666003309189
-0.895264402919832
-0.827772682343119
-0.818437682606358
-0.900340508090031
-0.92044948789855
-0.823830293208775
-0.876013399078
-0.887678714173032
-0.77966488788605
-0.868109431533201
-1.05402881390626
-0.899082491731412
-0.826403320280465
-0.906848406446574
-0.860101572312959
-0.815875513144961
-0.86574259892566
-0.843607427570344
-0.9567255084346
-0.714492588048945
-0.720675858984483
-1.00917285387658
-0.890737525667756
-0.79787736944404
-0.860859252967498
-0.95413725565278
-0.747279306593924
-0.89028041613611
-0.768385895759207
-0.83224955862976
-0.7521759504037
-0.977777132260057
-0.776930942066059
-1.0178055196285
-0.813938726945354
-0.987970580212718
-0.840331192356448
-0.742321427193276
-0.736555718726266
-0.77414235999716
-0.820659497543599
-0.857702753925824
-0.804041272113542
-0.801830807891613
-0.811031475416218
-0.769243402449725
-0.673920178899956
-0.88560947317106
-0.727559961462925
-0.747283598025239
-0.831367475255296
-0.608509151419532
-0.681841837631162
-0.747687584110466
-0.806418474794704
-0.730363170831193
-0.688048923607288
-0.827899404678993
-0.751885796604703
-0.606941062104005
-0.83857627960059
-0.844882784233514
-0.765109485691641
-0.846771398371703
-0.853185676654165
-0.77936375004682
-0.774150981833167
-0.598700541540585
-0.757879574214494
-0.642954816096438
-0.877093884038336
-0.823271498799088
-0.839934192151915
-0.830553763310532
-0.691400175408207
-0.861538933837988
-0.737337088927035
-0.811743132092147
-0.686443438706041
-0.698260744315568
-0.744157403893268
-0.662640754637719
-0.836700278093062
-0.740579284937402
-0.760953062303967
-0.668739048676644
-0.787532337476754
-0.66486902055831
-0.641952588397158
-0.633415009044683
-0.574358815087929
-0.887440368540362
-0.528061796912427
-0.668062822825263
-0.765331036657632
-0.760165323853248
-0.701847512713454
-0.648265546844652
-0.646401477668297
-0.571225305085212
-0.566351780428227
-0.640977311971117
-0.780760895404507
-0.752652959437109
-0.652011559329303
-0.698064861172912
-0.616492655674518
-0.684299922679042
-0.657267895622445
-0.763024162774497
-0.62448466351613
-0.661699274202784
-0.579685027364272
-0.580795168702809
-0.726848661205803
-0.716028153682968
-0.633768607641446
-0.74309841744023
-0.736210575097642
-0.596274297503326
-0.646387184335602
-0.54501318633421
-0.680380375279326
-0.704420328838688
-0.622340060736167
-0.739097064454776
-0.626307092900002
-0.801885777471499
-0.639000983663433
-0.73367419719243
-0.611854504737787
-0.636921624041541
-0.701001848625152
-0.661490343791933
-0.625627122790937
-0.615458974482322
-0.593125005047441
-0.620088376175999
-0.736386792378323
-0.648796707953673
-0.742806223893751
-0.492922312198778
-0.636471035457231
-0.661933353183456
-0.616156795330989
-0.66579987077461
-0.572108935834112
-0.629557029812401
-0.70223955773198
-0.706538971907063
-0.507086037123085
-0.546230171968329
-0.537948349462763
-0.649120078111535
-0.644109347379589
-0.398240323066385
-0.599420406553185
-0.463957008637443
-0.32292119839893
-0.528551692615623
-0.536084976488806
-0.660937530987832
-0.528050943532366
-0.638353129272964
-0.527069404934144
-0.352653698452316
-0.534075713590871
-0.723685880571083
-0.719172168957791
-0.608910487706541
-0.590608181921746
-0.394079792601942
-0.786297280508785
-0.686312781260689
-0.612572620086939
-0.441004815416129
-0.524018281863859
-0.373655201746528
-0.55977267750603
-0.645429466519159
-0.675034753796388
-0.590117017960083
-0.599980727940623
-0.52859128163257
-0.435939517436389
-0.708716613253374
-0.442609337279174
-0.540925872365526
-0.458793707108487
-0.531319634152712
-0.582437957176788
-0.491416219359605
-0.609839887400918
-0.581368770717505
-0.364368239623767
-0.522781033603353
-0.423027668784491
-0.429567909446349
-0.637950855217709
-0.383994614704428
-0.48448781261052
-0.431238462182918
-0.396348057275069
-0.61663639777256
-0.474772427855736
-0.501513849410124
-0.471038085564161
-0.459148037304306
-0.37367773770525
-0.582709900177593
-0.522510783197601
-0.24508055998452
-0.54634457648378
-0.633453324779447
-0.556940650497309
-0.419161627883837
-0.545171868177416
-0.549384923659289
-0.488615202773225
-0.47066633911411
-0.350504393691926
-0.418938213739424
-0.423135359635817
-0.428718004876618
-0.662383978459876
-0.438574267948298
-0.480130846994
-0.443797797926846
-0.455006649175667
-0.435192894771392
-0.453544488429511
-0.485494924263788
-0.425956910957379
-0.472579062052485
-0.488329984640985
-0.381767865217834
-0.436573643842086
-0.37194761111395
-0.63324197803764
-0.47912375589227
-0.3903915198434
-0.590348375127766
-0.460247593386216
-0.403114251245233
-0.456349163127199
-0.435919173834448
-0.442134503284012
-0.34422504714095
-0.552906085126842
-0.446434444646742
-0.446956247695615
-0.324473862927705
-0.40242085666965
-0.250504848598069
-0.370322384230342
-0.553212206478232
-0.192000083374477
-0.32937257554171
-0.295179291256074
-0.337512826982082
-0.341141916906929
-0.395882293255405
-0.230844425854062
-0.41288915164198
-0.330499717458383
-0.360619701215932
-0.172909393780731
-0.467598076844725
-0.395395678525402
-0.32233101527175
-0.36945830388354
-0.325395693229851
-0.408406596508763
-0.417735902673238
-0.41059100065346
-0.18521469486079
-0.278097727541708
-0.386777468222636
-0.455895908448132
-0.190261186003656
-0.216627799146745
-0.311059574960511
-0.303810794957122
-0.303138050877234
-0.34463816770117
-0.300111334445368
-0.266412996631206
-0.326602691165009
-0.220693440228176
-0.293863217559927
-0.255531885277362
-0.338702634070281
-0.226454281450672
-0.360814686740832
-0.359694151996523
-0.283801857500952
-0.391110045799054
-0.268920300150618
-0.410024993839481
-0.21273260361889
-0.293461890454292
-0.291171491981645
-0.163666194942399
-0.414091860419953
-0.300483280605235
-0.268056121110602
-0.318246644140618
-0.218620175343486
-0.264277031484424
-0.257827960428345
-0.354292111266659
-0.2851953255558
-0.137876971313028
-0.198365513069008
-0.285419556047944
-0.292359584037023
-0.224174868567415
-0.188290024079925
-0.270262315193388
-0.21397678553691
-0.276174076340519
-0.155524864915795
-0.155874736142762
-0.276544672987104
-0.296160868179881
-0.159496979351372
-0.308904173273202
-0.188385792087432
-0.231318017240794
-0.2528393298955
-0.309328219323432
-0.156846137721441
-0.208161003344951
-0.198939817713998
-0.263952219618085
-0.265354631560526
-0.24547889149086
-0.26321977136998
-0.177444476931314
-0.288732713736388
-0.155071209073303
-0.228317332991892
-0.277235667944253
-0.265112715616076
-0.244137238098674
-0.037598540611338
-0.326906241366261
-0.253580254787083
-0.0296289954362483
-0.149312500218958
-0.323791658381489
-0.0877010307851821
-0.163403129226123
-0.299895457333758
-0.264118771471112
0.0332296832209649
-0.324130392514175
-0.217869577729304
-0.0913275855933629
-0.186369326595758
-0.117203883504938
-0.192209412054227
-0.186189591861313
-0.155205947676273
-0.122458444170783
0.1212105644749
-0.034229184535958
-0.0935147924833315
-0.18288432757903
-0.141534589857696
-0.145700338944781
-0.150369611127683
-0.133678550352626
-0.144000783635027
-0.218951198500493
-0.0169751120607579
-0.0671876499277076
-0.053930633762665
-0.196564772099726
-0.233396178556083
-0.17024964223855
-0.105883146026872
-0.0881603847383171
-0.125165047734495
-0.117603131357883
0.040419198558043
-0.064189842726317
-0.111575008615122
-0.126329863895553
-0.10053847929544
-0.227855570302484
-0.250315915246176
-0.201401578161709
-0.172331853765026
-0.224085081692923
-0.161627173517711
-0.285856662011498
-0.201053006346602
-0.140816048875455
0.0658058816302668
-0.0728575459620326
-0.0305751381868968
-0.124206801454083
-0.0330347629536025
-0.112688303270477
0.00296967258863419
-0.104577232766586
-0.134828859678326
-0.186455749302576
-0.0681344255065848
0.00515098011566743
-0.076721216496505
-0.0702756345890613
-0.159861880336897
-0.197988857901421
-0.123822057914298
0.0064001858659213
-0.0378226049244946
0.0146252432647056
-0.0703106577207574
-0.118856498120596
-0.0173741972022311
-0.0107821984106331
-0.310308120656511
-0.108773288157284
-0.264433199556272
0.0175325305846709
-0.0689738259898319
-0.0557232477565695
-0.0198758894435206
-0.0974049726558264
0.0579453587934593
0.0226805971464204
-0.0579993662953681
-0.0121910380114664
-0.18363761395428
-0.0372164659097628
-0.106108897925646
-0.178532861636335
0.00325066678526112
0.124543536588019
-0.00489224902985642
-0.142103423564949
0.0620580615733747
-0.139649236002043
-0.163303384827748
0.020877599441584
0.0110138120694746
0.01717294616697
-0.0386656442549039
-0.0169567031102291
0.0247432697389151
-0.0285326818849119
-0.0560678888659297
0.23490377098658
-0.159750007458548
-0.0357518263667445
-0.0444476530634338
0.0522800993455822
0.0531258812104971
-0.0604576384124707
0.00627498279522567
-0.122011725746543
-0.0244757876499857
-0.0284048570244797
0.0681402704814442
-0.0364823445215923
-0.0217579021904777
0.172490575052495
-0.112468219165824
-0.032137398920871
0.0221134863447192
-0.076063293725247
-0.00406928222613398
-0.0531506701164524
0.182289970641692
0.0732432583774877
0.0879706585607015
0.218043902649048
0.0361673013621097
0.0299506988391963
0.158508106448106
0.156480453909939
0.0930177836961797
0.199179316166446
0.112439941768737
0.0553566741891909
0.184231583603414
0.112872503072386
-0.0715588155781959
0.127791802092363
0.0774246255108982
0.0461176326422265
-0.0072654229355745
0.0937941455219304
0.0875061418565944
0.13760426228956
0.0132521359117349
0.0774033418332377
-0.00538039291924687
0.195864920326117
0.0910007623319011
0.113518582142567
0.179195727550908
0.0306231394258602
0.136115036186955
0.146567598714427
0.142380761995761
0.20924022273233
-0.012617802405524
0.0371781328347242
0.0560979127031098
0.0626027249023199
0.366137778536407
0.243348605587556
0.233424305929804
0.0235310817377613
0.180035909994669
-0.00124596476374122
0.128867650714444
0.24356913338852
-0.0104739077956791
0.00248842108129415
0.0995232013923052
0.195350625953074
0.151660979403773
0.133526766916842
0.198622611338082
0.256008515217897
0.191544188195163
0.209875442106748
0.0769195440396936
0.183975588008776
0.0864129047003351
-0.0268105188429761
0.129139963771663
0.0951130593106672
0.176802381017405
0.268073032689322
0.20726312256272
0.176110448159384
0.264358246164458
0.165478039626236
0.164854405100931
0.192973220023483
0.23670237833333
0.199055039352824
0.134913694136999
0.10143774530884
0.215430971026857
0.234829227035885
0.231494167149328
0.345446579142107
0.230214844056437
0.0222356829690907
0.223863525511124
0.223027781906948
0.362371534618561
0.134769236612733
0.248430396013284
0.272753626958685
0.140520026257077
0.379409437354354
0.277069402362178
0.218768741254737
0.249538896577959
0.134735013648035
0.300603346655695
0.437366171735341
0.356566546697776
0.173205790011256
0.28390199170029
0.229747836219206
0.305912370282542
0.288316374118573
0.3743531401852
0.188155923667526
0.322785470965911
0.345773314775369
0.189218443289802
0.176814729563728
0.268579914037208
0.343522098065381
0.228982465241219
0.420730914427437
0.29626950371913
0.439366924431677
0.242563196385622
0.26855974635286
0.275520743545541
0.285736918166791
0.230686158275286
0.261258257948671
0.215051415099884
0.367054644462084
0.399790596218965
0.363204051623348
0.238524668187928
0.460189532878061
0.531983790479033
0.418665090411724
0.371364496748802
0.355616894589853
0.0715680915702339
0.359049545518596
0.401514262150392
0.183544733642106
0.435193494512044
0.349536725671229
0.363367120053649
0.383645462335696
0.302378850222904
0.420081768710548
0.304660794522522
0.343873268897511
0.310133400404095
0.313408502830555
0.396771477711594
0.313506722879952
0.36314806466215
0.361639874840187
0.270680237857592
0.436009545150721
0.328480259078539
0.269153696297492
0.307030207006144
0.374046837319335
0.380846245599701
0.453437550056056
0.305111027046143
0.358472691029743
0.385290731805368
0.495022850292234
0.422349962541059
0.399820320814548
0.363469051957812
0.433207524399411
0.355313816911362
0.392272582591646
0.482426216038712
0.287330379819199
0.481847106299813
0.38302768547005
0.388854834059086
0.351491911473118
0.374683596859866
0.480486551877041
0.429232992286552
0.507671926667404
0.335061321603867
0.260819816162308
0.377168827229173
0.613791927231853
0.374138424259657
0.574373448630299
0.365350844958603
0.294753653199718
0.345536340725814
0.457727232459729
0.409241166421391
0.38964363387628
0.360732475008069
0.460537181604031
0.4546368130928
0.644661167016854
0.475770137397937
0.492424558629248
0.47209604884495
0.376950780530384
0.517555579337896
0.431905690538716
0.357359730509117
0.552626573030106
0.62547176431182
0.258766252715764
0.505327268034119
0.462143758239537
0.609787549998514
0.309791526937717
0.419624622161132
0.530978645488487
0.447449066140967
0.515215930801805
0.503950673684049
0.380201781625844
0.558985122256875
0.524761388831405
0.537082249286033
0.267009125622015
0.431404537257705
0.41236597037897
0.337593206552546
0.59373622239452
0.422330157856557
0.502203004134358
0.537821129291812
0.422872756767541
0.361736780112826
0.591894418627389
0.448768413339551
0.397081554880412
0.56918485581647
0.482184360427448
0.488518684303174
0.329538646144097
0.488477090767872
0.563432318029582
0.457521890655016
0.556921273743292
0.505221314006451
0.45845575338137
0.452809397691933
0.565003540638359
0.425435089333019
0.551398005099978
0.551234386904707
0.583570345076153
0.497632542297498
0.488983412412035
0.480051579468648
0.404885358243182
0.533866884949853
0.553802904866204
0.649579937731244
0.633174314552445
0.595607784827531
0.343857363309744
0.564802355176986
0.526702123698209
0.608546621785841
0.496950694176168
0.485219089081762
0.593064131084482
0.562939433548179
0.466863026288108
0.578082542408974
0.514819078141632
0.634227298202474
0.557872682297447
0.475465405188698
0.729846313069549
0.636373031875299
0.609977924358541
0.573700111145765
0.643961638155765
0.528969943714888
0.573862976704936
0.452048426391954
0.660817043003701
0.535555107540059
0.563604843471023
0.634556821114008
0.793077929719891
0.625109294869111
0.728544416356926
0.557746266747758
0.552520012376769
0.674471595718155
0.67255031277509
0.761339240220828
0.735826686939859
0.566520563057079
0.648371654598349
0.716621163648298
0.503858919748681
0.634113897456999
0.542199028165382
0.595803242387631
0.53498072258581
0.535347390940914
0.62824898100282
0.499045275885695
0.632981552569861
0.789774778582661
0.55794268221778
0.761714651111042
0.767180623722025
0.66338161155481
0.675452537690964
0.608013748224921
0.626084152882313
0.669218065851618
0.816242582386189
0.629431977972074
0.556815757276954
0.705900142490368
0.586430935799704
0.520214199799884
0.629913566749733
0.616090708649306
0.760170914659818
0.702078703135195
0.614098096656696
0.547606812164753
0.614024800837037
0.713077327464428
0.680031118730376
0.764612398236667
0.679377657379703
0.744848594671934
0.85918485118925
0.827647025560556
0.563244954361333
0.808861271275615
0.711366498636289
0.794920726710261
0.650207954672589
0.710368503685411
0.780886051834812
0.726867893856479
0.750596921357583
0.743316014827786
0.673533143118964
0.720772810138447
0.774208554188288
0.700084216480421
0.692099283973658
0.720396870866489
0.642785949837398
0.73847281099364
0.748533921919154
0.676974005790887
0.677612686787252
0.668116834661648
0.835802739635779
0.691753850134579
0.664622373032486
0.728360821474903
0.592906610290668
0.670482086900177
0.742796677605327
0.717812343684259
0.782427694861994
0.622723483459892
0.64077652930168
0.629104363585554
0.765411231749762
0.733972824601959
0.865663877008725
0.802870881935895
0.761668907283379
0.864765746267587
0.687353815640937
0.739212614347905
0.78117143502971
0.780093919156647
0.787317072329357
0.897114178162729
0.780102937431626
0.810788893557403
0.753312338283785
0.816979070660033
1.00046638220714
0.906670606965987
0.843937485877787
0.828258427611862
0.938097302986335
0.792219057686692
0.783707113697179
0.819596144977619
0.805125843653998
0.949748889614879
0.780194212427724
0.782287627868191
0.833952001213572
1.00431494476106
0.637788682121176
0.836521519653418
0.770672855048864
0.881471842441868
0.818529251654909
0.828205361374382
0.782813884856833
0.927122143102326
0.615463612779919
0.943434082417541
0.833942935202251
0.66697644121304
0.908243163530154
0.94706380147487
0.956167186466105
0.862157146348527
0.95710872662611
0.778535922300014
0.805480661254864
0.886515525540344
0.972113334161608
0.911975484975503
0.847678697258359
0.98938795644991
0.824505617351576
0.789160325124374
0.969369858035391
0.960215912189344
0.817722804173887
0.835912746428996
0.888630371742267
0.949317483929068
0.924604946954532
1.01306988526553
0.993758287178173
1.01207808697945
0.920747895180209
0.823738744173871
0.923457903825775
0.966421617260482
1.04897702363276
0.917468629878852
0.951779411513352
0.966526685033246
0.941258768071563
0.998974665509519
1.07441894131307
0.910137989355116
0.894511547653489
0.848572214340968
1.00589961235405
0.954255671847922
0.929955574709844
0.894402207136132
1.06002870759129
0.966367086300532
0.97026482200798
0.93290530326607
0.956473991049663
0.877562008958811
0.926344608138517
1.04229598307579
1.03129415503634
0.851961074260376
1.08090502480622
0.98607792383278
0.82645235296323
0.942463854519454
0.919774887411456
1.09354006331754
0.982972737314487
1.09161437674685
1.01799389144239
0.923253065212132
0.778827888774186
0.999507750308872
1.10705582552329
1.1131215210784
1.06736523733209
0.945953565504082
1.09139583303931
1.04171217276725
1.00637764674707
