"x"
-1.11460041147168
-1.02960491318393
-1.0159599216395
-1.00272567202383
-0.948307691769321
-1.01978035055005
-0.889075381616149
-0.962618233528157
-1.09416193322377
-1.06177771118142
-1.01477608016769
-0.991306539358729
-0.908234509786032
-1.03797109539854
-0.892736149439629
-0.978936951684017
-0.904884690711737
-1.01642917548493
-1.02512522897927
-0.91234152195785
-1.09643133751938
-0.982061374093358
-0.884841021269654
-0.852508125683798
-1.02906754209711
-0.905361371084535
-0.902085271739403
-1.03469794108892
-0.981109541750828
-0.895669489288772
-1.07730154129984
-0.850937668184011
-0.90949275746945
-0.820323567918398
-0.840514724940018
-0.909353118903263
-0.792594025534478
-0.91278234512992
-0.888656602229299
-0.957491810645414
-0.888902853259936
-1.07681429407295
-1.07292819401483
-0.968492499672658
-0.838214821920866
-0.940411889677265
-0.983994621798255
-0.847619101343576
-0.778075667926755
-0.880495731236186
-0.856924357832662
-0.883145429347051
-0.85108425680438
-0.839971445711007
-0.875481281549079
-0.831903512622244
-0.926052988870664
-0.832557569534168
-0.973389746745137
-0.952447687761325
-0.834184921033753
-0.884133168266885
-0.912650584988452
-0.828834997275689
-0.898840222712889
-0.935225407935962
-0.914087538172546
-0.816715111794283
-0.877986440912302
-1.02655296738266
-0.957784602378989
-0.885220164442895
-0.961611912847152
-0.797726695271521
-0.833956919495894
-0.859255940523217
-0.891950643538575
-0.893089583897516
-0.870922930160924
-0.655883767724205
-0.899911240397228
-0.847951941712114
-0.814532796393775
-0.855638698237354
-0.905753564601747
-0.834091764010923
-0.777588513251719
-0.876294054222533
-0.799130888745953
-0.922841727111771
-0.814319183469462
-0.734507499157953
-0.853624466405858
-0.846135483135208
-0.770900618969853
-0.856654180568407
-0.846596418387078
-0.73062123056525
-0.774709260034515
-0.698539405869633
-0.860015130775489
-0.756620352581969
-0.738110421350407
-0.701450376318905
-0.723671356962229
-0.91486867463358
-0.641997217133764
-0.711581471209081
-0.747967934850121
-0.797977362973198
-0.831865674163165
-0.867725352045439
-0.784700648666758
-0.816258501527804
-0.871985207574398
-0.823273949392985
-0.891075802155188
-0.618017753893593
-0.768919765195039
-0.758618539477108
-0.748687101868896
-0.879464938560486
-0.829019449464665
-0.599481072450494
-0.481603125877737
-0.650726780175739
-0.690803458393629
-0.737990792210281
-0.749200860809443
-0.825694626879903
-0.750935062624955
-0.71766011498442
-0.73641616772485
-0.710803465119668
-0.652880452781748
-0.802644712048578
-0.790284233053542
-0.820199117456957
-0.571510178792203
-0.685294555802709
-0.656606934363029
-0.721951801867062
-0.694833894554508
-0.719227479592601
-0.610248266449979
-0.765302091185567
-0.805054802286903
-0.745898532483653
-0.634768132326653
-0.57444592758887
-0.54925858678738
-0.646023937974663
-0.677795705780532
-0.616216304153288
-0.738851379853374
-0.674726643829077
-0.84779877783404
-0.772119954715328
-0.591714318662297
-0.662993140871182
-0.685898939403867
-0.673468045905174
-0.79240121413309
-0.806837477915217
-0.69079820752418
-0.817357439148644
-0.622657416610484
-0.531053534980219
-0.667687627101888
-0.557714379839042
-0.635446994835471
-0.632869964875981
-0.639851125916968
-0.598959126430757
-0.648754655585113
-0.659228911494488
-0.525459731505463
-0.584941363061728
-0.550446480509723
-0.744647565142303
-0.683451148308489
-0.695859881690968
-0.624099987494192
-0.62285331413615
-0.569381359600833
-0.611847429046146
-0.651135301567398
-0.67255377090442
-0.558526900418517
-0.699381041879844
-0.60602226033644
-0.591330340308546
-0.621394557382837
-0.462649081505159
-0.594128176055545
-0.629003820058177
-0.590165426321301
-0.650935656316205
-0.661062343701605
-0.546841249832237
-0.559334694860955
-0.595274266464052
-0.657771964722579
-0.620836862644547
-0.485551067215523
-0.641736398643583
-0.55511760246982
-0.584167442415667
-0.445726732012513
-0.542557078648256
-0.617077869080951
-0.50243428816122
-0.442764259504715
-0.502274641655914
-0.553749416106815
-0.502627922833297
-0.349896513540243
-0.544784054583895
-0.579763481224196
-0.47524954490994
-0.599781189397168
-0.536253471941208
-0.719163824788834
-0.546040993371027
-0.582048342478515
-0.41422382289823
-0.483204287568811
-0.658601304355817
-0.433423912168861
-0.543066325034113
-0.532505124395382
-0.584939687055244
-0.426870373760785
-0.5653387387578
-0.553736683548955
-0.520930083435661
-0.35438866299019
-0.426694227797721
-0.515724466890651
-0.527256937793594
-0.485737022072438
-0.546775119976583
-0.682193545414985
-0.574921937010862
-0.441809269389015
-0.680039779367438
-0.333966158413036
-0.594863031198856
-0.501966913306154
-0.54277272983988
-0.386856419537444
-0.637875717315864
-0.333953810618553
-0.711205067109401
-0.599304844359651
-0.447399824816974
-0.468894411786124
-0.536901679216119
-0.46973378222213
-0.494840168639796
-0.409385279566293
-0.489788989498534
-0.477240009399122
-0.28294784765929
-0.512539998650319
-0.609279097721605
-0.458110357627752
-0.41877779626622
-0.50458801158916
-0.48500543083286
-0.318784240733108
-0.394150194238509
-0.541850637485831
-0.561681582199743
-0.332439519426635
-0.357420036237868
-0.371476009152262
-0.411369521041137
-0.589723762924317
-0.515559573749682
-0.539627502100048
-0.30082856663459
-0.571099772126634
-0.378615633439949
-0.360262726478205
-0.325060365244338
-0.318222512814314
-0.634657261748877
-0.366110754347986
-0.528866487036303
-0.673724231585032
-0.346494412271797
-0.553585391701599
-0.437300234095391
-0.438584992030616
-0.401308672458612
-0.404302263142056
-0.450631206362788
-0.40136566317428
-0.305065101647699
-0.328936167263468
-0.530058948913985
-0.43388685029678
-0.483537054857612
-0.507399764490149
-0.377244086091203
-0.367502755874401
-0.317099396542686
-0.444936589033517
-0.312755998869084
-0.458209764624151
-0.41781233211161
-0.369299685639804
-0.419218331407411
-0.300908661719859
-0.477178767146347
-0.217279348477753
-0.228503773015967
-0.318078171194432
-0.468868409860935
-0.320262332713947
-0.43904778183432
-0.404331943753595
-0.358166860192549
-0.464255556433302
-0.316881513897399
-0.240368083742651
-0.29305293770913
-0.40961601911802
-0.309256053546388
-0.342335262727911
-0.35355894139347
-0.311279582148335
-0.134679936073283
-0.40214917899945
-0.280007555379895
-0.323045322905605
-0.396025368941511
-0.539184247861046
-0.339440497525103
-0.448808939460236
-0.157886492433263
-0.328767343385079
-0.352556322072482
-0.217833240517568
-0.141958747661901
-0.345668701353184
-0.173180003044025
-0.388925669916433
-0.297962177008749
-0.278858872374341
-0.397491111010423
-0.105804088469865
-0.205665101073939
-0.334683323411506
-0.308848660937349
-0.327752759268056
-0.354445184849225
-0.320709723209862
-0.330770756327621
-0.264668738562272
-0.405136786529896
0.0247596117073208
-0.413803043500993
-0.196184328081437
-0.322963400523767
-0.307979863135151
-0.0959893422625496
-0.338475431584577
-0.310458184753447
-0.279760419725157
-0.131071132178888
-0.197242492478758
-0.145741121691288
-0.212097407941962
-0.194854239265722
-0.220412596205939
-0.244715162644156
-0.268229262658237
-0.425349089604417
-0.22415740038134
-0.289960071222191
-0.18142550078205
-0.0750270118649002
-0.323291429920036
-0.202345020068674
-0.349246617572627
-0.258575486016529
-0.270285890073358
-0.295983338876184
-0.253240545614886
-0.0835954119295035
-0.0822669994316555
-0.173507554724405
-0.270619128633368
-0.181973559837141
-0.256872440122779
-0.326710654915553
-0.187441282582664
-0.280085844027345
-0.170937776018829
-0.301655279797927
-0.134106442075066
-0.347686040285146
-0.19458808998469
-0.208581789427972
-0.277994554541027
-0.148058306591528
-0.208670001457834
-0.14951471498605
-0.164497875324176
-0.0811967015316146
-0.0270649674266741
-0.175687545380997
-0.125760232371343
-0.034996497859203
-0.215832527862854
-0.228159502832231
-0.186119927974836
-0.209389770793728
-0.0726268799079428
-0.254082999906768
-0.152645720374116
-0.0809638299295915
-0.249953578467855
-0.195151654121806
-0.0694524483150722
-0.0486305940413184
-0.158342809053855
-0.144980112941974
-0.135793366944724
-0.178694857050329
-0.287406451086554
-0.100371493479514
-0.0878643875347837
-0.173316294556291
-0.207438178786051
0.0241736088734077
-0.185656545032393
-0.188140867991527
-0.0897478939998484
-0.0922234804856015
-0.0166506261079422
0.00398979108913589
-0.165233207485581
-0.160299483945365
0.180026406616128
-0.00373692350419186
-0.0700423668557375
-0.293299392659814
-0.200713040257365
-0.227932258388428
-0.131014397282481
-0.162556242081024
-0.0975158164264881
-0.130016212141455
-0.0468731080653364
-0.0762314996127766
-0.136039454707824
-0.127552625656261
-0.0417506002130742
-0.0164269550107981
-0.125758372456401
-0.157670007043919
-0.125836109417272
-0.0204930858204225
-0.0169145200431931
-0.0849722563943075
0.00814623782411497
-0.118199455639122
-0.0328990603137787
-0.060406978091126
-0.148128471952562
0.0400294158596233
-0.0643493265315207
-0.112090121094387
-0.0628176069849104
-0.037972178237623
0.0561758281055498
-0.116487033640367
0.0779778938902199
0.130288524744447
-0.105534383302148
0.0979607882187534
-0.0634415400171208
-0.0237830681904709
-0.060630074951994
0.00397776023382609
-0.0410156722291557
-0.157467491161212
-0.00679297322496058
-0.0522724665882121
-0.0536843169511914
-0.0232503143261046
0.111915265472762
0.0741397265175373
0.0153895375952071
-0.0792211858542854
-0.0361175175497284
-0.115578928393103
0.0232901152660454
0.125993740424612
-0.00330387172919201
0.00846565954579901
-0.129689202044112
0.20580011013846
-0.103098957613275
-0.191093099559897
0.086661200774097
0.00341787996591551
0.0393771613647207
0.0929507243620174
0.0344302932997888
-0.0141204520065036
0.0164957466330669
0.0379618341784216
0.103735880186985
0.0960272479200195
0.0776299926338095
0.0317705539213441
0.073309444842346
0.0875243794480858
-0.112707694433162
0.213096010311847
0.059112653503254
0.0363923494084634
0.1246368490729
0.0917758876218541
0.0683486859274109
-0.00631473049928091
0.115511844092069
0.117123982045379
0.121160607401438
0.0922493691537756
0.186249002170418
0.0140242910131782
0.0473102683571206
0.0187842143918986
0.137612505857448
0.157463661433907
0.100664407554594
0.241741392473311
0.126940012372132
0.0254459818934267
0.0751206950523105
0.170868017091825
0.0819918323053555
0.0554332315232971
0.0195640744975562
0.0397256898138571
0.137972304873565
-0.0251418624196091
0.0909122318544406
0.00839478962841591
0.192568878496934
-0.0304210879066219
0.161890643383016
0.167082035634508
0.103731290708965
0.258239860007157
0.307806470321412
0.214946692464281
0.14879299450709
0.117405937378176
0.0256251811059436
0.210862883889826
0.0593439554435674
0.0571270435948659
0.173219798408722
0.0355197530505683
0.159812688756156
0.134544640842187
0.0725380035812371
0.124900927305953
0.195171552738457
0.0973063627394723
0.263669948844449
0.263815420935495
0.12870213743934
0.108930189510616
0.0783564818356906
0.0984001500061856
0.215163601364804
0.178846850845446
0.149010604807596
0.257552557024516
0.05376711430439
0.333851871127705
0.231523188108761
0.154594501985818
0.194148225608028
0.10913882277756
0.205412964134672
0.268176598464212
0.057284337189802
0.249141651520671
0.19322850173105
0.0288064168947563
0.155258603354011
0.100966173256324
0.220699541850477
0.147177283849376
0.281077507185549
0.286261753365321
0.12778742949056
0.408157769147452
0.294516099007129
0.0721481850209731
0.172645773628951
0.11148346773817
0.236938150438245
0.278572103090495
0.225532222511793
0.298322767952776
0.335833926291198
0.255320364693842
0.280367731345478
0.315282873353715
0.26676326431336
0.140321141446186
0.181001697331172
0.259996302453192
0.197218457863016
0.300525553274229
0.284578476915696
0.328829510601425
0.275425853001822
0.276053003981534
0.272942500381507
0.326112435651605
0.28662799900669
0.320361787419409
0.283387909254544
0.313808085264077
0.307116672863692
0.227332633685345
0.324876545685946
0.33705395779225
0.270559729309291
0.204803322701121
0.271743095464751
0.330125688215016
0.375461030010711
0.444109313830025
0.284038831039206
0.268704988743223
0.314022257784103
0.378843193155771
0.327790207748709
0.149688605435026
0.347453469419625
0.183101809825817
0.269916327234204
0.282841547584157
0.252357946985295
0.378674162229134
0.377270980405367
0.468650067134669
0.214586238506146
0.346151100762322
0.293187552746228
0.299044643842465
0.264556869676937
0.272136814642565
0.242050065981474
0.414297506128008
0.405864021256131
0.21093895574603
0.349512667313412
0.236438577903555
0.244626267168597
0.2182921319861
0.279983129371622
0.411647027037057
0.361935416744911
0.342348432919788
0.320043975624883
0.260291019978833
0.4815586767267
0.437451306297554
0.575757954902564
0.498479412352107
0.309728335802342
0.371833533517117
0.459717632329828
0.371406069014265
0.436294271254262
0.518854868476111
0.28945620737399
0.349144347476529
0.449992725803692
0.362491335758812
0.349354953563669
0.526235548825455
0.368376769044313
0.297185510142416
0.244155934280016
0.436065392606492
0.299485434246524
0.293036856208506
0.367109216438015
0.318630215800495
0.425281700155517
0.449775855334981
0.337470104453348
0.405055229960083
0.251231953868596
0.40947567024424
0.333450411307613
0.534958205678965
0.4262042904586
0.499982463469575
0.407534059386717
0.367330152117604
0.271932600428646
0.427477014588772
0.537406492326737
0.391452045358273
0.356576832030907
0.471229481624777
0.48153796264234
0.490768087600602
0.37320896068101
0.484085134061425
0.523221227209114
0.467779528305857
0.277207977583402
0.447561532735238
0.414576406144233
0.568930363680412
0.536467866786063
0.399781809317724
0.405602671575699
0.473825276154531
0.448809158303333
0.483650350768126
0.372398024858986
0.447705211047238
0.46652126821328
0.611602043316266
0.528479628500481
0.58653895103291
0.411701135629062
0.557737852629138
0.524167670614147
0.531559097834917
0.499298241401704
0.615846546697903
0.555231883953202
0.507772484428559
0.36588712948961
0.351259238519427
0.47213367961265
0.416417423547631
0.581881461360767
0.43788552184997
0.603692621884113
0.539847202696659
0.470262006341719
0.701854565823989
0.616097900685461
0.625065556520601
0.453861427984047
0.537339785299359
0.418185537116864
0.553513792535853
0.535315191883207
0.516366191518328
0.615948094115407
0.595004504745096
0.53740888331571
0.497255019552383
0.63785515623326
0.602534283200802
0.525285254118257
0.491169830392932
0.630742334786105
0.604991763196814
0.624287107529118
0.367592744152407
0.512770508238085
0.700871570569513
0.536288688716151
0.66334650299221
0.582182297349686
0.646283779227464
0.614229091599387
0.71780639556197
0.601967352843959
0.654727893851223
0.696984982399296
0.552156414491894
0.521363210978429
0.572441129657972
0.499145257856731
0.515001769720977
0.545412826307121
0.621132983042764
0.637758398284223
0.506116025045914
0.621158025841177
0.51203936291026
0.690870121469878
0.637818791943793
0.529393852182783
0.590287841911674
0.471196839319932
0.535121070306069
0.64035495672335
0.654514297924119
0.588480522010917
0.64509733257579
0.54029631364748
0.696199660513561
0.762751382452441
0.40389204270691
0.514222511587106
0.536276725434458
0.660986128492313
0.641049386012824
0.580967140613668
0.586430275746149
0.631370750663466
0.643723699880089
0.705831662822619
0.75401294210808
0.602810976528313
0.746235370789029
0.490311020780012
0.608790034962805
0.707984119095647
0.719998733956515
0.632675694540539
0.555898816774153
0.75182291383185
0.819350209529782
0.605555233852175
0.809519903416361
0.778711839169514
0.629376255264927
0.68649294423151
0.855873925831576
0.776910278589613
0.617827209045707
0.656523817311662
0.679681565942378
0.678959569550752
0.655891426869414
0.604296689038933
0.719339479963609
0.5382057270725
0.766104021711095
0.836311054295257
0.661610122946684
0.620973040492925
0.663597152607534
0.698985956712469
0.672958275001229
0.655206043750926
0.637611984449821
0.675072873672192
0.608853223934496
0.79595693990554
0.709368300530855
0.685017831917436
0.691034789708491
0.609772782977779
0.570687411585251
0.715088485943168
0.834029925851806
0.780311438117135
0.770183130792722
0.628993463643507
0.792372495001442
0.521881762183711
0.867312041833964
0.776704039716218
0.791452882006739
0.639384792508186
0.641157795254337
0.609570080814202
0.852508597160799
0.649094086996701
0.880744311336078
0.785479493088102
0.729509071695123
0.760200962566635
0.662283607029068
0.7433778842638
0.802511804746165
0.723626151452084
0.693397874837484
0.78899705055468
0.746720580169038
0.744858783538591
0.811772329697289
0.812598607814467
0.808116136725246
0.903707136768835
0.794779056404159
0.858595236003728
0.85546531394553
0.834654639025595
0.794232518785269
0.751544242910692
0.616034928329255
0.901123282485374
0.849755388690793
0.894584788749134
1.06408147100766
0.897581411086418
0.838573350955446
0.775343732248986
0.818055056103593
0.920045304372417
0.775137252521724
0.78955011855813
0.862548651769107
0.981794405010447
0.844807492374174
0.8360782326181
0.759590386216078
0.815137642599017
0.890210203742776
0.869339660799238
0.889795475726692
0.730997767008402
0.734862726874912
0.891649867446484
0.876262450038958
0.966364036854661
0.820831898525383
0.938467772101514
0.878798951026862
0.918480882605718
0.815082517019763
0.996097471571762
0.84729799844158
1.0444810036514
0.772498835328598
0.821906599446607
1.03232374834443
0.822113512365572
1.0027521126792
0.901501459625063
0.827286266584917
0.770525870372979
0.968702095817434
1.06490636945731
0.788918619956436
0.925247240223644
0.879208506542498
0.853978826457667
0.989371487900717
0.976784508328259
0.908819825840816
0.866154003695896
0.892576512446927
0.994985132021804
0.856562045282475
0.837105391145787
0.921759694304268
0.942684957596606
0.834517899758914
0.916226006891491
1.03088571067015
0.937294503811541
1.02979616081063
0.887578550762045
0.837634481975609
0.844385511504713
1.00249902779529
0.988642418034423
0.843467703838152
0.909801590112311
0.932784489323239
0.907021085783681
0.906860118043897
0.942078578620007
0.894256103904252
1.07620912283387
1.05081207564369
0.879877309926176
0.985481885157348
1.01611648018928
0.915003992932609
1.10301587933795
1.00674591596463
1.07730020005019
0.99208597633992
1.06420930943801
1.04759079732478
0.897894681860485
0.936567146288088
1.03974673943509
1.03255021147847
0.949662558876731
1.06571505243536
0.952127984738159
0.918476807528255
