"x"
-0.950834745600963
-1.01882013672937
-1.12525935800532
-1.10521073021585
-1.06258030996414
-0.996709773363846
-0.928665590148862
-0.917763867880163
-1.04911704534562
-0.959155920774567
-0.934174520690371
-1.09264194587048
-0.924257939837199
-0.857551960739899
-0.808786083348768
-1.04279747877792
-1.07825717587338
-0.921716702990459
-1.00954226885206
-0.822537757642035
-0.84963276083543
-0.882744014491993
-0.966289093199595
-0.963460739853034
-0.853067620508184
-1.08835920078679
-0.981313982328498
-1.12410007892355
-0.93310061166074
-1.02259436776671
-0.922191928912201
-0.869210452334657
-0.960365202608676
-1.00739746311652
-0.89180886125845
-1.00470607686287
-0.890505120191431
-1.0579493005401
-0.848832211701588
-0.921336381289402
-0.941391150909128
-1.03996856240671
-0.96541288698298
-0.960264361044487
-0.901045254677091
-0.941587372041165
-0.889885743051631
-0.690475425047707
-0.89363939188469
-0.946483114182526
-0.999539022338263
-0.924971306799346
-0.822416203498808
-0.826648072738308
-0.900338226419117
-0.899025899260944
-0.823220144426365
-0.885417449263264
-0.890212753898948
-0.773985983108102
-0.873349195349588
-1.02401777947934
-0.885436932323565
-0.842236961470818
-0.894310036163162
-0.861628664857759
-0.803402117486102
-0.858107030907247
-0.827564675353073
-0.964206059924394
-0.71770013486322
-0.74527893474239
-1.00371366513307
-0.912000638743166
-0.793997849730776
-0.852641940593147
-0.959908062255894
-0.728685301705606
-0.900219527024567
-0.775138706756527
-0.835016625192202
-0.772390811222146
-0.978019580328441
-0.756775955614868
-1.0150953585211
-0.805108627606865
-0.987881056548999
-0.831650560464879
-0.727859187699495
-0.726937663181154
-0.784321338553185
-0.81443895329791
-0.825299912468236
-0.806710529026595
-0.803540227782979
-0.794904411771227
-0.76638285538096
-0.677456811224825
-0.912250226161189
-0.727289017744485
-0.755350858527592
-0.818044685255664
-0.599228223976568
-0.688756592262429
-0.792313823300988
-0.805441282662794
-0.720840137077156
-0.691408167575273
-0.833456271460172
-0.738842997137676
-0.59139614836842
-0.823371354836681
-0.846386589291852
-0.765651188324382
-0.833301038473123
-0.839906109090856
-0.739540143430217
-0.783794146494778
-0.606327229742075
-0.766459830047979
-0.644606416599327
-0.898801274429332
-0.82143531975734
-0.837010959511315
-0.837336270975622
-0.676793051600373
-0.866099239703707
-0.742108275102123
-0.806545730608384
-0.691375158850594
-0.699659910244092
-0.742243960494026
-0.662331443048395
-0.838102648036079
-0.737366618283563
-0.760987439945292
-0.666700961333533
-0.789342204778167
-0.647641372373869
-0.653626606613844
-0.647050032108381
-0.593005609434861
-0.877299337762133
-0.575938877030504
-0.669547926634337
-0.783540061044649
-0.768462306521945
-0.710495588656716
-0.649316406443667
-0.649471311802106
-0.590271504063008
-0.587491724062976
-0.630599247854702
-0.771020974947939
-0.72303536344881
-0.63677751592167
-0.678420598341941
-0.611570445163595
-0.688729917301088
-0.652181512246648
-0.776301648347041
-0.626716565402745
-0.684417696615908
-0.563278987374018
-0.574733495852307
-0.739943199180141
-0.722965104724589
-0.620139856757288
-0.767653184163658
-0.728876540237102
-0.587445994869424
-0.621229810103345
-0.540743438190899
-0.693139431585083
-0.718153442895629
-0.628780619688538
-0.718689925553604
-0.643143063602358
-0.797064660411694
-0.651442072363111
-0.72549593900763
-0.602922562723468
-0.647499811641759
-0.681405451220153
-0.689775634887895
-0.597716970564491
-0.608993040379097
-0.580961105983704
-0.623288763569511
-0.73778237819943
-0.638125328969117
-0.756426057575414
-0.511363179742844
-0.631235742485191
-0.666097521615645
-0.603828877699938
-0.66992826031867
-0.585375181131734
-0.646110937860726
-0.687235493318066
-0.71471556601562
-0.520741896063688
-0.560399871744721
-0.514337399562509
-0.656095825338542
-0.640650897430251
-0.396938840053691
-0.609497414639523
-0.47302983316708
-0.315083367920231
-0.493870718045783
-0.511989023363874
-0.640772078862614
-0.51716585255701
-0.650014672290934
-0.52256232492113
-0.34806800202495
-0.524087619938143
-0.717968473315373
-0.734670089756634
-0.603283683577801
-0.594250887979528
-0.391704308576926
-0.800869369584993
-0.685753646424906
-0.593535014375346
-0.435688490562971
-0.482453214953883
-0.386888727939627
-0.554435650879542
-0.662237702837375
-0.659248908485485
-0.603136298538476
-0.584781934370217
-0.529019846058868
-0.461294135397172
-0.722646857254698
-0.437851881835277
-0.543986124222007
-0.484807031316065
-0.507647931219226
-0.583807099643714
-0.496807419382373
-0.58290647589442
-0.574480610899592
-0.365289741474534
-0.532146804268048
-0.432150456764888
-0.43372961020354
-0.656677658564533
-0.401885864233853
-0.47135427740747
-0.442969773552239
-0.387574357534578
-0.632433606750913
-0.473711960122362
-0.481958392988281
-0.483315514353345
-0.466638985869625
-0.377396335422349
-0.58949833084394
-0.537076064205762
-0.250037112676515
-0.524239943704905
-0.637012484411504
-0.567459916913124
-0.423350998261403
-0.553200013392662
-0.543802915253856
-0.46037123158489
-0.483325829745025
-0.361732300170695
-0.410970908949067
-0.400476104017206
-0.438057983446105
-0.650049008523903
-0.460816844065148
-0.476970253761564
-0.416798777616929
-0.461468160316227
-0.435481033730932
-0.453414615611004
-0.498080291832066
-0.42295308100834
-0.473034249883108
-0.504800425007508
-0.374317534632623
-0.428861958673802
-0.334433036836115
-0.640616796960633
-0.458450137794484
-0.393351454494649
-0.600480456307621
-0.443121175743166
-0.372869662975232
-0.443721545490666
-0.443784976016468
-0.465791246433669
-0.312678567212612
-0.530625301117123
-0.464255892599869
-0.455716848652065
-0.341230657697262
-0.418446200186516
-0.223519869595827
-0.391676272320213
-0.555111279742894
-0.177447461776232
-0.33795986211894
-0.310416834424174
-0.337378790490971
-0.313770126461071
-0.406933521588547
-0.236693028428673
-0.401670101948937
-0.341376470053265
-0.33751298671179
-0.16334301871096
-0.465117528586061
-0.417703722895064
-0.326604255499819
-0.355982879032931
-0.336286467649639
-0.423446306266749
-0.41127821063316
-0.424646663229402
-0.183513784610249
-0.31052824339084
-0.379560173497015
-0.477740206408086
-0.178366701309787
-0.218070872161915
-0.287692630091236
-0.304846883285786
-0.306523497656611
-0.353239765548271
-0.271193799430187
-0.265303653487651
-0.313437759624227
-0.212246839303265
-0.298895154652056
-0.261295658548213
-0.346872912946665
-0.236480531016266
-0.364296524091856
-0.343031588413983
-0.289221952592097
-0.37563149541034
-0.259633583891264
-0.416510971937909
-0.213143818191121
-0.296346193418021
-0.302452849344443
-0.173516156710868
-0.413674078742006
-0.292702623376098
-0.263222530032135
-0.330625910686196
-0.236469695908541
-0.263489077376229
-0.254092692547337
-0.36801895334621
-0.266996354766474
-0.125971108833333
-0.18380295019298
-0.278420307631687
-0.297330716736526
-0.222596737877834
-0.201707230560482
-0.277546669448851
-0.236054831074848
-0.271056685915975
-0.159162533478859
-0.135495610981157
-0.305199838690346
-0.286504547156046
-0.165066582543327
-0.332354773401792
-0.172920011692853
-0.23175219741791
-0.2513928077254
-0.334729911033062
-0.166916637432583
-0.192319618012919
-0.199060841082579
-0.275230275453301
-0.30762722205876
-0.25212233856316
-0.255371508362591
-0.155662735887324
-0.279773975120476
-0.148436342158924
-0.231592197207223
-0.277693583374748
-0.273544583788443
-0.238327380724876
-0.0542447664400314
-0.311459431987806
-0.246982538032667
-0.0276338284873625
-0.163914562964342
-0.32834801942392
-0.0719101277295952
-0.150590558835833
-0.270488276434489
-0.283129878748239
0.00956866068327341
-0.329928627240679
-0.20574282558541
-0.0862881561157556
-0.192400509551277
-0.108167648817392
-0.171441682836613
-0.189261051594802
-0.132262855908727
-0.108249392242552
0.0979975239199911
-0.0369514602901163
-0.0713875409040989
-0.175502061963441
-0.148121594018496
-0.158586464926112
-0.146626958011493
-0.129813388139303
-0.131616904759148
-0.184579024118795
-0.018670677796761
-0.0535283464981107
-0.0690848733973188
-0.187648781771817
-0.232138602801748
-0.160895438483043
-0.105617524453202
-0.0971667675544005
-0.113687189069661
-0.113758924337147
0.0489203368817226
-0.0561274313578862
-0.119223758143006
-0.105374332883759
-0.0981487902649897
-0.209653095352956
-0.266213211954801
-0.18383514490676
-0.173233489807574
-0.22845452370958
-0.168658684658298
-0.271894970406839
-0.210386682557776
-0.126683176278184
0.0661472436677357
-0.0644711446842109
-0.0386518770879928
-0.141324165533991
-0.0270720132045302
-0.134670647168298
0.004382402068282
-0.117196621829397
-0.133771114531835
-0.158597961883254
-0.0793075929100756
-0.00565047845243862
-0.0942481427349127
-0.0397755519681034
-0.161522042979432
-0.196569967782308
-0.131828503223842
-0.0200724231611085
-0.0141554636972556
-0.010630624380022
-0.0740581235153741
-0.11532550210333
-0.0201116971995157
-0.0118286255231518
-0.313795426430787
-0.128776724754891
-0.24472164549015
0.0125016030729357
-0.0814430229936669
-0.0556006103656075
-0.00898744909917574
-0.0999121635079265
0.0532534439938127
0.0290961801146095
-0.0620787892870352
-0.00258542920135892
-0.180752605508614
-0.0348818239291575
-0.0802907152099846
-0.171953856972697
0.00362657498304708
0.112069230531479
-0.017918872567634
-0.142878127069472
0.0626829905781311
-0.146813874223486
-0.153048048117862
0.0319751675611191
-0.0014504979091874
0.023034038597962
-0.0181541681889433
-0.028357462996574
0.023335167640801
-0.0387904399619525
-0.0722640219098183
0.247834864951593
-0.160005560601288
-0.0397433721751115
-0.0596722236559343
0.0345818070594305
0.0352757389740462
-0.0811837733235931
0.013617873116974
-0.15657650719565
-0.0200165631137476
-0.0127116786989018
0.0567612436521045
-0.022382201724664
-0.0110563967462253
0.176051742615774
-0.0836466229484513
-0.0346947393823197
0.0307281824990716
-0.0765823930421671
-0.00217983907118508
-0.0423744495220579
0.18850985528281
0.0889698410784473
0.0823007295596253
0.189939886761035
0.0346740647414908
-0.00221951852157809
0.146438751819447
0.143461073054942
0.105588201609479
0.197112744934535
0.1029067746589
0.0565182140196585
0.188801977423074
0.119429923880943
-0.0679648051949255
0.126479122313754
0.0838988110438155
0.0278127379689961
0.0166726774384147
0.108792881076302
0.0989830672179341
0.13452315109902
-0.00722845111589232
0.0760058786989391
-0.00446740987443499
0.186653748548218
0.10671195443632
0.138166747459312
0.187842622219177
0.0384354233291951
0.114168986168126
0.14640268205785
0.131179112748127
0.209066762959603
-0.0250627715852668
0.012936576866928
0.0600418542797873
0.0695249200912816
0.360382563317286
0.240574169884423
0.240841955195773
0.0288675032022627
0.186846845672799
0.000853454966171323
0.143243578877249
0.253208468227094
-0.0171408713893243
-0.00212752303350616
0.0985081220952391
0.175609528475706
0.148654592585228
0.136441262987427
0.181214679296929
0.239562466030538
0.17885504524192
0.213086037399651
0.0742767147296005
0.204520529242033
0.0826703137822903
-0.00242036730417482
0.119359532251069
0.0729836972046652
0.19675130586176
0.266307928686332
0.212268588789729
0.197419642294393
0.281828609809852
0.174160931662444
0.176241785975942
0.208700233716989
0.22037562056848
0.208565261943385
0.146025764048507
0.11549808632097
0.211775684226984
0.229697468089067
0.216596522488731
0.370981316947036
0.247643782938276
0.0200351642246615
0.224577521717153
0.221829892441915
0.364985863742511
0.136949672504838
0.235866833762068
0.279238858740854
0.15327080506626
0.386716410176849
0.2796232634221
0.22354640819593
0.259733017695746
0.150231012725707
0.290633292705348
0.450525607635431
0.347465833299308
0.161480556956175
0.260037361185382
0.255033802127937
0.31595346457217
0.278828337350024
0.380447361325163
0.183936786993978
0.328168334106941
0.325998268317118
0.199584653923339
0.199752949437033
0.259355709969346
0.359322323067827
0.253911749562527
0.413399074932005
0.29341144582593
0.466142863634803
0.261495665598059
0.269010988706042
0.277875562712039
0.269194707540487
0.215755462675353
0.255139917900523
0.219536511323056
0.370524923854712
0.389772652981097
0.371735446265745
0.251649551432099
0.465268494938103
0.546082385273574
0.395767591551787
0.356314594583305
0.353900647314926
0.0740171251412791
0.343601889094168
0.407407620907662
0.185674076658091
0.433659451727722
0.341346679807853
0.367859213021312
0.383816179404066
0.305171969982089
0.427887625728434
0.277273258706753
0.316156533550857
0.315854100363189
0.306650792461136
0.389606475971413
0.318404352011661
0.382300148946255
0.345679411984112
0.248367659364895
0.438160960010624
0.343397682964911
0.272526203124633
0.308011593049054
0.346279141417148
0.378513339839907
0.468000882443047
0.304853088110406
0.373719137336284
0.372644783810744
0.487580332396175
0.424923483737773
0.402935093749258
0.396480754842535
0.41900327423899
0.339263503770356
0.388488333620148
0.486959655965792
0.294435060864912
0.473168381587473
0.394668456319971
0.378488175895604
0.363942650230305
0.376258373497248
0.45247757518322
0.427317580234545
0.489104073034952
0.342696822653156
0.279972520691681
0.361389349387383
0.617606631712417
0.375937014675411
0.568743168646132
0.350506663637027
0.292619711742179
0.350625561074791
0.457390319873107
0.430253036851617
0.392017071029554
0.365601211184586
0.459001384431317
0.452244239284739
0.641143238431996
0.44941993104536
0.502737585957879
0.473772094858357
0.386927384508069
0.507291874146134
0.420259607140281
0.357290118289826
0.55244681386635
0.618418949397671
0.269581647563908
0.506889150940649
0.453633719695323
0.604804924671254
0.320858946059132
0.436716908964769
0.520394554268298
0.455286077265215
0.515248854509956
0.509842223748396
0.376451395461637
0.561088243800099
0.521403282370358
0.55663367717202
0.249371197818595
0.440156840472561
0.416603403213305
0.354983857810686
0.578699981811054
0.403894597758796
0.502849025149533
0.551847802251611
0.412005030402402
0.370157857184006
0.58427721307593
0.455239289996252
0.389627145189937
0.544150894822521
0.462908164780606
0.494355868930393
0.346272772866317
0.483583838508233
0.575156353836637
0.467156449328134
0.548557296424483
0.514995408631366
0.45157611844722
0.455696859989737
0.573851580879889
0.441230959913927
0.549032470279875
0.551832518584698
0.581366122142188
0.504986987975761
0.495124838664645
0.490260745136702
0.40118780848776
0.529911807435655
0.543940220031435
0.646431305624186
0.650511513063073
0.59857563458493
0.369462202646902
0.559645194228291
0.501940995354484
0.601061639239229
0.499047362038847
0.476917425605545
0.591856700364405
0.570616844039679
0.447008215983866
0.563319614926562
0.490455146975315
0.640781640501568
0.526152753614297
0.455092394723656
0.736533641398463
0.610047678371683
0.61279049703841
0.548376163311236
0.629129920603608
0.505147758994904
0.601491908076046
0.470828603075914
0.659252013763757
0.544293868535713
0.54925175286898
0.65533907992757
0.793213828755244
0.632953534019075
0.715272591414392
0.566447618491797
0.563129738679423
0.672825482534721
0.644968587399751
0.754826213556302
0.718720925810793
0.576022996254382
0.640126850506897
0.717304319423381
0.517436928982725
0.64909590777884
0.553398428451776
0.580929420831805
0.550022594893322
0.530994410298612
0.629266384412136
0.510995475781236
0.622225371405916
0.780761079989583
0.582353607194201
0.742371778302788
0.754944211656756
0.669650244296967
0.665188794744126
0.613742779158309
0.616125053778904
0.658540571542785
0.796634805753357
0.662524985124005
0.547738938708428
0.717316810569778
0.591922624121691
0.516880608349085
0.633467229264691
0.594781385986919
0.750191190171837
0.702150860174185
0.627757909785758
0.563935687562471
0.610886741045514
0.725254728346925
0.673570715569404
0.745890690024242
0.704450826758064
0.746835599612438
0.851462266803221
0.828726822879269
0.579525181526615
0.804506014686968
0.710228760499879
0.797527953263502
0.654636553721804
0.729406510941855
0.766067472534888
0.743818389168587
0.75646272815101
0.758185699834396
0.686196473665818
0.723676385265971
0.777898386987161
0.705733182572327
0.70587447970653
0.742963909967231
0.639669702052419
0.740130979964063
0.740746649339115
0.692168139402635
0.686323276487324
0.637156965019043
0.821486269418487
0.685400502381532
0.667141439964834
0.717437896250546
0.60898711770535
0.668357718096734
0.742689947071568
0.727459123499853
0.788039453903133
0.6113256738474
0.679207446872695
0.638641704424515
0.782509863000615
0.71305966695499
0.867048186382161
0.779468981619233
0.745493889147021
0.862950430679302
0.674233390777024
0.750741043059318
0.792900189463592
0.7857049143219
0.776961419720759
0.882680770375816
0.76769759100489
0.817018073363786
0.759989661590572
0.814149125270161
1.0112246006681
0.914989676236433
0.857418296012461
0.816404497934517
0.932383147185292
0.776047394208808
0.805566977138742
0.798256672219277
0.820183855135026
0.938128383964403
0.783852219594636
0.782870008596759
0.816972018617598
1.00365108012098
0.648047366077132
0.820635883909639
0.792109176392036
0.866460681687162
0.827812803304564
0.827983175202822
0.771383079468632
0.930938172723571
0.610500398564363
0.935504542125248
0.849268964166583
0.656678556483372
0.902109950377372
0.928240380455743
0.941325728093634
0.856988125145469
0.939887023515031
0.768227343761242
0.79934690075097
0.865495967494337
0.989226374178521
0.914767688852358
0.85915576653793
0.997425525637235
0.829287092815149
0.782665873547128
0.971859918916232
0.937173268689383
0.826464679713867
0.851587399678139
0.891139283205386
0.96785889560616
0.943658288481882
1.02634888704524
1.00758331616949
1.00110109785121
0.928221737873753
0.819419775711524
0.902910388623249
0.960007848076726
1.05921914493907
0.926391872403088
0.942891885863131
0.978717731706407
0.936850610987906
1.00387761459718
1.07651975983597
0.914386442502682
0.908744726309368
0.837327468278641
1.01325972096597
0.975823904940413
0.935916312867763
0.908095812463737
1.08642224552027
0.963540400360847
0.964571363446337
0.932620775583709
0.935586176117941
0.866239631057155
0.923286870932809
1.04734254990073
1.02429829086683
0.833487354704704
1.05836597028423
0.987104438131841
0.82394297934619
0.923918586689604
0.937749028797678
1.10217863898697
0.965096314237087
1.07832114544787
1.03448658207679
0.923990677564737
0.803061014497926
0.993786476059225
1.09853151293175
1.10799042247544
1.08532187283627
0.953092107568159
1.08226599230963
1.02130459963233
1.01169227538748
