"x"
-1.05894903169376
-1.11586212272852
-1.03766156789509
-0.947042811447848
-1.0453860207665
-1.01453969705591
-1.08598113219932
-0.968000701177884
-1.16363169151305
-1.03206718686961
-0.966824555033008
-1.02802831920337
-0.99921353993249
-1.13925386750205
-1.12993396020149
-0.98572372846618
-1.05182122916007
-1.12168227391976
-0.861880390805951
-1.02336575270479
-1.00608816969678
-0.882789792711943
-0.920590428615672
-0.963860206781465
-0.896072210150794
-0.86043926893915
-1.01230176878495
-0.875211475051268
-0.917665046175197
-0.882035427776921
-0.925430847703805
-0.926295921747925
-0.993896882550809
-0.825196217558783
-0.872482446374828
-1.05237308561251
-1.03828669333377
-0.979458785719557
-0.881156838540715
-0.983032051552863
-1.03363172173414
-0.785547200569274
-0.978038516717389
-0.984824819931142
-0.938848653195883
-0.938857722741561
-0.988264645451079
-0.942170561179416
-0.892999613752489
-0.983088171995998
-0.902193548131741
-0.944605946151751
-0.876488114868126
-1.05706627476652
-0.901270562647929
-1.0096131658219
-0.944423485902096
-0.708255779369135
-0.780008969113848
-0.886789258175768
-0.871814138971749
-0.900133350959826
-0.715436882949613
-0.874461206745861
-0.944285737597552
-0.868358408020731
-0.928569889616573
-0.987381115274999
-0.987183901603547
-0.808914066988026
-0.77450121698036
-0.857631972532404
-0.8236873320295
-0.822666778310446
-0.950157211919494
-0.850683676377587
-0.8862421387335
-0.654904316573595
-0.837080471260062
-0.74643287273126
-0.718192583830711
-0.741275426724926
-0.87839323985746
-0.885538468895809
-0.996062539640741
-0.812796567947572
-0.796603774794949
-0.90125668774486
-0.784089407710085
-0.875998201509864
-0.763778771326551
-0.871856016543411
-0.919163142826326
-0.796412047633814
-0.779206563725072
-0.733030707479974
-0.716207639219305
-0.730932011409263
-0.720913741335617
-0.710795180489714
-0.865600715490226
-0.755353635235033
-0.63040665966145
-0.876794610946709
-0.814775751662913
-0.800343518209105
-0.865482963746172
-0.797459747272414
-0.755146619921975
-0.711037349374573
-0.685854243123981
-0.813346024735684
-0.713028517307239
-0.866996184839153
-0.708298067271178
-0.914744788490947
-0.729256056617384
-0.88905345902642
-0.671437648202906
-0.889580581446169
-0.747310242825302
-0.812828806610411
-0.825471942889831
-0.958125870883919
-0.759947427187836
-0.843420336516055
-0.738261822325752
-0.622614762375527
-0.720771577987305
-0.691808517779267
-0.701680335331379
-0.779889888712909
-0.791635536521819
-0.879152474197469
-0.900903792787417
-0.78386230343078
-0.660417577432016
-0.644018844420245
-0.748400108577881
-0.677841380898108
-0.813772866727319
-0.458675634068225
-0.694490192610182
-0.755035165202969
-0.651800731622323
-0.518900470336577
-0.861724239228029
-0.549108867912338
-0.675549022475299
-0.617931836343524
-0.815299488922108
-0.666694224609803
-0.807284729152585
-0.72531496168213
-0.603879626700603
-0.618539399145612
-0.59639548921426
-0.618578126749805
-0.616170318856772
-0.710466186781594
-0.60087473056513
-0.72364560979732
-0.623082886404822
-0.532763842224075
-0.653951392865181
-0.616640390634568
-0.703137817537327
-0.598473251076974
-0.565618583589198
-0.700460095479544
-0.762874851400654
-0.632474299056872
-0.651453538291356
-0.640448491909918
-0.577402641820785
-0.531802344605153
-0.572129301496569
-0.580638627804681
-0.657358395819928
-0.683505365472354
-0.73443483015004
-0.698387107997268
-0.438323077004951
-0.601533583873527
-0.605477783900341
-0.693393391469451
-0.596081378846459
-0.584326031202824
-0.752109051569555
-0.599235740750403
-0.677841444879437
-0.617590135655574
-0.743229983156542
-0.695234916029572
-0.488369178389798
-0.653039932831595
-0.658101240309495
-0.677914313853067
-0.727088775435061
-0.496948383216293
-0.667557719374742
-0.624734196822576
-0.643962684183504
-0.621213704854345
-0.593639149764298
-0.503528188772153
-0.646348196201935
-0.595911885258066
-0.631394750682212
-0.493465325030805
-0.484725624083672
-0.505519341454386
-0.57131651620895
-0.489574265614607
-0.502026586928371
-0.543848520380289
-0.465006427731836
-0.507212751926871
-0.601034200468077
-0.588727446901914
-0.558949392765062
-0.583296348742823
-0.62455750946864
-0.511763892894562
-0.425645091677554
-0.56745475298667
-0.498897305328366
-0.596438273671576
-0.521795825525305
-0.482703592158083
-0.428527443888431
-0.612163789345187
-0.516933329815072
-0.513769811031296
-0.55021702272433
-0.496044971187526
-0.541038553141767
-0.547954770988547
-0.567192278637969
-0.541143483800173
-0.565533169195958
-0.576818214400695
-0.489453681641238
-0.627973444823869
-0.537257078145128
-0.538156148170119
-0.483843514567955
-0.560449518677566
-0.47316105132177
-0.532732437011666
-0.533551627905204
-0.60205103843543
-0.397365405788185
-0.634639347680904
-0.474565634147166
-0.584623850199882
-0.50432358979271
-0.523716154465969
-0.482822604948871
-0.485323839093403
-0.603586569714856
-0.625195361755758
-0.34777015249565
-0.566280789133936
-0.420516443556098
-0.482607756399174
-0.433764913992671
-0.522273472045462
-0.398114720792177
-0.4037028464727
-0.326534851942888
-0.438815725877046
-0.575742641645908
-0.444993194175934
-0.447073365210104
-0.331096999218546
-0.466840563998877
-0.491563264889613
-0.511697544835816
-0.44478827065512
-0.471029495418299
-0.546390433848805
-0.300889129940163
-0.432813162787567
-0.423491018621061
-0.368842459031116
-0.367466707799243
-0.329551890243296
-0.321902710626072
-0.331679947240037
-0.452076642584542
-0.286902197875222
-0.296522300990529
-0.523211090838646
-0.365879644242063
-0.397041533651817
-0.459666858413785
-0.241313766648488
-0.41841349117625
-0.426072832501339
-0.427840367260475
-0.367982261999831
-0.371591359014443
-0.498433795151696
-0.324418184303156
-0.381211501199039
-0.379729841762115
-0.459297481016648
-0.452729302809658
-0.370265347812395
-0.444628815147267
-0.317219120175954
-0.291863779561558
-0.403542225129951
-0.340085757492006
-0.32186667304327
-0.422832239745557
-0.194125305171251
-0.448294071374543
-0.261644610074591
-0.375022782246876
-0.402523199071082
-0.394274405074486
-0.409777852889894
-0.362763396223975
-0.46142250157377
-0.139879972151625
-0.325392734621005
-0.332741890535984
-0.158280573012273
-0.33544680513985
-0.266642942348091
-0.383212367110587
-0.325553033198669
-0.34987660710814
-0.431416921208152
-0.343748510900224
-0.404470696098789
-0.395127419888712
-0.228646385219185
-0.329033698607479
-0.370064950302775
-0.243243598031094
-0.456186827072582
-0.36439740037774
-0.24685128832529
-0.354479729167963
-0.495910083726773
-0.429654030645288
-0.22696220456405
-0.309257575377466
-0.294754539360371
-0.189814165510933
-0.272691814312784
-0.207081997485399
-0.252398192688087
-0.333472837210479
-0.305118602963493
-0.416091448838465
-0.231377385969927
-0.390870172378792
-0.362449157769103
-0.297936031592854
-0.268515233319026
-0.177903984358544
-0.419647944808647
-0.299611459111894
-0.307207352129827
-0.172592492514353
-0.219027958433539
-0.248524679217985
-0.301574825799898
-0.275304820030548
-0.400689988500461
-0.259732707820299
-0.2089966093853
-0.308676328663346
-0.275337928410915
-0.308527811946989
-0.368981631078009
-0.251980105479331
-0.233777871434504
-0.37190500749607
-0.235531625390625
-0.322637602165251
-0.307093748370833
-0.394203737729731
-0.186585190835957
-0.223349290452917
-0.222291701404777
-0.18074307891921
-0.130382048067196
-0.267302124843092
-0.0800816177180328
-0.350313150161697
-0.227759064208009
-0.225729039655016
-0.133762483399494
-0.275077579038806
-0.304511885602412
-0.237969880687155
-0.129187610619979
-0.194716302438117
-0.294080164636177
-0.324277574433064
-0.0573250109224591
-0.0668340390632697
-0.362020800796125
-0.216541834515787
-0.19385266762149
-0.262869176921188
-0.0423723302181004
-0.187228852193601
-0.249882996972131
-0.21937563328817
-0.152613473251027
-0.246490116303052
-0.19849092900673
-0.0719181594681556
-0.170940161274694
-0.101216556352976
-0.190619376456142
-0.150316003729872
-0.18797455410823
-0.203384577482824
-0.0568859487025673
-0.0861315128326384
-0.178066995376361
-0.0842171814572053
-0.00953341695690262
-0.0865296791537848
-0.074548740804366
-0.239431687761971
-0.173816785110686
-0.0896109963180075
-0.0495777174144654
-0.0774666736040811
-0.0501287493703721
0.0659493431022818
0.00846684430483203
-0.225714962107326
-0.126342768413655
-0.0663778400412193
0.0778408564446548
-0.12310727242369
-0.0696594670809897
-0.147127016627737
-0.054484118022286
-0.0702457393083853
-0.274188898165033
-0.121199455382082
-0.134403612389382
-0.143672529445222
-0.210797342253383
-0.0163756762573448
-0.0982122675961917
-0.0490493702432926
-0.045606530240458
-0.0442523202075171
-0.116468385392267
-0.0841209187766709
-0.0271192171000363
-0.0358856040999705
-0.0412924421728488
-0.161152612406132
-0.0935803655070705
-0.0487133932457502
-0.136395745091741
-0.122820943114719
-0.121990306004005
-0.0847414802883087
0.128672716356893
0.0865246489352612
-0.0992320454701683
-0.039063746629332
-0.0291342503239137
0.0586276236524265
0.114441316105379
0.00371664058947357
-0.0670849654751069
0.0130664598200954
0.0855446378008876
0.00313995845263701
-0.0229288577209903
-0.0319264077548531
0.0179824521117634
0.0476454419695468
-0.0991763145990323
-0.0674228015080977
-0.0380071607754028
0.000964090030015054
0.0157742429305689
-0.138360204996081
0.113718288982466
-0.0498401254141461
0.0625936122806876
0.0126152721926425
0.0267112192600752
-0.0779699464412282
-0.0552291001296204
-0.00681229293454559
0.125713586834373
0.0462953531156425
-0.0357763011599251
-0.115992241480825
0.197573146372499
0.00175718285600902
-0.0329704814870755
0.0902946626067422
0.159945930987411
-0.0358103710985774
-0.0238323550419419
-0.077002868772963
-0.0175711965356061
0.154041266140266
0.0475018280519053
0.143195168900232
0.0473403057727329
-0.0409092293708527
0.229260521374864
0.120258863778688
-0.0529393659881503
-0.0845126746333795
-0.0422168763899589
-0.0623681665503875
0.0463191057441739
0.100048283978289
0.198626359976
0.14174176869762
0.0356195508792481
0.0635529685581115
0.0575586791648494
0.0353492665990678
0.143091446772976
0.360897002105042
0.111487124089678
0.0589864570870973
-0.0255605334275417
0.0684926218292855
0.0826617770050121
0.107165826601144
0.178004799566392
-0.0189653937722613
0.0704242503230007
0.201600164299626
0.0858754779584879
0.00205086192883044
0.13044803570342
0.0451286760168473
0.0897728372069783
0.106086773910305
0.100680298284569
0.156217679527118
0.0748907076981216
0.0716796168830764
0.114830910658309
0.0270506906133175
0.111689010740336
0.128376837959119
0.125967945055043
0.211320694418719
-0.0418831265463214
0.0770518640924958
0.167755787067287
0.241835133703033
0.040101332816588
0.0236212554300179
0.176520454908422
-0.00458840044998395
0.193320366917862
0.0207437273512104
0.254694534392111
0.167988366200294
0.139901967749783
0.124663701833636
0.0649096851070606
0.255421200296981
0.0587377289415084
0.244411822822556
0.0219352462168496
0.245164650818046
0.217427717503445
0.121813803510669
0.0853265635041526
0.356641614956669
0.226002733781013
0.232068369931622
0.189658999130314
0.0872213342102333
0.0458354654608436
0.111332708168832
0.0283442929823818
0.263276128736009
0.285999887697656
-0.037270037205523
0.263175096084371
0.313579124678736
0.25572337346658
0.245008346432375
0.189497014448582
0.142637722590092
0.164012496650279
0.276557944520978
0.100565909972875
0.31828593437319
0.287458766171227
0.153849307674076
0.223926915868153
0.242947017578118
0.259325692797355
0.285463998731591
0.0815715783044211
0.21530080965644
0.267398124144974
0.265593655484042
0.385999517212099
0.274766281860421
0.200978067910616
0.271375673104677
0.247776064245715
0.140599114944411
0.257233834841482
0.303785293418505
0.0790411924629219
0.198563339205221
0.239064252182965
0.388274745078288
0.152828646852676
0.385368206074449
0.372996959920995
0.265953957725882
0.148327026796101
0.302468097190867
0.27640104796175
0.337528902401911
0.204676153840137
0.387494822508208
0.439231695729949
0.269133424762492
0.258781945019489
0.25337838956942
0.233474239588582
0.391717466565375
0.470962171378835
0.327693797106697
0.184706040804339
0.127013134783263
0.445418446213718
0.308694528349215
0.219348847364368
0.339373957616901
0.252508290835426
0.395885844338229
0.267156161761675
0.291534285044994
0.252093779100632
0.259334279700289
0.389691487275615
0.296462024329066
0.464995495446687
0.290220941894582
0.388424311178335
0.359717284293122
0.384144767416632
0.298110482622167
0.252222168347974
0.424201679200803
0.317760627048842
0.44743997623708
0.328541866686942
0.447315463127266
0.340069935691262
0.2937297406232
0.381026861543263
0.480906359559197
0.451105911488161
0.418895286376267
0.370257126540503
0.363462022421438
0.316870161868183
0.161888224994022
0.440844044087125
0.201115609189862
0.22981565433043
0.422761170551581
0.432291372556352
0.439209348292302
0.356122093030216
0.338052762858551
0.348275147374964
0.364757660597062
0.368787395858523
0.333284302255784
0.347980534269225
0.382626565150984
0.327148127955917
0.296083766207486
0.376979356459299
0.43841741759379
0.349048654948915
0.410283616957251
0.300169542428585
0.368620120827308
0.29939912594026
0.234438037666447
0.562020769480892
0.478030748571285
0.332431378031956
0.419041406311969
0.505832962262243
0.419038166939074
0.455812388103366
0.348899729575439
0.351177124348888
0.413071688922983
0.355022519209726
0.318968466935739
0.408758321239725
0.30194892358847
0.448821957204963
0.513333766597185
0.463203662116806
0.468221377275164
0.470313476080852
0.563010609201748
0.437559151996576
0.492775871672666
0.401615210426133
0.627202635788077
0.366817897067968
0.526748091998848
0.436207865981501
0.417382202576223
0.519423605854633
0.425888993464144
0.543388218989761
0.512467885573271
0.32730923701941
0.364760946942592
0.422902065117998
0.403375658814751
0.605222713994056
0.61832440087152
0.677721620747919
0.468891968571342
0.490747284225374
0.580318321320733
0.503419961936231
0.413585691632676
0.489335215641075
0.451917042905114
0.54838836445414
0.49449155504102
0.653736283230175
0.365471969872636
0.611928260022308
0.584524191370372
0.449030583368694
0.623738310565163
0.560435119034326
0.563959118912033
0.664234431647223
0.532109965792075
0.459130388119984
0.457575686340432
0.601772572133935
0.486277658023905
0.496777101066614
0.604589772394319
0.56498523416419
0.532277078591005
0.565076752084642
0.506544859825086
0.730266833877441
0.686947621391605
0.410051765769671
0.434740170787533
0.562602696278024
0.562292820820897
0.488411868135957
0.380290922072742
0.466046252660554
0.548168812518742
0.58757555779701
0.599274506301803
0.440721282126663
0.706658575840532
0.659972286480524
0.579998018163435
0.573855564533538
0.68828537981627
0.421707737930001
0.355661420958549
0.540471375523014
0.538320995672502
0.547057677144488
0.467250880017364
0.426556465196377
0.593791529510997
0.551236638692727
0.838641229501851
0.683033364023422
0.586514309556477
0.643720071656158
0.720709635263704
0.632207215757096
0.670572273520087
0.666288253861311
0.584815400816555
0.580530758905351
0.562362693466212
0.695271002252014
0.518740477160513
0.679566841629414
0.687166811058393
0.682429174123081
0.754230839041031
0.61056377130382
0.691450117748076
0.628824104009586
0.668480368430653
0.588323011004004
0.729148223448669
0.818197211714136
0.839832012114715
0.637517562354438
0.62468666256096
0.686144835616936
0.807000228273344
0.654151008948314
0.72915480915441
0.701223256108355
0.661215631513906
0.557701365617637
0.602254306133076
0.634781274832389
0.562364721701559
0.777728942578833
0.594436957416183
0.625392137212401
0.477319253974563
0.595875250108775
0.637542201471509
0.512112082198436
0.674209987268678
0.666080553527829
0.724020061065546
0.616209606641828
0.708361000076316
0.648475308215454
0.539599016759436
0.600955221307109
0.746387959866324
0.796904578706032
0.817039801285361
0.716687242392875
0.729562962631692
0.774027669964273
0.668646452860838
0.608821707499836
0.766893228597988
0.741091577714089
0.732419338263394
0.773341217479751
0.793513152737052
0.673458232735207
0.787633629867671
0.80451619641922
0.644801258909708
0.663200193944799
0.665864850136774
0.715580462831934
0.835064111286886
0.84803501616016
0.575033725677473
0.700009812729382
0.895545912812911
0.776400031660368
0.830197443661549
0.648133962539243
0.858184310636647
0.781927385393299
0.822620637665052
0.760983276255749
0.789187221351244
0.914960942713838
0.660417927711599
0.845333195438688
0.803172089285453
0.783277138683205
0.73434682129309
0.776851744253949
0.86952704631345
0.796460742451029
0.813487960484147
0.792880133301999
0.785570591242291
0.733197538999003
0.773348838179116
0.840186434766254
0.717424380187935
0.61021485321777
0.981329374280525
0.70253545456132
0.896917508710862
0.864549442381526
0.855218467455891
0.690139377109035
0.830895360030985
0.901148786797757
0.726657526311216
0.828592743273914
0.826523653498933
0.915196833442445
1.02292258303756
0.852571434837104
0.656256497509215
0.751968516445811
0.803654243056823
0.897390262404065
0.783379952412232
0.832222823616735
0.855318561657208
0.840515386990189
0.688920095883694
0.87860601789037
0.833230769673111
0.963847823087379
0.908046906077071
0.728480061203407
0.948669799399119
0.828233138176637
0.81926641862298
0.733031276838379
0.843493338554962
0.795910895765598
0.8615650229087
0.935737020641503
0.866160287756691
1.04716693655806
0.866136841224276
0.886193244621326
0.704549029865457
0.958363921316156
0.942057356412076
0.951227993896003
0.832430511282856
0.93707973990867
0.856328205872825
0.806550665036961
0.799195107409478
1.01632708864157
0.94692691808514
0.859956626649066
0.914949392172038
0.875307593763426
0.908352056920104
0.937499672599789
0.938932373342855
1.03034725147388
1.01049580718829
0.886105961858163
0.79908918029714
0.83207384124503
0.907589780850087
1.01867946405168
0.932716701751261
1.00477974828653
1.04166904609053
1.01478613250716
0.895761483903137
0.830132243338614
0.897253046449328
1.01483364529314
0.847075728660404
0.921494358515172
0.972994758387304
0.918108292286646
0.868774845180451
1.07127165443063
0.913933546907463
0.761944132797555
0.87736769743207
0.877896737043794
1.0061982654853
1.01403681059799
1.07075741430509
0.932476879950933
1.06044661201413
1.0975864669075
0.973071364825351
1.06552704962434
0.970248603496537
1.10426891143753
0.982895536285266
1.02155726322476
1.01003242722688
0.943325016430947
0.956450319231945
1.11220535435079
