"x"
-1.11788520802841
-1.02928461508796
-1.0363925008201
-1.00560578394796
-0.930614733017997
-1.01250047584674
-0.90302186288626
-0.941678174356004
-1.08742125436531
-1.07809546404614
-1.02391886817704
-0.97457478842801
-0.926324790479177
-1.06004083952447
-0.890214760391402
-0.992531336034632
-0.891814466221766
-0.98775885632173
-1.01551373757001
-0.894045600528562
-1.11234963252939
-0.99522948120854
-0.897277492487097
-0.855316773124012
-1.02772838037294
-0.906190151375254
-0.897552392281865
-1.03629471537271
-0.981164603808373
-0.932919721362684
-1.06033594435774
-0.848467442451693
-0.901634696811244
-0.787466226259674
-0.839566566656817
-0.891086466441633
-0.807950618320224
-0.911277693425111
-0.883757244006936
-0.941070987072915
-0.887538457172197
-1.07945759214647
-1.09290658072223
-0.979307333956634
-0.83323670360143
-0.944234289857183
-0.99697576841108
-0.845628093382626
-0.782051373362163
-0.900397166319279
-0.882295597184789
-0.878588396610779
-0.845234954065234
-0.86229462927717
-0.862679445805419
-0.849506717587915
-0.907544422608609
-0.818518670234448
-0.994074728277566
-0.956572364711717
-0.826644953017168
-0.870094277979592
-0.90857887530613
-0.844308875011191
-0.894644884686014
-0.939578226215163
-0.901138403463871
-0.815381989897805
-0.897177058666593
-1.04955165743401
-0.964299235156634
-0.889205089967122
-0.972765655848906
-0.797690293870463
-0.8529967821686
-0.874935716330849
-0.896072295691467
-0.893415103215723
-0.879278806968007
-0.652273814896902
-0.885289884206903
-0.84366197837106
-0.792339749193153
-0.867741510179621
-0.90467773878977
-0.853944155275355
-0.785315253510622
-0.883865205130891
-0.798078710483149
-0.927176388192353
-0.822685084511887
-0.742345842292677
-0.852145267460579
-0.823863809235042
-0.788128301706094
-0.878666595149915
-0.834556547734658
-0.734776499556888
-0.801123483484358
-0.712343925113847
-0.834058093501421
-0.749912955196682
-0.741702273617412
-0.703367273381155
-0.721776313332481
-0.910578600053553
-0.621910555525019
-0.724223083308911
-0.734721965970119
-0.807271161932777
-0.823337776209319
-0.86961618577602
-0.799234669464538
-0.814465945692723
-0.860489731303861
-0.820658719717479
-0.88746799996093
-0.591482347365903
-0.773974735878133
-0.764296247311574
-0.766979987569875
-0.879711460886795
-0.813802898476626
-0.58692377832532
-0.475692675633945
-0.678305807240567
-0.700833791155911
-0.742349419837535
-0.753280426184362
-0.821974164626161
-0.771672988243027
-0.732218644150939
-0.753336614666628
-0.703735124700456
-0.650418638578083
-0.811153854779738
-0.808958710529991
-0.827037532060402
-0.559877524433425
-0.685525226300985
-0.667501495460777
-0.71568165182972
-0.670499691988199
-0.706156521021001
-0.632140191065407
-0.743404294625576
-0.801482133884013
-0.764902507493513
-0.630175081370403
-0.579155227210532
-0.561679188261475
-0.658396134324011
-0.67553382561244
-0.614692519379085
-0.705661655269298
-0.668971357921655
-0.834013055030963
-0.781174608603896
-0.580693653986185
-0.64794353202165
-0.715466423834011
-0.693005860823648
-0.792286649255528
-0.79223932184526
-0.686286518335987
-0.831174177650931
-0.611637602515807
-0.549875705482143
-0.661023754323585
-0.518878815397483
-0.63568387493204
-0.631365843295639
-0.653573374864961
-0.601526259564657
-0.642709940027001
-0.641293863676476
-0.546041480825822
-0.604073185184741
-0.541814351425439
-0.730585403331155
-0.672235838767271
-0.693375724233483
-0.643922145009306
-0.598559880111407
-0.591370667627839
-0.60588747293668
-0.624092776419711
-0.674829362028633
-0.547967268857107
-0.684505078810464
-0.616673915973323
-0.586176012142058
-0.616478830218197
-0.484247068443413
-0.573609702424813
-0.639879025759915
-0.612781189399523
-0.631968080916119
-0.681633592152584
-0.518500885705965
-0.561716801241777
-0.573683290506114
-0.659062479768128
-0.60704380471989
-0.49398495631669
-0.651623393136092
-0.563039995122321
-0.569470938427079
-0.45086115263751
-0.556335907747651
-0.593110236237791
-0.527675896145747
-0.445478387066896
-0.511841132127851
-0.575324256486115
-0.495128184126284
-0.360993656681206
-0.541380744219186
-0.560603715593291
-0.487808844462117
-0.57869946489386
-0.534431938655168
-0.712949784439536
-0.545513526220898
-0.585884447921426
-0.416306995831299
-0.485719820009344
-0.693165204910933
-0.452274043251179
-0.552803766072195
-0.549990113823336
-0.591335656788153
-0.472385910127271
-0.558350347419559
-0.561637860123949
-0.523890256396597
-0.383025156900228
-0.435963076844751
-0.507413060955233
-0.516254193922456
-0.488986765598567
-0.538021697142992
-0.670583490653439
-0.57953733393188
-0.425468795607873
-0.71181258629776
-0.304267203526475
-0.585214676711733
-0.5045187726447
-0.534196886445219
-0.402192349236298
-0.640897060280904
-0.343258660309365
-0.696272370191355
-0.602199481000843
-0.461972367180965
-0.485164710917545
-0.528898910066272
-0.464184472351246
-0.4885156167592
-0.421063729754349
-0.47617550829435
-0.477474241744966
-0.287298058118321
-0.520997015957616
-0.637649589778429
-0.446767748504642
-0.415817286521059
-0.514313758185809
-0.468945667180916
-0.333976356561286
-0.369729255180976
-0.558003512486265
-0.568484302921298
-0.340103024223309
-0.372594566289363
-0.387992050952609
-0.409745296990432
-0.590810732012813
-0.503587130794576
-0.534637783135049
-0.313049015069596
-0.547970199520943
-0.37807113270201
-0.338527095628381
-0.327613178935319
-0.337180136076097
-0.635010948095931
-0.356208210790544
-0.521761261214702
-0.659275677839064
-0.344386447468881
-0.539677436848073
-0.436033500387046
-0.446244114445656
-0.40544431244315
-0.412316280446081
-0.449187358924802
-0.398568658153917
-0.304518427509616
-0.323694414348689
-0.524698070027487
-0.424663552944717
-0.504384961068388
-0.495231338202591
-0.388107371931744
-0.371179650543259
-0.292504331513452
-0.448850253363884
-0.295832867157433
-0.449023724858002
-0.393214649615253
-0.371051686344642
-0.425018234236584
-0.313709105638102
-0.448352273144003
-0.224756024326572
-0.236896422772584
-0.305617100286462
-0.485086129627097
-0.31265586762781
-0.444199792706344
-0.426249988807465
-0.358484999365771
-0.463110997130512
-0.314072007169461
-0.23385856639741
-0.298917667577866
-0.410698791104525
-0.316728499964992
-0.33941708662009
-0.323363142295995
-0.301109129185637
-0.119892353261857
-0.409217148900297
-0.281883896005216
-0.324171049688084
-0.397556167713171
-0.557976158269054
-0.356315682529423
-0.419106534102428
-0.18992325571202
-0.332067899058896
-0.336830673704932
-0.205702083459928
-0.132611027878808
-0.347010151540407
-0.150420242946878
-0.384377460282961
-0.306150367173003
-0.283939361497943
-0.405779172367524
-0.0989605567282541
-0.201494395759571
-0.347433403637155
-0.332906130268629
-0.32154193113724
-0.362404491018558
-0.311042371215877
-0.32128769687465
-0.271194056090791
-0.418646359180905
0.0292524215868387
-0.423438415496394
-0.201742103242477
-0.324376317418127
-0.316042341106391
-0.103576028220093
-0.345103795148414
-0.299272804068027
-0.279500696279605
-0.124196828063694
-0.210914684443815
-0.14803667123539
-0.210173442786965
-0.172525603083249
-0.20259489168221
-0.250066453008792
-0.250548698770506
-0.443244497431746
-0.235389394373133
-0.278861523435689
-0.188157534882209
-0.0736393874707542
-0.3403083175649
-0.189778349951317
-0.346782470952441
-0.263345660075756
-0.265470320220912
-0.309803776421445
-0.261730676477942
-0.0886743858283628
-0.0717184745762546
-0.168042172436509
-0.239004850956634
-0.165192866135062
-0.242902511558628
-0.346990508697083
-0.193897683067382
-0.271626844315851
-0.18995841999159
-0.290935802361859
-0.131322445326043
-0.337332083918717
-0.21028168255902
-0.219381366603097
-0.255158474164884
-0.152537484289725
-0.201715089412018
-0.134068959722908
-0.160415561347723
-0.100515497029256
-0.000249185761979115
-0.180477287423091
-0.123855990270362
-0.0221190767702879
-0.208681765470486
-0.231150897418312
-0.182401032012535
-0.202161506346914
-0.082126201006466
-0.255525363039079
-0.152391338504939
-0.0582485081729534
-0.247207539081068
-0.209351684594745
-0.0675134951023582
-0.0432129035638876
-0.13826771292637
-0.162297548540357
-0.14595205105629
-0.161207077655566
-0.291376686240573
-0.111882632676265
-0.0883318821442931
-0.194364864996632
-0.214494547142085
0.01749606499861
-0.178887434947425
-0.187971446728986
-0.102234600420439
-0.0866018980348021
-0.00888654544900467
-0.00618250280864991
-0.139987263959984
-0.161550423196165
0.191712786959254
0.00467703318363172
-0.0503537351762258
-0.253145803066352
-0.185991085360859
-0.247286924947664
-0.139587747070046
-0.173517987177482
-0.0924531720475327
-0.152180679909713
-0.0542147112583725
-0.103711782020945
-0.131752521699287
-0.10791915306178
-0.0457216462237673
-0.0180712881800726
-0.135451771247798
-0.160146105773232
-0.116589206265414
-0.0343744938418787
-0.0113302747253465
-0.0839614448274037
-0.0198999338438081
-0.105098546807197
-0.0172484960287581
-0.0663184140987388
-0.134623695057295
0.0477507924686876
-0.0533374977154717
-0.0959582496226389
-0.0593828260434915
-0.0235762458733958
0.0525179558261712
-0.132003603884864
0.0693392710356643
0.141690259151751
-0.113296579547749
0.108979431943095
-0.0392699536580987
-0.0144483165745566
-0.0718176435302665
0.00409581173478163
-0.0242000379343664
-0.150997742683835
-0.00469005589865413
-0.0716838339276877
-0.0453683681346463
-0.0201192743481279
0.106536768585274
0.0648928066816451
0.0237321637546045
-0.0815558876000975
-0.0351736465521191
-0.100147985469353
0.00619771350950421
0.126274886557213
-0.0270381964174932
-0.0254574627387894
-0.113065387507066
0.19292973552096
-0.118853523618116
-0.179113990893619
0.097296542067454
-0.000393963253657369
0.0543827469119006
0.0889109852815926
0.0394394316029322
-0.017824105018704
0.0344441000540547
0.0448830510230533
0.0654905476507051
0.124729222858579
0.0819749316958313
0.0394422735589826
0.0665964682129143
0.0855791715363056
-0.0956024347230158
0.177687859260356
0.0677887351268826
0.0106875107027968
0.132757984924871
0.106432689211422
0.0502623405156125
-0.00659564886590649
0.109647875852271
0.1161692793955
0.108764262547711
0.0802038578165779
0.192591559163515
0.0323668260086227
0.0472250262689843
0.0315455060760749
0.135079774438173
0.156175806917963
0.0992065761783786
0.237972053235816
0.136328071744896
0.031648299741888
0.0819936253588575
0.146358808529755
0.0762968580015699
0.0464731705562798
0.0289921239760106
0.0515252315739279
0.106211283053387
-0.0240105010487477
0.0827096054876454
-0.0122341940083243
0.176335836342619
-0.0574805998117179
0.153610010651181
0.142041853849436
0.108121309893058
0.282819831412557
0.291069065714008
0.230080324641238
0.147089288245198
0.14786211691357
0.0439939541113614
0.199348303808562
0.0843996914750289
0.0406714392831402
0.187642405026312
0.0335696011816748
0.179741142796412
0.127433597850487
0.0631186337034625
0.12155269436117
0.174247993764745
0.072765269910538
0.261889847236853
0.262585914311092
0.134646612656309
0.113989181914459
0.0970081700965914
0.0787773823404311
0.206503964214035
0.184347982404795
0.142943205445675
0.236281965432309
0.0788967367232532
0.334901003090401
0.232918009137413
0.159323570926538
0.208089757700051
0.128425738511482
0.18669031628667
0.27286780286442
0.0450256675475142
0.242566217899735
0.192307836031247
0.0406913512209713
0.170988398783594
0.109080173174548
0.239300299273545
0.14603389242718
0.270879011780163
0.25772671806616
0.139127912778028
0.423595064002021
0.307666864738462
0.0813818019894354
0.168165232164595
0.125235767691842
0.233653492655771
0.278476114338326
0.235715569701026
0.329552592078558
0.320638495328775
0.257237743831332
0.272907242916961
0.319835122607109
0.269086484364852
0.130419461325615
0.174428696578715
0.253342192128444
0.187661402324078
0.304840596484347
0.27158038140931
0.316870093832027
0.263727883085689
0.267077733686683
0.274300955948669
0.318494603442052
0.298595247658487
0.332964011073985
0.266054049521547
0.328042558483134
0.275448032179033
0.216660491234529
0.320741378405039
0.348236503687283
0.264648535981925
0.21321116221325
0.27425588697547
0.348230702475765
0.379284149654443
0.45617329338892
0.295461980004918
0.262630697418229
0.278396320204831
0.390553596654664
0.318413974410953
0.163673948685671
0.352013437446941
0.188231861755046
0.27668413038917
0.271384401915076
0.272753280205664
0.35330247975944
0.374567154567488
0.451265113157451
0.23076992915444
0.326261830536087
0.293027708593522
0.312588414599074
0.285727165946853
0.265036212406761
0.21893623796684
0.388327055017898
0.40184793658565
0.193647948167983
0.334972361590657
0.223894776847007
0.247089962527963
0.191041594894805
0.279026397786196
0.400551402391455
0.375125021648507
0.347742941800365
0.29319775700531
0.261685190507009
0.452122274447348
0.418064540338169
0.567126823578987
0.502185964285478
0.297522724128934
0.374097008687872
0.480238410148769
0.361687074268587
0.419488662294293
0.527137137148453
0.300373967193741
0.329606827766821
0.464457842355114
0.361954294002318
0.330288078337138
0.512744274729082
0.405610561448035
0.271456046326831
0.255066700292156
0.439094940635969
0.297022083033103
0.283664095037415
0.348542334702104
0.326864340536259
0.427765100265241
0.4281030823149
0.353043983743036
0.408514693953974
0.266931517502162
0.410754402917071
0.333070050015971
0.519232697012518
0.438831464629669
0.499943697394844
0.41240889066852
0.386595747170331
0.254736730745012
0.423004272748686
0.533795763761742
0.383183840065591
0.355677939078371
0.45673838803527
0.49662021712153
0.461769017280976
0.358358149290012
0.4789310834183
0.508725004904371
0.494272661221149
0.272754201287853
0.429599906979926
0.4341177147625
0.5834899048709
0.546228600565431
0.388470138096112
0.402084997361491
0.481885807459134
0.438013613732979
0.502111126902586
0.404697183806321
0.442722948599184
0.463927022729002
0.603475761816421
0.53005530410707
0.609123390083001
0.419067034723126
0.580230727241301
0.534929839379259
0.548127170330228
0.504583777391504
0.643445214217244
0.555544914121937
0.511781397176234
0.368817515992747
0.337110023269253
0.467171575089194
0.400959916061525
0.567742774259151
0.447074798110175
0.603444652353
0.520251519247142
0.489947710642691
0.703047899574635
0.624269194147658
0.636245198921135
0.484711348166959
0.540302397574275
0.424512927376118
0.562848123531508
0.501677078770011
0.515087411963621
0.646244848006306
0.587268389623888
0.540521689332121
0.487009156401483
0.679216828740502
0.591030793863316
0.526354525500168
0.500488513097525
0.635612622937186
0.582522057833758
0.620346139517727
0.374903622575605
0.517871694499117
0.684826738175831
0.536404655060182
0.651892973874682
0.574784348747896
0.63840919535232
0.606327088241767
0.701881552699194
0.602402440130898
0.631361805792079
0.694942253872338
0.535206639172797
0.556707199373519
0.574319801392871
0.489473817305876
0.520365069684904
0.54865858259004
0.597343068159076
0.641522240134392
0.483475575968508
0.614267100679702
0.494403546757594
0.664747291802116
0.650691825312138
0.538563824487872
0.581767039942804
0.483689046613609
0.528907841806332
0.634891124104602
0.657224684794786
0.588883722640876
0.645738090153907
0.542737563336743
0.697855738105986
0.77366346807038
0.415889626279093
0.498548005640468
0.528789913045231
0.648531175807149
0.631378443867861
0.556453833699537
0.5780733716438
0.63350496305582
0.646913773771155
0.665403154310948
0.753540123154586
0.583192222793446
0.763532355311175
0.499589376304559
0.623765867592746
0.741049695733327
0.705127753882128
0.616911326624395
0.549558360462892
0.730865177614732
0.820258338383546
0.598790917480878
0.828432538593909
0.772710350108747
0.62343588841759
0.690411232015257
0.836441043910589
0.745225098727144
0.628695448439123
0.665626259498186
0.686998609880417
0.650398632579586
0.643535466285132
0.592826209754964
0.700611711451938
0.547788178176997
0.783448874823722
0.846484007563526
0.669600146706174
0.600715607096798
0.656086833337251
0.711848976774023
0.653948851058347
0.653223017093276
0.64161083432815
0.678545636528006
0.60721172745403
0.794579157914557
0.701662782814391
0.683465681548223
0.713430547277295
0.590883386199384
0.550868309431223
0.722221947352296
0.832567325129312
0.790634129594708
0.770608101499545
0.614714766984897
0.784306198190738
0.533973811606033
0.861980589656908
0.752775767145081
0.775159160885282
0.64144559302959
0.651615261941716
0.623343719290353
0.86730998952403
0.651935985028658
0.876769674042728
0.753258507874541
0.722542514186709
0.779497000263321
0.663564682932491
0.741642373880377
0.791638897260813
0.70487656241718
0.698464895205738
0.781598776660897
0.751995371252909
0.74327953973894
0.809599323694653
0.79984817302044
0.810842523206413
0.918736823442214
0.797631380909371
0.843937914804304
0.859613454162539
0.828398004622228
0.786177861554199
0.737446607359379
0.615642238403146
0.929086383573976
0.885814494634478
0.916401693587285
1.05424976337138
0.869636209810349
0.843189957145451
0.780474307776598
0.805684673056311
0.928068822521252
0.776120741792426
0.77518675269909
0.87842570574833
0.969928538036164
0.846068459304119
0.848358905774328
0.748947338254046
0.843433732612867
0.893741898078729
0.856377860578723
0.887054509858532
0.73629544959482
0.737303354541345
0.866191811496832
0.89038784391255
0.970787219387454
0.802056847520511
0.938972401919206
0.865605570789707
0.891964101796079
0.809977669018358
0.996852409743014
0.842944738253623
1.05627975150012
0.758634515740807
0.816915569065877
1.02466484698257
0.830225368593517
1.00376653400179
0.908355383359342
0.838881797340527
0.779350343335075
0.951716105472592
1.055294254215
0.792350059222926
0.945133451756183
0.877505184657138
0.833660269394178
0.968092419643465
0.974774644886123
0.912706524265163
0.883682576820323
0.898022621366778
1.01380223814039
0.8593104866199
0.830071955452253
0.916529009319492
0.930294030647682
0.825113534395886
0.922073558282536
1.03328458956515
0.961769103372399
1.03296046359431
0.902161082701531
0.845564345860139
0.838629519178807
1.00322684651644
0.997138526083771
0.842651436746257
0.939708567212726
0.934811174714915
0.898956825219612
0.90026940883412
0.937023321492392
0.920441565595181
1.07927897095891
1.08210287111936
0.881590838613257
0.981310219112587
1.02674343029393
0.913023463788606
1.0831980618751
1.01597586716816
1.07306950946993
0.988672799095583
1.05958907749886
1.03770721343082
0.905239082332895
0.943173309579192
1.05110593579364
1.02526070282425
0.959082035907928
1.04449656462465
0.930864962467466
0.91093472929039
