"x"
-1.12574464959364
-1.0306389318889
-1.02844025017073
-1.02555980423896
-0.933519001207522
-1.00696367935247
-0.89135004315031
-0.956403985942203
-1.08263795280598
-1.06964209966155
-1.00619957193433
-0.976827778676146
-0.911251853975927
-1.04332222072244
-0.894333807578392
-0.988180225732067
-0.897611741603336
-1.00826992430928
-1.03143195573754
-0.903400701136186
-1.0982140621488
-0.98282339725104
-0.881317691996118
-0.866368211772628
-1.04154036340958
-0.909659919559407
-0.88477853452591
-1.0314918927433
-0.952866264292068
-0.936211990123084
-1.05050457613474
-0.897784582621771
-0.902629480605054
-0.791924236303086
-0.850073948207851
-0.906984379307137
-0.79439829958698
-0.928050189062863
-0.898085084984844
-0.98789372191761
-0.872543093850983
-1.0719079149425
-1.08004224865991
-0.976956724623784
-0.826072449855236
-0.929593195817131
-0.999293421053839
-0.827191385551484
-0.799001204208304
-0.903496069867562
-0.863290186650682
-0.866783200888897
-0.847799927531218
-0.83593028993293
-0.853481159009881
-0.840313003004251
-0.9211134276033
-0.815931947578531
-0.96794556740905
-0.965754041945406
-0.827924255724897
-0.880411397529304
-0.91366189350709
-0.821970455190381
-0.885075910120821
-0.94091332920924
-0.937850605669384
-0.829072231898416
-0.904409631366841
-1.04725699075052
-0.963105972827661
-0.905364800055075
-0.959202133197682
-0.807843523609409
-0.853075318470786
-0.87048470494872
-0.886496923523362
-0.887118436761149
-0.874559659421851
-0.68819268095631
-0.876146599988038
-0.816930676029582
-0.818209779649664
-0.869386727257433
-0.915641484005149
-0.842504158740145
-0.782478247345856
-0.86853657329193
-0.800678700334647
-0.940025586988807
-0.797420406303579
-0.72166898561048
-0.8536014284409
-0.834382533061338
-0.768907851424862
-0.865447994765721
-0.834341782701475
-0.731050911535287
-0.771181949682452
-0.687358283579794
-0.85188556352029
-0.759225000616242
-0.736849196601488
-0.696193162203365
-0.72121441650982
-0.89804957830587
-0.616428520542839
-0.717670986089585
-0.730374017148307
-0.798456954206741
-0.817191261404247
-0.866311276389904
-0.758085246494681
-0.795846848369955
-0.893676943924662
-0.824624366238336
-0.905581663227781
-0.59681337403004
-0.766556151043633
-0.750970506539267
-0.771532838689197
-0.895155384861571
-0.820496416276597
-0.585579588701771
-0.475050865488363
-0.666253620372905
-0.697092001681768
-0.749319850517574
-0.750034021219063
-0.802504836690549
-0.772276754111733
-0.756162962194234
-0.732410256134281
-0.711354387225781
-0.628685513640749
-0.801063672819071
-0.808552448355213
-0.826386558921639
-0.565952035292727
-0.696755680414294
-0.652616741366215
-0.738351941427541
-0.696071011615001
-0.680479613698659
-0.6107317127571
-0.738913839791374
-0.804125549737135
-0.758645195961228
-0.646638367387571
-0.574494721246051
-0.552492037301963
-0.648004473939961
-0.678876086055707
-0.589713291246913
-0.689718085578077
-0.692311509508467
-0.822145226112419
-0.774630158252287
-0.560041501392824
-0.679954132617681
-0.689340217455084
-0.695010207286282
-0.798178556788289
-0.79638929846254
-0.681683758905601
-0.82450645495129
-0.626655965298006
-0.539583157281361
-0.677254694927207
-0.548984462813316
-0.647864315976224
-0.623716328422516
-0.646923546803786
-0.610307496054207
-0.640574854293611
-0.648040093842411
-0.514031558899261
-0.573317657088677
-0.551039951594937
-0.758957371774803
-0.694856038937699
-0.682301246371657
-0.626546095106119
-0.599615390101948
-0.562145997018088
-0.616006366090985
-0.625476536296808
-0.669096504811377
-0.548535762381823
-0.697017543717195
-0.629606497778431
-0.597383981567746
-0.611487057710349
-0.452136794596416
-0.584292422321419
-0.616966174745858
-0.604480504383713
-0.62911759118083
-0.689636143927841
-0.543704800633485
-0.564043834821397
-0.582311710574327
-0.644954373168057
-0.615842728325143
-0.499827188301223
-0.633585319048528
-0.548963451837041
-0.550387399386778
-0.4318175634243
-0.547764351374595
-0.596691688290217
-0.516813809374883
-0.454267559426551
-0.513749296328882
-0.56581116248011
-0.511051939060031
-0.3783282794288
-0.554407694037535
-0.558563878037566
-0.482670805127802
-0.604726359548384
-0.527408179923668
-0.700076449050489
-0.535591714027722
-0.577393509775988
-0.440516904696378
-0.475937779087043
-0.669149449480015
-0.428284886174332
-0.569184283921179
-0.539433260044409
-0.603928899243949
-0.448110304065131
-0.559912540794178
-0.533052878355688
-0.511044473079144
-0.357652670312072
-0.443795965886029
-0.523454048044304
-0.516555928936806
-0.510785403934372
-0.530166579619214
-0.674315885221207
-0.552701219491098
-0.437572226027675
-0.680784542112184
-0.311251066683502
-0.574976034338424
-0.510253185849124
-0.5436174283787
-0.396576179545658
-0.635922259138428
-0.339524239755554
-0.706999152095452
-0.5954322553394
-0.44589055989426
-0.475276448451442
-0.511840251478065
-0.487189576631973
-0.512407640539771
-0.418082051188835
-0.52025026446949
-0.467126583302676
-0.298126075841387
-0.517778039418044
-0.599991755358843
-0.451548529414247
-0.404777081672965
-0.480509232946512
-0.460801343969467
-0.298804980864615
-0.393362347488129
-0.546704148986462
-0.575256214439066
-0.351437561551522
-0.359148131604288
-0.379381891543605
-0.405487827450698
-0.571997211188888
-0.511164970963342
-0.561055841911617
-0.298757925945437
-0.548501652670276
-0.359040869783787
-0.347421699585915
-0.327533173757338
-0.310324696676526
-0.62749854874675
-0.370195024911916
-0.527898543144379
-0.661016662916997
-0.335441396117702
-0.554332134161006
-0.436313886671655
-0.422887824307379
-0.403085396205599
-0.400953900709602
-0.448801211048634
-0.420353276306759
-0.302440217569911
-0.333857196567769
-0.533359782820644
-0.426996693497416
-0.479241173635575
-0.508825928546636
-0.406404414041535
-0.362580069588151
-0.305833947692363
-0.442311196521066
-0.324645261046312
-0.449261921805023
-0.398529421590111
-0.35727541676188
-0.412957957512307
-0.328072459861257
-0.45458123653817
-0.22468083155178
-0.246477263765917
-0.319808047157871
-0.475725006069144
-0.318224951245795
-0.445813473044856
-0.428926703111688
-0.337959276441516
-0.475105212156239
-0.316171753856116
-0.244533913552904
-0.29046252049495
-0.407956136209914
-0.312064939872663
-0.365771818878696
-0.347955430887091
-0.311670732941766
-0.122457154098962
-0.407331934293301
-0.294660521705319
-0.304074058879912
-0.401788386132261
-0.540223597584334
-0.346880440931634
-0.42775535410382
-0.168458954487471
-0.305819689855879
-0.342997304005867
-0.217028894526999
-0.132840965133575
-0.337438645064181
-0.151610764238932
-0.37705996722789
-0.315700346510364
-0.300080611202903
-0.395669186479432
-0.0977346665575015
-0.194754185495186
-0.344809224832717
-0.314776317575491
-0.318212221551178
-0.351026752768126
-0.310416302596639
-0.323925716000653
-0.271093690716381
-0.403932462872128
0.0105972450222963
-0.413958157357163
-0.214603146566803
-0.326435957131447
-0.301258580889157
-0.111665213586748
-0.354117211981425
-0.297707126041762
-0.27615575239572
-0.115278596473039
-0.19671682782018
-0.140010700526352
-0.185765301006511
-0.18650674449406
-0.209381617739235
-0.253616785084376
-0.242094578956207
-0.445497029959293
-0.218264419548053
-0.309435804632361
-0.191601593913817
-0.0621762665058283
-0.33089267356629
-0.192024759321798
-0.350401383884936
-0.263411270692227
-0.270576609644201
-0.310638381422576
-0.260537822174068
-0.0785684461237153
-0.0950063263358108
-0.187601488029973
-0.251691693173238
-0.188222232162854
-0.25224729158865
-0.332962765201666
-0.203429012969042
-0.271710461297033
-0.17830846658674
-0.293851795253912
-0.134213069739971
-0.335871255795573
-0.177686713711906
-0.219270399511693
-0.278804783834132
-0.158389221657614
-0.225345206011496
-0.145643072178043
-0.173267790326443
-0.0708228718967521
-0.0301842561041147
-0.174634054713149
-0.117775751757124
-0.0328130121454743
-0.218097086018419
-0.231307487694552
-0.175242717682355
-0.199521310799272
-0.0665033615898307
-0.245785980833034
-0.146907136837508
-0.070816378754569
-0.260494997375299
-0.195849988415892
-0.0561302288594278
-0.0400328342221575
-0.146779430391985
-0.148168965855919
-0.12131337811273
-0.170334356296876
-0.285928913703017
-0.10162213262469
-0.0938356228628511
-0.16649045499279
-0.225447721467444
0.00270702619837361
-0.182871404481104
-0.172043073685033
-0.0909821148777156
-0.0850366450869127
-0.0185955831620184
-0.0054714215876396
-0.128402559185639
-0.173788540038067
0.185487749348919
0.00148942810545494
-0.0694850548318187
-0.287817321929125
-0.186360888259696
-0.244186369473679
-0.135035066794857
-0.181237894254077
-0.0733040694619541
-0.142741037599082
-0.0489389172498295
-0.0971002743448951
-0.146060196315448
-0.113663400703796
-0.0689404215814867
-0.0120399463185851
-0.152453756623255
-0.141130997001974
-0.144056995507075
-0.012468230985259
-0.018391326390026
-0.0755843100586212
-0.00427756938391137
-0.100269199578487
-0.0241345667420172
-0.0757821786234401
-0.155583619014293
0.0445833423785967
-0.0572383243341892
-0.0981877689679505
-0.0609008345007756
-0.027126445148085
0.0296093116053676
-0.147616170504815
0.0633971994017308
0.138496841346692
-0.0983917343450632
0.113395147849272
-0.0713412472672306
-0.0210081661717196
-0.0687959112782414
-0.0142165403435344
-0.0556909610059048
-0.137807767951576
-0.00352850344242869
-0.0538382996006955
-0.0456680831195314
-0.0317145410125677
0.118082758090229
0.0783890907422592
-0.00157881083923854
-0.0865514022872827
-0.0256907940632633
-0.114418960714074
0.0329981584678005
0.12460457455541
0.00650248219483788
-0.0170781129060856
-0.117675227636298
0.206953160759961
-0.0947304609745777
-0.186593473324622
0.089484959128098
-0.0027115403669712
0.0569640859400705
0.0791827825559914
0.0224148929924327
-0.00747051984187504
0.0414898260295852
0.036360013852817
0.105184034836368
0.112598243456867
0.0834512241541227
0.0302192689105918
0.0731737522923002
0.0990152752496972
-0.123546743182295
0.177015485867605
0.0536605079318305
0.0402337765180108
0.14494726608603
0.113907434652647
0.0358826829913986
0.00407125968987542
0.0896809042433821
0.110745634017202
0.0936826212685341
0.0853854349344119
0.199878881736532
0.0199444498961994
0.0456617075438363
0.016245007903655
0.135993262044341
0.133112841699582
0.0990533633959569
0.24361655164065
0.105590372540287
0.0143609086658507
0.0731192765574542
0.151954002920127
0.104792979817399
0.0474162357894292
0.0179414159547322
0.0435701462394089
0.129561350140072
-0.00495618390521081
0.0762819424179514
-0.00588381401742863
0.186486073672332
-0.0446137183710289
0.166304030590156
0.157441589341948
0.100164077754975
0.272157281670429
0.305851687625953
0.226001623316612
0.147533167594218
0.139157851039334
0.0626454626036309
0.188802614272776
0.0479934964054131
0.0495401249655283
0.200899583240411
0.0417096940903125
0.17549450734612
0.137485066226687
0.0605192177739576
0.127504450445994
0.175681801074676
0.0753662931036685
0.277504931311534
0.266777346406272
0.124521275693335
0.0994484208008106
0.101913237553174
0.115409123049572
0.216987254545746
0.174195819167252
0.16010115120675
0.257672120425765
0.0702241107968437
0.338930655948272
0.219919657774006
0.137635579443223
0.195470902542818
0.104240401015194
0.195616242359569
0.271455807010026
0.0658698759579578
0.238099254894887
0.185131858841835
0.0366218694636627
0.173495904785549
0.118899522541019
0.242271068761637
0.154422367945885
0.296856918113203
0.265936099836975
0.13969145712223
0.396285975245682
0.283970644569627
0.0828552797449423
0.167370363866538
0.118852661027263
0.241493807890052
0.289672855826425
0.236087717328831
0.350639664238472
0.331983219641389
0.260168887729925
0.261123324120843
0.303391943079598
0.275661012625864
0.143184819622137
0.182482610601506
0.242291373943028
0.184428049761813
0.307495607199407
0.290025287008136
0.309973392803716
0.250748635494697
0.267348681267516
0.275934685283966
0.311236063951233
0.286425036361138
0.306187526575444
0.291214966363415
0.291795817767951
0.291967804129105
0.225159760566446
0.312465652119819
0.341886099641508
0.265903307980759
0.203918544400197
0.293258607624058
0.34247772999728
0.36681054527107
0.451796907771646
0.29095205612822
0.270651836542373
0.317138767756708
0.377605777772201
0.309472924913752
0.163704946385161
0.346623195564308
0.180121133190346
0.272225602366549
0.286531027762912
0.249886768005926
0.368647843576352
0.372897030558473
0.444882724039493
0.20645282565033
0.351016247641948
0.288977624720567
0.304463051282444
0.264293378761844
0.253798942712737
0.247114370412776
0.398271197600205
0.411504155179539
0.210485125601668
0.350249708544367
0.237484237251618
0.262350581063132
0.198173177574404
0.276382121353716
0.423803971055883
0.377290120884009
0.334496763744638
0.318956070540061
0.249670014141131
0.488391898455548
0.429435336504187
0.562865220264002
0.515631908508743
0.298803946217398
0.390418243085507
0.456676733770579
0.355276564134981
0.434400549550786
0.507390036703806
0.29923166822158
0.343294879273923
0.447765565857076
0.349683160632734
0.347332222426204
0.541520125089427
0.382111141789296
0.281082683315802
0.238846740403162
0.458308201273958
0.289474509977118
0.295229933737676
0.376047026161949
0.319672650227442
0.436413235935334
0.431479035028246
0.333180624122316
0.396279748410609
0.256430957939946
0.393520882983331
0.341862659883905
0.522941436958446
0.444019968643098
0.502701191122202
0.423733136585456
0.373027439899059
0.286276705351515
0.440923826376912
0.517711365712498
0.394170093479586
0.365867692759813
0.464278912869041
0.492329695928968
0.476943356184787
0.375757719848875
0.483150458821078
0.505124556997976
0.490282884169913
0.282939169191612
0.434269024175695
0.405804739933677
0.569032520398235
0.54477424999368
0.39575737103542
0.408245690826274
0.466442304856858
0.43025993728415
0.468964662669928
0.374681034646981
0.460515169664334
0.476192520408205
0.607218503668205
0.538422287717611
0.588448645667008
0.417891492496664
0.571903638531633
0.520906399891751
0.556719477978219
0.500653761995224
0.604304692259512
0.550088802243277
0.511807903804244
0.3625546468072
0.358977649846197
0.468411888985066
0.395227816392769
0.601905546929165
0.434715321624119
0.607181703015653
0.516993290383442
0.490426161993323
0.708406012721789
0.64216430118307
0.629860318461853
0.479316164792339
0.528674949960991
0.422318187749328
0.553915720341703
0.519675856325706
0.533236400762255
0.605142172140062
0.57351511806557
0.540562044110769
0.498145216060601
0.660261367356954
0.616019492533054
0.553721918064134
0.499318321147969
0.635713496091722
0.597578641502229
0.628925093250022
0.350388188152641
0.510566073728956
0.71146498000468
0.52135832856132
0.659167362362426
0.596243504619795
0.628283550635885
0.613576196057446
0.709105952588694
0.604993490805698
0.623496406980052
0.719861919098274
0.547693889621192
0.545246162579922
0.560767481379139
0.510487838919267
0.504571919993065
0.52117555768192
0.627079268917486
0.630875175953865
0.474579252200484
0.613481818096092
0.48812122711149
0.678613452155619
0.65508017743241
0.522246617300649
0.574204352155299
0.474729312742584
0.548061793346859
0.63734029732102
0.643513726698597
0.582455541811029
0.67401839156002
0.5510510048079
0.695243345236142
0.767718483368786
0.422145489409449
0.508972371129718
0.541906518716122
0.656813624539782
0.633811540849794
0.579205806738472
0.581307574812439
0.622022326307298
0.649053065241227
0.670936260210263
0.723886946712785
0.608412319717171
0.748585395929095
0.493317692421652
0.598702590594788
0.704484815612294
0.711651881239052
0.6318232045251
0.558118999673359
0.751339354783129
0.845833297679468
0.588112782964788
0.833883716519304
0.76109832298137
0.606305420911226
0.685433556560784
0.854967116552643
0.770319901634153
0.628021817979457
0.659350104312833
0.68009917624645
0.667984570856649
0.64758236719434
0.612395255555767
0.712923210410511
0.542691319396271
0.786062790862578
0.823655499839694
0.682399020422988
0.608897372469669
0.666562033410735
0.708177131426074
0.673253855550219
0.651693441611297
0.645068186682871
0.683857420483166
0.607987915531044
0.784693933322079
0.709822614884405
0.652296037578316
0.715630713187915
0.597315870836063
0.562386562131385
0.727233281477311
0.829174180699323
0.799118045010517
0.764031147068555
0.619961212915159
0.786783838008656
0.535493512795668
0.870636125838174
0.741355386333672
0.773268357027661
0.63550253827355
0.631038417856681
0.591499011060774
0.847150691068069
0.65967907208746
0.861542974212129
0.762424871236016
0.715610686541802
0.781151233707216
0.662413330042197
0.763812216552118
0.798975030113085
0.724857237626341
0.716274898144975
0.795324810095931
0.744066053036693
0.733461619864461
0.789535553555207
0.827460545032899
0.805878106206005
0.903679431357331
0.797951730333601
0.891574996307937
0.867169751366919
0.844607917741097
0.78761087808761
0.732535188633231
0.619625906014646
0.920864862592398
0.883755164695798
0.901369707289121
1.0582744189734
0.894506686557071
0.861175166442959
0.78618171177681
0.833822514015976
0.932264162226731
0.761677001627847
0.776918344824002
0.865889110194475
0.97946114691348
0.835588759153766
0.842975078824047
0.75070580484892
0.852761129270595
0.889799198723934
0.870611035445138
0.895437538209174
0.693465194227414
0.748669552253338
0.892065892954126
0.867762042487508
0.981017554672626
0.808627969096903
0.939417382259316
0.859617327859363
0.908215594448217
0.807513354715196
0.991917976218946
0.852266446874807
1.05045668980937
0.764344567705236
0.81276403996962
1.04005095556932
0.835103656712669
0.997616910062545
0.905086313552716
0.860888826513059
0.780942629463875
0.951463167865297
1.07145885548427
0.802185261373223
0.935241957346322
0.869550731219484
0.829733529785396
0.976049796654777
1.01227468105829
0.932854757922639
0.868877065060678
0.882258033681084
1.01481228804691
0.855781299909952
0.837165209072651
0.939126353441175
0.91573572338081
0.823138492867425
0.928795402170934
1.03370288556478
0.947520453500648
1.02832420759573
0.883222162816903
0.844485734815573
0.832669008830579
1.01416473095466
0.991574358852132
0.825281324248639
0.942960249388518
0.929591114086154
0.912747248290167
0.895590206370941
0.923447453653329
0.901255107839634
1.06149454699962
1.06959666318688
0.901714120902928
0.986585137286834
1.01770989505292
0.917664238816537
1.09133493380473
1.00686561777827
1.07326147781717
0.998513668037765
1.07856271202716
1.04119558972833
0.912378288792556
0.921013161585069
1.02310039547326
1.02601455015884
0.947081471305287
1.04980031041178
0.954264351918431
0.909910305808094
