"x"
-1.17412524970333
-1.08064296416624
-1.10557059314529
-0.90771918338082
-0.945871943592875
-0.947904542598561
-0.997148472913567
-0.913961365248186
-1.13035698801218
-1.02787524643373
-0.984784976751597
-0.988973216772582
-0.909712404223289
-0.867041440373188
-0.913642181333676
-0.97286664046936
-1.01678995368582
-0.974000091453609
-0.927692577872208
-0.916283435074107
-0.916210598397543
-0.971481103540977
-0.851383994504674
-0.903072000611329
-0.959788648122445
-0.825786721348021
-0.931841643443179
-0.881788250237765
-0.91853377974337
-0.94783507978935
-0.96988072224448
-1.01878907642421
-0.89312398167561
-0.912607042153745
-1.0369022970749
-0.952065386778035
-0.916375175540849
-0.901938218221844
-0.808568970258064
-0.8302581986027
-0.893853389610798
-0.796064596829517
-0.796691996836026
-0.812239029314379
-0.997092574339049
-0.917421348672959
-0.895075164121754
-0.973525705919205
-0.902286382967483
-0.875184481532608
-0.796169875843443
-0.973542944699541
-0.855568480713106
-0.881347053510398
-0.893667027937968
-1.05549961433581
-0.935922545399283
-0.914343388038757
-0.959135726927883
-0.900110552513539
-0.71512688365138
-0.943870604395435
-0.896662634182045
-0.761564632475469
-0.80659685026349
-0.704059167216561
-0.901487273470465
-0.83959513836279
-0.839021872457808
-0.826220423689816
-0.842902708262974
-0.867667353900535
-1.06332003934193
-0.965061624682241
-0.945721485005187
-0.927863478170814
-0.83120839074172
-0.702187495434697
-0.757697281058967
-0.829638967451018
-0.840948524789816
-0.841337499061031
-0.881583891004344
-0.854577160308066
-0.800942005239039
-0.746146423067341
-0.800552957968615
-0.864488858748251
-0.879651269130908
-0.780784889996387
-0.735304360452128
-0.731684488507054
-0.771660979278597
-0.628168278660197
-0.807178350587498
-0.903551331790277
-0.856127430338316
-0.700658842009669
-0.78421682250003
-0.744640984920152
-0.879152925348086
-0.800557331294701
-0.833150369863441
-0.874126228808368
-0.823583530658216
-0.870078809769413
-0.780133015111277
-0.790032447185334
-0.822595877750856
-0.761254160230676
-0.792487507220289
-0.806240384788872
-0.780089745419134
-0.612745364191758
-0.796745236909088
-0.896382757405099
-0.649891163002681
-0.70870497280104
-0.644410109664751
-0.673473046663391
-0.655441831367591
-0.778171920574471
-0.711154081999841
-0.81060928725125
-0.718175943457578
-0.676627753426959
-0.71425091859537
-0.585375869623653
-0.675378563538657
-0.780642409340361
-0.679656459653871
-0.856229428181006
-0.629872925681556
-0.603547302067028
-0.734826450079045
-0.803315436900309
-0.757657346274307
-0.719133785757871
-0.637843984817548
-0.777958868883825
-0.690453728544081
-0.751582824581448
-0.777943095399921
-0.869095825038444
-0.627983655472962
-0.746145966774511
-0.649641195065688
-0.771484463251454
-0.771231251122511
-0.731655358076177
-0.556599847495723
-0.651479996826942
-0.769327633201188
-0.597497692430988
-0.766301905329854
-0.720084179725609
-0.605329273526501
-0.698551080419092
-0.770697628098641
-0.749957439909456
-0.691180978720949
-0.789772346818062
-0.574895417872814
-0.595659213079346
-0.670887007036015
-0.582120811883451
-0.559264583960041
-0.718216515797977
-0.567597339012606
-0.790613946286405
-0.727447067297705
-0.647784264431872
-0.736335136282846
-0.572815357580754
-0.709283035937532
-0.667433585505611
-0.666921716552397
-0.603730526113708
-0.670707232199262
-0.656939392583569
-0.684706551028753
-0.614564824942971
-0.610271887809622
-0.573465756265125
-0.669556245671332
-0.62171504730833
-0.596661500209857
-0.670703025294295
-0.648479554299678
-0.826722099278916
-0.518967194673707
-0.688205449101875
-0.654472994827451
-0.651001929492151
-0.617101979395143
-0.680722280595289
-0.540749179815523
-0.726515510388951
-0.563649984889992
-0.575917758023989
-0.602857743822546
-0.696184982134721
-0.653186749854726
-0.644298005754354
-0.638714756141473
-0.664292990298794
-0.42019839529609
-0.520684540753453
-0.745768316078471
-0.653110503817538
-0.564051829239131
-0.4610676196801
-0.51869130625051
-0.537334246631952
-0.684296280588274
-0.428996798034601
-0.413529051048573
-0.70487346326568
-0.610375444735678
-0.554936776039481
-0.516287706793095
-0.510352431022097
-0.648315532553954
-0.410724246711857
-0.491155514021432
-0.659763792546964
-0.692028225455374
-0.462140120514727
-0.395580526026536
-0.445972457861695
-0.614370036469806
-0.56038166670639
-0.386310529171791
-0.575607634848444
-0.497458100999464
-0.567139422622551
-0.580403417687672
-0.422499424419696
-0.566156044455175
-0.513623206189159
-0.56709817428898
-0.408854967446848
-0.581923188182029
-0.476338417861548
-0.389854965510665
-0.530972561004666
-0.569384254796181
-0.57554639586801
-0.448133503146599
-0.46508585530929
-0.560719619326114
-0.524821696988969
-0.520704965479139
-0.541470617451845
-0.656093492455167
-0.482982238867713
-0.407140797898336
-0.356572613181354
-0.472078572495789
-0.544770767936343
-0.466249858630553
-0.428459081225321
-0.53736952908071
-0.394760035946411
-0.487383559771606
-0.439113949890028
-0.478528987326814
-0.479818164569308
-0.348143194429765
-0.361709860298688
-0.498874824542082
-0.528409435498099
-0.491579980340155
-0.325178837308061
-0.458378391393918
-0.411308738268367
-0.386124062381857
-0.516649701097513
-0.537714501077593
-0.452712101852265
-0.324771547912513
-0.390926043736616
-0.536529018482649
-0.410646741566008
-0.391558496469539
-0.376039799100532
-0.461181017419042
-0.451341159170759
-0.30373271544575
-0.354729537459721
-0.411105394445008
-0.574623816822106
-0.394288020869802
-0.401587255140821
-0.417771608007017
-0.29890316763235
-0.547286213812396
-0.358995733863795
-0.476524806740992
-0.467663629653726
-0.346426864552284
-0.399580813646759
-0.346810226474459
-0.383139363159437
-0.239922818747966
-0.237435496614974
-0.369959062724506
-0.439060496440208
-0.303264408367541
-0.478946057349562
-0.317198757752095
-0.578743293491526
-0.47481295782528
-0.243664311633415
-0.407553909185299
-0.287181801184089
-0.39247683254509
-0.527929734268849
-0.240009941642074
-0.287594413115039
-0.305916037326467
-0.336918151952038
-0.228574797029031
-0.219575753910215
-0.318340693856184
-0.344422377767499
-0.348162092177317
-0.306351830281768
-0.463590852148699
-0.342969735891737
-0.343521503304237
-0.320644044512385
-0.148538187633139
-0.422008864006124
-0.45453930146974
-0.43301181054855
-0.348929132180926
-0.390352036733355
-0.301513393283467
-0.40054710593378
-0.28313701880446
-0.415043765039039
-0.341182006137912
-0.250736703659171
-0.342006373755496
-0.281314794802174
-0.449196682401785
-0.284760548925599
-0.25529181586708
-0.280551779067767
-0.472512497602383
-0.35866279221715
-0.263835635965158
-0.223128208792752
-0.295988395585107
-0.338299198710126
-0.286762464175759
-0.361600641893529
-0.192987849118497
-0.305555783722504
-0.251227480730934
-0.405952371702253
-0.361398628875461
-0.335786800290375
-0.274973137031616
-0.398989588298422
-0.284603930817333
-0.241869978195656
-0.143571351443513
-0.132825917159532
-0.164045045289037
-0.293056652827485
-0.32777005930703
-0.222435398740638
-0.311358265591226
-0.170634786725292
-0.273626431384223
-0.0572344413753197
-0.289613287571218
-0.468162053529536
-0.325657438435472
-0.235860245318394
-0.186184323581784
-0.393258114302296
-0.363819238516058
-0.287803888222027
-0.168123678354011
-0.147134518364037
-0.255128582923579
-0.157772798607831
-0.285180143845215
-0.145783113034318
-0.134837459557279
-0.362712362627482
-0.165526910793113
-0.309390126387873
-0.191499352331951
-0.167456001366402
-0.16482644059958
-0.213819026669523
-0.110131267822617
-0.206190004816099
-0.349786042816614
-0.204248472746116
-0.0647749919103495
-0.342739239952113
-0.172801641808137
-0.195867003275102
0.00967166556202254
-0.164696484698812
-0.164950324144119
-0.0968433623596647
-0.250824173819965
-0.200512411009193
-0.151860283490345
-0.341269890343947
-0.110882752201594
-0.315533695165739
-0.155474240390488
-0.106766837071225
-0.261121043276448
-0.133948967373185
-0.216916055328829
-0.235227730232243
-0.27493959368984
-0.0987554164932087
-0.123511686358035
-0.0163468578800204
-0.169428825846479
-0.0442423003589421
-0.243512534589956
-0.299974146726445
-0.229559714628009
-0.168778248321497
-0.225527687826215
-0.0686020992772548
-0.171977239757654
-0.009744992372707
-0.060493212657104
0.0231782327474245
-0.0164227858194583
-0.111904672092572
0.0141817797632375
-0.183047625789671
-0.206111952207016
-0.113695240314981
-0.125688618630521
-0.0283454659495615
-0.174234310005824
-0.0806002623083092
-0.125149349363356
-0.0182502766710183
-0.169133462919054
-0.186402564281934
-0.154224366255086
-0.0655219224975782
-0.0732936084347267
-0.0296892421955871
-0.182413082477655
-0.19432516295869
-0.116043822938815
-0.0452999770583722
-0.163866272737322
-0.189329631110156
-0.146757095159225
0.051664171858164
-0.0952749625260395
-0.0415364787432731
-0.160658794215354
-0.171409257111185
-0.145149278135702
-0.136516720404708
-0.232798878966013
-0.11610675892232
-0.0504093017059205
-0.126800816259045
0.100611208219836
0.0197817359217702
-0.155058293441418
-0.109667737863214
-0.125667858953601
-0.0120919136915392
-0.107295733473242
-0.194851861379262
0.118510743507673
0.113234208754135
0.0804952406308265
0.0595457618172093
-0.168472404036016
-0.053089831312387
-0.0211415916060469
-0.0277940415265182
-0.012414379991501
0.0428255747703846
0.0378680147139635
-0.140880008761304
-0.168767723180278
0.116218740716468
-0.0975276091522609
-0.0117147902129741
0.0461058444773627
-0.0942724723603624
0.0473141155706386
0.0552298510384703
0.0260043386509593
0.0442471054726002
-0.111701392101407
-0.197881466646198
0.103416241240404
-0.106151054302958
-0.0404260094131668
0.00305178745316095
0.0550086277156863
-0.109663227626678
0.0361189901823787
0.158425943882702
-0.0536103809244409
0.0559354427393142
0.13948023802102
0.0782786324121611
-0.0259365053072155
0.101416506383134
-0.00703058486091692
0.0615392249615121
0.000228154073847783
0.214105776353879
0.133738078592266
0.137200611212534
0.0390398355142668
0.0874368954882948
0.102003845504652
0.0600108146882702
0.0299969327614824
0.109561884131786
0.0602584807385214
0.11285094406981
0.0245428319545783
0.0198023273714032
0.108177194076791
-0.00104382185142221
-0.0124666016090216
0.143527303128234
0.101677562846958
0.0292799120355924
-0.064353118179758
-0.0128839053510698
0.183391464624232
-0.0137408645524077
0.143893229717813
0.00314792762395853
0.0182843669819261
0.087721250880885
0.01685645725166
0.17640288475659
0.0976063306700311
0.246431616754574
0.0483386543045554
0.189622969363786
0.0302213195300816
0.164826948398158
0.0257601828690823
-0.0959503671788477
0.115264671785806
0.100651667458689
0.210394244012643
0.237312292881678
0.258742145080364
0.0159371106253755
0.11788204622867
0.234055753116553
0.141250106367506
0.12315290629957
0.105515883877332
0.0917315188828807
0.129796959984028
0.156073952523502
0.0286572814948441
0.125786367127592
0.197393091422727
0.0954909262111392
0.338420351577908
0.0308175437448652
0.211885989705851
0.205989063848102
0.170829242918527
0.10666678611212
0.203293331328308
0.117165705389791
0.154543778697965
0.322857583635699
0.301925329274447
0.261278314993593
0.119838816911347
0.0730702379839599
0.127404989721162
0.184245260355336
0.125141938029473
0.220106071737388
0.131787238132221
0.297368716576289
0.0995717021094769
0.0808975474745077
0.191384488905378
0.178272544818818
0.371669265590808
0.319954486591917
0.179471082495764
0.362912380978276
0.225372986742258
0.216403507112912
0.253999012503523
0.227646494661846
0.185350632348042
0.123697967388047
0.272450963823473
0.314513102076763
0.291428553691605
0.235575337729171
0.358138768679079
0.257516062273526
0.358903333529151
0.210853063380565
0.13679100891472
0.242186241696568
0.287261015003693
0.287355200211943
0.16688911788181
0.354571466283586
0.242187922861094
0.314865539130323
0.275275549776246
0.113339422090017
0.0859240436497313
0.192234625217643
0.407001028714427
0.275813868876432
0.257215685808509
0.305613308800952
0.348386743615748
0.227758357271633
0.0790172853388734
0.375941038930842
0.287014021398481
0.24059339784265
0.361861686524999
0.0707002091093464
0.336257329550538
0.192770309429634
0.229684499309525
0.277086488489957
0.264266888530059
0.255943705621558
0.370244922635705
0.312308574675429
0.405380913965766
0.401389402110426
0.441601683603286
0.218004789012096
0.384678668558709
0.268389004440164
0.326638323174043
0.220407478576269
0.375135292357586
0.200526654021946
0.527345475906767
0.464483594348706
0.279353468364638
0.338924217420465
0.374759612666844
0.366691057893195
0.258441667817618
0.262762525797702
0.311402695255583
0.3268678139226
0.404108814528722
0.39015290088846
0.291672593682358
0.467331870960856
0.448727294720701
0.4198009107248
0.491415127855144
0.501421337529654
0.333361846136691
0.401365583356172
0.535862071155381
0.168932621182481
0.36315218285916
0.434405496205248
0.266821480589312
0.306821406473987
0.243161202897416
0.53743502218582
0.389769516628215
0.292979202504557
0.474954531233103
0.401694952695598
0.378222444881288
0.385362375100543
0.420763930673751
0.347700738081472
0.516626851148644
0.415578542892591
0.432806569653619
0.397361233815512
0.427265567105093
0.374501971457262
0.395493267545066
0.453012003369462
0.389057094653263
0.411048899546014
0.403033498588363
0.291850917070834
0.399326015285419
0.40620576600089
0.474336830929035
0.38269863973751
0.468224256247833
0.367611751559106
0.434515925293306
0.443026938592022
0.272786287582255
0.412741461878191
0.546850118114425
0.48039731532511
0.560819303512671
0.643296302992235
0.434334717261319
0.453924383850215
0.333159810331302
0.533804038710735
0.471942454799949
0.35915261236514
0.570941221516977
0.505219011222118
0.476044812685
0.593403284775248
0.456629037198377
0.513994707348434
0.533432199304054
0.58339855871215
0.453851903888994
0.563412739112858
0.430080713798004
0.546113633052263
0.394479100722388
0.38614302178492
0.444887699354286
0.734140725791558
0.505092149961948
0.482739070599451
0.432658441106974
0.514318358621211
0.564531621281816
0.535810420836416
0.408273016380874
0.579527744233341
0.671276305924683
0.437040269922067
0.447850517399735
0.436574605353236
0.376248681773041
0.530477111712089
0.553674306110642
0.482994384280826
0.527738211541737
0.507876626859165
0.448219690653108
0.441923794817111
0.529963957366534
0.526169804610811
0.600449114227769
0.649233730162821
0.624041648554822
0.358221421640069
0.524898409473699
0.560644988578435
0.611843086129871
0.600394939956968
0.44418039415742
0.564781205336248
0.631108713623636
0.61360403836145
0.552230290626096
0.657878048407814
0.579132002037315
0.52719081143902
0.603684793242105
0.575932218704234
0.659195201055412
0.569994675755453
0.599822248269632
0.386095792057755
0.464557359735782
0.588809556489402
0.541717608184253
0.614908888855448
0.566464893235546
0.56213657361809
0.528538800216889
0.566463193325864
0.63111300888132
0.568078815139822
0.425972725741903
0.842718837001492
0.645148222898855
0.564084025229148
0.583416880439959
0.700886182962802
0.533472815790702
0.703844316123797
0.595670128469014
0.616444679179938
0.613543433443885
0.634271930267055
0.604211610423749
0.613777804387511
0.711750070005894
0.573410566293416
0.732909984764693
0.564005803200423
0.597860988232918
0.684993236460378
0.603307257449093
0.591687609410347
0.746870570069458
0.72373061469903
0.60915935940075
0.65643073837447
0.673462313454041
0.719354655809708
0.7046707725446
0.67222340477122
0.747523759366746
0.747473635810834
0.744792648035648
0.561640258196664
0.612693152546021
0.721393174945923
0.748893925531837
0.723145586390404
0.658640580982936
0.498674189828767
0.635798612385585
0.774409701167157
0.613457809059239
0.709567455052108
0.711139788455383
0.825440175899445
0.672406921461823
0.624639216054503
0.600117341088068
0.752482960962303
0.770782368799359
0.620549456955118
0.68142408398196
0.716920538728566
0.694034468019825
0.717729042183371
0.653875022197223
0.729458236327933
0.601821112891293
0.894293991200268
0.614714062209786
0.541789074363063
0.778692955665998
0.737665788413559
0.751115201789201
0.689865674452681
0.824336917154981
0.698085093167066
0.733463312857865
0.702512359121466
0.732084400276378
0.707886522856355
0.812237471757157
0.86857955942418
0.880794268403551
0.740028377587549
0.672623471727908
0.570058742438884
0.717739435956902
0.731105111437911
0.831258242833617
0.746680256209242
0.706227409752474
0.879247747672637
0.692105153030454
0.860611403029196
0.767204346633395
0.68884668522868
0.827870179476484
0.717400667810278
0.942323735820001
0.774030472186589
0.6682956864096
0.844056823272349
0.849144028041901
0.695517043368641
0.768779450625808
0.755291662707707
0.847235240434393
0.761108579381229
0.836496727986762
0.669689643698973
0.652354359591062
0.853556427864853
0.848934638531531
0.80125914519548
0.865568616212068
0.85315903896422
0.909654150751928
0.816713080601006
0.79104291442507
0.911822659919448
0.956147463146018
0.791092207036329
0.93430509844413
0.663926219511624
0.746432399369255
0.850734655261318
1.03944659976811
0.746898348508055
0.877587688963736
0.795837532793172
0.69252503094632
0.836073322621964
0.920366944988679
0.811390774973254
0.771647036161643
0.863665096873863
0.877085958651617
1.01089480517508
0.862272564686084
0.903799919494179
0.879310952469794
0.998554761448257
0.809537698877009
0.840840382987602
0.956704363313932
0.759917357526065
0.953936931310726
0.951589482169222
0.676854752009439
0.899038067740197
1.04519009668607
0.898789653123041
0.742440806534747
0.960286824694321
0.789190709729817
0.898238345729926
0.876080347064759
0.7624656640124
0.861720601172988
1.03220189598162
0.846394264182809
0.830532191150973
0.988551518865429
0.939839457109169
0.886113089760316
0.925042438726642
0.892055752165034
0.882153922377879
0.925042267219162
1.04006916126874
1.04201851149532
0.862159671406451
0.919481036723827
1.06795173937347
1.08605397991837
1.03135720684269
0.974071204845912
0.946270080147166
0.842416795053577
1.03971631682794
0.995867552125542
0.896454567108353
0.793384667344125
1.04088324915743
1.00336679409351
0.798010090912975
0.763643618426322
0.827815180587682
0.960579866155043
0.845350181467337
0.968806845366034
0.83405983048953
0.97671313699432
0.99837109329921
1.07369524827871
1.02015782890458
0.99444352665856
1.00947650975521
0.987157910960816
1.03182933387733
1.04213214396924
0.993871229498579
1.04674171570112
1.27564407680435
1.14462127176609
0.997456053311691
