"x"
-1.13127256836178
-1.02520809716332
-1.04871051614335
-1.03183411587624
-0.925982363664682
-1.02924999531593
-0.907826546828436
-0.959336042510351
-1.10114578247573
-1.07567397948303
-1.01750532430804
-0.950958334580208
-0.906422213146423
-1.05138701217592
-0.904702189141571
-0.972741910730147
-0.883334436619386
-1.00662559824764
-1.04709009179011
-0.901951616322788
-1.08821602592526
-0.988811956547496
-0.894197392375077
-0.85079032794001
-1.02148031354856
-0.909689233785737
-0.891548820462004
-1.02780997421025
-0.963257995571238
-0.921347773486898
-1.05285145837182
-0.880716480627819
-0.903218991418297
-0.807016540698364
-0.85647757649378
-0.881974153957016
-0.785279081221857
-0.914447462561344
-0.877932775047331
-0.969560498686831
-0.888576987574465
-1.06951022685072
-1.08712918212279
-0.960627924484521
-0.856969248095121
-0.922558864182218
-0.998105729814384
-0.850491745462304
-0.787813713212871
-0.898360314331571
-0.883662475384779
-0.87772625131872
-0.85389305201938
-0.837249112424708
-0.856330215645239
-0.847733524982291
-0.922101551353205
-0.836920278423569
-0.99025552254878
-0.949704535614834
-0.856029011492899
-0.880628128486312
-0.904831348033694
-0.853399572946895
-0.870272607625374
-0.944699490702811
-0.91980533205051
-0.827068862591297
-0.911127079846374
-1.03008393964127
-0.950601805464748
-0.887163588871571
-0.963428668000254
-0.805273730683932
-0.830796213953302
-0.883675498230239
-0.89851848063453
-0.887895953896377
-0.871051199756403
-0.659367544066734
-0.877890327440986
-0.842222591847808
-0.807570023050916
-0.870818428011462
-0.919753520284459
-0.825383625116209
-0.774423940539537
-0.889283086871817
-0.806868985180405
-0.916659411157432
-0.797927812550899
-0.73246741705903
-0.864653361390523
-0.849243498917541
-0.777533910085906
-0.860698031870829
-0.82711374706782
-0.719131620111915
-0.772055939828443
-0.701968231384793
-0.851808743924271
-0.750167140501924
-0.739588705525907
-0.697432238808846
-0.73444428133572
-0.895134789983187
-0.635010693176423
-0.711482886146731
-0.717835791381338
-0.796427147006759
-0.845777355421279
-0.87017306113707
-0.770402091218321
-0.825249557525397
-0.842064320564162
-0.816043841202083
-0.87111824876003
-0.592335428429087
-0.779675751657721
-0.746392817420359
-0.769214687043226
-0.866828196341135
-0.819977663685919
-0.609337742051129
-0.488683892126185
-0.671454360637813
-0.712990040767659
-0.752426840384082
-0.751274833723089
-0.822530276578623
-0.726598432320851
-0.725129730981254
-0.744177910310294
-0.701871465452687
-0.637518234859402
-0.782425189365054
-0.787870798157299
-0.839409688339446
-0.552455967061489
-0.683952982771987
-0.64976532597288
-0.729083507056067
-0.702766808609983
-0.678722287671879
-0.611898318109536
-0.760987032483848
-0.792571379538033
-0.761047549314825
-0.638637455096375
-0.583617433139948
-0.554112100119819
-0.643680383879861
-0.687833654728498
-0.597737757725215
-0.726706147468281
-0.690747670313603
-0.842793238641537
-0.761412900982081
-0.571036873536117
-0.666464287504563
-0.713044896333119
-0.686819696249854
-0.773272250576765
-0.79029650166985
-0.689410632494824
-0.806372271538388
-0.613478816840614
-0.541973965840774
-0.675721938679444
-0.54170782165907
-0.64225866409671
-0.635319106288562
-0.644707585423457
-0.599574857415298
-0.627985998437759
-0.66490974820471
-0.521415410174714
-0.566258161346565
-0.541167408185356
-0.730904539769493
-0.69329535678549
-0.693894285972132
-0.631683439187232
-0.622619800189779
-0.56365843607895
-0.611637796038254
-0.64872362470914
-0.689846250224235
-0.562004153939895
-0.678757094072735
-0.616552099481562
-0.584548272599985
-0.60263032431468
-0.461850631111862
-0.59125135261227
-0.62990004746912
-0.60486895434096
-0.622898516542707
-0.680930986391275
-0.551324399388995
-0.551523975409723
-0.620007215926297
-0.659265728736922
-0.595801663856397
-0.504699020099769
-0.641221487418404
-0.561329371129146
-0.578161305900816
-0.436764806643398
-0.544185457068521
-0.60550563097758
-0.516680075020542
-0.462057323311793
-0.490219167995824
-0.562544035107613
-0.497504282765838
-0.36251417257821
-0.537620867486161
-0.563219462784854
-0.471364087871097
-0.576877031768381
-0.550091933052378
-0.70383203315377
-0.544616939367365
-0.586980415672884
-0.422972975736058
-0.457719008688073
-0.674663398614903
-0.456334202356006
-0.559956585800047
-0.544105755597821
-0.604632810252237
-0.434452573093534
-0.545194019072837
-0.529502964040962
-0.530578173331711
-0.371488284336731
-0.452387999279704
-0.555027790833131
-0.514385491275113
-0.47435177208499
-0.545030512540923
-0.666876746261099
-0.584126842212581
-0.422674737713851
-0.70816424788146
-0.3145966925528
-0.571315422124444
-0.484189546315543
-0.555247745761196
-0.394691534285123
-0.645206900700929
-0.331723845447946
-0.716695644193917
-0.602120289235478
-0.452532078680859
-0.501843677761782
-0.536127429403015
-0.484033852282247
-0.486047290138586
-0.403890871774522
-0.508239377440635
-0.475079428435557
-0.291213343114798
-0.509849729146004
-0.609464426482242
-0.448638631910363
-0.406771025913495
-0.495000593406568
-0.474157246156011
-0.318095093573158
-0.362271006981171
-0.549716845052553
-0.555053640094979
-0.34282612559703
-0.363983152867167
-0.372816029115093
-0.407656664795392
-0.596301864978073
-0.514788488463423
-0.5477136390244
-0.295290329914919
-0.546388712040538
-0.368499308336068
-0.346113968038105
-0.324250936667769
-0.330857075723623
-0.635492184246422
-0.361942985488627
-0.541875067961733
-0.674129362338989
-0.302404589687736
-0.572985773853077
-0.469560187022692
-0.427374483973506
-0.400870048583493
-0.40056546442012
-0.434522678024096
-0.399923052888569
-0.303677572810848
-0.322071403855803
-0.515626190383162
-0.429998638049498
-0.493259179996953
-0.505308170517953
-0.388011792071971
-0.364431058487141
-0.323431658767352
-0.466235554551041
-0.317932180676746
-0.422380641708833
-0.386318453774098
-0.372317597114873
-0.41862658251031
-0.312060823113219
-0.478619350856671
-0.236691944514046
-0.227783148746873
-0.333204425738035
-0.463144638748183
-0.3296098775556
-0.460854087755629
-0.412237897847554
-0.350512320128407
-0.485637928655544
-0.310235452155542
-0.232151683197549
-0.312226907181129
-0.406885058376298
-0.317794891014212
-0.343343100412868
-0.350867811740004
-0.315273188169404
-0.120145352922537
-0.388783867650713
-0.294714343203337
-0.311984186542968
-0.41673386563499
-0.552940129928063
-0.329853112946132
-0.446920836297794
-0.164863675681646
-0.323153740027401
-0.348727456366763
-0.211916197990003
-0.127542704426176
-0.354360388815792
-0.142731562156135
-0.405600057708915
-0.293992680110266
-0.294980314667438
-0.403650065471071
-0.109051759752001
-0.21051910405035
-0.349562564627184
-0.333376792785327
-0.323293413735323
-0.356319523644664
-0.314434066551587
-0.334253400485474
-0.274073351506144
-0.417850813084596
0.0125367198085162
-0.395969955411149
-0.194565776609814
-0.34410526168382
-0.284851289319769
-0.0974277208363497
-0.361932450213435
-0.291594627044034
-0.279662630606981
-0.103482612949183
-0.196256426381784
-0.138563816303044
-0.201051502573227
-0.174417030013819
-0.199605580152958
-0.239459058014885
-0.250093631218737
-0.441116021289493
-0.223142687973917
-0.297453102983078
-0.187568667024026
-0.0691101983745473
-0.344661205117695
-0.199142472496272
-0.335514664006568
-0.260495569400359
-0.283358196004099
-0.304334183832489
-0.260598189393231
-0.0750696091312594
-0.0901307224072494
-0.185239974942408
-0.273719168298722
-0.17333741301748
-0.275718220030931
-0.329067959727936
-0.183158593511287
-0.263913905998853
-0.176775540192592
-0.272208664920754
-0.111030540170681
-0.356633937980062
-0.199055367952869
-0.220601539431185
-0.263009406932123
-0.155183691618006
-0.183586197711409
-0.137837595650287
-0.149330356722355
-0.0966087517646394
-0.0224734610222778
-0.167726351737242
-0.130997304148859
-0.0257644713925777
-0.224778921572461
-0.232198969938086
-0.188238335283968
-0.180204682108019
-0.0704326627032788
-0.236960684675213
-0.14504491652504
-0.0938582010132921
-0.249531251509607
-0.196472897495403
-0.0699915362997546
-0.0506080780193633
-0.136204566930554
-0.141422004128292
-0.143298579669222
-0.164376109723176
-0.283002436438599
-0.0940321123468891
-0.0773241180281303
-0.168338392785325
-0.229536832833927
0.0136140637332168
-0.194318321145826
-0.169875637722432
-0.101523506612038
-0.092200174883138
-0.014459870578325
0.000484028979316818
-0.146858856295437
-0.188456403772814
0.200201360031516
0.00957809931049609
-0.0402571984585746
-0.28822046739369
-0.215551735319625
-0.261932410160902
-0.119250434766474
-0.160764776932648
-0.0777903401923437
-0.146665024226198
-0.0569972018725263
-0.10232160148058
-0.127807786930966
-0.128759713233689
-0.0546409771911295
-0.0357651290943805
-0.138006101941063
-0.136740061472227
-0.119173558733851
-0.0456625695815522
0.00179408201845931
-0.0700716043436913
-0.00137562644153687
-0.101066437786865
-0.0241158129429573
-0.0633556068842637
-0.152705411604509
0.039814692967148
-0.0640435143756892
-0.103096475416391
-0.0478558915598254
-0.0394119237493056
0.0360366669892236
-0.121319231219175
0.0573457681932673
0.155167261865005
-0.110174112129115
0.0993298301612497
-0.0524335056563078
-0.015493944201668
-0.0601546556280437
-0.0158815053898902
-0.0495721510919823
-0.137532629458278
-0.0128664610401887
-0.0796858276096943
-0.0349491273027483
-0.0247933986039797
0.0939096458453632
0.0628490845889475
-0.00740065349261954
-0.100048977404105
-0.0160753803528638
-0.0920150586207252
0.0280433547296938
0.130661234661362
-0.00634242032023658
-0.00857206455682535
-0.113086634836028
0.18532678566456
-0.105334047969078
-0.185096505680031
0.0833700806736097
0.0139532495167262
0.0498231545888929
0.0929506850752365
0.0316128969890736
-0.0098290502913956
0.04121228724372
0.0481810694606614
0.094867992083309
0.0986527141193341
0.0959343790076938
0.0343035528502564
0.0640493704996219
0.0845512208347035
-0.113922357771354
0.190008503095353
0.0657433826852629
0.0436506829123786
0.146349857956888
0.101015972729504
0.0590637507920664
0.00689051200860718
0.100146324002157
0.114837664141116
0.110053087613549
0.0747601577870753
0.209065171070468
0.0156378785312778
0.040189636560005
0.0219991942623742
0.118270618742141
0.145707455021962
0.125123769712224
0.273937536037798
0.120765282485913
0.0222026555611444
0.0854705175014302
0.14186938689151
0.0894548995765161
0.0386509666043267
0.0203060391953444
0.04067867534902
0.133585036179207
-0.0193595519669252
0.0887126878561743
0.00302054015762836
0.193289553666177
-0.0444265186117106
0.156893043267791
0.155122173842238
0.0998724804237292
0.27326031269508
0.287954741232737
0.232200272167095
0.133153754326275
0.123811546438193
0.0574041682072724
0.212872576020947
0.0556986014162054
0.0567514981247298
0.182609012317419
0.0347622509829695
0.165330596506667
0.142613179788229
0.0608705060988539
0.143692728402673
0.158871936952441
0.0796766040566448
0.251537537121004
0.274744131518368
0.117025171418593
0.124478205324524
0.0960940531073628
0.0925911809744222
0.197167241812435
0.185987081002966
0.148264150835401
0.232914165410255
0.0635277275935033
0.358599380930263
0.223988470699487
0.122760961054186
0.187407247257286
0.129955304461899
0.190846814356237
0.287720877423843
0.0502589778045814
0.261841796263573
0.17875642898007
0.0408538088972168
0.168826574158114
0.112668694482589
0.249607852195048
0.132622163498807
0.291696572671256
0.25476943213347
0.116961743231447
0.421896022570206
0.291280192164875
0.0861987595814036
0.183339834886375
0.107561049661957
0.239502660600686
0.276323865737721
0.232262103597877
0.318590768819901
0.324626457256558
0.256340656997768
0.280645417862185
0.304996281847232
0.263659118680368
0.142890187438053
0.170997223106298
0.231779090811283
0.17121984426162
0.316013680609136
0.264010887083472
0.337117149481085
0.264673781281697
0.27460113526408
0.242378945841187
0.340596378974418
0.291781026435336
0.311258594682621
0.290771915273937
0.302943425852375
0.303598984875184
0.23499416894315
0.317364854083949
0.350309062961378
0.275913643276524
0.213649715168989
0.268627598067892
0.344586712383358
0.38573658082166
0.439128588853527
0.281297227747362
0.253858368940807
0.307242465701796
0.375734228568436
0.320900317111288
0.162240583756866
0.348768211754388
0.197169466357002
0.27893807234274
0.270143236101962
0.235272856341483
0.382309299427429
0.36459672372403
0.447767224765414
0.228092068247472
0.328287303137381
0.286545483773488
0.314407244460477
0.273177728063478
0.247069358582017
0.225881772679731
0.392335743817328
0.413181049003017
0.216277745946931
0.34076803260456
0.23208722995515
0.246436883167308
0.212959341480185
0.266286495079331
0.415326985930288
0.367949424556991
0.341848094629299
0.302347045603015
0.261330537171704
0.460205689031902
0.440432516702279
0.562251489217617
0.521848815300494
0.300409397004661
0.394535269290279
0.466717286348292
0.347545167848827
0.426096341436082
0.523878808192096
0.298870626919751
0.347999563218497
0.458030369067285
0.351397068392016
0.364498903724469
0.504505158502525
0.392476649116124
0.291722224858434
0.24030111065139
0.437489978685283
0.295079009138933
0.279024025725129
0.37614532789357
0.341121035412934
0.435712852281031
0.435588821838877
0.323255890837703
0.413854565558342
0.247587218261431
0.405726743263215
0.343479063125792
0.566500806642795
0.434103150890842
0.509675247670193
0.39980274564421
0.36591452038227
0.256739442403938
0.432587676681755
0.531509665190008
0.383818790688485
0.352998406774394
0.454883124243689
0.46246322012423
0.451923485376778
0.371367765934805
0.495169596495329
0.5095496074001
0.482256441432224
0.298243982052413
0.439939947994536
0.398225274883291
0.574060686455587
0.544793518321519
0.402810445954836
0.414585948078333
0.463511910534751
0.434767353480909
0.494223227191651
0.38156153259041
0.466672474201244
0.479507380256654
0.577178551979548
0.513352634524619
0.605474801579538
0.42818103556845
0.569246982205566
0.524070134181983
0.540179828090055
0.498818036033901
0.62899682480707
0.542418065176515
0.504280183220569
0.373390790623808
0.350784296754264
0.481103496308113
0.400738319722549
0.588257340291199
0.425808828412157
0.591043290215181
0.520860747190494
0.467556159712219
0.700098329449912
0.623178846165657
0.63892596422865
0.477002766046064
0.53033741935666
0.439151533806502
0.56220352702979
0.533665382893727
0.514175967257927
0.647319882567059
0.599485664121986
0.532190764606524
0.494866895847794
0.654411963807954
0.60925713980491
0.542070301413398
0.503824517000779
0.626366766807199
0.597620906218694
0.624156210536415
0.374375730229767
0.501438961774146
0.696316713753275
0.528479972895623
0.658307422672911
0.587755739411556
0.623689828336477
0.596966042859935
0.693161964692983
0.601290274417345
0.624429973033564
0.694808879473676
0.538750801475325
0.546125896636708
0.573397814032703
0.510845190007548
0.535618667926205
0.531510686239017
0.622486125765838
0.647478113745363
0.479972801849823
0.605991647578367
0.482404058346025
0.686144207638292
0.638586830450967
0.532345212167124
0.588656903695146
0.489194523110991
0.548631087360091
0.640245037051636
0.629921013195898
0.567677756505253
0.64491303830319
0.556012069880704
0.711858130697961
0.748405728301782
0.436639358990529
0.501625010767119
0.566482495336811
0.648910165292163
0.638903790078505
0.565237803969155
0.579262265996218
0.636174106843994
0.629843097221302
0.682800753266053
0.73492197618314
0.590711700351528
0.761661128583833
0.486266633571129
0.609983493133872
0.716837348005394
0.696065249907528
0.627947652785236
0.548679124074468
0.763589896842757
0.830539998872327
0.585381599757682
0.834772161921455
0.775149982478924
0.614224688190424
0.710758063078898
0.828234558880179
0.742632041204923
0.617252165041802
0.651187332771678
0.670837229037631
0.666950120565032
0.657952945002447
0.581487723573786
0.718020866606669
0.526491485684771
0.764490534276173
0.835994072651048
0.670101251515993
0.594510597044556
0.660411398849352
0.706472465524731
0.654320732276571
0.659587247074833
0.633992837788012
0.676420154648841
0.606300489057407
0.771781287233393
0.703333595550486
0.683075921857052
0.691901214953236
0.5905694428479
0.551560119515741
0.712067551795325
0.818669491327509
0.795633445380158
0.748837819004442
0.636236207157065
0.794276593495961
0.514756095314482
0.873309304527612
0.751535044437003
0.779094641955694
0.652368438055044
0.623674070689969
0.60934600332576
0.850749272231407
0.643017651789544
0.860573880485791
0.7830915358206
0.732586222958448
0.779078311523785
0.667074098422455
0.747176560781368
0.786161808604941
0.705016826964651
0.691563672173697
0.798770655272913
0.756458949961065
0.735804258948252
0.799379132208626
0.826452688163086
0.808849890183687
0.91065109550915
0.801608523365754
0.854623796674327
0.880458493091234
0.834413760879445
0.802534155273351
0.761468647141129
0.637483039406204
0.918120026652797
0.857920383003428
0.8870810744023
1.0618624106165
0.908768115889761
0.846924264724135
0.777804705830062
0.84070842925581
0.930176055977392
0.75348476928743
0.785021359669529
0.855275897835175
0.99032467375073
0.836074129859268
0.844007360988697
0.747844253005205
0.855324064370831
0.876525989151904
0.857301677646099
0.892081515179154
0.734873758158698
0.721776591033517
0.865809760667207
0.871768018108581
0.968519513582175
0.815440213117135
0.936710197915051
0.868307437859728
0.913026362270265
0.80467565149638
0.99127091536265
0.847569666268835
1.04216204187112
0.765362195131749
0.816307470008642
1.02027999052411
0.834430761836695
1.00368123174475
0.915156758510843
0.849748865598693
0.802279891090444
0.954271527417186
1.05264955074247
0.768760650758528
0.937049693393691
0.861589163426238
0.827896453482242
0.975554947249714
0.982836856560723
0.933422968087097
0.871497681877777
0.884500407755834
1.03011071677379
0.845367524724903
0.843166753071728
0.924732627757298
0.934353130061361
0.832256918741559
0.945980490270082
1.03266024875045
0.957320401327343
1.04392996605912
0.894149276391001
0.83715694911081
0.824548787506198
1.02672005415861
0.980540516849443
0.836153305916222
0.941507544333725
0.941234458908903
0.907612560221346
0.926684100260013
0.93225920438378
0.912893643942631
1.08237822575266
1.06461622296228
0.899079234669303
1.00093464846095
1.02223771691074
0.907037035940695
1.10787018960639
0.9957988203147
1.0551250938294
0.988886946186212
1.05148459273858
1.06048464900389
0.908469984719779
0.950699289792725
1.03086909222207
1.03505111184652
0.946793516090826
1.06083283647247
0.971116865720849
0.878994839292994
