"x"
-0.95134262021343
-0.837252667983601
-1.08198188416396
-0.869309252250189
-0.872903065715182
-1.04675436728769
-1.10817926097164
-0.924519478954831
-0.945469302596344
-0.927974344598494
-0.990121514766465
-0.982505862875879
-0.959816353857111
-1.17978246635005
-1.04414227388498
-1.0054557284119
-0.990580225245036
-1.01564215558455
-1.04691558579377
-1.03629690435692
-0.982528684901596
-0.84498266168831
-0.989019267656408
-0.857138258874352
-1.01180791318651
-0.93985077469399
-1.0722150437892
-1.02907376959806
-0.971948976506508
-0.90346872875274
-0.939809962256118
-0.825013211977799
-0.849637312804664
-0.87557426658012
-0.791651974162337
-0.860646691829104
-0.729784007680509
-0.98980200477557
-0.892308665556419
-0.876325384772329
-0.90027708393639
-0.856606275244061
-0.889913691875107
-0.883261224169955
-0.853114974533329
-0.835059076880829
-0.921296716011637
-0.942736549090985
-1.02418159821713
-0.764322310147451
-0.867544321003771
-0.879698151866885
-0.726226664841485
-0.843879091202564
-0.838428887649704
-0.991274366503225
-0.886530086283415
-0.967307049113779
-0.820293799456878
-0.885491807091991
-0.790266822956255
-0.917080431388294
-0.808652825246094
-0.934854598768955
-0.948930208245066
-0.925299842112978
-0.818826738571588
-0.907810982064575
-0.884412809570755
-0.897420906641829
-0.779154742455723
-0.811300663152658
-0.95672893393328
-0.810389766032844
-0.736293466881446
-0.839126968551559
-0.813485719592763
-0.764495946427161
-0.714238928526379
-0.86852381245201
-0.823427255196852
-0.706451302790903
-0.927441773266318
-0.772207911144767
-0.819210067238012
-0.891367264625654
-0.868168338433567
-0.862607786717715
-0.830099207366282
-0.84486808016995
-0.720175516945289
-0.886693642805396
-0.894477050304976
-0.718311727168761
-0.889354872372598
-0.769719737727251
-0.744549527897669
-0.682789294494115
-0.764118471586716
-0.881091611068338
-0.823488329194373
-1.06118231516084
-0.731033220954656
-0.774210757777567
-0.544015263105959
-0.760846279793181
-0.847723838446166
-0.816577047055591
-0.749471569315822
-0.811316555004548
-0.724522081353604
-0.791723117007365
-0.807517767480573
-0.695147734243626
-0.815705008439233
-0.811885962693519
-0.725649910702441
-0.797742467805405
-0.65231868675707
-0.849457015547416
-0.599523338312012
-0.846199703626704
-0.87722368289015
-0.691719046934004
-0.878275147353956
-0.740166261634274
-0.804759072960465
-0.591119665535131
-0.872424972239757
-0.666633622074797
-0.698791835252002
-0.698223258320274
-0.697564204687232
-0.663411304347372
-0.715180987110345
-0.680873510941846
-0.734568583896433
-0.794983219262564
-0.709350811896189
-0.850718968488607
-0.786158262717904
-0.781332742838447
-0.691239701068307
-0.815584179735384
-0.708406702260598
-0.42717426454702
-0.672925973369025
-0.749736409920401
-0.769685702476077
-0.666736454050251
-0.757462783907694
-0.623286515280179
-0.756544780097259
-0.68613952118291
-0.747845462583751
-0.671148597400081
-0.745784641077949
-0.700663335182524
-0.799700857988948
-0.762196925178292
-0.77914141984144
-0.735897507005197
-0.601801471302468
-0.6485881101526
-0.579076948361515
-0.763877739079227
-0.611685589277257
-0.678666839914227
-0.649272649663476
-0.655066776710597
-0.63815196556546
-0.698653871881143
-0.66887428663899
-0.745119289227418
-0.721642036228054
-0.641053472766077
-0.670013936587851
-0.597957411025232
-0.74996230749599
-0.674091122501305
-0.79022259151033
-0.63527269769356
-0.710029832920055
-0.538983924897314
-0.682067147206218
-0.655873724245419
-0.584506418718585
-0.53737721955795
-0.663657284279988
-0.565758901767033
-0.583040508925967
-0.49093830184718
-0.631193528845847
-0.443455418924138
-0.709015543892099
-0.547164251161461
-0.605692029882814
-0.70745026201406
-0.524601257639223
-0.524546815533233
-0.563470695208806
-0.557737611664574
-0.680297241533697
-0.610309936033245
-0.624934002324531
-0.671309815914534
-0.519738948134723
-0.673715493255497
-0.705689834171927
-0.564165372493795
-0.573118704848651
-0.576002681793048
-0.45001507810918
-0.510222834600951
-0.574108205118736
-0.445871089417161
-0.635745925427667
-0.500896292489618
-0.604203645185204
-0.490344030632462
-0.66162676517706
-0.576964937652839
-0.665928000447315
-0.453855554359204
-0.527414962830195
-0.58133264187774
-0.600445760718609
-0.520238006063641
-0.619876803896262
-0.559316614372575
-0.583458829465614
-0.495561817971221
-0.377790047496826
-0.519897763836496
-0.537603249327069
-0.522636506961389
-0.422485563556459
-0.491036714112481
-0.515969396884132
-0.450706333378023
-0.481034062490301
-0.567027695521806
-0.494798158724063
-0.637663160009958
-0.533879274083396
-0.502764941161805
-0.563718586407632
-0.484892550539185
-0.570361321815207
-0.441036320125814
-0.559199440644658
-0.454352772276508
-0.438690106365304
-0.35042904720348
-0.583608219448698
-0.395033844503471
-0.514986701974639
-0.557275435547834
-0.45638480294672
-0.433148431844611
-0.515000888698611
-0.505612360572655
-0.329745959102007
-0.65819121124276
-0.567712936484976
-0.46351940591
-0.553474567509816
-0.397578970007145
-0.513832268638115
-0.372906459517437
-0.410732161777875
-0.523880805970915
-0.55147543687194
-0.351680771597075
-0.401199589237711
-0.518022999591278
-0.45448358713584
-0.408840349816071
-0.328525081451275
-0.494381947900576
-0.407367445666798
-0.284497343067002
-0.417649458151008
-0.407456080333594
-0.431647805415414
-0.424738524179337
-0.474463357596408
-0.492207450234614
-0.499860369569063
-0.389182566580447
-0.551683340524714
-0.407671042874439
-0.290812170773928
-0.518786739232145
-0.463964623308264
-0.409539625632587
-0.514436396950273
-0.290009556968223
-0.470269921659727
-0.41944145425943
-0.436627624985419
-0.485827681016037
-0.474318610650798
-0.321543805347892
-0.45070157456894
-0.406187721534392
-0.481810209208974
-0.442102070489477
-0.388997249609315
-0.534607872154867
-0.44164078574852
-0.373334634583553
-0.470656780274479
-0.40872226867933
-0.611098476959456
-0.326499282610443
-0.23994226742007
-0.305754375052837
-0.351104423860163
-0.47019036943615
-0.334608768855428
-0.337364881142315
-0.433173094713908
-0.251445242642184
-0.415868249492963
-0.352572665033047
-0.455548628708357
-0.343096464970755
-0.21139421101461
-0.270693717529802
-0.336122130734349
-0.366372953738155
-0.343286800832284
-0.411204804126322
-0.267815207862152
-0.385336295922046
-0.32829146945629
-0.272011873844862
-0.367772553721551
-0.322777511605545
-0.300942517362493
-0.381453646553968
-0.257152490552221
-0.185345531814117
-0.272997233240899
-0.373384434636245
-0.178701567065028
-0.268353440946609
-0.427331454287602
-0.331348523417924
-0.273955209165966
-0.325948479752166
-0.370256584738831
-0.343722797034504
-0.172461992208567
-0.198573130856088
-0.153706866386263
-0.143368444754446
-0.21326724147241
-0.468416348164603
-0.329211893507684
-0.179873540628041
-0.290314898295938
-0.296433512769653
-0.27014994378019
-0.278900208393651
-0.299878860559569
-0.0995780104012985
-0.187739895053246
-0.192906163164572
-0.411012859388002
-0.271058554497042
-0.115531929300334
-0.256780223643127
-0.373897810107136
-0.236669032575603
-0.429790292978901
-0.195048826985717
-0.254715515795606
-0.108592790527517
-0.108544562741976
-0.179529168529814
-0.226803473655207
-0.215213293745292
-0.250836731692347
-0.318760618518623
-0.211829153231384
-0.138300512418636
-0.104529613373833
-0.274644586378757
-0.176040372570433
-0.206711171910053
0.0114981572744799
-0.311076986248922
-0.120781255518314
-0.273097003193459
-0.0945210382527552
-0.10420442369877
-0.19352100208378
-0.0648281631036675
-0.220741909883209
-0.315040564341956
-0.26872181287982
-0.107401715153517
-0.15918338139549
-0.109764037526445
-0.133122202570012
-0.11579992363522
-0.328410993802433
-0.228061829730653
-0.269998188652644
-0.250316050789082
-0.0545155656013648
-0.108005272449149
-0.229778192076404
-0.0946552519049298
-0.158193640009363
-0.0839323820290746
-0.225192189983903
-0.173066969330393
-0.202448303319994
-0.315090883600829
-0.232273432108921
-0.186343114332885
-0.285895522748305
-0.10135251411239
-0.0857879652579289
-0.122822280166863
-0.0376123203911482
-0.124245941188486
-0.189194145756723
-0.086266609388973
-0.150777915610573
-0.0488796304011615
-0.188986015624817
-0.10317699361422
-0.0362058328885385
-0.183337608052254
-0.146007113527012
-0.0786963521024587
-0.1158697276916
-0.107308992035343
-0.12181552484366
-0.0443450945133258
-0.0512469889593852
-0.0820031263927441
-0.215225448696692
-0.0253296140404612
-0.0559715017535122
0.0136151513369991
-0.130768234390279
-0.0478613990955874
-0.0905815757335794
-0.0961252414125171
-0.122230038108617
-0.140637939010223
-0.189777179158296
0.0750786337652926
-0.022331102447571
-0.0145119101209955
-0.138768067892139
-0.00504032009062557
0.101762386117468
-0.0312200775115519
-0.0711980630736365
0.0326249497615713
0.0506248129891236
-0.103084639004243
-0.15731708979304
-0.0527533444852503
-0.202069745345374
-0.022570173392257
-0.10796736438911
-0.0114171820236466
-0.00902294936995548
-0.0581981747451631
-0.0375520133902095
0.108108047005059
0.0542835098589337
-0.0962540213509361
-0.0643028763403032
-0.0399049429404694
-0.104343017712178
0.00635337402511279
-0.0985762917344081
-0.0883331900461048
-0.00981943956210131
-0.13495086680571
-0.0772184060936411
-0.15558168523597
0.00339177748986429
-0.0627894779267843
-0.020594469058729
0.00863757238647783
0.0901851229442815
-0.0649564850101354
-0.00960870897741554
0.0192307968242054
-0.0404258791612697
0.034238293518039
-0.0952028189103532
-0.045829314168466
0.0203045171741419
-0.0262922714300435
0.0308222944805154
0.0438611945999322
-0.0476240344079856
0.0262927692560098
0.250269745808513
0.06895302327544
0.00213015199534575
0.0810077562475292
0.0397246506425635
0.047222153820495
-0.0678035868000054
0.0996058512673023
-0.0357065314694337
0.0543557561831769
-0.0646547173983231
-0.0841357213658082
-0.0348868479936957
0.105597183187504
0.296106018643252
0.0175473940683755
0.0915776086089401
0.0395071354751426
0.0644999614628723
0.166505059941296
0.0968717686181984
0.0387389591348907
-0.0121052378013431
0.168346223292227
0.0150557163027073
0.185978975054384
0.0647706980599902
0.213038506234996
0.204814840717069
0.0807467489441164
0.0746758848444297
0.101025772791195
0.0810747588713719
0.0316068566007021
0.1489128075628
0.158726177247227
0.16111228789052
0.0582549462491739
0.0906557765964762
0.0313353072192888
-0.0810724574325754
0.0720446027397258
0.132721841663838
0.0756337432224275
0.127265729950197
0.220390368035981
0.151056361454183
0.0807182079445075
0.1290159863378
0.0803216652127866
-0.0229631509076123
0.155268937066493
0.127007663686481
0.17432264911242
0.034858921055163
0.183286387024897
0.329928100436237
0.0669477952888002
0.132341407526812
0.0108806232781041
0.0851126092083286
0.150236547363475
0.134356564140887
0.151695060356161
0.276693318737173
0.0647097197644596
0.173810070484891
0.188783357340413
0.220540115483896
0.131363480065221
0.112115437847082
0.29389041440074
0.0583795795280381
0.225304955972814
0.202410987242656
0.110162987913131
0.176739491441928
0.31423199248463
0.234324580693206
0.209465183229646
0.116745818086238
0.17125022200849
0.0618197707394193
0.144790546588433
0.141454631249879
0.214864246115053
0.23137217214843
0.212828179126043
0.15415164277061
0.268624109144342
0.259262928147784
0.224603109935678
0.263678767328375
0.211296068988748
0.1819253379175
0.162194515370868
0.238005352543796
0.187205141985288
0.213653864611249
0.279263901747877
0.179368521582899
0.110715483727687
0.221502619912378
0.16022224028515
0.215901888895296
0.200226456869725
0.273223946451129
0.178442154994359
0.21755752084201
0.141917399432686
0.164110882757642
0.257522333817944
0.18550736443116
0.237058459149056
0.294064599542893
0.401006017824512
0.464816715100463
0.25868009598266
0.201250408212323
0.216168667566358
0.234239215474589
0.223603741900666
0.198605410544662
0.166452914636219
0.315497881861539
0.126339097770041
0.355370566219223
0.410611756887447
0.193632197122425
0.260043886748251
0.15316555280644
0.382647212319719
0.267824739670897
0.178842409433847
0.290158978192835
0.30662855946033
0.128503853845074
0.291306702983132
0.326376155148859
0.389610897085822
0.165346350918548
0.313296911298711
0.427845910216288
0.281419227573476
0.253733984850629
0.347848657869914
0.140349317462756
0.417606654057991
0.375108752930713
0.349000084425918
0.502182274558713
0.413002753554086
0.288558545273775
0.323024716532708
0.334594214337965
0.198396478426123
0.382817996892677
0.233627114855526
0.258327959044955
0.366678341586597
0.314019600682214
0.253617916415365
0.416213086939045
0.564044802803729
0.468199617892673
0.27735238249283
0.224504975832693
0.443852554822181
0.37572350123048
0.373007144540317
0.33704545717296
0.417035140345879
0.402372633595072
0.410941724828248
0.34216970425393
0.231790347609159
0.374492566813375
0.394616184583381
0.35842441066105
0.313195367377486
0.41840758099902
0.373348491738151
0.417276770676967
0.349994192354152
0.455016493074123
0.282431277693635
0.363544013678366
0.256364269753444
0.202634925067254
0.461098944397175
0.433981818111882
0.387152949730424
0.313047350467477
0.422525093635517
0.463318678001176
0.521641061881269
0.422011371185971
0.362218341506358
0.436573566807406
0.415781763607975
0.471226470533047
0.45207904022508
0.355073068121781
0.605464935346603
0.437352868017038
0.565094771817262
0.508468533945233
0.498538118549349
0.529426027864615
0.448425502607323
0.447568944192535
0.529624137288104
0.516680267469336
0.41785265872561
0.526892418948
0.448313726588593
0.479958604654112
0.437892587999383
0.41532633431466
0.301945052895811
0.327584676451085
0.416953451564606
0.402882079268509
0.453574314994533
0.414557293765398
0.502866098324367
0.439959271702568
0.479195761951551
0.459648043137695
0.472899487262227
0.517161336717754
0.531838089143687
0.382064883868061
0.580003150409132
0.509945420686834
0.387088375514218
0.414821895948558
0.37940144433301
0.516885245167244
0.35192225025785
0.572506745746951
0.567235009070679
0.432269544505987
0.490408743265111
0.610009250221109
0.556191518528909
0.54912793229033
0.581598392320807
0.417661052619585
0.421122611668112
0.53028873009608
0.549805567709817
0.4169810590719
0.374826629298369
0.634636596486443
0.538807581668816
0.534028419701539
0.570174349282762
0.546358293500474
0.528970871921377
0.502526266763925
0.591548872227546
0.456484718430518
0.591628871233158
0.56317245857709
0.435693050070028
0.652733877665666
0.584740973825505
0.649169148083509
0.481873645795874
0.487233031272153
0.454457584417679
0.656220836643316
0.514674799930374
0.60356763174372
0.623301833345048
0.541199528878563
0.631315282866244
0.619711186955386
0.614151502591241
0.684112206918738
0.60556333718241
0.695525560366978
0.508182765583447
0.576874419402755
0.370163720714854
0.532083561045492
0.503530214425231
0.555951528226963
0.626076629827627
0.585921034817087
0.679523088371766
0.515928375439488
0.488963266836873
0.61559132818926
0.763724114382637
0.68731957739297
0.629995580356953
0.46755807006457
0.604554796403062
0.615674268587832
0.584607914779928
0.698593897308327
0.638673057207077
0.487144024611249
0.620594309186609
0.65729092584585
0.57428197447265
0.69943614511895
0.773837227862732
0.463786345034512
0.776808846429092
0.542009031188965
0.753332334185261
0.439550361133068
0.582286956510097
0.70774039930543
0.648545894787447
0.515867708420829
0.653129983369461
0.551780420430568
0.723068331939951
0.702905347497021
0.687474507905029
0.574993988548521
0.798633803273439
0.728273742797268
0.517088002184266
0.664354570152942
0.797997358676074
0.777750299710834
0.646804273337817
0.833255140138054
0.578764675211068
0.656031703238944
0.75825395530515
0.603038229681763
0.660054223982869
0.757133514385755
0.663795872008875
0.744139877535316
0.646233383127571
0.641837553676083
0.756951932362199
0.599984997831387
0.754876633353287
0.626963858298003
0.791214811047091
0.687569613931506
0.772272787721137
0.545877842680264
0.846257016679545
0.733589004079826
0.751764175059323
0.71960425839198
0.749746042419351
0.648230416704352
0.708623315216558
0.801994175267443
0.78036559946902
0.728261689361535
0.670123381504834
0.560830908322119
0.552925766733963
0.80465358192723
0.779453721936743
0.697884557442767
0.774347558200825
0.711365527506381
0.685606997926903
0.827622567323537
0.876761449126231
0.701457373308121
0.760329454110799
0.75766735431548
0.688564785644746
0.796915125524633
0.810739083799914
0.852842885210804
0.851711450889683
0.795865968240859
0.775148905750823
0.594492327677353
0.822403877796816
0.531017787662141
0.880441675719024
0.832661431217782
0.869065260787866
0.791005745816139
0.687653372295285
0.797796135981511
0.782101099576479
0.73316849059615
0.770649906487213
0.843546727529335
0.783046652699505
0.747637211900995
0.654915333482762
0.984278855755115
0.729665613111617
0.826215236664217
0.72376565795711
0.80520416784985
0.84756375712245
0.97610923125928
0.863111979381938
0.745869261187688
0.882675603135306
0.72667952166314
0.740929195934814
0.82883729214436
0.80882389590178
0.767830069652486
0.862021949136407
0.791521594273057
0.939969504224199
0.775103490761101
0.955024418326117
0.911065320707274
0.706011808691097
1.00713722957685
0.808796800684108
0.888920446877317
0.791504965030898
0.824766387976256
0.934965571712807
0.814560695177947
0.838988499809847
0.88893844338098
0.842560774882556
0.912811865097168
0.907712567642873
0.895388336634238
0.929149847350924
0.855936074035394
0.863537413971492
0.852056940581355
0.905383754585029
0.831255848230456
0.725003260431718
0.900975608451601
0.902935953621951
0.972030309556818
0.714495965310286
0.853193304472549
0.910492477417525
0.79906026337768
0.753892471398885
0.757147934679787
0.801186225527492
0.857281682264196
0.821165079179499
0.872233820172932
0.893958268029461
0.967909052607874
0.994933289931664
0.97731724987106
0.765139954783588
1.0120001641038
1.0053019922001
0.963791780318917
0.915900936874366
1.05286479058114
0.940531683285788
0.880426291080511
0.988192507619831
0.921361448808993
1.10453524972836
1.02564808873406
1.00900194471084
0.799094509770833
0.916861217063185
1.00515438442338
1.07815134570501
0.971979475521035
0.984311987636823
0.91008135243982
0.936980597308766
1.05802513234106
1.06838749743979
0.990546594223664
1.00241415297839
1.05164421267743
1.11726684264543
1.06702348997589
1.05721263032811
0.945916033373892
1.03954201797442
1.03613518682449
1.00184640348653
0.904811407905661
0.990898190917467
