"x"
-0.968385780498148
-1.02010923345404
-1.13922116961477
-1.09423588038075
-1.05556667332879
-1.01503718730872
-0.93216395691527
-0.899680130183332
-1.03341120923952
-0.953876714170349
-0.943333102473283
-1.10647007737631
-0.948479017115839
-0.849873900536762
-0.797258510060661
-1.03499012331395
-1.07642511263771
-0.904133045298411
-0.989867251168856
-0.815544962744533
-0.825091078927374
-0.890157086584968
-0.937361187820777
-0.970367122675976
-0.842908668780693
-1.09874385108644
-0.977678058892902
-1.11737388124661
-0.945979557507312
-1.0462061680236
-0.915639004509167
-0.874858729514143
-0.953491729633283
-0.992178201952096
-0.899088150242365
-1.001798326626
-0.896851599225309
-1.05099488261664
-0.853197435313383
-0.924115173526052
-0.963613216399669
-1.05300664325147
-0.972262860498855
-0.971035599896755
-0.915729284791493
-0.935701678027772
-0.894042807065218
-0.674607788451507
-0.868799578906809
-0.950370123862349
-1.00040208685897
-0.887865654657817
-0.820200819133967
-0.806380823046423
-0.904888469681734
-0.926884479807651
-0.834001345800726
-0.886256596096412
-0.884220026287902
-0.782884844245646
-0.879369140357144
-1.01543662719536
-0.894488827958712
-0.825374267738211
-0.89967655077881
-0.87911657117048
-0.793088070881888
-0.8907367736105
-0.850577825385309
-0.946388572484986
-0.689444838597981
-0.741149554327582
-0.990780108339738
-0.895351116492163
-0.777933213382508
-0.848782416794529
-0.972643577154343
-0.721997565618852
-0.896704616219228
-0.789707982711938
-0.826486042721086
-0.751039420562931
-0.970178045915641
-0.770754067125426
-1.02771835635078
-0.829703756336705
-1.01182833071847
-0.829893552653231
-0.752813465943531
-0.741368005077675
-0.794766048913711
-0.818205123431729
-0.829256257233735
-0.806927284122308
-0.789975981894137
-0.801226129514028
-0.745935484025801
-0.673411856160838
-0.914495466362832
-0.741369657305177
-0.756807591023841
-0.818814807396657
-0.593587699377943
-0.688255104569055
-0.763948574357403
-0.781426960427078
-0.721138885304704
-0.675776127616233
-0.831275517004654
-0.745848444424909
-0.608728889456432
-0.828507754044778
-0.851539549022533
-0.778122476252313
-0.84908393889943
-0.853702379334164
-0.758910644116149
-0.755504441445998
-0.611792095200509
-0.768676049591359
-0.645304721631537
-0.872771537973081
-0.813122072581332
-0.858221793323674
-0.842551339813059
-0.706248977801303
-0.864426337837645
-0.736419979673449
-0.816835916815334
-0.681774442113233
-0.692968397486429
-0.725609300181024
-0.650087186036349
-0.825149580250481
-0.731787518473315
-0.761664511335561
-0.659575058294723
-0.781014024170694
-0.657037313159148
-0.654652500238696
-0.635907329334636
-0.574799576452354
-0.874989986737098
-0.563651862519827
-0.661362604009877
-0.775718313070174
-0.773753043538394
-0.69588068673852
-0.656777284898594
-0.632800405916545
-0.567605338568889
-0.574539302021345
-0.646686611676325
-0.765575069956936
-0.725597190129268
-0.647125217486419
-0.691509178331576
-0.608794169492764
-0.683772493382984
-0.656212437747334
-0.763937756266693
-0.624302855736495
-0.675678809854347
-0.561121725677452
-0.586440207032334
-0.737137104589042
-0.737568742765287
-0.634493966350949
-0.76654960365316
-0.728121617686176
-0.592196133679561
-0.645657027072437
-0.531379384784093
-0.689569543265571
-0.699211971969446
-0.631755717824567
-0.747211865516193
-0.643598072514126
-0.810692676362369
-0.641109883819159
-0.747581552239763
-0.625007825825146
-0.642120679007439
-0.710056560975509
-0.676474326308612
-0.612372041628701
-0.627744235339066
-0.565064959320326
-0.627671960306889
-0.751306651237433
-0.648520662164519
-0.734736813433489
-0.506304775690983
-0.627181189330007
-0.659065416800236
-0.5950296971316
-0.665037633011756
-0.584236346655418
-0.628452090762637
-0.693998594611632
-0.704450135115356
-0.522655626612405
-0.543695380036343
-0.530318333193958
-0.668048453242527
-0.643224430924908
-0.381373809888342
-0.608285041721532
-0.465262318714425
-0.336024611176776
-0.530003302106205
-0.546385917444403
-0.641017561942058
-0.517941389005128
-0.620681752005999
-0.52625445670867
-0.362560127166412
-0.516153615632533
-0.706581074807666
-0.746838646413136
-0.621662562191191
-0.592157105122333
-0.395393944743973
-0.810058694360907
-0.702044243790091
-0.635852823537226
-0.429756576327905
-0.507331568473846
-0.394738552105289
-0.583297525292798
-0.655363131310026
-0.675798561887837
-0.59353467159278
-0.57208774885
-0.531061161586815
-0.455596117786989
-0.708407302256879
-0.459108506959244
-0.528417630725097
-0.472782408557311
-0.526971897273588
-0.567451500094004
-0.488959350076567
-0.591355357333858
-0.602657988891203
-0.381962504602636
-0.525187519553527
-0.424996006647176
-0.430233832645053
-0.637727922257318
-0.388170065681919
-0.448283120248036
-0.431825368208391
-0.366261978909839
-0.645212333781702
-0.486434325042004
-0.497527107612496
-0.495308655488824
-0.468602665127714
-0.371153068687018
-0.572177315358064
-0.520797710742606
-0.270985349430813
-0.533796630282746
-0.600293016351604
-0.552759809312266
-0.425427676307131
-0.520752818636101
-0.545267841763454
-0.445667230360853
-0.468631247011974
-0.34132061683052
-0.398745310994176
-0.402792637785783
-0.429016719703011
-0.653505705752795
-0.45168896471958
-0.487213111737893
-0.438843521951257
-0.466678630704117
-0.432557251177728
-0.44730766554678
-0.486629017823172
-0.42104908513181
-0.473112107915392
-0.486273714744036
-0.362484299883443
-0.423573250445786
-0.34712885633565
-0.627361920372242
-0.466870811670377
-0.406184127737778
-0.600573125501899
-0.446340717981939
-0.390169540354343
-0.457306607188806
-0.444800934567428
-0.453905595482965
-0.320623399377353
-0.551840130345311
-0.453507815732274
-0.446297490203551
-0.345706550446529
-0.42028450159139
-0.224361901217969
-0.384647190650027
-0.545331405714855
-0.18106758670226
-0.349359528932627
-0.28867559747061
-0.336585535582457
-0.332080369081723
-0.379952448544088
-0.226389675805977
-0.398492603654693
-0.369585930848426
-0.344321629923227
-0.166420843909684
-0.457681067702353
-0.399293000491628
-0.315677811562684
-0.379390876318335
-0.337716361878324
-0.418456233214667
-0.415956782873496
-0.426842407435695
-0.203017347205009
-0.290220588741941
-0.386427176360375
-0.468299807458833
-0.193564740470441
-0.219011500825082
-0.28885782714378
-0.285218618862131
-0.302479079839406
-0.34488192315642
-0.272780249151107
-0.259081430588388
-0.347513184721882
-0.226208445946
-0.303249032803329
-0.255144969652756
-0.355841770400232
-0.223605914820718
-0.355414188098506
-0.342300251780832
-0.288027283332359
-0.385454568877233
-0.259323031580245
-0.400761410224965
-0.194167772833661
-0.308053013997053
-0.288701543444014
-0.160735489259117
-0.409176680482088
-0.308991287638583
-0.250406600960383
-0.309456758246927
-0.253442414799018
-0.270153427444075
-0.274078092451527
-0.353600436400665
-0.302431077646689
-0.13301853766471
-0.199165098436389
-0.301280133634165
-0.308519162122981
-0.226582101786589
-0.206600064864467
-0.26806883612961
-0.22153596257385
-0.270200667738073
-0.139000370996706
-0.138949224879668
-0.280787661180544
-0.30372838988867
-0.169018876896527
-0.336716008659474
-0.176530673025276
-0.235290388540239
-0.233419872781743
-0.318159405723545
-0.168086836349822
-0.174094257275572
-0.202159650729519
-0.276267748035334
-0.283911920584921
-0.25002154922782
-0.25142589782909
-0.163139539229095
-0.291725550498733
-0.151616922817624
-0.223404073481539
-0.262254961171953
-0.267658479111143
-0.246154164922613
-0.0487692016206871
-0.322312226895147
-0.249861156920016
-0.0235275511104728
-0.151138667675122
-0.328786424863955
-0.0540189131475978
-0.168651361856616
-0.297323011096956
-0.271674807638409
0.0151415529882381
-0.308435160332912
-0.233796430041176
-0.109292110859566
-0.189461128088154
-0.107934181999413
-0.19106258474806
-0.187232052041989
-0.138784610898464
-0.135011669100063
0.110878672435616
-0.0320888227477164
-0.0861018676639708
-0.163559403870841
-0.132871146392364
-0.149216205007929
-0.143482060056569
-0.14508958561285
-0.122867016335123
-0.198338788494148
0.00788035799475803
-0.0536444852508075
-0.0495096760317891
-0.200458890209345
-0.233628199240199
-0.155946754101074
-0.106575662258807
-0.0878876252885805
-0.107823120463189
-0.127354391838861
0.0507256845140471
-0.0683142315885367
-0.126733693148872
-0.12326018710498
-0.1148463070652
-0.214963523769544
-0.253847895373916
-0.196155783161787
-0.187803190373665
-0.202703322752624
-0.169641966317247
-0.272337451555334
-0.20501953987652
-0.16324800007505
0.0537162126970486
-0.0528600743851517
-0.0223641667082366
-0.120077115950714
-0.0321010099536535
-0.136695552598719
0.00202805602347412
-0.095739085100601
-0.14127064970253
-0.154729175588151
-0.0934003853244294
-0.00918775444962574
-0.0917538841313947
-0.0582946538022906
-0.157468504703547
-0.169130477587317
-0.133114983362066
-0.0366063954833497
-0.0256480032055662
0.0168930598184913
-0.0925461696789282
-0.114049284177719
-0.00123823221359624
0.00859615755410118
-0.323820812548986
-0.123243217349332
-0.26670931818149
0.0168656925704284
-0.0523515819229191
-0.0358718904941837
-0.00505000814606582
-0.0934377133671286
0.0625372547057527
0.0288174922006266
-0.0635759188806081
-0.0191983697636194
-0.193285364728581
-0.021000481176579
-0.0934981222517929
-0.177719859745813
-0.00230762833325182
0.0979773170906618
-0.0304190846325983
-0.131838795734941
0.0652902073356009
-0.130739329224209
-0.174004463287106
0.0435669004818303
0.0190972704437064
0.0355477370911937
-0.0493095452586986
-0.0243703073025843
0.0351375083976619
-0.0287312377015168
-0.0734294237959908
0.231140198219777
-0.159018402160845
-0.049322014123023
-0.0483277608003835
0.0373753284263084
0.0423826151822266
-0.0691508691512035
0.0386937095301719
-0.129462871917381
-0.0281769541119622
-0.0167529663067425
0.0518146932064966
-0.0240861839050707
-0.00966547040725395
0.179855177799754
-0.0912156026497708
-0.0108500359662203
0.0270300662929366
-0.0879393261011286
0.00308613416807411
-0.0478673658712346
0.195161831518504
0.110171847006659
0.0867734840843355
0.187162345094046
0.038725762109596
0.0166315516213896
0.148749350033589
0.15107831792758
0.103079254345769
0.192487318419434
0.120736697778702
0.0459395195991444
0.174764634869588
0.129454889537543
-0.0725986215725539
0.120787068892047
0.0810277754151666
0.0531527992187705
-0.00446317061388904
0.094735630290554
0.0977150231479866
0.143870871274721
-0.0115916267096379
0.0893054944582723
-0.00976553510484882
0.177064115422102
0.0950999558563313
0.103890341670342
0.169462617556183
0.0490426964247844
0.123246469013912
0.16396206044719
0.129923985103
0.220934490290133
-0.0220626926501879
0.0218650865930156
0.0504929574112668
0.0455394410498553
0.358942568769412
0.248218041841755
0.236064467450532
0.0231240197932755
0.176137002789919
0.0384356745942504
0.123081183607984
0.268254835752195
-0.0111005915661335
-0.00600326162996259
0.100987589293898
0.180742303122286
0.157170718410608
0.135460672819434
0.208170401451815
0.238433027015119
0.167284377066288
0.218015392680613
0.0646346987230005
0.18851916067932
0.0866266657983937
0.00805803053741865
0.148128355114808
0.0933934129273317
0.198761690556755
0.25106276830524
0.21165496641881
0.209409877799097
0.27500411358214
0.182755121182711
0.176414396550821
0.193283240800483
0.225486150484014
0.216112616124624
0.149108003675209
0.0888256098758641
0.220802508039321
0.220698145844324
0.223164288523099
0.363852088678424
0.252059243041663
0.0142513365442862
0.229142082225526
0.19442204990257
0.364558821625138
0.138825695497952
0.243974006648444
0.262821246964107
0.148732455613208
0.384498073585959
0.279639468578796
0.212850353765031
0.249085610666884
0.130168046363767
0.294043437703318
0.443407136558518
0.347841498502592
0.17216594978979
0.280163860662914
0.24968292509422
0.311032693210214
0.29509202343535
0.383628743229395
0.175415816040797
0.316066168118877
0.328743964276948
0.194634955161566
0.210712846370788
0.272235843340653
0.341943523199396
0.244909788434292
0.409623889918821
0.306949278694475
0.428466972903364
0.235700650836269
0.282698640462965
0.309251324081045
0.289033584244809
0.223867355689099
0.234626079499191
0.208141074630448
0.385556632403527
0.410077176302347
0.336249997217153
0.236349050840333
0.437649980218261
0.518165427109571
0.40232628702476
0.364946014224125
0.357891354696748
0.0794262789519133
0.342379591512926
0.388576368897263
0.167960993242254
0.428576680973081
0.310560891934308
0.350822043122942
0.379941667458743
0.323865267326742
0.423067356578458
0.284749250796338
0.351096252008487
0.294499004689355
0.300923183232725
0.38347881088322
0.292760789979161
0.382370735173212
0.3562520276918
0.260045597254623
0.437095159192614
0.32569282043756
0.277010898951852
0.317239656598546
0.351907260434812
0.382939317575619
0.465984440332223
0.313572707626145
0.3694269580513
0.361968390811626
0.480644693413769
0.443120387678728
0.374827893133937
0.366535439021484
0.429358886665663
0.340819213411336
0.377599018043564
0.472757864951175
0.292803112038715
0.47275872142842
0.385612687164018
0.371656573206062
0.366955231213087
0.37031761469959
0.475480211468279
0.430031703497986
0.495554320080041
0.341293697287442
0.265328156310618
0.368271384725138
0.609992010166697
0.379499986093576
0.553959071778379
0.352088345775344
0.284113959647182
0.333916057735194
0.447575674096402
0.407632453817455
0.39828926209103
0.363714280844577
0.469049368467784
0.437782512591859
0.636493011162563
0.491765069909956
0.488926144894634
0.477577657721309
0.383645867237292
0.506894122576556
0.437842399429865
0.369357709040526
0.551240985701855
0.617360177902961
0.274242987382879
0.51649734797941
0.442348956892275
0.605873642772329
0.320851508397126
0.42818506048664
0.52401654704456
0.445422800801759
0.518807926014156
0.507807564894248
0.382953102515428
0.562394764808818
0.542991262861307
0.524727204407627
0.249760825593407
0.437758775987139
0.428742511544199
0.332367337006085
0.567655453639535
0.397700705821795
0.472088428705963
0.553806925705977
0.417167909014837
0.363918726127404
0.574045182971873
0.447144325532956
0.41488443403989
0.558111317617042
0.483290620981585
0.492950096065365
0.348335700732121
0.470301193609815
0.564816030713798
0.480895349337526
0.541868918854229
0.517497142502926
0.453213021882531
0.446481844054441
0.576764602075438
0.456199658902342
0.515097193356053
0.546775898267911
0.575498804158277
0.50999275662594
0.487992862941164
0.470222538668248
0.404187234701298
0.557689346934304
0.540887781952456
0.664787085138315
0.62848259677461
0.576877379133086
0.380280271524951
0.557436618423869
0.494937911458626
0.602465004998815
0.483512299776054
0.492978326616417
0.603271033739197
0.576785093121563
0.465970608940846
0.580849897380654
0.52672690721106
0.617118393914317
0.545276143009404
0.454910524909954
0.740875540407977
0.623783594624606
0.621640152212013
0.575687948502619
0.619875037806611
0.520779125588745
0.596858382226368
0.449972543783763
0.67287299615475
0.5467416284758
0.568385836731785
0.630642346862261
0.784873535983318
0.627386543154476
0.711429371223065
0.557951845288981
0.555517726849324
0.666550173677711
0.669638299572233
0.744984380224649
0.726397743447344
0.598453762542794
0.630734065661492
0.698113700393493
0.515836667976426
0.64796529433526
0.54563011824736
0.614001393633639
0.530300233358415
0.521812019070197
0.62162128269939
0.532735004322948
0.638259733368211
0.763694426605886
0.580415183581179
0.742176507354382
0.757467883568906
0.674463937140921
0.672056583445232
0.634404198030518
0.610627177952278
0.678700919714608
0.797190447906971
0.657964188220892
0.544756738255861
0.692852271893409
0.589763371253691
0.495010652596362
0.645678512519658
0.602226886111369
0.750144926841573
0.711676988152673
0.605926725555182
0.552320690252539
0.6180712538169
0.710517996557832
0.686690080554583
0.744462745344504
0.686326338871799
0.727157454078071
0.872185725836681
0.81772281068148
0.557176239297617
0.780568129150337
0.716708718324167
0.806613762028237
0.652258538317589
0.716139619406251
0.772565259160893
0.736160810647127
0.760683674189926
0.734907288175945
0.667816468566933
0.714252102798644
0.764912101231215
0.708838260354903
0.689391047574387
0.723111631794945
0.628369103854664
0.734995370028178
0.740869408873642
0.712953208743605
0.686930068018113
0.655042802111822
0.84211066404588
0.684073623461128
0.664640225570367
0.738881718877332
0.615029144985197
0.666200460162988
0.733146919747421
0.718241810849131
0.762225795870438
0.60808533480553
0.66595749581147
0.643699008195596
0.765448287075979
0.732606596132292
0.861288190848978
0.780157477922247
0.77948625714877
0.877781093440623
0.683667323455016
0.728205941570942
0.784329264439282
0.774835937807442
0.776692713553814
0.878285105664784
0.774251114158967
0.82842288295
0.74027098881499
0.819143008697149
0.995654965187212
0.914130966371606
0.834010276112751
0.831126440689361
0.917006890931212
0.782964547908228
0.801462206959447
0.815084601714475
0.843003339782692
0.938403297999205
0.776477234992379
0.794626831542026
0.819760232910622
1.00174514681762
0.624614582790115
0.8243561825343
0.78199257134362
0.872879724654692
0.822500330006894
0.832116932694745
0.788855692881956
0.900396156030333
0.641500972790396
0.942578933121509
0.862083850708916
0.667270572563912
0.914150536692505
0.928277193285294
0.944204084017877
0.877465166855227
0.956699954724927
0.774899698453479
0.819938695092373
0.86513580335322
0.97067045709051
0.904411065268725
0.839392810641443
1.01173423339338
0.840735927034893
0.774257529817266
0.956460558605073
0.965823118383392
0.811526504259441
0.851858861217967
0.875670207007709
0.943046154710133
0.939037457727314
1.00806259923463
0.996041140905654
1.00457173198566
0.93627931773901
0.830452682002349
0.926084657749454
0.954447476574733
1.03505732591174
0.920871702157052
0.932001066772642
0.969070332024127
0.94324486818336
1.00702424343412
1.07194183805937
0.926697602395148
0.898130057007369
0.839203195308406
1.0025195500621
0.959448789758645
0.913709576179525
0.900990366538848
1.08518747159308
0.978767468941271
0.961413634512663
0.912408693110132
0.941166292760395
0.87865057098758
0.934908114864686
1.04369302351956
1.03575414318161
0.829227339678579
1.07841895281392
0.993622924722185
0.826832444612574
0.917967976858731
0.926058836343374
1.11764510943165
0.966099032531265
1.08962488387533
1.01835930612256
0.9072205485046
0.799407764111466
1.00137282839762
1.10229374451482
1.11100768542562
1.06719443695863
0.942730432961785
1.07072681680394
1.03974098829721
0.994047599854785
