"x"
-1.17262887415126
-1.08061915954186
-1.12552669152835
-0.902587529822811
-0.943143019436006
-0.938076509979483
-1.00731574727766
-0.924280905113342
-1.14390426289494
-1.01925440112152
-0.996806460018948
-0.969516097840104
-0.90394310484631
-0.861656153297463
-0.933093963241284
-0.997043195610384
-1.0052873852459
-0.954904525896089
-0.956511210568501
-0.909769223684594
-0.929367858661794
-0.978146274795419
-0.840260667482978
-0.914578279997245
-0.963976148806719
-0.821692938607414
-0.919682100887874
-0.882760017777384
-0.943382931642598
-0.963523448886142
-0.967863132673147
-1.02392442373708
-0.906192171097701
-0.913527183911293
-1.00009675173634
-0.96497946086242
-0.919737529127234
-0.901920449413835
-0.828776245154701
-0.819113211721609
-0.885534974913556
-0.792788676131815
-0.772839553153438
-0.783384019084052
-0.988376775357261
-0.913486254523479
-0.903172670058873
-0.939946199689467
-0.895755974892636
-0.879151980247157
-0.776273983794762
-0.980436456306214
-0.852254815786117
-0.883549028448905
-0.912974683504067
-1.04225842580723
-0.908392079973044
-0.915565131253043
-0.948949174641565
-0.912294144755514
-0.716041534262692
-0.933333784141459
-0.911678795717303
-0.763910795976054
-0.812025551136774
-0.724573766448077
-0.894694575164333
-0.842808547785449
-0.827655294877151
-0.83547761521942
-0.853651239867117
-0.852806684456776
-1.07835661441874
-0.959788160184324
-0.943379805356269
-0.930018549737811
-0.856193952347055
-0.724454062527569
-0.779021481322482
-0.818269668897939
-0.822782416004958
-0.822589050687531
-0.854128814060547
-0.823178003343522
-0.779053893822058
-0.741744107613647
-0.815326417953061
-0.873063701598631
-0.878940097984661
-0.798995976616888
-0.719020968568462
-0.72107522402442
-0.77514761297412
-0.613767725595933
-0.799133613445959
-0.901843793838522
-0.846446874515393
-0.690109946113358
-0.782155119446183
-0.722454966216524
-0.884238633655112
-0.799544750993453
-0.82961132427257
-0.886165336007668
-0.830905119827342
-0.845706023591305
-0.782004039545033
-0.802329570998843
-0.822196404394524
-0.78810539340676
-0.787665263472781
-0.804239406137445
-0.782396638064771
-0.621546686803476
-0.789167397685245
-0.891342693984738
-0.637832549898483
-0.716025269013836
-0.643396929927126
-0.671029083408775
-0.663322972930474
-0.786506504721207
-0.720780990653497
-0.787647230824368
-0.728778119489189
-0.663373506442361
-0.711807066998642
-0.578242585523273
-0.68120186376169
-0.790998126592114
-0.66776359256042
-0.87670528776362
-0.63499342350069
-0.61317256672655
-0.748643341774902
-0.781132233692356
-0.747306062825829
-0.735087864310392
-0.6639859649968
-0.768482305834623
-0.685466221199589
-0.776913711263974
-0.801835799406066
-0.863232111002461
-0.641668770869859
-0.755626116312323
-0.654712098892053
-0.766551037351174
-0.750754938242927
-0.725099008429386
-0.538972330206793
-0.664539898467652
-0.76729626041255
-0.596269724851446
-0.773449941179498
-0.726957400619024
-0.597977284697198
-0.716163547010629
-0.758281873713076
-0.773124722614287
-0.668423065646667
-0.782208003373479
-0.585246494517432
-0.602760427339404
-0.681027051448166
-0.554890975375933
-0.565897592250134
-0.727500492109606
-0.545272232481556
-0.771626041721756
-0.726066453214309
-0.659228537385853
-0.755053109312192
-0.53513460636743
-0.725535033432176
-0.643923916238536
-0.693581780920439
-0.611433922409991
-0.67460739213189
-0.660380598138939
-0.725503678783864
-0.619189001015106
-0.601717041286494
-0.56845346487078
-0.678373508491107
-0.619375343348244
-0.612478289386449
-0.666476557414602
-0.656228233010125
-0.83593701061745
-0.526508528103954
-0.665731343750332
-0.650519396393522
-0.643832453640381
-0.625353035845567
-0.665249637603253
-0.549786945082268
-0.735160853338222
-0.553041483164449
-0.586905671620461
-0.585353533723246
-0.690734124733712
-0.635216428182316
-0.631651539685015
-0.635305127160394
-0.637328523587071
-0.427396870940211
-0.501896182655312
-0.757323254790172
-0.651186471338134
-0.557351116130847
-0.47464325647803
-0.519848720069649
-0.532949397684432
-0.714658262580913
-0.413235985153777
-0.417102326277638
-0.703072118713406
-0.604114131315114
-0.530106532102892
-0.529872893094147
-0.49119649284107
-0.643148068783765
-0.407319380480232
-0.511248292750963
-0.643465142896924
-0.685999161230688
-0.471772899006753
-0.404097583115637
-0.427442635694474
-0.609823988545901
-0.566221479138625
-0.359780035761653
-0.564783120124824
-0.509421974904637
-0.552879409641575
-0.585096845327174
-0.413500944622323
-0.583037184169645
-0.533021702327632
-0.574982884249722
-0.405858852549546
-0.582216170563165
-0.493877051057527
-0.384503176849243
-0.538640610059777
-0.568653879383246
-0.559843293361581
-0.445668806972039
-0.477902777203326
-0.55920498810669
-0.539600553505865
-0.53413234770419
-0.53636410184978
-0.659076807624627
-0.492176466199901
-0.415617790197977
-0.374675021120463
-0.465604411891809
-0.53848543192746
-0.476267400990738
-0.421931353149057
-0.537505515685849
-0.393463430446836
-0.48468419302141
-0.43198307876662
-0.45885380430745
-0.494737024085002
-0.345299166152392
-0.360144929189734
-0.476485483739552
-0.543680059006459
-0.479488215037819
-0.314661522316658
-0.43762840757159
-0.41337505725231
-0.385318042517434
-0.515284706142706
-0.547665523291009
-0.464458448057987
-0.321972496146066
-0.365782837711676
-0.54511803634944
-0.404411086623872
-0.387823654634125
-0.35287834308128
-0.466156554615955
-0.47102826874051
-0.303094332161388
-0.353418985393848
-0.406244282958675
-0.562838425382888
-0.407425364068088
-0.405934764297162
-0.427916860360995
-0.320373884025247
-0.528643824775891
-0.360054759574866
-0.469082210155168
-0.476435657339401
-0.340542045570746
-0.398929759399498
-0.350654544777841
-0.388977559284534
-0.223015313426473
-0.235688727168691
-0.368675844191965
-0.435702567053179
-0.307918190539388
-0.476998266778429
-0.325308496077873
-0.589642148856852
-0.47380727176519
-0.276124154186673
-0.403635810043021
-0.286131808585566
-0.383641325593997
-0.531618928837483
-0.260442014349258
-0.290230906500003
-0.290000876012085
-0.347278382597998
-0.24917041257921
-0.212098229692989
-0.32131757643163
-0.338202631902345
-0.378004449419579
-0.319337939628477
-0.475162062718332
-0.332374589590965
-0.338511046429401
-0.321752009039277
-0.134649857086018
-0.421461235784485
-0.442627530864081
-0.449444708360514
-0.346079559279352
-0.382481964389958
-0.292909152241048
-0.415294034398301
-0.295714134094532
-0.421341505629038
-0.332525896206385
-0.251301007313039
-0.344750365217043
-0.264237067116989
-0.420793128069123
-0.311472502713532
-0.26290397814899
-0.273540810240238
-0.482714685481674
-0.341879037055689
-0.260256506055047
-0.21839624721383
-0.271436488853429
-0.337486267430222
-0.285849971695543
-0.366353322537862
-0.197689759196115
-0.325961636364941
-0.252338443294039
-0.397354784318079
-0.360401403657953
-0.319914910193937
-0.252102336877918
-0.383343248256887
-0.285693570709321
-0.245742860120264
-0.147317050113865
-0.126236752228579
-0.156276414234648
-0.309781941303276
-0.307073864452977
-0.216583883944205
-0.301670310459053
-0.17554512200746
-0.262854995681925
-0.0528801655448456
-0.282155738450384
-0.438378028000136
-0.330275087222787
-0.236488131773435
-0.167836307423196
-0.372572673350411
-0.365265674651307
-0.271853395494739
-0.1632164458522
-0.16197495356976
-0.250542225826748
-0.185644690719001
-0.276563706821201
-0.150264239079588
-0.121649616132353
-0.377762567638747
-0.164658749191908
-0.309156138268619
-0.190777198618999
-0.16246755730071
-0.194104800431908
-0.218252425356875
-0.107496015684869
-0.203158904010472
-0.341619173913615
-0.217692009581499
-0.0762274566896863
-0.317931974087249
-0.155523551628692
-0.196137715165581
-0.0231040401024547
-0.184361795866179
-0.162670272612724
-0.0905564302852985
-0.248445257805475
-0.187183690589924
-0.171640652385531
-0.345944620229576
-0.0891482894009664
-0.313022379320488
-0.144519770036625
-0.0806319570964986
-0.250678569602799
-0.148378196376814
-0.211752121625198
-0.247073106125507
-0.255947590788625
-0.0925489890698259
-0.125997787907012
-0.0384614470749529
-0.167718672657616
-0.0713572821519272
-0.227701202243755
-0.290866999317546
-0.235511612841447
-0.182451758680902
-0.240462790465214
-0.0698412699201864
-0.171120412414205
-0.0192163469554107
-0.083372336879553
0.0278122400358868
-0.014196086768842
-0.105099424238923
0.00585379266607096
-0.182361749559634
-0.1662544890466
-0.125571721149671
-0.120533066063207
-0.0264875313287092
-0.21280979778245
-0.0810135012073459
-0.128584432640433
-0.0217367799329054
-0.199749319001452
-0.173773154357228
-0.170714912640376
-0.0780324424521294
-0.0691402303431521
-0.0148424884045529
-0.205820567682835
-0.202239242740353
-0.127242001410753
-0.0504487893101981
-0.181949521515597
-0.163289153840913
-0.153721007211618
0.0351455647210504
-0.0779961729301919
-0.0467771922181894
-0.162533732793064
-0.147778863336542
-0.147674789685477
-0.119791636663292
-0.217523988529775
-0.124064463892101
-0.0765395986588564
-0.131688932411892
0.0958808373106227
0.0184023293187866
-0.140607266705279
-0.0919564820446908
-0.151270168742586
0.00011387739315513
-0.0910835635058715
-0.177027958473433
0.10243418074485
0.110909564647516
0.0642295146251622
0.0351456109397824
-0.198195570840959
-0.0449327771548335
-0.0241926565807188
-0.0283362370659954
-0.0139044113343303
0.0496914110758553
0.0360701811464615
-0.130590431944801
-0.186269957183843
0.11164773639436
-0.0780739172734088
-0.0244639475598235
0.0571323412974913
-0.0947419953036202
0.0728108359516698
0.0484579397220439
0.0487479520231914
0.0362372732318729
-0.0918090005793228
-0.199316241144264
0.110190160366429
-0.0976201373859585
-0.0387231748882304
-0.0218679776435417
0.0526681794053834
-0.0813174379398447
0.0275224546228184
0.194529883088877
-0.0257948157823909
0.0390410202578445
0.117288986170041
0.0802216204389554
-0.015044067253824
0.113473544536631
-0.0139213768642175
0.0472672170234272
-0.00772005774077333
0.182890624714625
0.127835789292352
0.12789429702719
0.0548389694561259
0.0835201467668042
0.104297436056124
0.0453480888305425
0.0370518129019791
0.119198327215026
0.028329833869944
0.131016816211094
0.0578759236621947
0.0117097969357514
0.0937819416169326
-0.0103775338556702
-0.0239628451704246
0.145981000686644
0.0849610041500581
0.0197867084539755
-0.0649348607764285
0.00434376283414582
0.191436998781161
-0.0143469438065047
0.149090423015244
0.0201778295373085
0.0141777190959937
0.0941919130937437
0.0231840575797186
0.163348356705062
0.0980264899040585
0.254572561498552
0.0301185961782432
0.1756848785163
0.0208892445488609
0.159534907393367
0.0312767264436205
-0.100149314169933
0.12474579350661
0.0866997469147765
0.214717952982486
0.25366457850535
0.251242452271762
0.0141678035563489
0.124656666060147
0.244734321072428
0.137236350448412
0.108713373646615
0.122124348528962
0.101783159691718
0.128576648340363
0.156831717728342
0.0266879772400243
0.137344776976592
0.201140003752721
0.0792442333099914
0.339988219345964
0.0209443909423837
0.22494595208098
0.186332635807802
0.17144559749739
0.103199138481978
0.224873332875065
0.114199075386182
0.148574262348148
0.316193164070963
0.331553695165547
0.268830231320431
0.112732255804984
0.0886465490301661
0.120411454595184
0.17862017553603
0.131989679434733
0.207463277263259
0.159645111362132
0.297453560042333
0.111567530743982
0.0707090263503698
0.200003040046744
0.172765306829616
0.365521381528025
0.315727045202022
0.213468497987486
0.362341030583475
0.230796108854117
0.229135404783092
0.274988951139065
0.233037595312625
0.190232500099747
0.153983012960463
0.276935841821409
0.324240134993792
0.280569652781216
0.228010213666972
0.341682648738503
0.248393676470805
0.337539974819896
0.207711816825467
0.159892449636916
0.236636330005062
0.275339169805554
0.288185432606208
0.174341196141752
0.343597691909378
0.239196598079231
0.318597135876259
0.283654644251488
0.131282629135918
0.0813913927256326
0.186951856533171
0.402439522536888
0.29256663990255
0.26066709910556
0.311861523553173
0.344077780644293
0.246801148837041
0.0885025093833023
0.375264000595768
0.31377144212318
0.225771433648042
0.361921271016213
0.0688545925552953
0.319945525793797
0.195426703893151
0.230489426025592
0.292272929617969
0.262509522691356
0.26476188894727
0.390495927105378
0.328122621592839
0.409127247083107
0.371490441137684
0.435963193157719
0.222440147290624
0.389671421013198
0.274750116537265
0.338496889637566
0.189900574312713
0.353258669189619
0.205330564929736
0.511658038987466
0.462270629990874
0.279230244069061
0.336186200324345
0.372946435132467
0.373227189999488
0.240403349696267
0.281429418378313
0.319022102512721
0.348536941961005
0.389016009569415
0.388786716726085
0.269904949091681
0.483491591936463
0.430377823422413
0.414237296355674
0.493196174820089
0.497423617846961
0.342787540600347
0.400454595789789
0.517838821105958
0.153836789359985
0.345813992206155
0.435694672563416
0.256148976453132
0.300325617147572
0.247660987416867
0.550201277196314
0.397427337247008
0.322046482275819
0.492083738750882
0.407697409045734
0.390386082530676
0.375618251656431
0.433522599084424
0.355521817647684
0.503641183833753
0.421715300954258
0.43195744357198
0.404401988815361
0.441853358812125
0.378118928812942
0.371294132284632
0.446039792607925
0.383703327627372
0.404131445844059
0.423103158554785
0.280272058446708
0.388167591917578
0.414415886093403
0.495562914553725
0.409650165738236
0.466888542785612
0.357966421140973
0.422470232072959
0.433412634149913
0.270231393984042
0.41295803771073
0.550988992441968
0.471649501079133
0.557873342517112
0.632442792681219
0.442305790733383
0.453168089826663
0.334153273047417
0.549745163108199
0.477782227666536
0.359357438546208
0.565284896230171
0.508154028046084
0.462647237756584
0.596226336801049
0.446851543552415
0.528476587423064
0.541795152066968
0.583038302907699
0.422443145000606
0.571048335919499
0.423922752487255
0.553980820364304
0.425247259218811
0.374191854045448
0.454200344328896
0.737263578647497
0.524793970600136
0.498632648287402
0.451734092002515
0.522293097965209
0.577681648131477
0.536272172362993
0.412082950487525
0.576176508666952
0.670598976581456
0.448535991736688
0.463003409265965
0.449232816707827
0.383838406338247
0.53676957557165
0.540141124918269
0.483981549647117
0.53134147622332
0.499932050972469
0.433270610368745
0.448097466427715
0.53638614261535
0.53229898634141
0.597683718633973
0.659645125761376
0.623466524126653
0.373347729971562
0.508571152986788
0.563843747650884
0.590424310322741
0.578356719925829
0.422126485601128
0.565294962697176
0.615053948417106
0.615209323723602
0.568492181591145
0.639035934669209
0.55770990231112
0.52712651879238
0.622495998408679
0.565347807452113
0.673481821404697
0.558515158252249
0.634107040667094
0.368754716525542
0.438075366408819
0.607015001737644
0.553926184845033
0.615653214539616
0.536220982794157
0.561727628322148
0.543399308471568
0.567900876559707
0.620663105627574
0.56050479254885
0.458305014543964
0.833446867068054
0.67505072073432
0.571382209099727
0.595051976179325
0.697487670361213
0.518238401927506
0.713084398425936
0.606667682171312
0.590240208355327
0.595953744223085
0.632424196267774
0.602744589427696
0.65107811385172
0.721407619549487
0.576434416966502
0.731122729360766
0.549299245029795
0.595693450064661
0.67967532923139
0.613244497440452
0.579422062371949
0.768350227895222
0.750595625299696
0.605940172011241
0.669879964198994
0.675699650650336
0.707313391749904
0.715512301154634
0.691863324493432
0.747322224327425
0.750231523521029
0.730667646180178
0.577842593907186
0.607537899791405
0.708673405733053
0.761212620890572
0.737760027102327
0.653592185842083
0.519959378520209
0.626651587325767
0.784037640975251
0.613407559854466
0.721503023512365
0.707954224706554
0.813461397957087
0.658437351901273
0.623822766658118
0.585916008617414
0.754039564078976
0.742470652158507
0.606188980096328
0.671216677063091
0.672379830923341
0.715767048583755
0.697937601162829
0.6720762910999
0.728582110069814
0.596468283877427
0.871976742259932
0.625001898487671
0.558956639817021
0.774204714030431
0.741777353682251
0.757006499609537
0.669561170201788
0.848727084295335
0.710381556021178
0.734198364891587
0.709873236232394
0.733899879407622
0.716363405930907
0.813195565610987
0.884874483716211
0.883808723411536
0.748550681095358
0.673647572102959
0.559998232995676
0.741799085991957
0.728299234277937
0.839819061444056
0.76618024752202
0.694453583872885
0.895593756512776
0.69986018432725
0.865078909211231
0.768819616207278
0.671104190780888
0.849402995394436
0.718019309808965
0.937907178641184
0.750377715437794
0.655897234705029
0.813196252166674
0.828156521950378
0.686705110475008
0.765217300358924
0.751635302670716
0.857158904530488
0.774143116062019
0.809722409791325
0.66183603337496
0.642543518881699
0.860918714512469
0.845395073702179
0.798264058269466
0.836003935906072
0.823366005216251
0.913285796206192
0.834300904146526
0.804448325554141
0.92052344799228
0.979257570136238
0.766632188151897
0.92266287634293
0.683273301337001
0.751508366268284
0.835711106705709
1.01558223264378
0.756876915565207
0.895602480936024
0.826130235057308
0.665982901018364
0.845780872272655
0.919014999646601
0.788364742746079
0.777293813254768
0.902335004333412
0.883036461492673
1.01153095537092
0.868651458330356
0.900808307020548
0.888051059753309
0.999277138664405
0.824341617675748
0.848149300645833
0.951476686537943
0.770369817401436
0.962253504796334
0.947069099897404
0.691756845588867
0.912561523648355
1.04348529197139
0.912512045894545
0.740500715738349
0.936326940457231
0.812003828328785
0.902275876456738
0.886554175920019
0.763355273280767
0.865233482753985
1.07210605690574
0.839376471759697
0.810719372616553
0.990185887069157
0.935880786933416
0.900593504482801
0.959899731969251
0.891789036675261
0.887291141852089
0.886110612146206
1.0401604437098
1.02847472706282
0.835531624949522
0.91786133351154
1.08367327361107
1.06292383502301
1.00822132668016
0.970176936456048
0.943841557840216
0.822142660642144
1.0443335326847
0.984169327618776
0.893148466433386
0.818117916642327
1.01123304626493
0.987682326699569
0.77801759654155
0.776109751881195
0.822150049569634
0.972067379318535
0.843177790327189
0.969160679342454
0.807227299286185
0.977947600152845
1.01827845442002
1.09557446071917
1.0082644446736
0.983816977994466
1.00814614091749
0.984956807453039
1.02586103747153
1.03972685601474
0.996746366150605
1.04511628531732
1.28058421284567
1.13993317588628
0.997780162877988
