"x"
-1.19955339775501
-1.09830512621193
-1.11789013379511
-0.890982970289199
-0.947443327992142
-0.954812350027685
-1.01177528078739
-0.897468323891011
-1.14702724118514
-1.03369135587187
-0.991794168664009
-1.0026111191001
-0.918347906828311
-0.851447861771644
-0.92989076404844
-0.961624153101478
-1.01578281181392
-1.00121013411629
-0.950913792944719
-0.885615442780799
-0.912640826663766
-0.96490801578645
-0.840420629029958
-0.904363119023884
-0.98266716694099
-0.820083870793034
-0.924706702068313
-0.885815305786054
-0.929138382561731
-0.962303760234123
-0.970278508220087
-1.01310595911045
-0.910111449286838
-0.930379254440639
-1.03420419814724
-0.960468378373654
-0.922736786056987
-0.940476911142471
-0.808769711839057
-0.824433843984666
-0.89095433285934
-0.780588631382407
-0.78839981227531
-0.810732397989456
-1.01228692030677
-0.908517028849675
-0.891562601323199
-0.944889797802833
-0.896253455437755
-0.873918080428904
-0.783646142898826
-0.97262647312357
-0.875006404993346
-0.868776531743053
-0.893501868998397
-1.04973952214242
-0.919109740659678
-0.927316868398432
-0.957691488227295
-0.90895563948425
-0.72188847805276
-0.929260094957587
-0.908121416056746
-0.7815501496797
-0.804399429991838
-0.697495186423811
-0.889858235291442
-0.853294114162415
-0.820837496786722
-0.821784381253995
-0.856521467870702
-0.828031833398642
-1.06908345420785
-0.956112298440528
-0.939689032040321
-0.939653897356431
-0.844108196495878
-0.720009981213112
-0.750623846861521
-0.852423970762565
-0.823806434713266
-0.814861698818428
-0.871389925062882
-0.833850586452227
-0.795348443832701
-0.722080908336531
-0.811016085629816
-0.8908414880205
-0.850926487768328
-0.793282143876191
-0.720858844241942
-0.711828770288528
-0.752522979022933
-0.635989916821434
-0.796518400639655
-0.91064152721179
-0.856950168895461
-0.712411627968354
-0.790818915324786
-0.741203133469087
-0.883850600151844
-0.803304507771437
-0.839692830151897
-0.876295277534471
-0.824215866316299
-0.864585828590256
-0.761097073860771
-0.801806320866367
-0.828106820981219
-0.777330351954679
-0.807251730868358
-0.796827263752571
-0.770062243760418
-0.611355089252812
-0.774096530246007
-0.878215692491854
-0.64558024795957
-0.709040518645876
-0.643093362125812
-0.663445415857957
-0.667573203744067
-0.763043588627056
-0.695709485977865
-0.802197380877624
-0.713050380065788
-0.696160297837751
-0.729405687560993
-0.558483413662569
-0.666826835759998
-0.787069587937472
-0.666755361851617
-0.866919095785686
-0.622801639221744
-0.627733519038828
-0.734387267839096
-0.801801307230169
-0.738528227175396
-0.720450998025742
-0.652783384051417
-0.770851427900587
-0.672119474177783
-0.760114253667113
-0.797692358604867
-0.859565002032479
-0.61293718700314
-0.778115708762252
-0.639538199284954
-0.775257323393867
-0.740878480277484
-0.723020534374519
-0.561890515938097
-0.645608648297616
-0.767157609926227
-0.577527433432016
-0.773605986369369
-0.715402578972302
-0.579523525552558
-0.714191872418731
-0.768981762263956
-0.751530243127838
-0.694802626089609
-0.778150914824803
-0.585053309569518
-0.593768525600784
-0.689494089499975
-0.573527709564856
-0.571287815712129
-0.721726443200443
-0.5559011280407
-0.749027259055706
-0.726858648846144
-0.650161736311753
-0.728880982394006
-0.541323534515344
-0.706620076307083
-0.65521964727799
-0.689010384697456
-0.586594805929781
-0.677995577095658
-0.657152059618649
-0.696730684874848
-0.622295533643624
-0.609295206285535
-0.555628561456148
-0.690094885175606
-0.631561444818182
-0.607757850182152
-0.674332653107192
-0.66638828822068
-0.819938601287589
-0.523511917297068
-0.66192515367388
-0.644795771040274
-0.629671408411638
-0.63419390294164
-0.675640327917327
-0.569901633974045
-0.727178046638738
-0.552687415244614
-0.582344829135162
-0.596466348189837
-0.697996993985281
-0.643348028696536
-0.637144763326295
-0.61401972232355
-0.649325013734189
-0.423972811769811
-0.515959887836164
-0.759836421886064
-0.64496477231531
-0.563430855215208
-0.497529687494341
-0.527360484598579
-0.509861595461946
-0.712838669017365
-0.424208463194121
-0.413759931184772
-0.700273322762532
-0.592941200610557
-0.553183604376044
-0.525105050492104
-0.483471498901933
-0.647006034550803
-0.420347284361792
-0.486474844227034
-0.639063780866452
-0.681678235381057
-0.485625529019042
-0.399216981654744
-0.436446830074846
-0.624350859474041
-0.560619350696843
-0.372346024744096
-0.577085838605999
-0.500172811579419
-0.549719822412109
-0.564500842826921
-0.417247598240704
-0.596234685219398
-0.515459365757972
-0.553025443023355
-0.410412612244008
-0.588569837935981
-0.480433440429693
-0.38433609992445
-0.512247869061044
-0.58922738321445
-0.564774658096673
-0.460267018324006
-0.47910189718271
-0.569351433046965
-0.535300029460292
-0.547780594811694
-0.540702086989839
-0.692086743395343
-0.468439316709241
-0.412954675248133
-0.382696734942793
-0.458906425885662
-0.524544071711183
-0.465299648273602
-0.43236761701324
-0.556961492576086
-0.391013597539311
-0.496337631250846
-0.427967149451632
-0.464976592478903
-0.483300587451466
-0.351988298992017
-0.341658393808256
-0.492708544593407
-0.511052923366892
-0.474238851988568
-0.310617962762397
-0.470359169102996
-0.426737322551207
-0.385251081855922
-0.505900253963988
-0.569517001199735
-0.456680267542362
-0.315760656874008
-0.370431746237888
-0.527735790848551
-0.415841505105321
-0.376823063136984
-0.356929229347827
-0.459381339559447
-0.472439939664336
-0.311858162299791
-0.360760208907219
-0.390519472690613
-0.579486568433646
-0.395291084706696
-0.389649885307577
-0.421630187839386
-0.31729546684965
-0.553582165855426
-0.370178376410231
-0.460873884090935
-0.496091641775121
-0.340437599562496
-0.394682772102297
-0.359814344725315
-0.386311372707896
-0.228637794572546
-0.243373118635684
-0.366633007512621
-0.428382294227015
-0.291259466048565
-0.470072429616334
-0.307437920832307
-0.579403098177448
-0.477039811183221
-0.2498133490186
-0.407687405118688
-0.28750526726186
-0.379376360245954
-0.533433920555435
-0.27266849333682
-0.289917027755255
-0.322895300421103
-0.338330314453712
-0.237429352565658
-0.211880253978192
-0.357048658232684
-0.323570089236079
-0.362376366930886
-0.303614965931587
-0.465178715971163
-0.343575918620555
-0.354638477594195
-0.324088032200842
-0.145436578163544
-0.421991736526083
-0.454572313642342
-0.43811235642822
-0.323021110574776
-0.379152278627492
-0.301355336306912
-0.399841228850886
-0.289137463384533
-0.422504098644452
-0.31290204367728
-0.267914474936744
-0.332535976545542
-0.274301872797688
-0.424250836622317
-0.30084500613085
-0.267941351262553
-0.278481913012609
-0.475472693277288
-0.348695698346707
-0.268881302471745
-0.204790179197579
-0.29056551699286
-0.338348599312284
-0.275230924801191
-0.3463340015321
-0.196711474311202
-0.323221467831827
-0.244667076756873
-0.395384952555059
-0.343832759678593
-0.348501164385616
-0.280998491831961
-0.368141203578477
-0.288945979768326
-0.244840659292985
-0.141257370846753
-0.119877337994309
-0.161222351676474
-0.310223485421645
-0.31439962356712
-0.22090124950093
-0.314345802469162
-0.164716495038178
-0.257701389708456
-0.0499426939887148
-0.26590676934539
-0.460583374380513
-0.308623961244434
-0.230389880560888
-0.178248412693843
-0.386110697417365
-0.381854776307392
-0.254196967789392
-0.183327278738754
-0.132379039969965
-0.243572473739141
-0.171824771603896
-0.277359642397498
-0.146342458718036
-0.128993624646287
-0.369994283117813
-0.174922461937981
-0.303502271534128
-0.185654810278385
-0.17794860267719
-0.183913142365751
-0.207606604388732
-0.119737718952804
-0.200600478305734
-0.353653082126846
-0.22227745797428
-0.0586426569448106
-0.332832899513428
-0.173570590508621
-0.203144077541896
-0.00166787599458239
-0.181297302391915
-0.166592256508159
-0.101223579106136
-0.228584870674373
-0.202598730027805
-0.15855905571557
-0.34802349080379
-0.0966746243022561
-0.323072138912364
-0.152619689673859
-0.0957518057278675
-0.244717877800311
-0.156240755527551
-0.214032429037369
-0.261532485061373
-0.26331625472281
-0.0949630264243816
-0.117501981991051
-0.0197887766607901
-0.162910056351448
-0.0513470521278408
-0.235306763216648
-0.283613980688339
-0.230671612680491
-0.187050687333691
-0.230564500687491
-0.0648176252154171
-0.171648459557169
-0.00315542296383677
-0.0567043764834378
0.0337778946199096
-0.00201803926990249
-0.0996308883230973
5.86126309963153e-05
-0.193445900255126
-0.177369831573188
-0.108052342316525
-0.104608095806086
-0.0242274407951073
-0.18193849389396
-0.0837146049338412
-0.123820670573691
-0.00397143231387471
-0.185411294109426
-0.174945000895949
-0.159010243907147
-0.0641353562095465
-0.0877235079346365
-0.0267086247706725
-0.186603587077423
-0.192225524602572
-0.131073008129476
-0.0306709520181739
-0.164678097472041
-0.193896940880124
-0.173553533646638
0.0334764882140287
-0.0776388621800583
-0.0686585508633536
-0.133385996458889
-0.158158489305472
-0.163703113717418
-0.155628270456108
-0.212925315766709
-0.110950949264835
-0.0624359976803571
-0.116984468316289
0.106835575719472
0.0125451635732849
-0.146526558941064
-0.0989093509878516
-0.133640763577631
-0.0137913321879363
-0.100254012001306
-0.179536266236707
0.090695577085893
0.120519399346345
0.0687647196361689
0.0224219160350877
-0.174771869730004
-0.0751664978970604
-0.0350307333815676
-0.0512527162946068
-0.00227213266501492
0.0580404503589155
0.0454750903639416
-0.152782416280952
-0.177114544974008
0.101208060422759
-0.0825421370392905
-0.00266330886384983
0.0368375927163643
-0.0964903228562499
0.0649548811210915
0.0394852253290729
0.0128940861493243
0.0470338915802899
-0.110233369557438
-0.193849504590062
0.095472611917453
-0.11395505226669
-0.021361737420151
-0.0201074900527981
0.0658533999229549
-0.114419314661202
0.0159917275912697
0.192653947351216
-0.044618847890459
0.0611941518907732
0.129398826764792
0.0803952437556258
-0.00897460140910574
0.12777931183894
0.00953093225208766
0.0564567423501737
-0.00507862377841277
0.194306715742317
0.133456933801411
0.114372298569634
0.060842019294779
0.0965680623595594
0.101535114086749
0.0463849553840743
0.0312348232545932
0.1170559237156
0.0549548331455138
0.119137352270671
0.0272616096284702
0.0324983770265564
0.0944394736316612
-0.00947421962921089
-0.0211089919259999
0.155289457947065
0.0859503696920964
0.030191810782659
-0.0546738099996799
-0.020364201178639
0.193138417178089
-0.0081888282329698
0.124368770680783
0.0134830444444167
0.0364138566524627
0.0879871702461757
0.0177153257264531
0.179054647140226
0.108076945268074
0.239681084614085
0.0507137648692632
0.190241395119853
0.0310985681220374
0.146939845982308
0.0320481794841703
-0.110617623856098
0.128454397952519
0.0864123131350881
0.201214559624181
0.249140730064009
0.235791677438933
0.0180957514270038
0.121495378007346
0.212376576701353
0.155151625111054
0.119487068175084
0.117210366501731
0.0774641891162039
0.163883773395321
0.128452237473653
0.0174644954598433
0.136833471846795
0.178415305321511
0.0907751679097648
0.335492925666087
0.0426155665758062
0.212514872142978
0.196796716237109
0.179386041317773
0.103402853917105
0.237252116310304
0.134505643252985
0.160772059561878
0.297950024533556
0.312153941047537
0.270586680137403
0.124664210978243
0.0914638074579202
0.128242936637581
0.192926463417698
0.12257375918432
0.210118458796495
0.124244234943358
0.307176581255191
0.101099795026284
0.0845236912505805
0.207071879388191
0.182190297158334
0.390791269935997
0.32759490452355
0.197934006639356
0.35790250232021
0.225009395350091
0.220198411332052
0.253661288328198
0.244493060854289
0.22173382256678
0.154492305941471
0.256803250920868
0.297534551931691
0.298809140426516
0.246761877567527
0.341943170156591
0.259030152325041
0.353223757856335
0.216187328708759
0.15296516581019
0.235110083845603
0.283330254364879
0.314822981891884
0.173853850310489
0.350468327050564
0.222023668283894
0.284245042749339
0.285107469942219
0.104837322846877
0.0812738691294409
0.199280807152794
0.383463904413254
0.281963605814893
0.266237860549867
0.29066043473824
0.35870583383287
0.203514437974815
0.108411614025386
0.361921200692512
0.312786067180006
0.205992955627883
0.370867331211599
0.0667100573714447
0.31668449336437
0.188750662449471
0.236463550343153
0.292095820126555
0.266378820652713
0.273567333445779
0.384059364187469
0.312179028839705
0.404688702805358
0.383242286340233
0.452410687408907
0.226832904832324
0.412292999071759
0.278020543725084
0.330720344907443
0.200587904130463
0.390048132889814
0.213794100686951
0.5231757127978
0.450353847389995
0.287342843652238
0.326503789905849
0.373553483610865
0.354976032737611
0.246407879669608
0.26569115492953
0.313762837856584
0.340212727222399
0.396442096218831
0.37853157656125
0.264755529467044
0.468500630511306
0.440785857257614
0.419777120972103
0.475820078901154
0.490671220915687
0.346749925933357
0.400743319322122
0.542939211312186
0.183423452294081
0.36346171600721
0.408003792090891
0.264999391883752
0.281430142172033
0.244403581048718
0.51930307892522
0.387168912929518
0.32113527470486
0.477571023806608
0.402805946618684
0.393283638633121
0.390568114882579
0.432191222587684
0.345703792506089
0.504158903610808
0.41509438014224
0.429289292004527
0.390293234692885
0.439580739390265
0.353723945242327
0.391852162890222
0.462924304443654
0.391794789556531
0.39785076907145
0.417828916181954
0.295527091293271
0.394317215421728
0.405075710558113
0.479225855502028
0.39752323399964
0.466102374720694
0.359879523973852
0.45004882925293
0.432527603024611
0.292162631113366
0.408565194433896
0.566640427638019
0.456995899002413
0.567420884533691
0.6191459858846
0.453545108929254
0.451544550410765
0.346481792814423
0.53858533768134
0.461503483281278
0.351413091150679
0.586201568114831
0.514700904074966
0.475136711852289
0.590066929957222
0.440421191793955
0.545570590827825
0.543525087486225
0.585824508235081
0.437102793145272
0.571242333593529
0.430362160396901
0.55938951002563
0.405042031372765
0.372258045928403
0.461566882407056
0.738743685789268
0.517164608122314
0.493030998199099
0.414081221018032
0.5128773603512
0.56941272748047
0.545460590687409
0.38897113155003
0.580373694341373
0.679897582234838
0.445289946946094
0.441485761489986
0.456170086321501
0.377354885952167
0.529842508987519
0.556646235143294
0.491615467212849
0.515564702698669
0.517895221649335
0.465851810558399
0.436029658005945
0.527930474481199
0.543590836335339
0.593057602768323
0.648955709275769
0.621644230979534
0.358844131325285
0.504411154501392
0.551753927467744
0.597608214724041
0.598622176833078
0.436018395178635
0.551322658872372
0.628167392702668
0.595071775153986
0.56776258048184
0.641712305642764
0.570656324867628
0.527551665264251
0.604059524568701
0.564630697459536
0.65884529321031
0.575573667541286
0.606604352005091
0.368118801066088
0.449471069569697
0.59382784227035
0.546153198119423
0.613814369008054
0.532685796003754
0.573986373700886
0.53750646741833
0.559116855727687
0.600505142580689
0.55666226268044
0.448174301855345
0.828369265571722
0.657669431622729
0.576343705600346
0.608416959567583
0.708247230721294
0.516523604830659
0.702615124991926
0.610605376929839
0.598766671226465
0.581735028178309
0.613901549667958
0.613060492426556
0.636583492826195
0.714789080163027
0.570785619673411
0.747166516713581
0.572387003481913
0.596274905209921
0.695138502308958
0.599025775794252
0.582785357249535
0.769909597149837
0.755290252413248
0.61306274550865
0.643108866362108
0.667861385681337
0.738162181929598
0.718818609587213
0.663488536084247
0.748905001177386
0.761954342323002
0.729174468867621
0.578130866850259
0.595476297657656
0.705471084859408
0.716743438760044
0.734235972668936
0.655945544204232
0.505898163092452
0.631182390348972
0.774831847492846
0.625799321432423
0.73454005194825
0.694742853703051
0.808911575087863
0.669980812841072
0.626253151523113
0.577896147175856
0.77724869330599
0.763043525012405
0.626071536516375
0.665885063260682
0.683709547360497
0.701466789422435
0.724135728956892
0.644294739023375
0.744301463391311
0.600523212125344
0.883780774515616
0.621977840396939
0.541359897408065
0.79124449844997
0.750325987627308
0.771879610816729
0.677288893904365
0.838520764766694
0.710140141920582
0.743736215101703
0.707189717988635
0.747770342985686
0.707411248869141
0.823625646033008
0.889957483905451
0.875717408715389
0.742399900448239
0.652231065164675
0.556923098484943
0.73958560060442
0.721530589211539
0.849565964136794
0.761785504031106
0.695316808614473
0.864482676411152
0.687395539621569
0.863634294648031
0.765492025169867
0.654567490466558
0.85226640787874
0.720777594302702
0.95535309186313
0.756448564405111
0.671613720038237
0.82233750464066
0.821135426428137
0.695918370287699
0.760808762625101
0.73144854151904
0.84550652506734
0.755116973969413
0.811680025229001
0.659270499771275
0.647037233320037
0.868346647207959
0.83996229558803
0.833204679368429
0.854047900314666
0.850003831641464
0.905505256631467
0.817358724165235
0.798243806752907
0.908939387622871
0.965991947663994
0.787374894774632
0.908923670254645
0.677830305820313
0.730985751679557
0.827563504737474
1.01552691327624
0.757595940459752
0.862656334335044
0.812485199728347
0.691082875920556
0.847060649672255
0.907906178149866
0.785682218744309
0.774050798119981
0.870249253335877
0.867834705157778
1.00740751604881
0.880785969066795
0.917708325975276
0.881125475338299
1.00376019151644
0.823088402944821
0.860745544224088
0.945531697476921
0.750690599607105
0.959734581802021
0.925795162930707
0.687477159241851
0.896280475570165
1.02802146465232
0.903702082794785
0.754971496606693
0.951646085383188
0.802678105801332
0.904488117122056
0.885575471910623
0.759931477754218
0.847314219758804
1.06807105020052
0.82499954350112
0.832315603005219
0.978141314699303
0.952918555124248
0.881722079953621
0.953208608603682
0.874775987312079
0.894936713054461
0.918081752922556
1.04112736373686
1.01435238184999
0.841592815425457
0.924097785976075
1.07866635704684
1.05583165996355
1.01832561334658
0.984998563097479
0.947528935420917
0.82833917083936
1.03853807319829
0.971436632287387
0.899595322408465
0.815763369126816
1.00833421613992
0.994772480693228
0.78395373157981
0.771456850857133
0.837967543362179
0.972880773683995
0.837011692531532
0.964665995944655
0.82760989512345
0.977864127261885
1.02596730346592
1.06272028492865
0.990476007680015
1.00280684792089
1.00295487571338
0.992367221304138
1.02878109508394
1.04037921798118
0.970588422735776
1.04639258266987
1.25876848284874
1.15263420118454
1.00620219831508
