"x"
-1.0635024520925
-1.12419241894572
-1.00019100092147
-0.937711367110475
-1.03934636246207
-0.992528997026613
-1.06748938538413
-0.973581951296882
-1.14613211315219
-1.02908495835573
-0.966882054284873
-1.01525016625863
-1.00757561907432
-1.14347813032305
-1.13293178408058
-0.981111415018288
-1.06156144105149
-1.09737609520903
-0.84694310659341
-1.03929524730441
-1.0047424750811
-0.903544778647264
-0.913889137133375
-0.970474346591398
-0.883216347163271
-0.8542549021611
-1.00846007300465
-0.877443504033226
-0.923878289587639
-0.892233919717979
-0.917933096765873
-0.923580324221566
-0.989638054704305
-0.827233707830509
-0.872598670269133
-1.02171203482365
-1.04416848207955
-0.926712998641079
-0.873944984124288
-0.976632119538418
-1.03978462556696
-0.80699575541912
-0.993816163071487
-0.985095696127814
-0.932278027117832
-0.924248161502549
-0.977748369367597
-0.942845985979966
-0.869942566262282
-0.974588824922102
-0.912006723322682
-0.937954847978127
-0.885492774624186
-1.05591279616772
-0.869099166073076
-1.02251720780652
-0.927365591502758
-0.723604129784806
-0.79116440947845
-0.880200785107087
-0.887289275377529
-0.896794469858446
-0.708708174514026
-0.883403258622889
-0.926241722293403
-0.861425881316726
-0.927102126045545
-0.980508957979158
-0.983222630018135
-0.842115958831981
-0.772347745344329
-0.875786938959554
-0.800431740646351
-0.821824638940609
-0.95473729874163
-0.848014277804596
-0.908334709856388
-0.642110669365856
-0.847791252289741
-0.754834977703348
-0.706607104723172
-0.780129501386008
-0.876405870631749
-0.891061627734529
-1.0057609076057
-0.798354331277459
-0.7949066021557
-0.874238293370979
-0.798564208311573
-0.888833433282743
-0.766267020361099
-0.858381839074384
-0.93897476260489
-0.79183886586176
-0.800226186181158
-0.732605654901801
-0.726742162533144
-0.722573208478655
-0.71150709861414
-0.724142307627172
-0.85616512739158
-0.734752726531324
-0.610466344334261
-0.883295572783782
-0.830859974744413
-0.788489171301321
-0.878445320811241
-0.80541888979624
-0.770634105091185
-0.724881590949996
-0.708554349319115
-0.80889311801634
-0.708008115239331
-0.86209263076367
-0.697563788222708
-0.903496564262175
-0.717685648909878
-0.908540054314688
-0.670994886810375
-0.868284304839867
-0.719852079086592
-0.809028723791864
-0.813365557213552
-0.95571123467233
-0.738650078666343
-0.82923683039389
-0.729999164716006
-0.638517250666719
-0.706306753576833
-0.683301434954034
-0.701446801917649
-0.794052823415488
-0.800597920378548
-0.883167935548263
-0.91602265995944
-0.787649284065005
-0.626056135898272
-0.614039439879062
-0.753616234851841
-0.673458064572507
-0.797430557000263
-0.469727336917497
-0.675968115358027
-0.743198283904077
-0.638061823119503
-0.50700760145608
-0.885026019119587
-0.546306986443747
-0.677167471217665
-0.612252375213539
-0.813614704624127
-0.679664607979644
-0.800154810467411
-0.7199129430611
-0.608817972658097
-0.638126064298041
-0.594295072646222
-0.620939596732628
-0.622336066272176
-0.698781162595248
-0.629938412942743
-0.724290566233671
-0.620993411972281
-0.523975522183012
-0.650549702898213
-0.624347040479763
-0.701531612578849
-0.596044163334018
-0.56939847438371
-0.696263307888888
-0.75533145427387
-0.60934052458363
-0.639950949689459
-0.636882793253956
-0.600600550098004
-0.518426828182032
-0.581253047193483
-0.582746887161174
-0.658142311114012
-0.662488113821619
-0.721005496487566
-0.705380351046827
-0.43091319903409
-0.59776611850952
-0.610938157938041
-0.689347366756413
-0.595262423789051
-0.584601398954964
-0.728304508753844
-0.593669583531863
-0.706477844008216
-0.604929839108741
-0.749767543425281
-0.701749655798673
-0.526201018471391
-0.644495005717944
-0.657555635512809
-0.668156567366047
-0.728625300396517
-0.510297696593399
-0.650306917748517
-0.637073579108768
-0.642439172922284
-0.622601365584008
-0.60110096681548
-0.514520646154051
-0.655912619117172
-0.568472423533778
-0.639166870208332
-0.511367888914096
-0.492026357483117
-0.489408573476638
-0.581232105374715
-0.492681291991382
-0.506264865356718
-0.538385364606213
-0.439539116037952
-0.483758714753283
-0.601627844512291
-0.591513566078778
-0.547171389094821
-0.591098177011564
-0.609221043504879
-0.527497401622702
-0.412459606833719
-0.563908015838467
-0.466192244776964
-0.601974676198688
-0.528138703709363
-0.439864441966199
-0.424496163518026
-0.596122133349834
-0.511661722958108
-0.528759527921111
-0.550595460281031
-0.467079787775528
-0.543364755979033
-0.527838922565663
-0.586802467765824
-0.512622331039199
-0.584762696764163
-0.560382033368456
-0.488754359778373
-0.626534871773555
-0.527058077987781
-0.532678964853377
-0.499133048538762
-0.564422864525448
-0.463452021881705
-0.524901569185773
-0.522304398977299
-0.596746232830634
-0.381930030866687
-0.636767509806138
-0.495787219819514
-0.55251700231864
-0.501366589167262
-0.527632203906518
-0.473588273499889
-0.493581421040724
-0.603015870838964
-0.619964489956931
-0.35815604466094
-0.566486248535611
-0.413065585795011
-0.478643803979439
-0.410791539700564
-0.534083607404892
-0.421228173994514
-0.397952022794673
-0.325241431807315
-0.408169739522928
-0.562823640247378
-0.456817110176987
-0.413745099836814
-0.347922407893301
-0.451936762257413
-0.502732502134447
-0.518530380742908
-0.430520472214532
-0.462737356705159
-0.520687485106076
-0.336112625123845
-0.40914362523234
-0.431662685497049
-0.368722255810708
-0.383732162445015
-0.3401462067628
-0.312236086656601
-0.342123618793695
-0.45053424477368
-0.265495884246617
-0.303485185794588
-0.529548185840947
-0.36152887179113
-0.394626366031861
-0.450285888919184
-0.224925333963091
-0.446875452589542
-0.417881196571236
-0.436902455625192
-0.383083559189938
-0.363602928783278
-0.502032717936261
-0.324398023640283
-0.380994484393489
-0.379294524452957
-0.462694434636592
-0.468851092351312
-0.353902795616994
-0.424349265792604
-0.313651541610071
-0.286602294497403
-0.414637432605656
-0.328072769630075
-0.329972669171227
-0.426296787755995
-0.191536696669427
-0.453137430149328
-0.242234942045399
-0.374086569805504
-0.408025184281089
-0.410712148122584
-0.412721331632283
-0.358213177285966
-0.459463410201209
-0.151518159235127
-0.341257753359642
-0.342384747062736
-0.156368221486431
-0.342700435636562
-0.265590421624263
-0.373920415583813
-0.302719998795504
-0.355460595134649
-0.436221007162737
-0.345947117756448
-0.393785960053395
-0.404646090138848
-0.228117757850762
-0.322443521918508
-0.360238058469111
-0.221901406632932
-0.446213523394149
-0.369023960127244
-0.247013712369009
-0.361085314694363
-0.486462132936779
-0.427056323080247
-0.2197227525909
-0.308793390406029
-0.275575493373009
-0.218085371851181
-0.252862683042315
-0.2239655343848
-0.256642958002156
-0.341442381479819
-0.282792197198435
-0.419158777383602
-0.228520936438571
-0.390251023816875
-0.383895706251508
-0.278574233434225
-0.295444734091406
-0.171044544438059
-0.420139949984483
-0.301635162592111
-0.306582961647443
-0.182431269800511
-0.193904406326464
-0.232268629293895
-0.310770354289732
-0.275356872850563
-0.411333186091292
-0.267002701576967
-0.198592934786082
-0.303211791353993
-0.287452475303054
-0.314978040196893
-0.375605386891612
-0.278872693953478
-0.248903066849035
-0.364225214728988
-0.252740014332904
-0.336603982662898
-0.320843683831633
-0.392541504223467
-0.176226916017561
-0.221123722648352
-0.225793169878895
-0.184469638152597
-0.170786474770929
-0.261548347429732
-0.0549409314127794
-0.378880520096948
-0.225397478748333
-0.221723963150838
-0.135550398288055
-0.265084762618785
-0.310679335527235
-0.233296979088082
-0.110943699181518
-0.203098646771592
-0.284613372033827
-0.348663445563361
-0.0459884352176051
-0.0701734907641928
-0.351645333191583
-0.226649469680517
-0.241985460166862
-0.266487605396116
-0.0511961169575074
-0.147706919357215
-0.251334816460419
-0.217817216258669
-0.152040554481744
-0.233636782446115
-0.181886767340072
-0.0783128334296866
-0.156648057976949
-0.0966045915026959
-0.183249702972833
-0.148921075995749
-0.190284968607484
-0.200819784167494
-0.0669907624796055
-0.0771668415573124
-0.181445269623846
-0.0858359396314771
-0.00960610023487614
-0.0969683648927734
-0.0774120004602128
-0.256172889514779
-0.167476073632573
-0.0555557541239116
-0.0409991043201107
-0.100042419666287
-0.0587902026574461
0.0611347147214561
0.0222421706017189
-0.217992154280672
-0.130971562237019
-0.0687567645049092
0.0882576346877685
-0.13485050168177
-0.0528764235463616
-0.165025076698613
-0.0656444740865103
-0.0768865530294628
-0.279844720044411
-0.125178935930713
-0.105571993256946
-0.129709321362371
-0.21313075366389
-0.00901021347198872
-0.0858412577115581
-0.036514566991054
-0.035603279514955
-0.0479584052788502
-0.13694265867753
-0.101876619548948
-0.0406117103900706
-0.0322822897743711
-0.0211459657290895
-0.198869686718077
-0.11089825944472
-0.0576326909796653
-0.164324157421588
-0.137804088765266
-0.172604792791783
-0.0803048470537785
0.164017394109761
0.0947071649876155
-0.0986965029935517
-0.0153346401927249
-0.0334889441884871
0.0291250372874057
0.117000517053056
-0.00622545385120011
-0.0633413666233807
0.0392132742546609
0.0902740634308161
0.00863403329253162
-0.0167397756022768
-0.0407724991251101
0.000134247172470954
0.0363225658978392
-0.100648978740002
-0.0725442669898381
-0.0104351570692294
0.00239451229354413
0.0163579308427767
-0.123082936401122
0.102681168196605
-0.0383528953432717
0.0561747649275908
-0.0139564137720951
0.0296158592644777
-0.0853264654431303
-0.0290522324002318
0.00107793674678026
0.135664423072537
0.0321637827538155
-0.050651129579748
-0.124184971173812
0.195764501363217
-0.0366591399415674
-0.0356884855698459
0.0849039226165055
0.147735345305383
-0.0318455164681244
-0.0151616269577407
-0.0787199335684174
0.00173908365094757
0.145080522913743
0.030162331708231
0.142591073349864
0.0431335862812571
-0.0344270959118346
0.213273716656268
0.124531794674398
-0.0380409665599763
-0.0947375573377808
-0.0317885801040292
-0.0696228258083866
0.0420894221498143
0.101660725737105
0.190865186499745
0.13926512586264
0.0453899477293386
0.0531209603608661
0.0596704582591972
0.0203663932072701
0.113677475878296
0.344636287808072
0.102269301437901
0.0753925353930287
-0.0204051867367991
0.0628828443346037
0.0680377937402102
0.129185695936673
0.152221389817541
-0.0211649876858005
0.0637702393322383
0.202410275502242
0.0876957576169048
-0.0045668035981743
0.114298726628537
0.038913906097169
0.11508521226164
0.0859105139570561
0.1029448244844
0.145236021808693
0.0806292149527729
0.0601443520703653
0.0952836207904647
0.0360189522737154
0.127474792040131
0.135999420949956
0.133923602670463
0.209230969142242
-0.0580077236345017
0.0750382366379865
0.173285160398007
0.235682506804204
0.0324927557521448
0.0408563974372932
0.183864559349556
0.00258752040648472
0.189644226489296
0.0189606082556204
0.261071064093758
0.197495278393463
0.126954083547496
0.125583201552794
0.0864643199791475
0.263968940492082
0.0744888252766631
0.240041023723816
0.00873200148567812
0.254732085333666
0.23096061486638
0.139582441919775
0.0812066050048718
0.361316724165695
0.229451460084559
0.245190574994818
0.182612295904292
0.0765625914415586
0.05084498519592
0.113556662851697
0.0184606110528574
0.254800910894416
0.287486856830437
-0.0411146518216966
0.272706824047694
0.296617437366944
0.221903407831708
0.2177422634743
0.194839482333023
0.123824233197751
0.166108143459103
0.285388759200262
0.105154079368114
0.309504162969147
0.299028480183797
0.164737488244656
0.226560017305796
0.242903936203403
0.264484934841364
0.296206101635523
0.0754037102694975
0.222434948794648
0.276396038975541
0.243568224633127
0.385100083965969
0.267995491390365
0.219212082998361
0.26893589803269
0.237407422843676
0.122297849579369
0.258884001517762
0.312173793132479
0.0817093966773214
0.228215422603658
0.249843848143318
0.384110563778594
0.155922197820037
0.381134039597599
0.373035473041557
0.272316835781136
0.159759646451016
0.283648968115136
0.266753653521319
0.341094871003234
0.198396434063087
0.388300968660799
0.443166070479987
0.29382270594291
0.269717359336412
0.259856549525285
0.21141561278845
0.409839339596889
0.451008184287879
0.334703046267936
0.189195574547702
0.124316084687496
0.450912318737938
0.304577107438735
0.209735342208619
0.342874217419448
0.269591187157064
0.408925782299782
0.275575647813765
0.273473733863858
0.251454560339227
0.245601839410709
0.38781351475063
0.301644460410334
0.479646269554603
0.284559976347956
0.36451669191734
0.356699046426139
0.389905348513847
0.3196521087742
0.242888486184034
0.408952871605285
0.325693470396476
0.440957003698979
0.301483099165787
0.446606641072775
0.344325974125921
0.282700917112709
0.3549820755646
0.472405192301066
0.440473933877586
0.405098384711047
0.366747276262948
0.348261199214641
0.311241321416332
0.161805644113986
0.438281127427336
0.218360780401627
0.226564968528094
0.424438653026991
0.434100142832992
0.416196989030708
0.359261884400098
0.334344681150197
0.340865749943166
0.340314396289052
0.377479783287139
0.354294137849876
0.345863480303802
0.365828811873773
0.321095343813548
0.282765051508588
0.372127116392492
0.457209726872093
0.374945977569701
0.432104785484545
0.32510639959242
0.357657487100331
0.308331598399103
0.235412122512697
0.571378114331942
0.465471488914567
0.3200790098402
0.421006072386449
0.511871165333906
0.421887315203551
0.461522296379914
0.32835240344006
0.339102804478032
0.407469747379031
0.361379647756182
0.30753526383647
0.399928982201026
0.307162779868851
0.437924250077852
0.510336872943041
0.482580680754211
0.466338701168205
0.482906392805171
0.53063012640218
0.446211057558062
0.518098689093405
0.401585517494704
0.645453023635138
0.365887685387317
0.544524545958723
0.433072481048853
0.433867195299641
0.516914304279016
0.418460432176099
0.547903157924963
0.525314004341699
0.334628617398935
0.38189713206701
0.430447232039526
0.406654105699841
0.589814793677739
0.643028328234227
0.679338875784057
0.450056084085314
0.493759700529388
0.589562035563564
0.492347152344237
0.430525148325651
0.476296569575105
0.452231334470305
0.542877766582864
0.49260836295426
0.631575370589198
0.340455469730351
0.601274616115932
0.56430480082093
0.45523163190622
0.639552446636705
0.559599545091603
0.600363704988789
0.636570004561127
0.525248085558127
0.450793877844196
0.477009169160231
0.594217499736104
0.481628753158693
0.492425926962549
0.598270245268854
0.564590035839402
0.520443169384901
0.560306025253399
0.492062453564884
0.73964329737278
0.705665713662489
0.386156083208132
0.450669916181288
0.578663584088185
0.56684600180475
0.488520038298844
0.372784700812622
0.459504763268438
0.541293076782841
0.585066262414765
0.611196214294619
0.432184936044991
0.677429222889103
0.64633874431428
0.572724712057544
0.569981724372743
0.68651335169989
0.442867423933739
0.365343278469912
0.546287052224682
0.531915538008073
0.541826543494784
0.480357007353252
0.447244569297119
0.574399283063369
0.582044301015887
0.8410531383187
0.674767358160407
0.587926174635785
0.618638368519193
0.703711496922791
0.621690924710223
0.668419893116352
0.663207787098129
0.569989287979183
0.582696758775213
0.563151413728296
0.680117093157092
0.514316431231104
0.689293989933662
0.706920722966409
0.69998026141382
0.751366081125784
0.590260925946144
0.701163788338141
0.627974443519333
0.671648730968206
0.581702405776558
0.74276946941916
0.824350337339141
0.831866928056746
0.653775810066731
0.616117415800623
0.666209124916229
0.795645759335184
0.657641680680902
0.715245593780141
0.705819490910258
0.668722289707289
0.54950001813131
0.592464167515465
0.637681912414858
0.577064607298919
0.785445668085322
0.603576374116124
0.614973360343319
0.46485552871638
0.61831656949513
0.655633062547744
0.532565417773747
0.675459843937382
0.635532949055387
0.735648763663313
0.620838300822953
0.718969332283905
0.672689223308444
0.544373132404616
0.620070465662102
0.736627558326323
0.78185929924681
0.801596814847019
0.732305658759764
0.719051046794455
0.785829136146877
0.647974058779452
0.600577625000452
0.758531594970442
0.728980590851038
0.73081627249211
0.764481552387526
0.801800564099645
0.673723936786328
0.800763809322516
0.811576295113646
0.678257304088223
0.643513556188064
0.650506996775381
0.708016054495067
0.849584493165138
0.852492362049686
0.593266213458506
0.710926424321061
0.870186526252225
0.782938894774223
0.806845794741064
0.664371633792702
0.862831725390759
0.79829967142673
0.80523803371981
0.76979063504849
0.784464293556161
0.900688576895771
0.650924907664036
0.856994483532437
0.797499413419011
0.776086052517831
0.723679913380374
0.788130535562188
0.878609218865488
0.807346138729769
0.792310932765534
0.768649235666493
0.769715443774413
0.742362967662674
0.767985437865859
0.846593746825167
0.716181243208791
0.578933161173372
0.962166692045675
0.703191214485785
0.904833161252275
0.861287850968921
0.859541058634235
0.715792981420753
0.837241712017003
0.89457449327506
0.726575953264824
0.810296262415356
0.826567973107561
0.889212898544352
1.00884441397755
0.847910948263897
0.659349733801897
0.742156326502364
0.786239678920561
0.885938747373549
0.784917315708338
0.840746145971373
0.859227693460753
0.82454083464239
0.705758342386213
0.880987085301932
0.822389463855027
0.973484928425606
0.892008399687659
0.727091091584928
0.958238291180109
0.830111391159455
0.825284210424354
0.737882625125552
0.831916231133903
0.781166567505393
0.847276975539387
0.916078442593516
0.880169269245681
1.04656801460899
0.851150519421563
0.866050113858798
0.663632263813087
0.95383592855368
0.967841293116282
0.938049104514435
0.853230995375681
0.932628266805253
0.848079417376295
0.812985306403375
0.837114832708244
1.01939013533821
0.938474500549977
0.860555312905973
0.909487067791755
0.882403014628791
0.925728455893792
0.940227691398938
0.935294691530687
1.01790997800422
0.997076993446031
0.891803317244148
0.796776462368366
0.820403571218879
0.909978266269574
1.01651460433442
0.929935324193863
1.02485571953521
1.02435596966352
1.0175843403266
0.894145911685932
0.829199300506915
0.896094371236062
1.00899660710111
0.85123201885803
0.910699909347569
0.957224433852442
0.930307851020533
0.831516489144221
1.08068658800291
0.911182348080469
0.760382218612455
0.892360233826294
0.898993317669462
1.00287366682551
1.02099367617686
1.06512875024632
0.963537241400683
1.06340252547617
1.08354956592143
0.976559818610024
1.0682259069905
0.981833969475419
1.08034477901044
0.978663389505668
1.04259525035804
1.02456966818289
0.917561334238019
0.975964131326314
1.13079283751939
