"x"
-1.03007438601051
-1.11186785319145
-1.0145065476109
-0.940070477710555
-1.04781277795645
-0.993791383858457
-1.09073270184547
-0.965662891708715
-1.14471323338472
-1.03791034229849
-0.957995357613642
-1.01785686077976
-1.0077324922994
-1.13278935992616
-1.12745467474473
-0.99894175116014
-1.0579967119997
-1.1105892189514
-0.847311300189375
-1.04429471182936
-1.0066913232286
-0.881548725002906
-0.92013938561817
-0.961560364369759
-0.889464994184292
-0.863722264876418
-1.00231712367046
-0.852556020777192
-0.924529099652183
-0.896908015136407
-0.920394707876868
-0.922147225776384
-0.997305527943359
-0.82368980699615
-0.856669891945509
-1.0535512923478
-1.03275167309462
-0.939927167352197
-0.89368240396987
-0.982439972450631
-1.0552620056099
-0.783117200717403
-0.974614969451623
-0.978021006918795
-0.955584330597084
-0.926429617457415
-0.97283500663297
-0.93353465900281
-0.872051126714294
-0.979384141973874
-0.914559943501824
-0.947125378011844
-0.870647889798192
-1.06861994140904
-0.897283169253207
-1.00893268495367
-0.925292606442334
-0.725767608797848
-0.791397295767967
-0.894823848483247
-0.885082379957661
-0.883401414673763
-0.729465394052384
-0.889429979396928
-0.929057398650664
-0.857661204561959
-0.933268006835259
-0.973548566804092
-0.981245717622059
-0.84334441671813
-0.78213607023527
-0.883035904772281
-0.838919129422159
-0.814968077248179
-0.977137421851513
-0.851996581024776
-0.887116031698594
-0.655056644315648
-0.853985149056448
-0.738941872139393
-0.707160923139648
-0.749166397114216
-0.858764903326924
-0.900161429080365
-1.00911223401432
-0.806894119044094
-0.791645958369323
-0.893795678629208
-0.788273942052595
-0.87879994122901
-0.771012950405304
-0.867025164182816
-0.940136833972439
-0.792324240408272
-0.791684739862917
-0.722139620048994
-0.727833566825284
-0.725099384342276
-0.707955129002714
-0.727862691924191
-0.835120338780151
-0.735331827055424
-0.617174083096859
-0.865561490173243
-0.818092754280278
-0.797424516987272
-0.868822535101226
-0.793521446368538
-0.775187951587573
-0.707747231015103
-0.7122840971007
-0.795753229762965
-0.697802502137313
-0.875162941122227
-0.703138698465291
-0.904590372297967
-0.719713889238449
-0.895752739117355
-0.660415970196177
-0.895208905536236
-0.729093008498784
-0.8015955569572
-0.833646344159284
-0.971429707730849
-0.750471706698304
-0.847165477440853
-0.722202613463412
-0.626386887030657
-0.721703687045409
-0.68814540814337
-0.705431999859154
-0.803378340637922
-0.819146607567103
-0.892257884434365
-0.905219694875732
-0.80652884047234
-0.637191179881352
-0.627305142817951
-0.739616619437241
-0.686209580025573
-0.790837907026781
-0.463194307490412
-0.679242275518143
-0.76298971570035
-0.640422868989563
-0.510337794090264
-0.874869968326083
-0.531410331419785
-0.674715232287549
-0.607326072625909
-0.796735463007677
-0.675933822176733
-0.801545688453962
-0.730578868304988
-0.598857466204521
-0.648853972728206
-0.596262074412997
-0.627549904146393
-0.628820412622243
-0.695064215441748
-0.597615054347767
-0.707574894684301
-0.600504776235179
-0.518812248124138
-0.644701329083244
-0.614371936747991
-0.706875495619124
-0.587142945591458
-0.568767465085649
-0.716486332570524
-0.752579316681299
-0.603693743030369
-0.636520218658032
-0.642651794306811
-0.592349199825869
-0.502038727053258
-0.581441068779219
-0.5928363419333
-0.654633559001288
-0.677456468703633
-0.71826102562844
-0.710830929485924
-0.445115398625258
-0.604828818198588
-0.635286710278724
-0.688698863883344
-0.605761434804328
-0.581862652756901
-0.754059854395503
-0.586790342519187
-0.708674547929775
-0.606198719766882
-0.743954584664256
-0.700431386642345
-0.5045847010361
-0.651382252241569
-0.63419786223193
-0.686341952518749
-0.725243985329668
-0.51439204369485
-0.666273386610862
-0.624705225770372
-0.639754574214778
-0.615026568034758
-0.590982562557832
-0.504126460660324
-0.647053302644862
-0.577780661250784
-0.646774896653921
-0.492414890541929
-0.488247745742834
-0.487763421893717
-0.565623750147085
-0.485447906323805
-0.509276528331
-0.527091192998376
-0.4754914905979
-0.496854212669172
-0.577003448240812
-0.600179106505986
-0.562209274365934
-0.592723411670615
-0.622644250230406
-0.535659538718773
-0.409801105541238
-0.587303566495569
-0.491552022632588
-0.587987980085993
-0.510712877906872
-0.482367984490814
-0.442548475974736
-0.602218595467357
-0.515352644914929
-0.533916180734797
-0.543427787414744
-0.47357131760562
-0.537115443648807
-0.532763696893332
-0.580356959577239
-0.536782416711408
-0.584437848002934
-0.575599311872302
-0.4513908053413
-0.62908227302165
-0.528201669274219
-0.5280182594656
-0.518307881269992
-0.57769252319675
-0.490304732455894
-0.520220635834778
-0.51954025319332
-0.582898805772637
-0.395106811194558
-0.629804320194398
-0.460188958668284
-0.565721089577652
-0.500682960004685
-0.529358708170567
-0.467578208124465
-0.489707769088792
-0.613942562818005
-0.611596700956792
-0.366188961623312
-0.563511824815648
-0.407838270967449
-0.492837456654366
-0.41564308877766
-0.509767933968142
-0.403025935299461
-0.406550330741728
-0.335722069708837
-0.448215787829797
-0.564669687750336
-0.453719370274364
-0.438146870441535
-0.336691195467051
-0.450465314021736
-0.500241687211702
-0.528197693704259
-0.4407688240669
-0.465310141757861
-0.531829470740505
-0.327820904996873
-0.427540565909067
-0.433882544723966
-0.370807374628091
-0.381908476014014
-0.321430198790246
-0.328625716211073
-0.349454958134233
-0.437997275067201
-0.265867538435686
-0.318877718930465
-0.513950475687996
-0.36041838134457
-0.391874409486955
-0.457833372137751
-0.233673554048143
-0.442911056993635
-0.418932028071025
-0.428402274647996
-0.372657890985352
-0.3665621806434
-0.485552567694951
-0.307841197140607
-0.38636366959496
-0.364316364451193
-0.474559754484684
-0.457348097246428
-0.36370114464528
-0.434444743811835
-0.295185051776871
-0.294146492649378
-0.409341993616467
-0.309645322515238
-0.334896951236608
-0.431360537545561
-0.18417256022585
-0.443336042154728
-0.262697856254619
-0.390458245467516
-0.422258805100137
-0.397201838847446
-0.406784775063773
-0.367883447424932
-0.462376687176204
-0.158149477771134
-0.331253415115893
-0.350052665918887
-0.161267969778618
-0.321371616701408
-0.271075290494687
-0.373812215445159
-0.321463115591221
-0.34810056942122
-0.440820856864571
-0.339891351831419
-0.403385276050731
-0.399777777825095
-0.21795513637421
-0.326134059194105
-0.348890719005309
-0.246924811368075
-0.429404442187292
-0.368652090170486
-0.23040612973506
-0.36071186592776
-0.475385379837181
-0.443102224395286
-0.213109688018092
-0.279959528727518
-0.285608769918871
-0.210599217378731
-0.268755090977938
-0.211678746512981
-0.240627748104731
-0.317738561381745
-0.27695219857816
-0.430620095164068
-0.229330217005913
-0.36133555467407
-0.384075666194878
-0.285367419335143
-0.285181964853588
-0.179598534923524
-0.410494098630031
-0.281295753105199
-0.325631009664019
-0.166849919788793
-0.191793631656614
-0.23699926953173
-0.306645434577563
-0.283966568660447
-0.384706240509706
-0.246990392544968
-0.221084657243558
-0.313880229480523
-0.250655468549187
-0.31155743250897
-0.370904858546205
-0.295496936928703
-0.214171596858431
-0.358760529393829
-0.220781171750712
-0.353120440336325
-0.322215411203709
-0.381372535546084
-0.166503824871621
-0.218562224268648
-0.202568819016852
-0.187262237924625
-0.181256864064206
-0.275673862739029
-0.0703829612318966
-0.347435101374571
-0.212660506744657
-0.194609172016783
-0.138811715856383
-0.277724131504702
-0.313053742538232
-0.236256063779633
-0.104480594098289
-0.214943336346525
-0.289663787258467
-0.351007794684626
-0.0468794887230526
-0.0718563153462391
-0.365623740847403
-0.22592335516756
-0.223326706633822
-0.281651293542424
-0.0354745539311738
-0.153624744369912
-0.238690285996813
-0.202292760295716
-0.145078219197959
-0.2296629554622
-0.170208408278473
-0.0808387271610199
-0.164400451321691
-0.0993481843597795
-0.200470601490962
-0.147484048498921
-0.207555540438139
-0.208635749889287
-0.0680776081202046
-0.0898159548797753
-0.163124551737853
-0.0742851500546211
-0.00460483514437545
-0.0794991758861711
-0.0647418922453617
-0.245906756477987
-0.161162772729278
-0.0825935176780767
-0.0546833239691062
-0.0744179214714547
-0.0546035601971182
0.0797972009593187
0.0176192097492221
-0.231407881603844
-0.121293541428581
-0.0590812817202979
0.0799678243339233
-0.130378396699075
-0.0395361991247302
-0.161410424779862
-0.0497501354009488
-0.0596450793646686
-0.277605939929184
-0.123734503370746
-0.140369879492683
-0.121817978525811
-0.235662280257898
-0.011800626653488
-0.102184653769838
-0.0360798452240227
-0.042480809392449
-0.0471234532554859
-0.107936330055542
-0.0816379269711127
-0.017753964357197
-0.0343145559065087
-0.0349488284623409
-0.197753400719995
-0.11378425168139
-0.0424632370050771
-0.147669967186947
-0.149308851951164
-0.143973301902619
-0.0645560533548904
0.160018760763555
0.0816911587731428
-0.0985932067177543
-0.00827661327387504
-0.0317503463493703
0.0432253022140113
0.1142351040369
-0.0236381667512659
-0.0608286056826969
0.0245760150125428
0.101794966780859
-0.00976286506360831
0.0132481891815218
-0.0293455469711554
0.0256636791627746
0.0508987208529409
-0.096812623079537
-0.0527007873530757
0.000936747650071839
-0.00649839541119544
0.0237522287903075
-0.134382833810163
0.115303113987086
-0.0325870521319169
0.0686885536524838
0.00393086053087809
0.029325657428314
-0.0757785041339017
-0.0433913699008236
0.011277150554018
0.132844354664507
0.0584947196394786
-0.0560602842228507
-0.11164099081126
0.205411546848678
-0.0171466050593883
-0.0416011951469254
0.077246990551438
0.156506599877996
-0.0204850179268148
-0.0313626082424665
-0.0758625932462148
-0.00590904358583276
0.122699221138814
0.0497962054159305
0.147639463896976
0.0511567679041393
-0.0261129541331067
0.218637759758099
0.124566703573227
-0.0393536779219275
-0.0699209665950458
-0.0506967400799065
-0.0758218274099032
0.0501186027555906
0.0895574348538329
0.200706239914764
0.148307259522415
0.0556703384515777
0.0602429038638145
0.0573406856309069
0.0289347827346019
0.12128501947805
0.347533657734868
0.115616182506124
0.0642132597924567
-0.0248227244766505
0.0999359797929188
0.0918329886256185
0.111735708474534
0.155792643691178
-0.022407915839203
0.0888485338207651
0.189949088428619
0.0815748863964293
-0.00709646393632597
0.120376345270513
0.0198520142521321
0.106499414322245
0.102892104466734
0.0850586782076029
0.155929224218182
0.0603987991359934
0.0543478797447287
0.10303115291629
0.0412198593614874
0.12681315961385
0.131231448646178
0.110474413519661
0.196707399583256
-0.0528893024396307
0.0867771541967169
0.174442729419586
0.232589974832998
0.0352549969513801
0.029058486615356
0.177726496814864
-0.0129788345333147
0.216072396638089
0.0246737675205783
0.254527023422044
0.175876945796736
0.127579217574373
0.121200044098152
0.0936282470466793
0.257392808395946
0.0656861200249858
0.235196819340335
0.0295408679704308
0.244263078104845
0.224323418567008
0.108362084932419
0.0837566220830821
0.337679287967742
0.22024733237749
0.236915591307263
0.198201173875157
0.082714154228413
0.0691224324129855
0.122383841668453
0.0316210989830973
0.266153092986006
0.30172469944531
-0.0390636422409755
0.253010004528492
0.311040250454468
0.248014009471142
0.231827954903911
0.195631644219703
0.143215038061313
0.190831562474145
0.298982386458767
0.0848908686362757
0.313100526685639
0.286048442304535
0.181787178704428
0.224484755032225
0.241753812788665
0.274093965060712
0.285164200408056
0.0808639798076481
0.214621280345792
0.263380065946389
0.252814223782719
0.385442399225724
0.267635440403059
0.230873143568558
0.298028506506748
0.235775244044221
0.151653209396934
0.24645431945177
0.296981930940774
0.0669067832867642
0.20879228305177
0.233606045503704
0.388431978142572
0.155631187873404
0.372789340286656
0.363971703788745
0.265451158387768
0.157925007154355
0.291260565895081
0.252892506647314
0.333688182962376
0.193932048200311
0.395676012517233
0.423432743576301
0.274091625711145
0.239889919566135
0.271056633261069
0.216553358447342
0.402451924185073
0.467834954747875
0.339625644503863
0.201240637807567
0.131451353924439
0.437397185474003
0.305913836973719
0.220708616864937
0.331413098207086
0.268592241370801
0.409948983655429
0.277123934683832
0.267162419543515
0.25673434197032
0.243773755656605
0.369813986926597
0.301386657100767
0.482666231235056
0.288833718091175
0.377965218082229
0.36998714383015
0.367003983319529
0.283840577662399
0.272646670716175
0.405413216384082
0.325652269043977
0.46231802740603
0.3036445619228
0.442128319090626
0.35079227759408
0.272951893142869
0.372120524938012
0.452692733083659
0.459180415408335
0.402460837570716
0.369267963625591
0.342959356190059
0.311132049939701
0.176075483949367
0.425799263911387
0.194916044719312
0.193426355837792
0.42035567461249
0.446035941730223
0.418106172862598
0.353049646160413
0.35738804748953
0.341420351931173
0.3685954480669
0.375895076836522
0.353330536865771
0.343155601941713
0.372442786918731
0.328117530275184
0.292946589710979
0.370607219777018
0.435192184166886
0.357374249929062
0.441737962576721
0.329925683899877
0.360916118918716
0.315206321607584
0.228795202569343
0.546195148730344
0.467450003744096
0.33635705153331
0.423787161579267
0.520182540431379
0.433243184120736
0.466606404222393
0.337820384219269
0.344984796043841
0.416017931090217
0.37564974949536
0.300764790585195
0.414132184366835
0.295403336049857
0.42530771407568
0.499277611894145
0.475282949701484
0.480100432758217
0.465065081689521
0.544923655672429
0.475378647591891
0.491233556586082
0.399121613632373
0.638309831973988
0.356188793821313
0.536614722978627
0.422161185060318
0.423874203996415
0.489802815640974
0.421810042597984
0.557469663322546
0.517150110400228
0.309741621727559
0.386344708609933
0.415401822444784
0.382319895383592
0.584379738630346
0.623064533929152
0.674587032440987
0.456904613098948
0.463711001496506
0.586779748306445
0.498374491720579
0.420784984010744
0.479374529044007
0.460700934302677
0.521298864864921
0.49529681144626
0.639417395635244
0.365804283887562
0.600217432505596
0.576764884206944
0.453131506159665
0.63607402332828
0.569828411329196
0.577716731916113
0.650082903582351
0.549059861190055
0.449919433461936
0.473725952674803
0.596148343857265
0.497960117235892
0.486764529989137
0.607365880129046
0.566598484429358
0.500243884512226
0.575131285065745
0.502261137390689
0.738694029629166
0.703648137695643
0.395499446249591
0.463325123225253
0.568247069535822
0.563874274743093
0.474239715352238
0.37304941515218
0.479690202749161
0.540627190794366
0.572818632467049
0.612479237143108
0.439029079080822
0.691955729006072
0.645489978106021
0.590179280368785
0.553761107991197
0.700594006135985
0.429981393656646
0.365336725887658
0.534906604104385
0.513095558500487
0.537073577596548
0.472849699372987
0.43572301411962
0.56525825772021
0.56496831423283
0.838229779863855
0.676626299276117
0.579231057405835
0.632196233580393
0.709852930355563
0.632215661593194
0.667144527988112
0.639938612324383
0.569629846005391
0.575665067372076
0.5438501556018
0.684168990358829
0.491246363985031
0.667311230677014
0.70262395818325
0.694950812890408
0.749010643416674
0.586846954917591
0.677323933553713
0.624379252487279
0.670198561829858
0.59867639323454
0.732347019104774
0.836948691581714
0.82565720556426
0.656400670094965
0.613816035278926
0.656492089131443
0.799934235805962
0.652258050119057
0.722049597506868
0.70857538436303
0.659656600778152
0.570092399853565
0.611845992490235
0.637184267898558
0.567230051216346
0.803909602640946
0.582372047946821
0.641460909428652
0.467313688105472
0.607998854378427
0.669215924983197
0.52960846321169
0.667509533003758
0.649549322404098
0.734518437456367
0.635913652644216
0.720193085939814
0.651449795847853
0.528669794573499
0.605522864015432
0.720634920201373
0.784758485370837
0.824463179350392
0.726753742040107
0.725042947660572
0.769982265657865
0.646497618832337
0.612329875978357
0.780959835005754
0.730944683814394
0.729880216051871
0.767981093650542
0.813959123023136
0.671381269021647
0.798413823824573
0.808941044632169
0.667956060669951
0.650930024834755
0.685120130918124
0.709219707055741
0.852995634986066
0.844473690322496
0.594925832040072
0.712500802079544
0.894123127519943
0.775276581823782
0.802362101843266
0.66358510548264
0.854350670461768
0.799613910119959
0.818662434515582
0.742109454908544
0.776175507137545
0.90338214779309
0.659286795113636
0.840148070582101
0.810100297300589
0.796151556443081
0.717689967936654
0.761082269187427
0.870741852210352
0.791116794718587
0.814164101562764
0.782190567074257
0.789123723544952
0.747636623556121
0.773711661982767
0.830431922899461
0.70372316380776
0.585532507004937
0.961489198069575
0.687823551573907
0.884560396001329
0.878246466556814
0.862600057166414
0.709555481991309
0.832772739886307
0.900058295759071
0.756785726205169
0.831514058241268
0.822585307588998
0.898782302736608
1.004493177932
0.847999036099234
0.65222856647595
0.773307003820732
0.819689472667272
0.913833254435707
0.781115466620629
0.833781139128889
0.868526360880131
0.833199891037884
0.714696232936373
0.882121121594573
0.834953329544884
0.955410583430689
0.913520025687385
0.734406557688409
0.958277701766921
0.84749858992494
0.851430271066167
0.727225104192793
0.852846360311667
0.799286595035208
0.859939033608074
0.94310361163805
0.874181534870311
1.05499990641553
0.861304637560273
0.884326120020285
0.670412373905472
0.978885617622886
0.952268354065274
0.943889732624561
0.836782760478929
0.925063670283781
0.863236718702325
0.826200555506873
0.839311378409807
1.04281679560657
0.967187902387575
0.8698111905862
0.915881968651425
0.885273127313355
0.896724881757404
0.941699600280639
0.938785929696956
1.01914628071899
1.00881260751951
0.920716792891015
0.801139763083371
0.845052681780926
0.887863872761686
1.00973089927843
0.912109018554974
1.0099354745893
1.02360687128878
1.018112727702
0.899920670732554
0.851017926539017
0.890257575627172
1.00966478488908
0.842868099328931
0.903307552937342
0.96948905492796
0.914731938830413
0.837052031512756
1.06260002014657
0.924725075201023
0.786390697759769
0.883159781342277
0.872063524308115
1.0134593982591
1.01812642836445
1.05612563593027
0.948306958896191
1.03713651814294
1.10535019433258
0.983632038855682
1.04401678634615
0.967953239885693
1.08508461586163
0.974379068347253
1.01925075312788
0.995024637073967
0.938054667202676
0.955577649992343
1.13158438783476
