"x"
-0.947230299073057
-1.02121929705117
-1.1546195181652
-1.09167205318167
-1.05329029632036
-1.00985301656147
-0.945352615282801
-0.887838402617093
-1.03789930686963
-0.957471973059757
-0.923267752542263
-1.11060817107982
-0.930361702698318
-0.841399641207311
-0.819591912937389
-1.03717124594869
-1.0988481567218
-0.942579100717665
-1.0056132289474
-0.814254150444119
-0.821931011031074
-0.89754446159809
-0.953927834050227
-0.959582610473151
-0.854018689828515
-1.10545492832878
-0.972073524713813
-1.12107519039703
-0.953385485621583
-1.02075138332099
-0.925192459454058
-0.887540338425533
-0.945224267879197
-1.00988567852758
-0.887795732317525
-1.01361939858237
-0.888865012596776
-1.09695942128443
-0.8513985732098
-0.924136673279018
-0.95972034202955
-1.06701192423297
-0.968020846326592
-0.96006365147075
-0.880904842760941
-0.936332708725419
-0.908657538013828
-0.693758692119548
-0.878272184499788
-0.955450077647091
-0.995967305335538
-0.910194466252073
-0.823775445739796
-0.828907458582374
-0.921344511359371
-0.923534164304204
-0.816512490321103
-0.906469842750201
-0.877141419309805
-0.777523049986976
-0.876269727416739
-1.02881485502933
-0.904389329228246
-0.831186289192329
-0.90080090815324
-0.855327491338439
-0.805690869550281
-0.865490428669081
-0.850010895566532
-0.961841619169066
-0.689947806318941
-0.739932445197421
-1.01005696949408
-0.916739399753952
-0.785195707360594
-0.866681348256112
-0.956035192795175
-0.754715278696582
-0.881353793000815
-0.775986223862863
-0.836119552911546
-0.758268396623943
-0.961878516594558
-0.733510332816042
-1.01911809694188
-0.823852453773052
-1.00802811294624
-0.838192910988429
-0.73691400017234
-0.736330694516249
-0.780009247589371
-0.809532031994331
-0.818758627409538
-0.816165998541261
-0.79424605156078
-0.810687949394248
-0.781498238067647
-0.682988731060783
-0.895139806371261
-0.716697304643531
-0.746559913679938
-0.82167981355371
-0.604591348694162
-0.6858984351143
-0.777754795749612
-0.795315968660981
-0.737515531526495
-0.688332453694613
-0.829639580278508
-0.760842204561338
-0.610873276112162
-0.813727623873188
-0.837377118353814
-0.762349604838681
-0.874994067796492
-0.842429259412499
-0.754645909414036
-0.759459875872896
-0.602800884116251
-0.756500187476527
-0.628527082719658
-0.896474041583484
-0.814585964258548
-0.848391533533826
-0.836615982143061
-0.667227326207863
-0.856884738619042
-0.743340865063447
-0.810046382077719
-0.691345392928264
-0.699725229347361
-0.72775957416746
-0.65446455736762
-0.837200606349948
-0.741197810351978
-0.752064771212971
-0.653169750146172
-0.797456758370393
-0.658691119562804
-0.641654730522873
-0.631971160562656
-0.553772189348903
-0.893881780374589
-0.553683979419985
-0.674093469501749
-0.788234950266845
-0.7656997063855
-0.703139476497311
-0.666191416266189
-0.643347703728302
-0.575242513656059
-0.575275595425566
-0.660842743076397
-0.771087523411516
-0.726448619215796
-0.638086374701427
-0.669733223464744
-0.611738873088364
-0.696189285163663
-0.642644446932622
-0.772161649497521
-0.610455329222921
-0.650495442626831
-0.563960555398921
-0.595227850797142
-0.735504505473657
-0.733556074109894
-0.624587132191583
-0.758631916054272
-0.732170692570113
-0.570774533672025
-0.632307362755286
-0.533749456148562
-0.681949815294269
-0.711464592169864
-0.65993482669016
-0.730096924021148
-0.628004712283207
-0.791970663778755
-0.654006582237409
-0.733184122524497
-0.619933210202878
-0.651109737171445
-0.672616952858675
-0.699801228552669
-0.598020671423847
-0.604959153312974
-0.589533912622784
-0.601107860519272
-0.733438445692382
-0.629475043300924
-0.748770904216467
-0.509104143559005
-0.643413107056328
-0.655073321615349
-0.599764691440165
-0.672104537015836
-0.568581266964693
-0.633334022285515
-0.706038439290726
-0.72326075261909
-0.52738390162893
-0.574878618668217
-0.508396613012421
-0.651699555401507
-0.642613744981965
-0.391882611535799
-0.610361137681901
-0.465832083481682
-0.303165110111035
-0.512457076443287
-0.526508556305046
-0.64977234701316
-0.518213276186611
-0.618174540707563
-0.527115638761615
-0.350566371905778
-0.507162154573256
-0.717135119010812
-0.723319833675747
-0.629141213202265
-0.583690228625545
-0.403892834925294
-0.802268552482514
-0.699060263777882
-0.614784618784212
-0.43229306958218
-0.508895536058527
-0.379176492865093
-0.578055811554446
-0.650590980184296
-0.647664837862796
-0.60155817296323
-0.578852371667387
-0.54820800842879
-0.448077899926139
-0.716176679532357
-0.446708272500611
-0.552958171703464
-0.480679225603995
-0.514365277038421
-0.585859954728387
-0.492485904681606
-0.578796595118802
-0.600559425053738
-0.368996966671643
-0.528112234274995
-0.422544172465987
-0.440009382688966
-0.637974743367994
-0.402425795609641
-0.495146822202088
-0.421256977033795
-0.371116679263647
-0.62260401833944
-0.484921245814085
-0.494826384455329
-0.482367893474408
-0.453348179093208
-0.389276073793082
-0.575359185552666
-0.526331112338814
-0.246980455502834
-0.532746529202735
-0.630325468851629
-0.570842623087152
-0.419464787223418
-0.530171389000843
-0.561495006696489
-0.454424598175058
-0.468250920448126
-0.346803664976704
-0.410158046096838
-0.401781089061671
-0.428624508280707
-0.648669470824881
-0.458361965665412
-0.491980779904835
-0.441758029275796
-0.458925720294927
-0.422353073990037
-0.451872703423219
-0.493682580076009
-0.418954849446716
-0.477513986134134
-0.487125092458941
-0.366808023140622
-0.413410898233068
-0.340234396284157
-0.635083445360472
-0.464693543827331
-0.395246598833077
-0.582149444808978
-0.458139275581991
-0.366091038271301
-0.435142467154336
-0.455408632250777
-0.433270187965771
-0.331715924761726
-0.534575882005208
-0.456436947104733
-0.454849145409506
-0.339955851892139
-0.400597900598495
-0.238172868137858
-0.387114643715027
-0.540187221329034
-0.199977829730608
-0.33043782326344
-0.318247136264974
-0.333573565626574
-0.311302745815367
-0.387176382330162
-0.210660046542951
-0.404635793889
-0.352965641218576
-0.339335983049805
-0.157347497646489
-0.438258326832926
-0.400628863285109
-0.304813190253196
-0.3729938746014
-0.326483762381409
-0.431251707169826
-0.418254783455803
-0.411732835426771
-0.19801563054187
-0.315290630644954
-0.379056992545909
-0.472040988482752
-0.176308514598905
-0.209895985893744
-0.298004426352118
-0.305829613617421
-0.300280321631355
-0.36022419138075
-0.275667576436881
-0.272638676279663
-0.339662124949035
-0.238459901660137
-0.308954551964338
-0.270675878474093
-0.362587675769036
-0.221668723666877
-0.34895877593406
-0.350426183749996
-0.287177278879972
-0.386739984739304
-0.284577737669304
-0.412727402812332
-0.2142243839291
-0.294252745022357
-0.30116124575984
-0.156850101613655
-0.404808937424634
-0.284201882643086
-0.264171130502446
-0.326233829016944
-0.239113885897828
-0.260598600430726
-0.265075147799994
-0.360976722465288
-0.26945986372704
-0.115663594486052
-0.198718831592586
-0.284056254674415
-0.305711783711317
-0.225479452852944
-0.206538566233568
-0.273191199353434
-0.22566153192409
-0.284400894070113
-0.148588079940646
-0.136105000002206
-0.285711512579554
-0.28851047452545
-0.156446215077469
-0.337786131481102
-0.169524556847011
-0.228854533063719
-0.247797697876839
-0.320104720406201
-0.167545897402272
-0.197179818722848
-0.16837161798564
-0.252678160691868
-0.273714547685016
-0.246193710933138
-0.264645833093986
-0.17371784971794
-0.28824480067087
-0.15606343724331
-0.228790648425088
-0.277990396447729
-0.265727401813794
-0.234350505386593
-0.047782435052767
-0.321816164476197
-0.256295937873737
-0.0234931242629704
-0.144986248565211
-0.317804628712849
-0.0483058397997863
-0.144153738569823
-0.282399785278153
-0.258645064408717
0.00423525608596088
-0.309566269857045
-0.211286891209422
-0.0890897724695773
-0.181005513070475
-0.100011341122146
-0.186002676014643
-0.186749434392319
-0.139261411967756
-0.130616640413566
0.102756721102339
-0.0358734657421874
-0.071242643040469
-0.18272017983259
-0.139432893791224
-0.149315484631978
-0.154185342783491
-0.13255603555691
-0.14476588106398
-0.223989955608499
0.000422271737059406
-0.0413647205626112
-0.0547146431887451
-0.188995075435917
-0.249330313729529
-0.165787210493196
-0.0946660635291589
-0.0696779025553349
-0.132135668674783
-0.128624663025149
0.0431979164286496
-0.050228437207092
-0.115605413009403
-0.108208698368985
-0.114420049762084
-0.205866522652365
-0.230815600164934
-0.214027325945572
-0.183897477731739
-0.208052517983756
-0.172059526356508
-0.279548251664166
-0.20639388168884
-0.150935476192214
0.0604829079159472
-0.0774878477598598
-0.0317976351072215
-0.12990216313871
-0.0342417326505779
-0.149803811384831
0.00933184393907529
-0.122579160687293
-0.149298149299084
-0.158457380907191
-0.0776849701650266
-0.0218618151773629
-0.0879960095419097
-0.0735996699225297
-0.174701231640741
-0.168679899911453
-0.139188118241324
0.00718963129532781
-0.043584199910734
0.0146423433481421
-0.0743233494710205
-0.119344961206487
-0.0137753752791714
0.0107794511826963
-0.318007463167985
-0.125575580863663
-0.240738280499681
0.0302585272669688
-0.0647767989215499
-0.028473600484091
-0.00729501602976012
-0.0801646830172449
0.0503245114536446
0.0222384541510734
-0.0433451716441213
-0.0105303131329803
-0.163399658786178
-0.0274399942077155
-0.0711163872483733
-0.18449945178336
0.00579003508859398
0.109675461037596
-0.013233946350286
-0.141886950937297
0.0715552815248389
-0.149141017082352
-0.172159547496298
0.0521862531994297
0.0123362954311539
0.0295655292094552
-0.0493123958868631
-0.0142107408751036
0.0255496596533132
-0.0392401505913326
-0.07579137740227
0.208498451323383
-0.150488077412799
-0.0253105086400696
-0.0520905095514702
0.0536088369242243
0.0449035574990567
-0.0461295380513759
0.0156773590456952
-0.135226238235778
-0.0133299735729417
-0.0123614547282337
0.055879730845875
-0.01473759630372
-0.0131796189680716
0.181855165137028
-0.0958208154605183
-0.0363391348446197
0.0285943401858394
-0.0825362808539698
-0.00519964475726597
-0.034846396360621
0.175783005620638
0.0941444324895664
0.0813346869858559
0.196557781491687
0.0240528944528947
0.0341413139527589
0.160923628546234
0.160348459911852
0.100728051445511
0.196221223608715
0.106924246387595
0.0642605640573695
0.179849808585093
0.115957381829129
-0.0650716112154856
0.119117554775563
0.0767521823911133
0.036833448112899
0.00257239746068635
0.122822638240933
0.0802682727941135
0.119277542260341
-0.0114989047200505
0.0856333244853543
-0.0265371815066874
0.18578350243634
0.114452228761341
0.11341803701124
0.182598543051753
0.0594293066331589
0.126576626732296
0.155211786443819
0.102614663899488
0.213930998724338
0.0084305848256245
0.00986912291330192
0.0678147063128365
0.0540383540699754
0.365022416639788
0.245232942147181
0.232487116733939
0.0290337933999545
0.177372090498989
0.0254113895208266
0.153511858506604
0.241854233799197
-0.0122850512450502
-0.00218447724598691
0.116318392930004
0.183924000837494
0.140254126459489
0.132239359391352
0.187678388033411
0.232290851197704
0.187557074833291
0.218387962770438
0.0584473170041526
0.197638379966054
0.106173459878706
-0.0177337651072924
0.116210338041603
0.090191025062092
0.179319671523967
0.280353967965633
0.210414001780625
0.18721683734586
0.254716143258002
0.189440152509698
0.163032292546249
0.206209876348343
0.224837789379187
0.212587527685142
0.156534619111073
0.124525587901783
0.22290175321345
0.228656196912648
0.222530010571354
0.340117511901961
0.228196864931818
0.00494765196789012
0.226217757849073
0.225524734889262
0.365941583390327
0.141811939766939
0.239597273289722
0.266920335034246
0.156340722518287
0.382242150136354
0.282609808889896
0.231947513645881
0.261347131487373
0.138297961451224
0.31162383332034
0.422407929902648
0.321728107120512
0.161257071142141
0.275261648043085
0.23384016244889
0.316506956711746
0.299452675590987
0.385817408800864
0.162084403192337
0.313623892637847
0.340910602656536
0.187880107625803
0.195499585808528
0.255462238446639
0.340463796505948
0.239715706211357
0.412590081141326
0.276884697071929
0.431624865263854
0.239849582214363
0.279272222971729
0.297365350532227
0.267762259734036
0.235246108062917
0.24747116517233
0.208886518101933
0.362152581964447
0.399100664421305
0.339046931193129
0.221457387166186
0.464559211763758
0.526933271510606
0.415895802503864
0.359036570765525
0.356984994131062
0.0868824320874258
0.359058435000922
0.386877185690157
0.180805194332676
0.438023599745403
0.329548508553307
0.347593802705141
0.37794667971724
0.316794836545479
0.427068704943702
0.287123223452003
0.337788833360983
0.30070693442315
0.295780483507134
0.398986945355787
0.322674358208816
0.39052526823284
0.358125901005614
0.278423974638031
0.449027917712928
0.330382740491628
0.294093430809261
0.341206938258895
0.348577116788056
0.384187976229675
0.457911172121418
0.318033953203559
0.373005807957066
0.39187988587607
0.491707982371745
0.423132917043393
0.383112715008325
0.389261933654504
0.416260439878009
0.360974673165864
0.386238806550408
0.47480269864539
0.274045050068656
0.479154769139679
0.382169964515572
0.381252578421407
0.366743214023144
0.375194321678712
0.484787855515489
0.420943948996535
0.497012390016509
0.345038722480208
0.274566124646423
0.377447105925702
0.611401732707255
0.374866460225553
0.571089202958067
0.340534846881781
0.299706552002356
0.335389723951948
0.446081112633005
0.409226540029081
0.389767876493838
0.347415169305128
0.459284874528668
0.447503606973737
0.632962088490451
0.481808050439315
0.479826133305962
0.489592466084737
0.384646932727699
0.506065152075083
0.446676797292788
0.359678996580209
0.524356752053529
0.618758148452993
0.262978882822955
0.515707720897246
0.457766216233047
0.598687689481904
0.31880556610556
0.432034614017452
0.532774594871644
0.454349036969274
0.518462648711569
0.51218652998013
0.384894860959195
0.552311658624953
0.523929931209593
0.545903566023049
0.25709338367682
0.423636842256339
0.411621963466118
0.341098857449686
0.576712941802342
0.430367115001666
0.479846344415019
0.548051055634706
0.424578434173737
0.355149145148409
0.604865991820327
0.461232981468921
0.405720929942163
0.57364869092461
0.468536553108543
0.480988819367586
0.341359005331187
0.455796297811244
0.573511773724877
0.493884519091254
0.553351705847162
0.527647235645739
0.440082714593744
0.469130109755313
0.580789496805571
0.442552391066558
0.52638728469791
0.550128813854797
0.568067534988657
0.511040592510348
0.481700467966889
0.500088372689324
0.404332827713863
0.540807227232424
0.563309187148468
0.660575899441257
0.642494019765457
0.592896738094606
0.377500205098141
0.580390062024469
0.512701024570893
0.616421156844746
0.485282663310033
0.485240983165367
0.58730205580642
0.578081412725281
0.424300429523224
0.56193166826038
0.516077155798334
0.605803864308568
0.554522777930663
0.468059576446338
0.737016875146072
0.623035509396353
0.611330852745799
0.576215442162115
0.637446820339973
0.516439777150345
0.595444672600395
0.460578311130204
0.667904964311784
0.54188332709474
0.56066006164179
0.647531282342464
0.77128818564847
0.612740427693621
0.710003624166586
0.570038077049037
0.557559306818418
0.674119423105135
0.659812104601548
0.750426109118991
0.73148076165108
0.582376881905035
0.641357917320021
0.697983879847049
0.514176903494966
0.650246042178914
0.54020274400697
0.602979472180172
0.544716798099626
0.562842553870285
0.637593582913785
0.512248061982026
0.638550355449103
0.774038961239456
0.555629638966353
0.73697090700875
0.770661719430251
0.691467999897406
0.675498554749711
0.620338679878816
0.586228607076251
0.668056413565419
0.819804778086395
0.666209549167171
0.559740256933991
0.700166657509797
0.596509163576462
0.498002587472581
0.638515533729174
0.604863206661505
0.773625648717811
0.69640044361662
0.614999281297203
0.552510035908964
0.612703956990535
0.724551414927527
0.656848052301322
0.749779143728402
0.668517675149559
0.744821408433911
0.858256968519588
0.836410266505715
0.54912761476185
0.79494796627595
0.724818837049207
0.788493499070384
0.640317208985242
0.696063665247668
0.787350983476448
0.732389543523737
0.752148991081267
0.752174087988386
0.681648276058134
0.70274281963627
0.772968628556163
0.688451439077941
0.694656819484898
0.71641874236309
0.623522224168096
0.716646434373992
0.739400803572527
0.668251863037961
0.690053759533717
0.668925532551175
0.846441887468279
0.690913481355665
0.66301468030447
0.730851746808797
0.60924749489079
0.642981415725757
0.742503163176462
0.702135210074975
0.745261541281951
0.625476659497003
0.654553295612999
0.636182470533354
0.795044997148559
0.720437615831499
0.86717673023706
0.778147594174097
0.739226513429853
0.878465031135588
0.679840958190559
0.742845743516045
0.779731488010233
0.780472941238957
0.800872134510767
0.875586511978666
0.769572541783317
0.822114383137539
0.738780965744665
0.81480357764478
1.00322187049054
0.91023103140713
0.83291199577776
0.846405438339212
0.928322516297057
0.790120970996744
0.807670579492055
0.818931158907561
0.803861024541329
0.938223231803227
0.785273697631396
0.800806699730411
0.816393061631499
1.00290805256376
0.623464316736338
0.83293118690819
0.763274778827616
0.881215529351844
0.812804313632463
0.828266735677085
0.797458641918325
0.914474616957934
0.637104808863102
0.939182698739426
0.865228942303856
0.655865563703461
0.896744576408867
0.918701942012945
0.96658915859359
0.855585625220818
0.928443435469598
0.772980739253205
0.800425466326442
0.870574254952777
0.990261113758449
0.919308711210002
0.835182814490443
1.01221455846386
0.847624608318108
0.781125637077792
0.963363279503559
0.94694570956592
0.813042281887588
0.820006615483506
0.902461463953482
0.944981514023805
0.941186459870849
1.00259903778784
1.00195587731142
1.02839108448224
0.947154161501188
0.845409913362215
0.908925774419476
0.977844934486757
1.07917144111481
0.921746240298971
0.931239583279748
0.974724197590357
0.933190195616358
1.00292513180854
1.07572787322654
0.909599163942171
0.893038436004304
0.831899759585283
1.01022805180341
0.974848648328079
0.944949667835147
0.892150883364907
1.07559338463925
0.969899977405404
0.965917791915271
0.910468022517904
0.930775313422252
0.865236869802672
0.918155438519654
1.03661666127457
1.03347350483356
0.84126900006134
1.07444730910259
0.971981986239827
0.831923253136721
0.914594429468132
0.934635415136688
1.09836831364793
0.968004194454931
1.07925789852647
1.01485174941223
0.920476366318911
0.765906624085902
1.00844217104235
1.10984700240887
1.1231944499411
1.06919565380802
0.937815109889468
1.07155167209728
1.01301343435726
0.998105488476722
