"x"
-0.934964272482687
-0.832370558351357
-1.06941736291039
-0.850682748071073
-0.887659699631902
-1.06243772102238
-1.12274513801668
-0.940431335902304
-0.941716423203693
-0.906271320339567
-0.981180823554971
-0.97434988978216
-0.963870026610187
-1.18006533784795
-0.989049513075244
-0.991471498722418
-0.992164380483752
-1.02612899902958
-1.05332510932667
-1.01975136596042
-0.966101977142353
-0.856734260361785
-0.991388153326778
-0.863036563246631
-1.0036810941979
-0.932525007710158
-1.08174371611382
-1.03425858634276
-0.974821100347244
-0.896638900639902
-0.966792769197277
-0.83148854185651
-0.847825467716025
-0.882842840331418
-0.79024925634416
-0.84462400660309
-0.741653692506519
-1.0131369879478
-0.877067162502775
-0.889371086129759
-0.888240089069027
-0.873891294128791
-0.898996080823374
-0.898270929637476
-0.838107164186126
-0.827018884093128
-0.922338151396286
-0.936401023751608
-1.01268543701124
-0.809077564364266
-0.880565108120073
-0.880849898497392
-0.728958938924256
-0.844840840803922
-0.82962117363846
-1.00769950108002
-0.873777409843777
-0.992466206674061
-0.844574674538158
-0.903411739588028
-0.790222279266868
-0.926435090415319
-0.82489766207493
-0.924425381498598
-0.95865953067035
-0.92168269130912
-0.824938652941796
-0.912739013949868
-0.905686253782341
-0.905731380323829
-0.803959526616649
-0.814096376986849
-0.968140209445076
-0.818723946912476
-0.72990894729167
-0.851373457596116
-0.799829491726928
-0.770176517943053
-0.692184172207479
-0.886447812829438
-0.832581181182691
-0.696799931094547
-0.922470298687757
-0.793021446340534
-0.813623682799129
-0.870848324695036
-0.860841308586063
-0.847767282870667
-0.809346119815631
-0.851058135059252
-0.716656506684834
-0.886646854494842
-0.870399234848551
-0.700871196616293
-0.887342765750408
-0.770670430228918
-0.740093343942763
-0.666247080936103
-0.73834190140656
-0.880300828869952
-0.818456048140968
-1.05538357840559
-0.733363042989569
-0.799797918606531
-0.543519025517535
-0.751510321030541
-0.830502732882258
-0.824782580539213
-0.749179244111617
-0.802342616051364
-0.740676689903013
-0.778034024315638
-0.791653100456893
-0.687832092843875
-0.813252908196265
-0.829507303212412
-0.745546768531432
-0.767454505048493
-0.638377786482798
-0.834905939651384
-0.610028648341933
-0.836850215756178
-0.868630818919144
-0.6850816168712
-0.88426457540769
-0.757972014253684
-0.795539264079208
-0.582583002226563
-0.865855988071221
-0.652441684091259
-0.71024451272903
-0.689045848452637
-0.696507329717571
-0.68532824577678
-0.720215039832065
-0.677160838251057
-0.741510721579904
-0.775655043369065
-0.703118793458823
-0.853919135692272
-0.769364583494183
-0.758850885216847
-0.666504345831096
-0.795174467669921
-0.726242234720195
-0.423558717929777
-0.687143742557019
-0.740072003765679
-0.805384839302219
-0.68850965926731
-0.74569454672866
-0.642189752051936
-0.767721452446984
-0.696198341230008
-0.724536426635306
-0.653133596507972
-0.729436874718726
-0.713877864293026
-0.80514493642061
-0.774076975428111
-0.747450682308578
-0.716897754426203
-0.603537346251979
-0.649945755423432
-0.545351706832785
-0.773219090889783
-0.600593403137519
-0.669085501454639
-0.635680002248313
-0.643185824708597
-0.626679659328031
-0.696608279844225
-0.673377952424409
-0.740209316051001
-0.732465367595057
-0.632331483164647
-0.658366013183344
-0.587451952191568
-0.713984100641714
-0.663900046986988
-0.781156760016384
-0.650933648024908
-0.683408040589067
-0.568532176667877
-0.703137165119673
-0.674633513946283
-0.612661225065939
-0.512879343325441
-0.646504387073674
-0.563917582782789
-0.578234201457844
-0.497357601944557
-0.615513284122184
-0.46228828521955
-0.695346790395941
-0.543264417132011
-0.63745046324405
-0.710436340861725
-0.523731574800679
-0.522386046256189
-0.57785587811816
-0.532932450610189
-0.687871845931027
-0.622234418250483
-0.611254662757263
-0.679666464948873
-0.523847509767707
-0.697464473433417
-0.686777683054114
-0.570066120747015
-0.529739625450756
-0.549570210731001
-0.442858673530056
-0.529486813821431
-0.573491113443956
-0.44362680976741
-0.596109771331938
-0.521800562444378
-0.61299159822272
-0.492487943843748
-0.680282709650606
-0.574601167060149
-0.655794261866166
-0.494383564891004
-0.536015464288965
-0.573824429306501
-0.600585384853158
-0.516069271698022
-0.605925269101654
-0.559161362952834
-0.560709892146658
-0.485397189812181
-0.373625600864928
-0.525901373694372
-0.505868051747178
-0.539161647146881
-0.417034023837022
-0.494257369859425
-0.517424592220244
-0.449003544377943
-0.466949038443882
-0.542856810690472
-0.518671375429982
-0.628485213659231
-0.54262388801862
-0.461913610861352
-0.575896373626978
-0.466094957500031
-0.547651471494496
-0.428927839845818
-0.546863830339955
-0.449047350707164
-0.419771888028632
-0.317463602544462
-0.590774305038636
-0.389848753131663
-0.512943996477627
-0.5506836658333
-0.460007123042694
-0.445321526147915
-0.504107983722106
-0.494167050761061
-0.338156345256403
-0.655575759657516
-0.556464129962162
-0.478015390874504
-0.543609854280671
-0.398753441885575
-0.48073965961194
-0.372971158924182
-0.386468449367637
-0.533261122914846
-0.539058830408539
-0.359430565997315
-0.411307379115448
-0.53172080585156
-0.45609536852777
-0.411872452733535
-0.332528426790262
-0.495682545906666
-0.437205399949003
-0.289334980934139
-0.40660220130816
-0.39737655767531
-0.436584322749257
-0.429280469228095
-0.48708607277476
-0.496895378976765
-0.50515755651197
-0.386517362748783
-0.539654430376874
-0.435595476599935
-0.283671978839798
-0.534073734142592
-0.428748977356235
-0.427673394781
-0.504708544310049
-0.291146449167419
-0.492777726466098
-0.407245950060248
-0.424329295777846
-0.463735228106095
-0.48799870695057
-0.340392651724157
-0.431504430831296
-0.385229835509295
-0.491117900803733
-0.445943301555001
-0.378464204582316
-0.52988291408004
-0.426736390499695
-0.362214014714592
-0.450477722793052
-0.399870415488464
-0.604432559056489
-0.329124315415715
-0.279582215280166
-0.30871381629313
-0.360980315605374
-0.45758091933948
-0.342739141497425
-0.319788322868206
-0.443882213354041
-0.238605284912468
-0.428750710345614
-0.359449746696733
-0.446863717882388
-0.338726382302068
-0.197091798507915
-0.273853966711145
-0.339756565605099
-0.355512062820126
-0.321268139003361
-0.411378401483981
-0.249947031711868
-0.379723116133438
-0.316737504163952
-0.294609968798657
-0.348994804804022
-0.307008915033104
-0.322871025880585
-0.377551631495906
-0.252938166342282
-0.186655542461
-0.280861427732202
-0.386614122037425
-0.187356565584758
-0.243963017859418
-0.423691277888484
-0.323685852593275
-0.263811266716227
-0.335284365736974
-0.368681309011283
-0.330380383180943
-0.164393234194199
-0.198750348591911
-0.183691160035989
-0.123144508423658
-0.227639867350804
-0.48570408281863
-0.33655805355295
-0.18902349200355
-0.265899965854337
-0.304895028831799
-0.305657141508538
-0.273274366550628
-0.28142670471954
-0.109411347491997
-0.195016818868707
-0.224823831984328
-0.412952374664484
-0.246100666343156
-0.139646084259267
-0.250598818926967
-0.374940425960202
-0.243550673208194
-0.423845177730307
-0.177485057590229
-0.256057177257463
-0.0957825112404143
-0.120094570214956
-0.178916366517254
-0.228930463526448
-0.213314334705712
-0.2483986009337
-0.346043268937235
-0.194024425553508
-0.143849280882451
-0.104837594319858
-0.26399915635687
-0.173165813455279
-0.227073396303682
0.0250608436631132
-0.301445691488982
-0.124116358445729
-0.245665559457811
-0.0937592656342726
-0.0761624818365752
-0.21856634460211
-0.0552071282965858
-0.236892518153537
-0.297267245844477
-0.268832519158616
-0.0918128824834417
-0.159335911842948
-0.119243047165393
-0.116929962657572
-0.115854759480034
-0.325251640903785
-0.204881143180067
-0.229182226459247
-0.231123051644807
-0.0615090869543067
-0.115310880009461
-0.226960490206675
-0.0608845995060116
-0.127268442558311
-0.10145691977672
-0.201366984075239
-0.1713929066936
-0.207320650821476
-0.300183914224945
-0.2509047398622
-0.181256958215549
-0.304746524886104
-0.130113181473042
-0.0884785256145985
-0.124168350889615
-0.0367502015526978
-0.130017155927393
-0.181985805910527
-0.0818597995365652
-0.163519512933962
-0.0518161153115096
-0.187855344444013
-0.0973263239383957
-0.0415390256044341
-0.210005744451098
-0.159883907388957
-0.0563577095213957
-0.132037037600122
-0.106174895573807
-0.137156545349271
-0.0433184806978572
-0.0417880166771437
-0.0806591047094162
-0.217546281864094
-0.0222987822574092
-0.0617105623719255
0.0160894089886655
-0.116960402161355
-0.0400630474034248
-0.0787303403130396
-0.0758379842955471
-0.117585265991228
-0.149287542555077
-0.208540311117595
0.0699233951596691
-0.0281195926222392
-0.0269109652113101
-0.125651272323432
0.0101301995346989
0.0979433500653792
-0.0155163639328372
-0.0752913466201829
0.0139029017943579
0.0528360658891221
-0.100125156375944
-0.156593853305943
-0.040150233579003
-0.203468287796789
-0.0159580810821469
-0.113108359373155
-0.022859707328088
-0.0258461707511791
-0.0673410932003956
-0.0402681577508774
0.120169051732035
0.043656081948479
-0.0804645572988735
-0.0571966288900085
-0.0218246649191171
-0.11531676413694
-0.00227935805950464
-0.0897747729460118
-0.0818929758609764
-0.0278124302397737
-0.123623919667475
-0.0692226169353939
-0.186258155310346
0.0170024333269686
-0.0712088791515699
-0.0182545642032657
-0.00493671668720994
0.0971912990119358
-0.0652345281164252
0.00236951931223181
0.0018465012679867
-0.0436661596576394
0.0479623763403027
-0.0916925018102211
-0.0863685365942576
0.0428807570281018
-0.00415620248567667
0.0144628749782224
0.0129201308589591
-0.0494569687012843
0.0366186638831936
0.230030405182782
0.0466098919694414
0.0049491147008678
0.0694239809708059
0.046437973860483
0.0502922879034144
-0.0624471337844702
0.107865752131175
-0.0515225504315891
0.0589276623700846
-0.0463566137684322
-0.0701448428440494
-0.041595024394281
0.0959152020997929
0.290266701558541
0.0105559502891131
0.107001724136893
0.0303754015542464
0.0543207489626164
0.154413242261455
0.098432749135769
0.0344092020654064
-0.0167633556636273
0.158835720560829
0.0061750608646387
0.206761550055442
0.0748403468738945
0.215182897768762
0.19881798013168
0.0743792555239269
0.0573778307075525
0.091412786316462
0.0844618325304946
0.0208653481161508
0.155215714684628
0.17491835355891
0.141926082621839
0.0490551774817977
0.123148068259296
0.0193323250545159
-0.0536032725938378
0.0910222776564207
0.140994108378543
0.0716042978439595
0.103269849221319
0.217126184560756
0.157857269029427
0.0861938617514531
0.105059377360517
0.083456429731905
-0.0139064289367492
0.161080381194613
0.121178117478244
0.18243892906347
0.0347882351433654
0.166427764493923
0.311499265043074
0.0526906821479791
0.140345332050288
0.00610107829368149
0.101013248529016
0.157945465740316
0.131807515373706
0.146033044651829
0.263962987558543
0.0569436568232013
0.161536264000348
0.182100781582359
0.226559766143206
0.143758897526649
0.112436467273884
0.29082996202666
0.0729145908234811
0.2482030765404
0.210059095588473
0.109945576445315
0.162579139631525
0.275355995135301
0.251977808074286
0.196501741667428
0.121255917596505
0.171176540478835
0.0819017996399212
0.139767854436993
0.0998702081714761
0.203531225856219
0.220737151583328
0.2207602595964
0.144774648368265
0.269428148291405
0.240149641565519
0.238980020763098
0.262934396591087
0.222274700226563
0.183828496507418
0.152732837625133
0.210703291380109
0.202809581293693
0.241446025189784
0.278771931800497
0.182389658834143
0.118347912201987
0.22608574458247
0.171844230700574
0.219059793813282
0.229578748992762
0.270250207761607
0.17856911572552
0.21617620739437
0.144306997343926
0.158362501420862
0.236705377478695
0.194745034432909
0.239480548431636
0.263307687864441
0.37924583564595
0.475669841944149
0.249144691935344
0.207163588244727
0.212673628852946
0.234510288270373
0.213234834361002
0.200399620519223
0.184739212160801
0.320426984867625
0.120495370400225
0.350363627989307
0.42303785128995
0.199211304334919
0.258085604162014
0.175309921339647
0.398510690301905
0.265873670973951
0.194184621760555
0.299361855567275
0.297335062957505
0.148513804006328
0.287960009632041
0.317815615915054
0.395543772606853
0.165655644938941
0.32124997781182
0.410513037265526
0.294149036205334
0.24824025055824
0.388258571212879
0.156816638281571
0.438971515028036
0.390948384881862
0.331033471950264
0.489897966177667
0.410616815641389
0.299707133997597
0.302169165318628
0.337014239139504
0.189292826731382
0.364998174607448
0.221468842053402
0.258606633941657
0.363549020985716
0.31410179863905
0.260188138791681
0.427173701179054
0.562922145520222
0.459629962066254
0.278241196597872
0.245483703701593
0.435895639607735
0.383526291096359
0.369304572075844
0.319517873899742
0.400539543540468
0.397130626663574
0.406479552182013
0.349314613617723
0.251044891084564
0.368850175361076
0.375300183808065
0.360402042053781
0.323254725335814
0.414822585108161
0.378158909285591
0.418134278285492
0.338527698725899
0.442554257181395
0.282906945252565
0.360599661023942
0.260485239728639
0.210562077959836
0.478457020916751
0.435387281875805
0.408178463327112
0.33422254194654
0.399606423159311
0.454660185480451
0.489913488562249
0.392659345931712
0.350418184683835
0.425185746591584
0.424270925138498
0.462034835683121
0.450661040143706
0.336950028529883
0.612194931661501
0.410772320405188
0.587477956725586
0.510305336181472
0.497302898818459
0.52211485172225
0.442245227231749
0.46796111821614
0.546515064575367
0.512388443896188
0.430392304677811
0.528837770640718
0.468917101744687
0.494656537579862
0.420997779751462
0.391942592824704
0.306390556625736
0.313971283998121
0.431453906833763
0.403481781596119
0.436778513013621
0.414034758862306
0.509543795375973
0.428926596718563
0.472669834295782
0.470965715091111
0.497680038220512
0.505032689247807
0.535263483871589
0.391126545414222
0.581924248558233
0.521431273588343
0.37023383505328
0.4012082083811
0.366937071054544
0.52734290762565
0.345363695300438
0.588455703785194
0.547938494524038
0.420346195240963
0.518575153347543
0.607087251032776
0.539942748784232
0.559555209844464
0.575515630323049
0.407902191888479
0.403779949938072
0.547041048827
0.564602046018226
0.425234696920007
0.364229255496284
0.640714445075736
0.545968906319296
0.553991895170119
0.600967911317614
0.566599541315956
0.521817708022403
0.530093424054274
0.586602022589081
0.46135905481131
0.583839365557361
0.55211771316706
0.429590898298569
0.666284731523501
0.564278941706227
0.635083969210483
0.471992945245093
0.481487552771298
0.468954043455198
0.666939905172358
0.501974266883965
0.581258342180194
0.606030095059495
0.527660199889651
0.647843957345381
0.624707709760088
0.601806988939436
0.694933846217486
0.603956483391268
0.699250394965949
0.521193064770041
0.565504912361687
0.3654991693325
0.533500047644596
0.509011694980301
0.525946035389559
0.652083607981173
0.582455924049496
0.697768867650977
0.517080526149352
0.48949111320083
0.608280430689206
0.740834581647253
0.67118727203175
0.647637317404176
0.473587278689693
0.618216485775403
0.628272652881378
0.605889208814223
0.692931576994353
0.64130728306626
0.496315651490503
0.636553222416491
0.6631481666299
0.561850146739866
0.712558978244927
0.773676682936865
0.455087244042721
0.76985635021147
0.56970438559482
0.739606232756928
0.452940291874876
0.582792170008269
0.713858572043236
0.642672871003259
0.520763560197024
0.66745613202071
0.560538042060259
0.732121644245066
0.707303807547274
0.687306731566844
0.571550074264711
0.789014555298294
0.742138454933611
0.534073205929396
0.649940043701578
0.819271198197511
0.768601485471378
0.620546371782408
0.820234229493678
0.563044172669779
0.653757606938508
0.734864818886613
0.622543216809501
0.678241499504636
0.746554048314247
0.709651413213259
0.752791426696974
0.649186043904336
0.664184505512827
0.742993112204671
0.588772426601377
0.748081667024619
0.646742795218086
0.789487303228431
0.699821041907719
0.777144328626407
0.532404228926247
0.842379321991042
0.73855639489901
0.751876990698905
0.717251992536629
0.753277120606401
0.663768495542715
0.691806141128793
0.826591633917385
0.797017011086724
0.761636282564136
0.666786631301104
0.558278210414064
0.56015368355147
0.818682569755967
0.74551201066817
0.693767251449696
0.782898240702287
0.721704662675629
0.668453459534961
0.829097255231903
0.883990353974069
0.705355946995222
0.770649027050625
0.766145902717326
0.698018213114811
0.796136805349965
0.802096833891988
0.855034941247632
0.865424166018842
0.796202686729193
0.761071422044063
0.593114186424474
0.820261234086062
0.529935228757664
0.882089522068854
0.821886915739062
0.860705880712
0.783135780226921
0.704503243503827
0.788955906446575
0.78266308372646
0.734848985950387
0.778844299470924
0.854414365048911
0.772890868204496
0.734728190314085
0.64408508292653
0.986088372603518
0.723867707970844
0.827498199168334
0.728308190766842
0.796320985295567
0.828058654571603
0.967688751638937
0.854231941735716
0.750088190588905
0.897125188368466
0.73975565890046
0.761057719908458
0.838176185412806
0.814924255692569
0.767875139000388
0.873133039564068
0.788138061265786
0.956855291260781
0.757518589976182
0.947378983399047
0.921411856019191
0.728240565765718
1.01859855921721
0.789002370177918
0.869147178459626
0.782302415507352
0.836234374676266
0.932775917679977
0.826204074887513
0.835205491789262
0.909520112000099
0.838156412866197
0.922790065223935
0.923660328285944
0.903199859524453
0.919400516394178
0.855519408273111
0.869266106989552
0.848223351256536
0.893188345893694
0.852951483267808
0.761802418852389
0.888891181980748
0.907582548094851
0.973779446211601
0.735231362911461
0.8768297705497
0.91972293426488
0.800504048599273
0.745561874933768
0.751609263685262
0.808012865277108
0.861699707793492
0.79621209295869
0.876596527211514
0.900553494142472
0.976127350463978
1.0005369097018
0.99970458083065
0.774840211471813
1.02435769877988
1.017060331628
0.972302221712334
0.923469612736878
1.05922398582325
0.949020165105512
0.888149832618085
0.977367883574951
0.906960541969834
1.10873641078229
1.02692032616219
0.997185825354408
0.804983946750983
0.927916493976994
0.989008206136215
1.08282229831921
0.977422533976057
0.982270212989657
0.904953896574445
0.939065465426864
1.05409218698913
1.03597161280241
0.981407140919946
1.01360344658655
1.03843019517958
1.10347687485681
1.05765178459258
1.03414732268049
0.9590768024992
1.03080457651968
1.0381938790954
1.00989524708383
0.902913795113294
1.02914411441099
