"x"
-1.05513642787542
-1.12089125047469
-1.01188091236029
-0.945257549897883
-1.04269622913371
-0.993136751548543
-1.0946994951857
-0.964016194114121
-1.14199917689206
-1.04922177207066
-0.975755437041425
-1.02276345777935
-1.04161072270246
-1.13960762214393
-1.13696139382622
-1.01002368293407
-1.03880435329368
-1.11571420762186
-0.854233491014291
-1.04097241990768
-1.01380806374014
-0.896800887432876
-0.916233932765406
-0.983255223541461
-0.880394672988719
-0.867669363302961
-0.986809767999633
-0.863323575048137
-0.929156113631621
-0.868056965781347
-0.932010615331676
-0.931069306326838
-0.997785666220474
-0.846093051545575
-0.886874938357201
-1.04994086271499
-1.06896222251414
-0.957671806650304
-0.910370974172182
-0.973434589390472
-1.04639321422698
-0.793127552347701
-0.968071316226523
-0.990510806980841
-0.956283839466748
-0.944662300991751
-0.986708493633907
-0.942590482816086
-0.864784433975411
-0.964484059532616
-0.910764590478025
-0.958650022712979
-0.890842415341922
-1.06511628495638
-0.887279800849698
-1.0140816095914
-0.924927513589209
-0.716506488241499
-0.789263826326294
-0.892615142415541
-0.878145933430786
-0.88862061615074
-0.703375774976038
-0.869810951990503
-0.918429158535704
-0.858609895201476
-0.942963499829667
-0.990779369623698
-0.950436708393101
-0.828795069350145
-0.784883270364119
-0.87026324166545
-0.828583068137603
-0.799676103503279
-0.967829463256814
-0.881850633947894
-0.897382932092237
-0.649643317048669
-0.858940762274958
-0.749127881598187
-0.706527521380682
-0.759556744141014
-0.853417609966597
-0.898863749662811
-0.981919972277577
-0.819741564248925
-0.777865334791756
-0.899782846730257
-0.780753931814876
-0.8726955967377
-0.757036686591769
-0.860716468727617
-0.921326559522031
-0.784688416389865
-0.77510946179127
-0.715390610119531
-0.735663642445336
-0.724848018103961
-0.731898446529251
-0.725116107994421
-0.882134345581825
-0.735525554458554
-0.62359342963684
-0.887972656782327
-0.818824961680783
-0.783571923473291
-0.854771243317605
-0.809084138107921
-0.781999040410344
-0.70976081074265
-0.702133116576315
-0.810785533198389
-0.706873341041128
-0.859135937955356
-0.700578785649278
-0.903780826439123
-0.738572148945815
-0.925144368508769
-0.664998374976013
-0.884343295077207
-0.721080945874069
-0.808704132602212
-0.813022459941501
-0.960534530961409
-0.760262007801395
-0.842279358886075
-0.736999724302661
-0.624168744569558
-0.71729281483415
-0.695619267192832
-0.707152670533259
-0.78520971175518
-0.815331868081541
-0.879787195028556
-0.90292396897071
-0.796945304336069
-0.618939752045941
-0.600172481110489
-0.745085194911625
-0.683710097875661
-0.801701017809173
-0.46796838399815
-0.685481093437584
-0.764539709880223
-0.642287242970992
-0.524759625728133
-0.867628100480451
-0.572964504986826
-0.689111138215318
-0.593495763177344
-0.818195522963111
-0.661592418920622
-0.795689121988512
-0.735318205242876
-0.618667572117452
-0.637132558652568
-0.572270823125962
-0.639043324277481
-0.618734806238504
-0.684868198099642
-0.625680091630355
-0.703642824346199
-0.622472490491562
-0.516705032320424
-0.641714535741729
-0.613811314771235
-0.711418641039113
-0.617697534801189
-0.575283931506558
-0.698220644696349
-0.74995097735076
-0.606577293703217
-0.673178637124559
-0.631613393365854
-0.596539966295242
-0.52913475368902
-0.577075365507959
-0.558334665160058
-0.654236363662379
-0.67034239228119
-0.737544629292465
-0.704541654424762
-0.447711489785639
-0.587644365338855
-0.616356269008706
-0.692976080764454
-0.590495428520295
-0.590566805889039
-0.729991652303689
-0.594375942572013
-0.692273467471776
-0.610882641059005
-0.737605770217005
-0.709641831211551
-0.50263514837806
-0.658015015518439
-0.648078470643257
-0.679660499569294
-0.709194179713541
-0.515602990538782
-0.672608551137624
-0.636464475622942
-0.672396509710101
-0.610189125207107
-0.590841518970172
-0.500352145827448
-0.654804521491442
-0.594406056445602
-0.640867168025972
-0.468951187570876
-0.483655499132819
-0.470779832708204
-0.584033590786778
-0.518463279909609
-0.521851902528771
-0.528461711199056
-0.461053188691611
-0.501638569540709
-0.591760674826096
-0.606600778267279
-0.560067599414612
-0.594930935041182
-0.60880862826993
-0.520160740891938
-0.416659527972392
-0.576353711480442
-0.484025931389913
-0.601930653504462
-0.527122508886861
-0.455846107876007
-0.428479482045811
-0.611749212239501
-0.497818966483901
-0.508499346092791
-0.536482459282104
-0.483920490696696
-0.531505140765606
-0.53164465231027
-0.580192751526998
-0.537464110663126
-0.578814000959436
-0.575143452156177
-0.483191949637304
-0.629224064229199
-0.519159231586883
-0.540097748672438
-0.509129353233536
-0.572114682854183
-0.477898905690523
-0.546007328657861
-0.530348151184469
-0.60938787801399
-0.397163274285266
-0.639800628136836
-0.465757321415853
-0.561413364044205
-0.500615902404664
-0.522204884432534
-0.467345142601181
-0.497343278931949
-0.62938053683972
-0.61779152587859
-0.363075461413334
-0.552315064813622
-0.4314763818763
-0.496843023926425
-0.424710009783474
-0.541123606114004
-0.407773622757781
-0.381236933242376
-0.313434131528857
-0.446879973328265
-0.560263678862593
-0.458685450901674
-0.40541593845057
-0.32870093998598
-0.469416956497709
-0.476318995985466
-0.530444487605848
-0.431863092272976
-0.458612871467364
-0.528206235911333
-0.303903647942386
-0.428718135463367
-0.429428042378524
-0.366871695263742
-0.388835431895327
-0.343527083654591
-0.319931080048967
-0.344836150916357
-0.43583286313341
-0.261080748246138
-0.303163123007039
-0.539979230957167
-0.358425983588028
-0.402128872477884
-0.455597915801434
-0.231650467614742
-0.437644540549056
-0.410406870202152
-0.422715525595155
-0.376392858875616
-0.36658847632623
-0.475386445414002
-0.322044436754187
-0.39118447250196
-0.370591270925344
-0.473146126281052
-0.465100239699832
-0.352292689372098
-0.423275294456697
-0.315352049366153
-0.321375170254998
-0.403966726034081
-0.328032720031515
-0.299969312703488
-0.436767992914334
-0.190051776028526
-0.441539792583909
-0.245653747428103
-0.360630683261251
-0.419398188157195
-0.385207225821871
-0.387028414394372
-0.35278901908251
-0.46687851095191
-0.120048690001425
-0.331354173301943
-0.347729097742243
-0.16069788748066
-0.339525560558658
-0.253837596064964
-0.362781775326421
-0.319133201073929
-0.357286078239064
-0.443340542050839
-0.341689224739569
-0.410960209659805
-0.404162866542307
-0.211443258374914
-0.338112014989303
-0.371798491316459
-0.240205441574337
-0.428973488736834
-0.356239835213115
-0.236384601225384
-0.361116870454602
-0.471265830113454
-0.406391347388802
-0.207929282113321
-0.316779642472585
-0.29448294552695
-0.213243809731188
-0.290990718203582
-0.220060745274956
-0.260636948910611
-0.328643127183564
-0.293042229907601
-0.43533747175819
-0.227788874192645
-0.385379752140827
-0.386181610644152
-0.292455874756888
-0.265406512317064
-0.177903645457438
-0.402662279085437
-0.303064989633482
-0.31672749423591
-0.172873634399668
-0.208439950664661
-0.237911040394035
-0.318223300840611
-0.285229260472755
-0.416827276819282
-0.262845965680888
-0.193050070167056
-0.306389284881375
-0.257340190236159
-0.315121815487084
-0.390414522026377
-0.283816069198408
-0.23595880326844
-0.365118872790534
-0.227658779865356
-0.353269217561143
-0.316590523648061
-0.37192504134244
-0.204455642881715
-0.21852175328463
-0.217046150755453
-0.181505678665057
-0.159856397655816
-0.262848433640014
-0.0666575092455784
-0.353431065008625
-0.219182976218696
-0.213421118630898
-0.138251308162888
-0.295076540715823
-0.320911048358422
-0.253086018825893
-0.0934785983423944
-0.206369157923403
-0.289708214592419
-0.34965814763608
-0.0537475154281539
-0.071337292820228
-0.336392786179869
-0.21671583798181
-0.221376188748074
-0.274968918818787
-0.028435609704612
-0.16617375826927
-0.258269496545741
-0.210616394499809
-0.175028002124585
-0.236094999097903
-0.185341203109475
-0.0773641723491978
-0.125854281918288
-0.0978913839752538
-0.20386328159553
-0.137769571697813
-0.184053159156069
-0.204410018655886
-0.0739275388425952
-0.0814850406614237
-0.189793714721531
-0.0798865729063529
-0.0143969897705182
-0.0957583282043038
-0.0834697828856871
-0.276229527044933
-0.158816651504131
-0.0759289960743484
-0.0426753768954377
-0.0740007563281932
-0.0589951773674765
0.063473927746945
0.00219792455128994
-0.225884291365909
-0.156286763870145
-0.0690987823913468
0.102718037002426
-0.142432044604926
-0.0737703228017642
-0.145396035932423
-0.0628185659557473
-0.0482011682101436
-0.275438829187515
-0.134900806451107
-0.110928427703934
-0.12421544372191
-0.205809073265755
-0.0342275804584997
-0.0911893070039379
-0.0281266387831174
-0.041463740661403
-0.0669213454234995
-0.103256741328593
-0.0675650332334655
-0.0233859491827004
-0.0650335821774688
-0.0460905698285451
-0.187249460052932
-0.0941835972392932
-0.0516528719044129
-0.11855831600274
-0.138432482978188
-0.115658679921244
-0.0921866022404436
0.144983363846133
0.0937363053709328
-0.129164922778667
-0.0235620858611431
-0.0422502490016485
0.0448898246587758
0.0998321965992684
-0.0192982587786958
-0.0614430578766054
0.0165616866243353
0.0731946309850404
-0.0180364196025265
0.00175263927480592
-0.035170714795739
0.00809784961405529
0.0380777707546237
-0.084689213358439
-0.0589664535883319
-0.0195920499288747
-0.00244518817051645
0.0269668970651101
-0.137768793557296
0.109659215677253
-0.0271196356853174
0.0556620679853431
-0.00384215344024225
0.0444949578203446
-0.0824795059296732
-0.0336841925031568
0.00256795953407571
0.122748200848976
0.0457290817674975
-0.047381641553436
-0.13084794388524
0.207861913805881
-0.0277538991448626
-0.0503815050531355
0.103081486727156
0.145096367625965
-0.0272444333787801
-0.0244907775961513
-0.0867480751662138
0.00398510972427491
0.145362267000624
0.0418289071194982
0.151440005274981
0.051046247508753
-0.0270972425688934
0.219508419536404
0.125765190103751
-0.07453892909963
-0.093483412206872
-0.0438836874744025
-0.0717328647885932
0.047395851671686
0.0908237869616075
0.186274902157105
0.147628972088039
0.049448323007482
0.058312063979861
0.0460048980801813
0.0207329600219786
0.115292864370453
0.34149885127483
0.115255626810491
0.0821669467541326
-0.0532659463681232
0.0694149733703125
0.073102201851083
0.116978108446888
0.16076961573037
-0.0204561496962165
0.0784653893196708
0.19957032107552
0.0534739547098646
0.00658311575767795
0.123465248626941
0.0198967097262154
0.0968952249124372
0.0969405169194681
0.0973278823631184
0.168403112002559
0.059904542208926
0.0687507548442055
0.106627760313834
0.0350443506937289
0.136434047919114
0.1327414196552
0.134931362788041
0.195228369648109
-0.0560520477221591
0.0893904263621414
0.184807237203301
0.242659867188434
0.0449146849480591
0.028841525018932
0.171878580102352
-0.0242578340470832
0.191345092038939
0.0302125931161717
0.247065748704472
0.203566166043044
0.126650873483577
0.113575309237007
0.0742919085382018
0.267362844156929
0.0680806774687326
0.244344201835014
0.0217597517596765
0.239090503286693
0.216641894117758
0.128903597200657
0.0908566286443628
0.363044698006675
0.244070846210197
0.259177944082709
0.180732521843756
0.0726015122481446
0.0423770932549826
0.109925882512034
0.0123858456782596
0.237503147368363
0.286326730636685
-0.0458262483105623
0.237253288028594
0.294042357314409
0.246832020813454
0.235259121917015
0.190019656993417
0.155985680471053
0.159654223919825
0.269741519119252
0.0978522279315798
0.330447991151809
0.284719514233471
0.151701912982976
0.246818164208771
0.218394112016433
0.252949220040087
0.303707334826419
0.0688356970812989
0.193537610687718
0.274851733317414
0.261868113760206
0.370985130761017
0.270422738382443
0.261331777881706
0.26888711766408
0.238645685824929
0.131921143502816
0.247470244339868
0.330428035562296
0.0496922073418622
0.202209007997899
0.244431083008311
0.380383132048814
0.16386565263574
0.376833122913386
0.359807814633172
0.271176643280679
0.148535181204159
0.292744279157636
0.254554883125032
0.328543289040059
0.199279125836111
0.388899257742181
0.426032361411681
0.28419044037895
0.266891345591202
0.26447255148176
0.212136239875431
0.375981913047779
0.451199929741368
0.312006594338179
0.181456292890815
0.138132828855756
0.45805921374517
0.307810031475184
0.23191592176067
0.327629763082622
0.256032351513136
0.405772620110647
0.271942371487207
0.279531064042182
0.258041250907923
0.233424855571893
0.392253609441926
0.291127414173837
0.491589533070989
0.299992998158136
0.387792790832265
0.359522780147827
0.379967520089294
0.313261588412405
0.238760905670853
0.397757894037017
0.31080574438822
0.434791400392889
0.324065951029895
0.445492749027532
0.341150617339128
0.278458974567985
0.35568414454567
0.468038756949208
0.454533608394552
0.382428942701393
0.366629263980645
0.346169011807815
0.305337431144792
0.169584075848994
0.44614999022261
0.193816393568218
0.209266816223621
0.419967828371731
0.432699879831352
0.411004656446017
0.341030435312703
0.352423878549979
0.343427704531593
0.366626461187077
0.377922486209013
0.342978644598939
0.346175186172468
0.390564872991383
0.313236070882798
0.275529941391279
0.374523114865458
0.446320866502327
0.368311848289343
0.422173302508409
0.322003862355657
0.346423325624165
0.290019768593111
0.230442502701005
0.56072899297316
0.452758762355669
0.356690190682417
0.435615276413586
0.506700781341623
0.446527831994214
0.464442809764745
0.337552566227621
0.353541275660572
0.419504701107748
0.358474542448379
0.313175226047344
0.399450147343388
0.292076352318651
0.421909254677872
0.51653030596896
0.478033567381338
0.454670647176498
0.471354490940037
0.532728869074661
0.46650489145056
0.505032671418722
0.41073461207551
0.644218323240213
0.38608140512466
0.523733251648431
0.418981741107915
0.427103289916587
0.51324443302929
0.40784785305533
0.548449199029134
0.515119160781469
0.325751140121825
0.375551134551628
0.403262174532034
0.406565211284233
0.574384775883382
0.614032490200771
0.665554398821721
0.460288954701044
0.483526327423873
0.616866681526199
0.500200538712049
0.447511075625675
0.493754478631228
0.458072679747093
0.539000668179137
0.487239905329614
0.641864738951131
0.334674924665013
0.610318039909581
0.568989846186509
0.436420383230625
0.635295385993007
0.566394806234582
0.58681565279867
0.646463432279386
0.531454233687688
0.468898148733936
0.458115196734203
0.61407930201299
0.482119573888225
0.472798434368609
0.608026536552322
0.572901943154788
0.518179722414691
0.584890302074305
0.484837301219052
0.718198256622049
0.697205406178346
0.405708132988634
0.45400805263983
0.569631177845818
0.570980483991329
0.485302095003505
0.365380935413802
0.456424277167586
0.541946882738222
0.608436559790619
0.611725533230605
0.435822872309444
0.708328678760976
0.642924528656531
0.585162061307119
0.554644469406471
0.692018241009841
0.409521389192116
0.345128552808438
0.545731813402105
0.536355892359136
0.532506567948729
0.461696906190794
0.43986151288705
0.582871678212469
0.55894017180058
0.826979958803242
0.674810195723647
0.589559608041953
0.64000063279822
0.703063099329517
0.630929093476022
0.657105525072168
0.638417947154219
0.59435750499386
0.564338173976436
0.558886216975069
0.68212094761418
0.496127140831234
0.698924843048994
0.68375938477045
0.68754885745667
0.735223026644742
0.592127593170851
0.678660100480681
0.642915874402337
0.686797114355878
0.587931859804681
0.741509951366667
0.82582630589969
0.81857671380569
0.63102301326936
0.618017365184873
0.670799901075608
0.793685506042762
0.645804704167099
0.706941449383969
0.695725307818708
0.67068495205501
0.563740330901237
0.603659089220386
0.629817896759932
0.559868291876516
0.793244112978387
0.582180134440797
0.628739725475368
0.486025897920782
0.617995486224868
0.638143717490363
0.522062921435468
0.673762790749162
0.650386653667306
0.715184790394355
0.605858499378301
0.727309347392811
0.650576502403699
0.545366563868123
0.608687347604936
0.73584333176404
0.805153753368498
0.825646652445272
0.712111781421747
0.725339361742809
0.760103516224698
0.621771763171522
0.596619256813494
0.764196692851163
0.710392026468911
0.732347249912594
0.766891272906205
0.804445578606153
0.688239683872286
0.805910183863176
0.819269868258517
0.667166650336606
0.643562583062807
0.675247272139057
0.712476981362886
0.820928622272805
0.837024471005671
0.595156248095177
0.707989233480562
0.875652445769537
0.78140490784914
0.805898773585583
0.652065528482784
0.850542274278206
0.774666425763148
0.811740569867771
0.758949519346932
0.793022205340795
0.915539186576526
0.646301507716543
0.842031542174632
0.789928460817441
0.790611840062433
0.724435369930667
0.760187416923853
0.876522143249089
0.791338270829277
0.77957550589171
0.78730687294621
0.765829243151701
0.752712260787412
0.785943480912747
0.848647497000099
0.710582502055144
0.579197658666548
0.961255456484027
0.677678777520049
0.888372928924838
0.867674993947886
0.891179607994298
0.701315718411554
0.83245201379786
0.909402406819571
0.739571287888316
0.810842912306584
0.836047252540715
0.889808729458679
1.02326744444527
0.873410306578934
0.658856178349764
0.764258884915616
0.800927774603509
0.907121788802286
0.793651850534542
0.850475845436244
0.847461089508416
0.841862101770434
0.69421443558249
0.87971128020178
0.824659641502196
0.972379250130999
0.906711774906011
0.716227987336473
0.955777736634635
0.820576100701847
0.807296418935481
0.763976680456336
0.834128512385362
0.77607460974794
0.864075307245563
0.945381998612791
0.854898219279053
1.05838678250378
0.888385393876046
0.878882205824078
0.692843145436924
0.972444716149529
0.955426926864213
0.935817950567583
0.821061021338245
0.927904667074582
0.846823682888927
0.818074674296901
0.843628893405861
1.04005046753397
0.948338601215037
0.855155568606542
0.90259223737051
0.877002841671889
0.917635527391576
0.932407988196217
0.931563020070827
1.012798529011
1.00346641152064
0.905331263390262
0.806434453849389
0.819300560882959
0.894242599075458
1.01228575861292
0.928918738661339
1.03469173089205
1.02982106701405
0.991780469482166
0.904832823470325
0.835493841805269
0.90216293182364
1.00084597078966
0.859751377694673
0.911501274380794
0.967202301728068
0.925391706860374
0.8510536159921
1.05927176219761
0.916003538874047
0.776634403224641
0.862054996070816
0.876168714291237
1.0359560052495
1.03301111714971
1.06560081499275
0.939608196337648
1.04453566365626
1.09355800107959
0.962681739278676
1.06762543971363
0.991287880981363
1.08426608374085
0.969452954206559
1.02523871562978
0.994747356082137
0.943522090434544
0.940053183735649
1.13640704567512
