"x"
-1.09404071742481
-1.02060011595324
-1.02190445981843
-1.01517992249435
-0.913152891166134
-1.01888388576157
-0.887945494682746
-0.96715552467489
-1.08940847152289
-1.08855099536124
-1.00578950893392
-0.960778615656244
-0.901283466934295
-1.06922657754821
-0.899595766977588
-0.978618237915326
-0.905609176790948
-1.02251970093121
-1.0219424543226
-0.909154070219411
-1.07872333279113
-0.979851036397423
-0.886007785855745
-0.845419584803455
-1.00615436437748
-0.885062696613531
-0.904867952312325
-1.02182111535471
-0.967443133951256
-0.929284015895465
-1.04777998207852
-0.871810511779052
-0.903931216388055
-0.807234709713066
-0.843984113606733
-0.884021824099923
-0.800193934009279
-0.907222781234783
-0.865387402927602
-0.947029602325197
-0.882010614420081
-1.06949923391539
-1.06673604373297
-0.969786040100086
-0.843089589877855
-0.93016322041136
-1.01401920792887
-0.854872208940072
-0.791552924536995
-0.907670559112288
-0.871921902641508
-0.880124874024098
-0.845306123107954
-0.849367913180619
-0.86102165932018
-0.839014288563748
-0.901664133735067
-0.835389647622937
-0.971859480726067
-0.976084310859748
-0.847017200562449
-0.892210400625894
-0.89320069603299
-0.845026127655358
-0.893932908984459
-0.94096019632475
-0.93362378732373
-0.815092664145727
-0.90887154733475
-1.02632684948792
-0.9772615282415
-0.88399896133289
-0.967982477895254
-0.801930623472548
-0.832434402411576
-0.884639934353142
-0.868245434384192
-0.889971166795226
-0.886354314955881
-0.658753367559176
-0.884662725442878
-0.835632751807369
-0.816325653227471
-0.856506669467168
-0.906701254962095
-0.844373008986338
-0.768754576779919
-0.883468435360379
-0.80055216012137
-0.902068215573699
-0.788681968183241
-0.723898540659392
-0.866154786203296
-0.819692243460164
-0.79303570166059
-0.831303887653665
-0.852529957752427
-0.712075179743648
-0.799058574841082
-0.705324845727681
-0.830422432590718
-0.751696526745108
-0.734010714499656
-0.694285205821924
-0.720794361497285
-0.910441879758535
-0.633022073576375
-0.71029444331464
-0.76374735946194
-0.804270084817158
-0.831589572125604
-0.877281014477205
-0.794234787249034
-0.813281433080677
-0.849270319992939
-0.825827875358465
-0.884089612643762
-0.584437228419478
-0.784870776151821
-0.745958695486232
-0.754954862264675
-0.873327595919072
-0.819219475105827
-0.610954002797624
-0.471156694900123
-0.653305940255031
-0.70201667732809
-0.736584469197368
-0.761608643818786
-0.817802342138464
-0.760382183577926
-0.734830781256806
-0.731852843641385
-0.701376543610445
-0.634087080482705
-0.796297418140219
-0.795404394240556
-0.821399108109428
-0.572870210607459
-0.658690622165731
-0.654710911922522
-0.727565849661657
-0.707630939013717
-0.695819481748103
-0.633826719843171
-0.752346658366083
-0.802377956657796
-0.758333703392461
-0.637195685965757
-0.565706126523219
-0.563765598466998
-0.638455848935798
-0.677219045585029
-0.604009343106958
-0.727195575700415
-0.689698001744646
-0.84286807724894
-0.775706339638033
-0.568614664020876
-0.657565185088024
-0.705113911237433
-0.692167417778309
-0.786556196676556
-0.791590665226687
-0.695150689907776
-0.814228898455531
-0.623730097700489
-0.540977514129868
-0.683001406393895
-0.537633205025674
-0.657299176809292
-0.64185193707028
-0.634768623026158
-0.593915217603905
-0.65829972402724
-0.658448335875686
-0.53799937010478
-0.602988644611918
-0.550027706243071
-0.748114082985893
-0.68331877063344
-0.692914056193731
-0.647866023198353
-0.620147919184662
-0.569785151856071
-0.60614656038533
-0.629471643314948
-0.690486212679263
-0.571013844608988
-0.706345600724437
-0.613319649824875
-0.612755395470977
-0.614948127760834
-0.462744709179323
-0.598536049518184
-0.640038055315153
-0.584714071163102
-0.653746551185937
-0.697722784068384
-0.547539237375267
-0.568074774829295
-0.597025497331038
-0.64455702989011
-0.623157442076548
-0.480449697702558
-0.644952753274961
-0.546112946096944
-0.550328754606191
-0.443931082742892
-0.554518673329873
-0.609767633160242
-0.520169479986438
-0.432445830173725
-0.49550011187893
-0.559595855617049
-0.508242427462441
-0.358776227901084
-0.557602923357858
-0.557307989487017
-0.481582649215561
-0.591249535019249
-0.547695284423373
-0.691274745806726
-0.554080946476798
-0.605415325110046
-0.435929582236086
-0.470002591053688
-0.685853898494535
-0.459986374343195
-0.552831559474254
-0.540980759613311
-0.599763499182193
-0.444448386556724
-0.566584733313966
-0.530502187041294
-0.527253076604795
-0.386521744696323
-0.429198583419865
-0.520546335260955
-0.531197019682694
-0.469110846191013
-0.550185560411291
-0.680136947072387
-0.56435572316163
-0.445539327545451
-0.691184070363799
-0.305613294583233
-0.599862486789055
-0.507259333760207
-0.546116354775757
-0.402208436981079
-0.649984463400583
-0.325760620611519
-0.702225093439005
-0.600181259162056
-0.457217870388177
-0.501984152071771
-0.526456107536151
-0.486604090688314
-0.477683134285321
-0.41939711197961
-0.486723658723873
-0.497792618414591
-0.292570192089695
-0.534710636922023
-0.617941212163311
-0.445737375975858
-0.425881912627539
-0.497229908527216
-0.481867934426254
-0.334312044979803
-0.377637829599862
-0.541673596330684
-0.58222574197407
-0.355291562040514
-0.348816383608935
-0.364790409402701
-0.406771139224439
-0.605455364832046
-0.505281368528716
-0.555757875172297
-0.322035258227798
-0.541652789525086
-0.392068114380158
-0.354171462613183
-0.314467467852243
-0.32180456707906
-0.637465824395967
-0.377821144676384
-0.523597378151556
-0.648939522113161
-0.333338972434304
-0.575891722966052
-0.454497982533609
-0.444093609303335
-0.417713625961233
-0.405218727812888
-0.432667048090686
-0.432416582243805
-0.304460193642884
-0.330455164136118
-0.535966474322177
-0.422539916340463
-0.516470393700317
-0.493331770289983
-0.394484269905757
-0.362925613232157
-0.30971854233708
-0.445518758234989
-0.306964048272037
-0.449403294782857
-0.396592870549814
-0.375815223266786
-0.416231694689729
-0.297656796950336
-0.475367062879287
-0.214529548312187
-0.241218282596781
-0.310472287734849
-0.482946609256015
-0.327759705743041
-0.44352079532901
-0.40862586869967
-0.337900872095886
-0.480756916640804
-0.310350405267438
-0.2395604279118
-0.288228054865156
-0.430739088200056
-0.296870056232281
-0.340131935685113
-0.325076303954976
-0.307415279403814
-0.114765830941703
-0.403657609835852
-0.284451527106695
-0.339933166380273
-0.397050809882814
-0.533260159093063
-0.358279746130197
-0.442534921709653
-0.16488262720453
-0.30191597222629
-0.344737037210893
-0.208288277980561
-0.141709065967928
-0.335200469497483
-0.157061901035215
-0.387349936879512
-0.308611634897973
-0.293663992375099
-0.411024197873363
-0.0786498573278229
-0.193745072365601
-0.339734263633187
-0.323822589673409
-0.325964202269468
-0.342586550866943
-0.320673805702151
-0.327730949040178
-0.272717905348096
-0.435851896354158
0.0170079217133076
-0.423459080231507
-0.20092708420969
-0.312656738443165
-0.29570234891805
-0.0806682010354289
-0.353805301279781
-0.307403072873757
-0.279967208763276
-0.126327710933752
-0.196431537172697
-0.149432604955348
-0.179695377943638
-0.179923506872422
-0.214318891821412
-0.232994618304724
-0.266587216349661
-0.452483408786809
-0.225759890135757
-0.294033263753324
-0.188444701659462
-0.0649062212556514
-0.33696604686206
-0.189123475292086
-0.336640571130626
-0.253118541661264
-0.303892338096334
-0.30719118254183
-0.243367391773517
-0.0815528220227762
-0.074910668783301
-0.178037271933652
-0.238927116942187
-0.178991216910438
-0.254387413063643
-0.333815432313115
-0.200493739367562
-0.269682783764474
-0.202275832964474
-0.289741382829514
-0.129177881228499
-0.357697535729951
-0.206717354342107
-0.201425847262406
-0.264641929318123
-0.159958543655426
-0.199809862979103
-0.150973474126561
-0.170847048846476
-0.0989878586603422
-0.0268361940474217
-0.176875204115614
-0.132103365921303
-0.0359487027464655
-0.22936344933632
-0.23352187456331
-0.196842098201515
-0.201281186750578
-0.0628988987560875
-0.257540700984803
-0.150281159743512
-0.0896348577471008
-0.239823486445135
-0.214046025030508
-0.098580832715325
-0.0646995457296982
-0.155466800433579
-0.155752631237044
-0.147526384563069
-0.159195338972178
-0.261665152156937
-0.102265637519101
-0.0770171619700937
-0.172750213222769
-0.226621659786887
0.00811502550846456
-0.192364991249298
-0.174029165405238
-0.0995863749459994
-0.0874587184169147
-0.00739324283818773
-0.00892482602292229
-0.170206273180618
-0.173577337750511
0.178706450550137
0.000746888509610191
-0.048618188305776
-0.279621533160193
-0.201109692734044
-0.242491952892836
-0.143826696153387
-0.155944386898993
-0.0866833061852404
-0.149643417926626
-0.0506477214731215
-0.0970583513567166
-0.140063184246084
-0.11043347140195
-0.0526350855988065
-0.0152759856207299
-0.135229903507952
-0.155745453942828
-0.151482445184791
-0.0222669253871259
0.00170677670403413
-0.090919162369521
0.0181555309083375
-0.110246349851804
-0.0192135197214268
-0.0659620948821135
-0.17568515135491
0.0438098221279696
-0.0512035284056199
-0.112115793802402
-0.0541495818809209
-0.0447880554041287
0.0289245643723495
-0.116588213756994
0.0608774364619391
0.131740462613532
-0.0904439591907313
0.103434583060768
-0.0623525837945722
-0.0118301311480479
-0.0885476410219479
-0.00770217756168298
-0.0426640014538169
-0.121756101854775
-0.00456880348956191
-0.0592551647067675
-0.0453133775600885
-0.0250267453524743
0.0866725352034557
0.0894144190863006
0.00653564019857951
-0.0510763903177936
-0.0477945255010276
-0.0916191633394819
0.00904426479555949
0.121965741426749
0.0100916625085819
-0.0101200597810876
-0.109255112320172
0.202803328681489
-0.1119027402238
-0.167182521900138
0.0863997394133353
0.0249093242981761
0.0565662054012124
0.0823033111117152
0.0296132153983347
0.0095863440910262
0.0508049860291429
0.0399571565831579
0.0868195987173977
0.123443102285192
0.0936029597206437
0.0300150471279236
0.0776711083149722
0.0767095693280089
-0.108784813571176
0.198077527244136
0.0511878517739772
0.034458316799614
0.148228553098615
0.104795307820529
0.0576131610905935
0.00591590842037259
0.091094325423683
0.116880761401686
0.103477111882649
0.072349275221464
0.190814132118829
0.0229430873497217
0.0659486998258616
0.0111516707481272
0.130375129905694
0.163287551235508
0.0902212173700176
0.228305358509531
0.145865843311965
0.0153072266238614
0.0748457845634319
0.151779746709938
0.0916114718851619
0.0486453916284342
0.026734572851571
0.0480162516278997
0.138170329947681
-0.00836405065356263
0.0887144440725372
0.0141490107618496
0.19664530414026
-0.0467795243525922
0.154086407325163
0.148322558089354
0.121963878859523
0.275521802818499
0.303819260983971
0.230302211820332
0.15073725803214
0.143957902621001
0.0500664841594296
0.206409641776873
0.0597860749407551
0.0403328815641509
0.177431243093392
0.0173462957831155
0.159356595559384
0.143984673240277
0.0623532148096514
0.142457688010904
0.18686549199276
0.0656319122608091
0.272307820668744
0.266045241013909
0.115866575970929
0.104624302260916
0.0905342228023691
0.0918819716989393
0.213208287500567
0.186508136591506
0.161162456065594
0.238465433255072
0.0579998698933574
0.332846494925331
0.247495207849552
0.136091649601438
0.191681995290845
0.112979340968545
0.182016362866901
0.285976827214435
0.0605271808705636
0.24631768292906
0.190230270368917
0.0374993702292002
0.158366959496428
0.123251301457321
0.233979387915308
0.139409980563395
0.289334477658407
0.267872859921391
0.143434719021224
0.398298157229881
0.316305024546959
0.0723013956244439
0.166553116374534
0.111376185082465
0.230923347900323
0.278045781520506
0.249925684351252
0.30426678872139
0.312456336207192
0.260156711855157
0.278143883051055
0.297309159095733
0.272985830467974
0.141939690169506
0.175760302840708
0.257156344557515
0.179493254569866
0.304848779111821
0.292721935379892
0.335065364782089
0.269632713187139
0.271316792954934
0.25730206145895
0.326016950385419
0.276790020940666
0.324170686696943
0.279716083149376
0.301474735881368
0.336143768064105
0.241549562891285
0.335693331212378
0.309722253217504
0.267074595719653
0.216020881854189
0.291507404509933
0.318719788088414
0.380307856699006
0.451246091969632
0.265139751795974
0.250208396887431
0.257513907131713
0.374851315199461
0.318556132063243
0.148368479522252
0.347059466163394
0.176601014578462
0.284262403837063
0.261261848077708
0.245814659699846
0.366945000672753
0.368838507532999
0.444940517315431
0.20963911056751
0.34370948895921
0.288282941964637
0.301410448979592
0.258485141411952
0.270684413822129
0.22297923908285
0.383576066694883
0.420689281770916
0.213434039953346
0.344701147974176
0.218822121484656
0.245635788407234
0.210294974518623
0.288675437537898
0.398239197341347
0.392320815541645
0.356522350351307
0.297665585532379
0.253595810148447
0.463491830697834
0.427818140965004
0.570030954734311
0.524483105794075
0.31160134266144
0.387387135306078
0.440815138597742
0.367537568741724
0.416373813564662
0.532535676108192
0.308929239770755
0.340463962380309
0.483503423068049
0.369917096219041
0.355299399011258
0.519113937855749
0.380060402927213
0.290339542311853
0.22036638087645
0.452297357790641
0.304908731227265
0.288046120171193
0.359707032322251
0.316360879199073
0.439239226900304
0.434362740902073
0.328504912197255
0.425270071225103
0.236127674423959
0.409671228709599
0.350386639442576
0.524602913179458
0.445426357100407
0.512054437219799
0.407924299585748
0.386187630504996
0.268683271032384
0.435397385827837
0.532527378506567
0.381664532608095
0.350798772621138
0.453882567263675
0.498560660136768
0.476548668247448
0.367081018911981
0.488224438322665
0.522484510949179
0.486193183879604
0.272375219310923
0.462282280768545
0.436608465029417
0.583658436427532
0.547677103458879
0.374627697805225
0.416945184710375
0.471420053653466
0.453132705272856
0.474653869006407
0.384818833146219
0.44518327356688
0.469358725238951
0.606065929829436
0.541092551659403
0.598145077216185
0.430809441396994
0.562335783502237
0.53597848867076
0.524507485635205
0.487852567715897
0.612348368727984
0.550519692634474
0.509663542949716
0.364672698910554
0.347553699303976
0.478837963998143
0.413651180550265
0.568698376608463
0.442798021032926
0.583564182468365
0.522344158610078
0.471031448724217
0.704613872400152
0.611019390626859
0.642227807825665
0.473019750076942
0.512553764737266
0.424007119477073
0.563177469489326
0.525059095626364
0.514078187699231
0.618881028593085
0.579470231248148
0.538048683997342
0.503042000135617
0.66910817089574
0.589250976714444
0.550233985148307
0.511245668031696
0.654860649941552
0.580174633686399
0.62104958213302
0.359900017301751
0.519855053652008
0.685890664250229
0.527984503446759
0.644778695236216
0.584012751028532
0.630402672357976
0.599568129439868
0.693877659747895
0.600631965182738
0.630961729483463
0.705388491325525
0.534372831677113
0.548853578497143
0.572666279700217
0.487559136379741
0.533482573280528
0.532029731304057
0.610084096253813
0.637941865647048
0.507929962866885
0.612459657411709
0.503519144467763
0.667599068181938
0.654802941608662
0.543112991435318
0.568458877285256
0.475611916117911
0.536854749609185
0.62598301054114
0.634856159251906
0.580428319284168
0.647134518709231
0.565935688467655
0.699482427409822
0.778438489230025
0.429098907025507
0.508241035456228
0.532945436369162
0.638724328609175
0.632710813744073
0.578866501127455
0.590055089760349
0.624879464636432
0.642187582518249
0.684747238518334
0.741181836719209
0.596202591045371
0.774505991701014
0.516013231357794
0.582303812099809
0.708732234688039
0.71165208336711
0.632539346941829
0.5648252897007
0.735651599629629
0.834214359874815
0.612607137962375
0.838915701576368
0.760924674019631
0.601479679737449
0.699028663076979
0.847828155569589
0.761773023831638
0.628186610592379
0.65878367495352
0.674246423872567
0.673036505755003
0.637104632811531
0.584050397923799
0.719100833544266
0.511382418768999
0.794020865805457
0.844968662832466
0.674757993314828
0.606037567810452
0.657035648025823
0.6980576539045
0.666717944876383
0.644329163535083
0.639033719935308
0.667311792711513
0.626848836271387
0.791824605931593
0.709481758076955
0.663833482505687
0.714073375019392
0.596666159349959
0.56202170705541
0.714224325637617
0.83902113867102
0.781916698309933
0.752176631551159
0.613021095754784
0.78935799820314
0.517230174081641
0.900607899372355
0.747332346131963
0.783014412026654
0.648379400353275
0.622756940243478
0.621568338202078
0.857506682333283
0.638650144136979
0.871892516787636
0.771889383059054
0.736340555466951
0.793407300595656
0.657811007780616
0.757528120497743
0.784664046716493
0.72584575692943
0.689632402972199
0.790005481598509
0.736858656316318
0.736509335745358
0.802860324889216
0.812378141404608
0.813383373005961
0.92658617204909
0.806923216230461
0.848481998343462
0.858144917420192
0.839973735857032
0.796920040707348
0.777491121076136
0.61563259270879
0.933894675259935
0.860172756595725
0.887102670976256
1.06894797885532
0.90389985420009
0.846276276588586
0.786120313943502
0.821018733244767
0.930820411876573
0.765122845062722
0.775908966807159
0.861352278353005
0.980694276840967
0.841980579458429
0.847613437434217
0.743282373739983
0.862928671252388
0.87253681573418
0.851517338247537
0.912545978496515
0.716733633991768
0.742707505132427
0.87894546603934
0.862813787542187
0.955768623702374
0.805172569843769
0.951532742770128
0.870673216323758
0.900358516347774
0.808947518258353
1.00060290202352
0.853123401459157
1.06892001577693
0.749478393695601
0.830065604572206
1.03187773876977
0.837941907788963
1.00164182861262
0.904677362686444
0.838512086723916
0.785939322850589
0.967818249784827
1.04356564988204
0.778564613803342
0.943283776679941
0.893141796029178
0.834834375098612
0.977770449179447
0.976483498397753
0.922282720992584
0.885522323131558
0.890663598017199
0.977968423395695
0.839956248109924
0.851003590855691
0.915676302561149
0.938809547790266
0.826273336539093
0.950351320959734
1.00157571433304
0.945463139448406
1.01116697377884
0.876043460596388
0.826864030395378
0.84908024457082
1.01231503267132
0.982086733096521
0.827535846394031
0.935982347475465
0.938182175333397
0.902956695894736
0.907151505666486
0.944986331754884
0.89476763216414
1.05593449797235
1.04978823768964
0.892307560235977
0.993595572265416
1.01632123647505
0.924848251246868
1.06709407265483
1.00654339167473
1.06457406897176
0.965754312544869
1.06719315083288
1.03507550240149
0.895112171505465
0.923463434762017
1.02077896477517
1.0207211851846
0.95794916728679
1.05737667728879
0.956172328021263
0.911966193027569
