"x"
-1.11654432106409
-1.02584374290917
-1.03958766239922
-1.01510338738206
-0.929419392414097
-1.00238617963317
-0.910661647539655
-0.942748628880784
-1.0985409746037
-1.07206660068924
-0.997740748291234
-0.957136249375806
-0.920227187231958
-1.04511008505747
-0.897401407453104
-0.989811948529884
-0.898076810333588
-1.01252155473467
-1.0135708991654
-0.906632023594907
-1.0955806907816
-0.972450974628244
-0.895058616504591
-0.839051803908178
-1.03540365916704
-0.925083260771329
-0.884127510472759
-1.03635773971263
-0.957065285521148
-0.915622336788319
-1.06160612373928
-0.887878335012664
-0.920580650977367
-0.826681463937254
-0.836869046292987
-0.912117888441036
-0.795747496326786
-0.923278878291118
-0.890687703141748
-0.972693197433952
-0.887352204909612
-1.05669981962382
-1.08376073230639
-0.975942660062662
-0.830083208618422
-0.940808587678926
-1.00145345354736
-0.851392927602558
-0.796375766279519
-0.908568491696048
-0.861648664825248
-0.878772843510776
-0.85804101836526
-0.850837768078839
-0.863472672823125
-0.854529935826771
-0.914539877735512
-0.829841732664407
-0.970152778657292
-0.949370085719117
-0.854347367293538
-0.879786128158458
-0.904949204687608
-0.842980239507617
-0.888790011068598
-0.952503239367422
-0.915435918006647
-0.790818257913042
-0.905882039442746
-1.02697985075339
-0.952967557211534
-0.89941140800251
-0.962625224127572
-0.796079271680651
-0.822193576578837
-0.858534124416874
-0.889860068909958
-0.896384848037302
-0.882992959030687
-0.66518545457259
-0.886800540793264
-0.840737434206388
-0.815860067776433
-0.882816368467709
-0.910962487374775
-0.853465827811522
-0.792587269197086
-0.871819147346944
-0.789801768278575
-0.930838617373194
-0.79679539324761
-0.730991752050357
-0.844735330570393
-0.839111968967869
-0.762979626377395
-0.86474567629463
-0.831607367649051
-0.723245677489999
-0.785543642305835
-0.706462066736644
-0.836904826198471
-0.744430784378351
-0.746726732692149
-0.700930465955557
-0.720637226237824
-0.902113923659955
-0.650312221080873
-0.706584308470452
-0.74453399988141
-0.794088292504935
-0.84015211008962
-0.87469677778847
-0.773991307606123
-0.807315215245421
-0.860565719421033
-0.847098654431819
-0.907673529643497
-0.588442690011419
-0.767826357546894
-0.757410065371074
-0.766471975562111
-0.874911774159448
-0.816360675955551
-0.590414992993835
-0.484951274720001
-0.677632109062362
-0.719626546135878
-0.75006145888402
-0.749458220704535
-0.809293026146286
-0.753567237336642
-0.750627978544472
-0.753199920774149
-0.686984592294933
-0.623848841228433
-0.788165620301512
-0.806650540374449
-0.833003749487362
-0.552742322315281
-0.692700206712483
-0.640472786077649
-0.719401769204795
-0.694263873164581
-0.693964745632594
-0.622404212079173
-0.754144794483288
-0.796379477757092
-0.74691607413682
-0.668715064562578
-0.572860417881471
-0.552445893991997
-0.664541523851418
-0.687289490112963
-0.597965016474018
-0.727194637325211
-0.697192825789843
-0.821237872996017
-0.779331062816322
-0.555359225327723
-0.662838696599897
-0.704577931162402
-0.691217628602355
-0.770582852277224
-0.786456540555526
-0.702505040951342
-0.829934389695026
-0.604357535980509
-0.556692621137697
-0.667660657595782
-0.529601876874335
-0.653746210560161
-0.63370653928703
-0.651009324617885
-0.596923267456554
-0.647069328841793
-0.65942618007683
-0.531132901881534
-0.597517283736284
-0.549815240006145
-0.743064255593439
-0.696004212591281
-0.698250995787775
-0.613374460505377
-0.619294241255548
-0.590391320531275
-0.610546949063533
-0.635137567379388
-0.683310364240321
-0.548875537508686
-0.692168463143555
-0.602190935900652
-0.59090241515462
-0.613190318151642
-0.464685681546737
-0.578401620990439
-0.622653540989835
-0.616909681283028
-0.643538463588057
-0.662403798228717
-0.543649414021044
-0.568386929342359
-0.597345458457413
-0.664787117684929
-0.636633654139764
-0.496282163114366
-0.64409562250107
-0.55368982314403
-0.562357788894976
-0.440265617801408
-0.542200718154759
-0.599712700902664
-0.521553959560668
-0.422756123148535
-0.525640718018704
-0.555129437594526
-0.498201239702538
-0.364131148891882
-0.547952633922738
-0.55191447978649
-0.488079986286645
-0.579256952480234
-0.55433175786765
-0.718354564180608
-0.54421485751242
-0.570484180815482
-0.428810371513395
-0.462528220843677
-0.666630567545204
-0.443692148199598
-0.548417454709218
-0.543554258795084
-0.604259479740401
-0.457524712353444
-0.563500592056775
-0.542629307385433
-0.510935105367996
-0.369692581125304
-0.446246339175504
-0.520477248972191
-0.539847240644769
-0.491288307577695
-0.544064728538781
-0.66366271089131
-0.556793474163724
-0.450879209120342
-0.681221317706941
-0.305829651880306
-0.590864824344094
-0.502909704389778
-0.553834552414911
-0.397972812364529
-0.666056585801637
-0.328022687511412
-0.719568193481853
-0.604214888843965
-0.43889635721437
-0.463956393227703
-0.532132015051275
-0.469070284011869
-0.491842451816378
-0.402517875312175
-0.506563761767002
-0.475112547654575
-0.306292650902748
-0.525105706950444
-0.611537620789686
-0.463331743232475
-0.408822895960058
-0.486755558853104
-0.482442794424409
-0.306917390125752
-0.371083335809924
-0.536255288871432
-0.580527923919879
-0.348322420176235
-0.380190850068921
-0.368853110788046
-0.408265241455963
-0.603216241631969
-0.506098151445599
-0.540977956421297
-0.30446962030868
-0.54720590454922
-0.388705317188549
-0.356351098992926
-0.329845296278991
-0.331388968898741
-0.638632316432212
-0.37237259439664
-0.530568380163451
-0.674428066628726
-0.334924411248786
-0.564625637530319
-0.441343873264397
-0.431711593557398
-0.415769567431398
-0.418988711831007
-0.454256377016294
-0.417837806158472
-0.293424164117748
-0.336505552894999
-0.520486808873277
-0.439433370569245
-0.488852635492334
-0.500450370747483
-0.37415905816331
-0.367979785926814
-0.291125259383
-0.439782637697828
-0.303880116262306
-0.444552163437577
-0.398799454138444
-0.369986580267535
-0.41987073203998
-0.304715424022348
-0.477324885537866
-0.214396946153586
-0.239006797410524
-0.321502285407558
-0.481354787544728
-0.331400434114544
-0.452526822084784
-0.417516047521282
-0.348847178145166
-0.473743461979476
-0.337110250724529
-0.225554731355149
-0.312013013464407
-0.418622481352672
-0.320167691318983
-0.365058535105723
-0.337975882474548
-0.295049102219199
-0.143640720352907
-0.403682550873718
-0.299213101689778
-0.306040987844297
-0.393651977468122
-0.530671004912349
-0.358759270710224
-0.438254211454095
-0.169928645160124
-0.314263595789204
-0.332653027942277
-0.20075293353914
-0.129100612542578
-0.355760964267424
-0.158183298335979
-0.388408535907602
-0.300386176976768
-0.280587317096751
-0.412439942294609
-0.115731518045996
-0.190780390694565
-0.34254708881932
-0.333216664325309
-0.341862910146619
-0.359702720641584
-0.314628163248384
-0.328796499589484
-0.284347209481464
-0.412384526343857
0.000788871050397914
-0.414457043462768
-0.202152250740545
-0.332271139017213
-0.307430173588308
-0.123681889523859
-0.370895506181476
-0.312329611968135
-0.291336056880964
-0.116743653453621
-0.205895471664885
-0.150161400983618
-0.194662277836813
-0.197658154563718
-0.19915906721341
-0.249250941643798
-0.239263037067726
-0.456909982015821
-0.232850227634179
-0.300060471086268
-0.178548567620195
-0.0802625558224471
-0.323132756817796
-0.212144868716186
-0.335053016061315
-0.265590321189235
-0.289696843146185
-0.323066302064093
-0.256053255583733
-0.0657783707048682
-0.0849197994900294
-0.161968278964822
-0.251644133857791
-0.186799895834491
-0.242606246611962
-0.331268876829324
-0.207239163946447
-0.289871122458271
-0.170603201753704
-0.279853033117111
-0.127913867600553
-0.354222219925599
-0.20514708544088
-0.216388887410746
-0.273179237074233
-0.155481312470147
-0.21209959941456
-0.153785181022837
-0.177334397062263
-0.0799959395751953
-0.0156752296103912
-0.186027451564027
-0.135139555606726
-0.028866930207207
-0.22957186142249
-0.209760054359646
-0.200162407031093
-0.183120040662982
-0.0778468958984059
-0.252895443344883
-0.164665994643953
-0.0611327946298841
-0.272562151157128
-0.198438015737769
-0.0891802192712256
-0.0529876028089136
-0.152107454497514
-0.143695281003712
-0.131803199922145
-0.177213128312845
-0.279600583634609
-0.0896904300295486
-0.0752723938036768
-0.174338608919042
-0.223026379940771
0.012799968304007
-0.1705473258869
-0.163928034637386
-0.0903751584044585
-0.100903379103886
-0.0233174613675799
-0.00240086254730019
-0.150749451920313
-0.168376533380332
0.195021062008118
0.00120709921968029
-0.0695172398919859
-0.286630590552798
-0.215775643525031
-0.220819772234027
-0.126680358388963
-0.170595169163208
-0.0999963715517499
-0.162135947606707
-0.0560279382064365
-0.101136801141866
-0.132857158734805
-0.123001778516789
-0.0570576501041013
-0.0146767579680791
-0.127331930213806
-0.172878990342172
-0.126761007252885
-0.0217688768569466
-0.0195361158678085
-0.0761181195834376
-0.00751418875928488
-0.0957923347789102
-0.0103896583847752
-0.073432391813057
-0.153782928140504
0.0460451521161861
-0.0532412706272385
-0.12031320568961
-0.0519470692492266
-0.0469475592799306
0.0277184752837233
-0.130177571597429
0.0712019658863643
0.122351433328434
-0.0963583860681487
0.0997133367215248
-0.0455146098300646
-0.0294880670052775
-0.0572806525970317
-0.00418508581111145
-0.0437915642690841
-0.145341060682233
0.0146551947407099
-0.0779521283111113
-0.0589290137602051
-0.0196579873530376
0.0872209428128263
0.0814053577182678
-0.008594009607307
-0.0923390560971741
-0.0188977250767204
-0.0953472280863132
0.0060684844347048
0.10341407168306
-0.0256845438396786
-0.0275155909699189
-0.123368294282654
0.190270218456264
-0.139233411352383
-0.199620441550908
0.0948412683701868
0.00228510672449198
0.0471324581282712
0.0833280932815253
0.0467500343528169
-0.0206981031863999
0.0393742287937655
0.0584260396735591
0.104755782802424
0.138956130008137
0.0932190089688346
0.0328498427802265
0.0577993108641014
0.0744299555656535
-0.123823641529378
0.179101277964245
0.0687378780203272
0.0230140972854112
0.171274907282756
0.108072604712307
0.0511349024938395
0.00425777058463493
0.104262032892483
0.116335007706868
0.116757713457283
0.0838122675326528
0.189785235196892
0.0204258129785869
0.051197802800647
0.0211499785070392
0.125108997966714
0.154206564601684
0.102860242321323
0.26147592629638
0.145898203133214
0.0415793347736308
0.0743447543947883
0.147091172821564
0.0894879140140541
0.0402385416490423
0.0199285095596687
0.0530447997943915
0.112552987034795
-0.0117759320886329
0.091063109875318
0.00617611857366426
0.183022707890366
-0.0393449842072332
0.156309804010148
0.147732616633896
0.125946092717083
0.273796129475251
0.299450434004731
0.222343589216441
0.148042611663825
0.132890791099056
0.0490112272166393
0.179396564090751
0.0456166910331813
0.0567218240729783
0.193466815625406
0.0458966277623415
0.170503073985689
0.157135450507077
0.062596315005915
0.154886671683538
0.189512179324366
0.0682574916516793
0.266161153392799
0.269953073938924
0.120177451648852
0.108585976935498
0.09308010047765
0.110614997301843
0.219894843026195
0.187377214242463
0.151166735550452
0.247161922601579
0.0435979106184706
0.357882471783382
0.217180201903476
0.133880204029571
0.199703906457979
0.12582303887536
0.184296347201676
0.266485693635009
0.0456745176582552
0.246553070894096
0.200839231037405
0.0263961634429763
0.166534929996507
0.112370426391502
0.233056344470014
0.170921788458717
0.27696602915101
0.269809510549477
0.130314286812149
0.396192784576478
0.304197490420824
0.0906259610006394
0.163564351775794
0.116490224985982
0.227079532526785
0.2847306564933
0.231189712734216
0.318971949268676
0.318464053442251
0.244406938731006
0.267734773686517
0.304039383191893
0.278411821199929
0.139698997602925
0.173484884406078
0.252384945696468
0.188691196365927
0.312398144151152
0.274424701664464
0.324098755731825
0.243011882920098
0.293380616068036
0.260307690321723
0.336763526467609
0.289927218260535
0.319202733584783
0.305612135787568
0.31975540280177
0.300583147143233
0.23441725214503
0.338412941938023
0.318430241935954
0.262647535021548
0.197108697043068
0.282082703467282
0.338050361339682
0.371139630685485
0.44876153613816
0.266702430316823
0.272567916445869
0.312680234166656
0.378916111844795
0.311484289356643
0.149543055331248
0.343040711876231
0.182182123446753
0.265785528162348
0.271597595052627
0.247644837664467
0.369364396647703
0.374583124436028
0.447323150492777
0.19115663183837
0.326242596328053
0.30319872818038
0.304735224107671
0.272873587456231
0.263918087090302
0.206726473076549
0.400769106732879
0.406346527967096
0.19813666896711
0.34966841804927
0.212369747597936
0.249048783147434
0.185180647921497
0.266542598305326
0.438916422179795
0.391114910320339
0.342988345688823
0.308047305872889
0.263784798244197
0.475483575920431
0.43751124629518
0.578572590085719
0.517059742916888
0.306839010795863
0.402743097759403
0.472870209464202
0.364873612290743
0.440616170153295
0.506771182970131
0.299636133971271
0.331016361666775
0.462322737892154
0.358250294426848
0.333017576083632
0.501802442567819
0.385391275910008
0.287987448383397
0.257221625807014
0.436340319203142
0.294394326576477
0.290318983305617
0.377103999354739
0.339182120348158
0.426178110596783
0.439472253266084
0.332748040411447
0.431874491743123
0.256863153914084
0.386158846209517
0.345748162859418
0.527662743847262
0.433138682659769
0.481629480506434
0.420345280923963
0.374240491580684
0.269361841570558
0.432438858490292
0.536591233502179
0.385169632029323
0.360580991395073
0.453098001190741
0.481163861304271
0.477589538370483
0.365399413282112
0.479661303653853
0.514549056058068
0.484623610255913
0.292322771660571
0.419948981718085
0.421705220194957
0.573865994202822
0.549638415941933
0.387373149755082
0.417215548253189
0.481036071619482
0.432729990029345
0.478615152555738
0.382612926927425
0.452495530359392
0.458153734025634
0.615937888578425
0.525664133282586
0.600430076726701
0.411852070043475
0.56218085479077
0.518515795543112
0.543122239304227
0.500995068024536
0.620980075593926
0.541322143774842
0.50915678204383
0.366672438876195
0.343033583622206
0.466244127874219
0.395417019242278
0.572544484708215
0.44198056465319
0.592668691997376
0.522977569349539
0.469374586395347
0.722614091003885
0.640513940957865
0.634142482121869
0.454093693076929
0.528954357624179
0.427149126006961
0.553748955558329
0.538049725556025
0.512775953251989
0.631533424723695
0.586598206966553
0.538891072722857
0.50968683668616
0.665362216299049
0.607244835995956
0.524873377059943
0.521772329421504
0.624804194550638
0.59114393361175
0.620075380302862
0.375030012677825
0.529554223808926
0.680291719330647
0.528224088753938
0.659024716453449
0.578361572445574
0.645278764573036
0.607947740513737
0.704143074967315
0.609080700770512
0.631936436534387
0.695746505547125
0.522352881436497
0.546090705926782
0.581957792097388
0.504887837429575
0.531549059464189
0.534780836288293
0.633011611916106
0.615158310090065
0.489304105420868
0.608562169066835
0.493148178105231
0.691830469336965
0.644975814077057
0.548536073968428
0.57040536204644
0.478376852366757
0.535445964062223
0.643159117785225
0.658813420001677
0.566875698590113
0.647854582230484
0.529583365255967
0.689994446562752
0.768608004729824
0.418990765680853
0.515281917263355
0.556733819756881
0.657255470525636
0.612905420461934
0.590634433458221
0.59185953077013
0.621176475870285
0.653666185647196
0.665556685868695
0.761276862472142
0.597179493738896
0.734750055723251
0.500756458058153
0.627213085140983
0.71722159372501
0.711362745450087
0.631383597935101
0.541831022788217
0.749528052516799
0.83383247507702
0.591481017636226
0.813922992327936
0.7717247034437
0.616837505349166
0.689670473699208
0.841834695702915
0.764893997196884
0.621917104220373
0.64279940188355
0.670525680869391
0.658919873154567
0.644384072647177
0.587119988233516
0.724633447863546
0.530021482611559
0.776691362773165
0.823071338450225
0.687776854977126
0.601780506036941
0.668098044250422
0.704040582514804
0.64865487343761
0.647697643528223
0.61981746869217
0.680715417454655
0.604792879538727
0.80771928088857
0.720529220203896
0.688439113912604
0.711731539663785
0.581541292365118
0.561141584212196
0.729794298703459
0.845969768587499
0.796220703766299
0.772279664742381
0.593545481117191
0.818083784073931
0.519929895001797
0.872692503724241
0.744723074575526
0.783658892417447
0.656484721636508
0.64360172158169
0.609988363442289
0.860972008505266
0.656874429928551
0.876314231380324
0.777134002872069
0.71735041309692
0.791406014571595
0.674599762689727
0.752725331328407
0.797806342731524
0.714287767798053
0.703836828519659
0.796214654757106
0.734403451408204
0.745128885130714
0.793945281321201
0.823343520277069
0.788918379794598
0.90878133072507
0.830433297038632
0.851349077386969
0.880612385200601
0.852813638193307
0.780603260198177
0.762222450086492
0.612271332697897
0.922905710551705
0.860758042977871
0.889021065193188
1.07754143310887
0.894734055640952
0.865756588528785
0.771423339613954
0.820129229423623
0.917482946887437
0.759340335533224
0.801293001716248
0.860390591876591
0.985616456547417
0.857961179368625
0.829731631406318
0.754588810913572
0.833036732075599
0.883759887824654
0.858561990604585
0.901786172096726
0.746722321269071
0.716893205573807
0.884601186080127
0.879565232358511
0.958493989956059
0.821858037879647
0.945689892572501
0.879528064148127
0.880906484316258
0.781122230870304
0.988638098431714
0.850642730475259
1.03189972728584
0.778320665893891
0.815445035165048
1.03952358050787
0.829307271224856
0.980983925012586
0.923604670222177
0.839772863670062
0.77704362575557
0.954326927479978
1.06245679938875
0.783114463738033
0.924339613954082
0.872095634539
0.827412382280793
0.975241905376083
0.980716082416512
0.916350832115158
0.881257203915548
0.882762780349693
1.0075246544094
0.846307002486622
0.82106868465233
0.919864258754432
0.934294262880219
0.83237742280739
0.941054502404688
1.03920036991262
0.940692855029802
1.0315843918334
0.908238377988174
0.831258695253416
0.844747584240294
1.00920380334297
0.983049138128702
0.839802801251457
0.918383207704025
0.930601442924141
0.907025759059049
0.913569329989513
0.939956353780221
0.907958059406754
1.08596080973266
1.07464728700753
0.890354845017121
0.992442136468932
1.03361261260216
0.90036605972705
1.0963005827283
0.99694203883735
1.07063040638803
0.983261281022901
1.06112839898197
1.04084424524334
0.917001495582874
0.942756791912863
1.04477097524925
1.01409149204525
0.93743814638084
1.06665267627638
0.970761409565833
0.906128706173555
