"x"
-1.05414546828393
-1.13151837627455
-1.02175869485853
-0.923265054121202
-1.0425222668782
-0.984746850437891
-1.08913768432391
-0.965263056141252
-1.14423225426583
-1.04071635105389
-0.954997616914298
-1.01187851312825
-1.00901281382195
-1.1273694304523
-1.12920862959017
-0.995141258298137
-1.05134118894277
-1.1204892189589
-0.830747289721354
-1.04285273823687
-0.992019327730165
-0.889385671784543
-0.930932300129236
-0.968181428986845
-0.885451510691433
-0.864983532548847
-1.01593808622189
-0.87546599111309
-0.924935523151719
-0.860777431116951
-0.924549546471512
-0.937120509007448
-0.972941046286608
-0.842796984513823
-0.859767699476986
-1.05832047227453
-1.04369053108534
-0.941562653385275
-0.88248833388006
-0.989462660177231
-1.0479064586063
-0.786333432355127
-0.997239627779741
-0.976972941131814
-0.938292507417859
-0.938269150970232
-0.989906719855361
-0.938703117489249
-0.875910196864888
-0.959178570808824
-0.907333099003083
-0.965046241369728
-0.879662904076941
-1.06173550460207
-0.874342567248461
-1.02222246174392
-0.916106390706822
-0.73438688984153
-0.793057480035117
-0.879142077606532
-0.878299779492723
-0.875400143445164
-0.721526812636465
-0.878819444037103
-0.945277703003176
-0.865920560350291
-0.924075940285547
-0.991644659213668
-0.972840624562726
-0.826717149057512
-0.770955478998045
-0.87997884560288
-0.819855889865965
-0.851847879412682
-0.9570916033487
-0.870550365676573
-0.886491049173871
-0.644018407827863
-0.841205057042069
-0.742554922066937
-0.729416660045471
-0.756129584928159
-0.858003728164421
-0.874601637183421
-1.0093863118122
-0.806486107134466
-0.801800481751128
-0.896895264838387
-0.7988065836431
-0.897699696115797
-0.804766878941531
-0.850916866524175
-0.915123932229779
-0.787385364182379
-0.776614464117732
-0.729244699543308
-0.737602285745672
-0.728647643826172
-0.718970909450339
-0.701211301822095
-0.864896794070551
-0.729977099290483
-0.603741930076156
-0.862751261402897
-0.813866476110498
-0.802543414910492
-0.862324103559167
-0.806540146248033
-0.757248246572887
-0.697539174663386
-0.69369192205454
-0.809399835847743
-0.693297506838594
-0.851316533836565
-0.716349856574094
-0.918116907509382
-0.720864756030369
-0.909995288611454
-0.657125348154544
-0.885865486801394
-0.731548079579416
-0.815916411662489
-0.837167292734933
-0.971276871643704
-0.746381329471847
-0.83753857282148
-0.741733270409429
-0.629836572282943
-0.722907903868418
-0.700633607496417
-0.697387499217686
-0.775688495106488
-0.803512992327101
-0.890495544951483
-0.901964094048647
-0.799054583694609
-0.644317076489336
-0.645098836836864
-0.738926647826931
-0.69906753478055
-0.810105114060363
-0.467839717464055
-0.670057030658031
-0.759130894246174
-0.645455293793118
-0.512961182658659
-0.865263400255554
-0.54992124640754
-0.67799491984387
-0.61402391637745
-0.806399428943706
-0.660982775471473
-0.811062672668264
-0.730603259942107
-0.594731835993413
-0.643587354065295
-0.580879942247505
-0.63503939830144
-0.615026497733913
-0.69159123879014
-0.630267438920074
-0.718307303498779
-0.616144850474547
-0.532350352834708
-0.651803303154622
-0.625820855361535
-0.707386031227967
-0.609980289130449
-0.577041651776581
-0.712451387360439
-0.749666321266399
-0.598303684061718
-0.677189448976031
-0.635446587581229
-0.587639176370268
-0.513220686026723
-0.572554451471266
-0.580149401149052
-0.640335804501028
-0.676582065611104
-0.722043545335888
-0.702384861104386
-0.430192732766231
-0.581345230284588
-0.605117458756594
-0.713637966001366
-0.590500047581299
-0.579688458968121
-0.740043474246275
-0.604061146085045
-0.702872049228964
-0.610885277533041
-0.745748268891064
-0.690491135257115
-0.507119075911697
-0.640345448925804
-0.645303569266041
-0.666142678145434
-0.726390726750325
-0.520422035035071
-0.65339634058736
-0.624884466671645
-0.653879418316274
-0.6320756635692
-0.600597027915374
-0.516442753416902
-0.651724665890223
-0.588053287902097
-0.623241951869943
-0.502414485995359
-0.49797406441911
-0.484639965903846
-0.569254922470401
-0.481765023966561
-0.495755658584219
-0.525513274382042
-0.46737339346509
-0.510253160734899
-0.610066909504706
-0.562076881855565
-0.55151647731757
-0.590934707470726
-0.623973091811651
-0.525507985827728
-0.412813207677487
-0.562208624391066
-0.488042197132367
-0.606135388673953
-0.53656009748924
-0.467994998196197
-0.432311401951524
-0.584804644357222
-0.504229826555826
-0.522090063221132
-0.549707127364825
-0.462762091689349
-0.526301129073092
-0.532289655651527
-0.591240438382367
-0.521732620037291
-0.584307791534903
-0.580487474053011
-0.483931170824194
-0.642303569001887
-0.521180371655365
-0.528608720160463
-0.508408930106483
-0.56544765998689
-0.492061572663835
-0.529800702294606
-0.523093852814824
-0.591718094909475
-0.381917543673166
-0.61991745251461
-0.481474606327524
-0.579156335991761
-0.517371951157347
-0.538379710857106
-0.465014093446456
-0.499061982367042
-0.613764716304364
-0.60641709153371
-0.358694286180094
-0.570802479075756
-0.418332542393018
-0.473014328605208
-0.418825675048205
-0.503555961217136
-0.407705122646839
-0.409724753982515
-0.339748300431266
-0.439000048559249
-0.555575275839894
-0.447100783543323
-0.423016107246522
-0.341591862164795
-0.452679770683217
-0.478208848206638
-0.518231036065031
-0.44857719492264
-0.473542129412753
-0.516817477941517
-0.320938841739086
-0.431488671566695
-0.459516827378073
-0.393544034036927
-0.374930435047613
-0.330847551374845
-0.344576667683314
-0.334021705943161
-0.45047938767401
-0.26308444008456
-0.315122797348879
-0.53637138754523
-0.358903009355592
-0.406891794001002
-0.462247515277101
-0.233136987571791
-0.432989966415868
-0.427040682865661
-0.424197770807293
-0.372071052975591
-0.365996638423485
-0.47658647340333
-0.327598431639607
-0.373691499320074
-0.396631122659302
-0.462528463690577
-0.474445247380695
-0.361180799521834
-0.424938896504282
-0.293548159792382
-0.293836054798922
-0.408184133249897
-0.32865354959992
-0.330476397672265
-0.427931313597619
-0.180861684016461
-0.430467559368385
-0.238796392527343
-0.374615008207639
-0.399113707115144
-0.399121413951898
-0.388202464027095
-0.354268179730366
-0.468509188619745
-0.139319656964364
-0.340663389437322
-0.324476719542884
-0.191704663176255
-0.332136945656783
-0.254560462700125
-0.372148178513082
-0.300974011541334
-0.337480705458938
-0.458403883326949
-0.361963350625756
-0.410100565354547
-0.407485084231278
-0.225070917352559
-0.324044200648201
-0.379712829924754
-0.241938495984374
-0.425179726525103
-0.358607655212037
-0.247217960344104
-0.363300592194196
-0.486134986180307
-0.437730466194268
-0.217168870171905
-0.302406752946594
-0.307401702172562
-0.201749545066898
-0.286241107539128
-0.199624247425393
-0.246077219153758
-0.291988878803829
-0.269469684584473
-0.426839326830255
-0.22312942580779
-0.375597948043063
-0.370747653480094
-0.296240800180055
-0.274942552139023
-0.174929671498371
-0.415475379636952
-0.298644231890923
-0.336420240056773
-0.17879890028467
-0.221131281525506
-0.231049029066756
-0.303388159870097
-0.280965533404587
-0.41348129137643
-0.253255224877006
-0.207004199156374
-0.310553250341232
-0.275212800382436
-0.316571466119957
-0.389839522770292
-0.278404389310441
-0.251843515133708
-0.374672248851943
-0.236628609461869
-0.345214671787909
-0.32433927543137
-0.371473741773633
-0.173608508682921
-0.202164013271789
-0.213012192553412
-0.19095227325952
-0.17221305837162
-0.263872262971357
-0.0596164923321625
-0.352316842273822
-0.230223735029616
-0.204936465244271
-0.137693075178475
-0.263924363415242
-0.329350480964234
-0.259235357380726
-0.114954773101426
-0.219817677792207
-0.278502727045961
-0.337818116769349
-0.0328480903236668
-0.0568674369495199
-0.33112670250914
-0.226503544135799
-0.207737677658898
-0.274289264556839
-0.0386713975554882
-0.17965727910906
-0.247632735933109
-0.2209132340193
-0.168666910949301
-0.243447394735707
-0.163550124697265
-0.0839230717594124
-0.152582127356007
-0.0897822696969404
-0.182716312649962
-0.144356405724809
-0.193457988635309
-0.204734003746775
-0.0501729162616546
-0.0792040463520525
-0.173804914003974
-0.0754515660081101
-0.0116347686089131
-0.0876054682226351
-0.094254117679187
-0.239074561071315
-0.180405755429779
-0.0610659435880244
-0.0461451865572363
-0.0735987520410251
-0.051243895732683
0.0546521489878539
0.0280172513860885
-0.239786340179663
-0.137095629567235
-0.0474817292076582
0.0881926955570826
-0.122918615202462
-0.0609023775901559
-0.152384549455137
-0.0631890055966187
-0.0717404461088495
-0.274376204959442
-0.13380990095075
-0.120710795184977
-0.116523763194317
-0.213708553458617
-0.0183406713692553
-0.0930627101512659
-0.0349520830884311
-0.0508949978691775
-0.0634753385598612
-0.117361925700797
-0.0826007143622905
-0.0348841677239171
-0.0389076036105189
-0.0719980894858836
-0.176320970325323
-0.100832552098864
-0.0441528736485754
-0.119349383408571
-0.135215018406006
-0.152024856545091
-0.0804111463368315
0.166763947224944
0.0957124737308628
-0.10178837462519
-0.0116042190299501
-0.0486028885198343
0.0564810169317168
0.118246772805998
-0.00616550299460805
-0.0647172702744793
0.0184363278112169
0.0865947645443387
-0.010016701266431
-0.0175195812056338
-0.0290881927788976
0.0311341844972901
0.0477304629643375
-0.0976483943958754
-0.0593130729558646
-0.0128733728223083
-0.0226571487949074
0.0294420840406744
-0.150327793009726
0.0991470405927752
-0.0218776836642791
0.0729760712933075
-0.00640479543846963
0.0332593763592198
-0.0753730074190004
-0.0325191149594505
0.0103543951855833
0.1263924905201
0.0585532327124069
-0.0294995600485604
-0.106648521513289
0.217481094525068
-0.0203808339145209
-0.0324192187696495
0.0888304241408835
0.141602091638024
-0.0222346250587562
-0.0265695518183621
-0.0818701029364715
-0.0091154035481389
0.129524964732371
0.0381035833550942
0.149245652103677
0.0680108512079131
-0.047256613840872
0.225085896128252
0.1004119860548
-0.0403363751422486
-0.0928792918097884
-0.0699845641797894
-0.0892835841327085
0.0756531808282681
0.099167682229377
0.186564458843276
0.125259384252939
0.0348251266839667
0.0764217243635657
0.0557580092845418
0.0567961033326875
0.124352355424497
0.330647525300565
0.102033830662655
0.0729878775714005
-0.0419903516842645
0.0704915627769487
0.0823044188584612
0.13654375110835
0.13912640513858
-0.0275996410850507
0.0775405699896198
0.195442476317002
0.0906372414954493
-0.0050288239039234
0.111649576178719
0.0063913105529826
0.0946783997500674
0.100846024132146
0.0999403702406283
0.169154076292094
0.0837109086397818
0.0558822960721037
0.0881661623444078
0.0403456609803206
0.134165665526224
0.143254524653428
0.136320706750966
0.197492021774529
-0.0649155145220631
0.0906489903190021
0.157862589718005
0.248315005808895
0.0543427169460397
0.0530321656127866
0.201236864000337
-0.000979859557665612
0.19331229934872
0.00664850753761486
0.252961645286191
0.193603138040607
0.128280452945071
0.130527656279084
0.0977054747025339
0.246691234126398
0.0554290625982336
0.2319343778568
0.0410983178586312
0.26007333541311
0.206325732462516
0.107932940608964
0.0899175507254179
0.350956260419246
0.227542529037568
0.244026602334393
0.18947167978299
0.0795726637447469
0.049185924437039
0.1145674569253
0.0299557342069721
0.25300904923072
0.274609801857859
-0.0601511021602205
0.262570221132617
0.31065846785939
0.242867248734995
0.246161692584157
0.204592464425548
0.144390366752938
0.160266353100224
0.27489760963928
0.105339061278447
0.309859115680041
0.311365986603892
0.181527436586352
0.227131561670637
0.222701547463789
0.244910511108037
0.275938265682822
0.0832604666093745
0.201828731855659
0.259248867960662
0.241594188896882
0.376296442253652
0.25600914081021
0.212273546944611
0.272791377743416
0.228100319440453
0.148086884953318
0.244733160108245
0.304879296597819
0.0711654890969501
0.196802822732045
0.250379315407399
0.388879068489022
0.16755584286222
0.356652483342374
0.36646391429713
0.244799847186625
0.152789149683727
0.301923222271666
0.277179941930205
0.336108280725072
0.18391377923738
0.392224620142064
0.429248398262271
0.285043928668103
0.263445496225918
0.263312570431976
0.228094466065116
0.391320909962426
0.448147776137263
0.342739838410721
0.218086202690274
0.122408981112769
0.44014451782124
0.298230233771268
0.227463857578239
0.337952150589761
0.253657906138504
0.414549099113188
0.250803898747421
0.282120374517367
0.267699380054387
0.232607596862637
0.373521551539902
0.301371138758333
0.49812908831294
0.298305395450348
0.360491073641426
0.352311425755572
0.367755727807124
0.297743498038408
0.240405567202541
0.419152722957851
0.32504629365053
0.435707846376612
0.320175453951922
0.44340238044924
0.346435839529407
0.300149267913366
0.373979389131146
0.46745173039897
0.461731326443776
0.406935055802762
0.385889852492773
0.357083414712816
0.305282194814055
0.167283528022519
0.419239471260017
0.189982399377557
0.206368077367391
0.409082244399513
0.427481942213273
0.414532600081464
0.344525372255411
0.359985334658365
0.363451029669065
0.377717673704196
0.365471190712404
0.333111443053616
0.347175953335543
0.384667486022084
0.34941434219251
0.293767119593053
0.371438694702788
0.445907915354837
0.36218859107466
0.417726814671142
0.351424560929992
0.365181114215578
0.289523784891122
0.228603013805037
0.558609000816163
0.480418427841146
0.356066688514695
0.426729189241276
0.533490568637554
0.418618967720841
0.459675106402422
0.355693371808267
0.358773997181639
0.40241737366063
0.360657472523622
0.325538084200405
0.407648084524512
0.302154571032736
0.424093951965223
0.492979135986069
0.485395085338655
0.473435904770906
0.467902950919906
0.5351482204083
0.456696414558767
0.529509930106449
0.41621112048965
0.643329218743889
0.358154465247347
0.540487615570154
0.428074585478323
0.416094009101287
0.53517821713929
0.426820844069587
0.538180274075193
0.505591199250658
0.333013502795568
0.398672334403672
0.431363917917807
0.380588810400188
0.58587721893463
0.628874634034105
0.679693970084284
0.477536414519065
0.489903562365852
0.595791273924043
0.511066266189249
0.422517652811877
0.470251408970553
0.468283543355946
0.553547793611969
0.493347937179862
0.648239032305107
0.354973801920495
0.619873902406544
0.585685957441457
0.47435097781819
0.628109137274877
0.588081945247428
0.571139283965954
0.639965975979329
0.520204254204994
0.457629348512384
0.46717834947789
0.601464001320319
0.459863315972766
0.496666868146847
0.608255231708054
0.558796259707979
0.521883574813245
0.589612627357123
0.488540006122184
0.736800133400506
0.70054164314111
0.397549572399408
0.438655469552359
0.55999540186406
0.561735941651279
0.486420806614698
0.352746093192617
0.471893258861431
0.570800355023399
0.566721337045872
0.614273084296784
0.430236318885902
0.702917646122883
0.648380783825701
0.580660515567296
0.563061199822168
0.699692506007186
0.421733016443218
0.358810308969116
0.549128628270778
0.552426348365229
0.531475401075877
0.469950093068835
0.43449163858764
0.579183666349176
0.563274941890236
0.833050592894748
0.659967573937317
0.578654112210809
0.623818697684026
0.692877209087239
0.633833277176745
0.679677174027684
0.65279825090851
0.609076928699179
0.580329906040714
0.5744236522934
0.664119931159684
0.508268581916815
0.690784672552071
0.699275306502609
0.684646186668344
0.747513888916625
0.578446060719773
0.70271549540492
0.634037685182006
0.689841087323546
0.583787953043122
0.750949012951694
0.827571590830443
0.841261431353809
0.630389198115331
0.625987258167745
0.670281365202976
0.801719336554252
0.644693997315928
0.725286457554164
0.685164996037026
0.663245108632326
0.574814709025539
0.586297307009656
0.650128713991168
0.566277094281713
0.798701699947779
0.586328859317957
0.61500046825018
0.484149747181102
0.630219191216445
0.655780515523327
0.523833674831923
0.650728921947958
0.643891953707
0.732164155720655
0.640811793331921
0.746444535944884
0.653986190260974
0.549580290011106
0.598301006055146
0.749373207726285
0.788281665647338
0.820500061997854
0.703824992364546
0.732667348577436
0.75874308209089
0.632184898798199
0.619034655723039
0.769733316747096
0.731258145322307
0.726130212986271
0.77249652149535
0.81337788210095
0.669605567616921
0.799079811318535
0.806868392883878
0.673326681330607
0.645756504958709
0.67697086184984
0.698183554454048
0.835487432189912
0.850299460420899
0.583633255513511
0.710796570899918
0.865235737875413
0.781895778955654
0.834670921520875
0.652550795439847
0.881613627101095
0.780803329050732
0.802344831907591
0.778347055906411
0.778033140698566
0.912679769547661
0.650768386661015
0.832786990100005
0.785714527454034
0.786532753202575
0.724630588378448
0.770387486172557
0.876583761214864
0.781673475200244
0.814122828159678
0.766802614957076
0.758058023938975
0.757600876748953
0.767489550822445
0.859895182637635
0.693118789164362
0.591332411503598
0.944914488762611
0.694252153464491
0.885291836361068
0.885157025983077
0.854565732083654
0.703041491048162
0.838124056979315
0.891269435297446
0.742198795255957
0.831666768778083
0.832713252058648
0.914015614690162
0.99319776945375
0.851323406328218
0.655891250324396
0.746483700565282
0.81418044547275
0.906251673986764
0.788428202974163
0.836568768398418
0.83084977074703
0.826688704886171
0.69569462410641
0.90156907527992
0.835705991592319
0.956786059460885
0.903378952011904
0.742112913872856
0.955362182657121
0.846564781193081
0.810851598829754
0.730558661627927
0.8232909721679
0.792236791667835
0.863329100137736
0.956494072602621
0.863594564790027
1.05256967078105
0.862966466065776
0.895757211078944
0.681352604630632
0.966974120206573
0.958698276977661
0.935403638459795
0.852124298913051
0.945436849459849
0.855606343674066
0.821688694115925
0.826469133870936
1.02802107596232
0.94465531126831
0.858544368071465
0.89530859300338
0.893212513864541
0.907335055721931
0.938605180232368
0.944714285213166
1.02364709434018
1.00861277045157
0.90871160059522
0.802208239774087
0.832302476335624
0.899526643295847
1.01828968061789
0.929418864144221
1.0367609032772
1.03704972359357
1.0001729752789
0.908319878795966
0.840532730371114
0.878126283187289
1.00954849289486
0.850736725604547
0.924579163339227
0.966041842904209
0.902205937259949
0.843159116590366
1.06671841733884
0.902949577254795
0.749743444712091
0.892230407198866
0.878318044986399
1.02114920405236
1.01541956782066
1.04142491698914
0.942475936389597
1.06776634900189
1.08498935266353
0.97504445574416
1.0759010528887
0.98271370796547
1.07750023114424
0.979600978686987
1.02223761338306
1.00308846151626
0.941015615975043
0.967050815085991
1.11701883710026
