"x"
-0.945413331061751
-0.847197472748854
-1.08982687577704
-0.873317973856981
-0.871115583981288
-1.05151553267645
-1.11740005548961
-0.947773149582061
-0.941083755989115
-0.896425670638873
-0.995582304814353
-0.974285870939028
-0.956635419152216
-1.19297162266404
-1.01036125694933
-0.99850569660714
-0.980935208021078
-1.03057151390479
-1.05295581431367
-1.03227553123616
-0.964931314611773
-0.848089876209873
-0.973326934496708
-0.842521603558516
-1.02652093485453
-0.920324024666523
-1.05859134744366
-0.998921487328666
-0.973108192810733
-0.897355095666646
-0.949173468706047
-0.817577673276622
-0.868057231764574
-0.891451889882096
-0.789606257185592
-0.865279433656995
-0.745021497767033
-1.00429815308946
-0.862127689474307
-0.902931178806511
-0.895545868834963
-0.875494277256353
-0.884020615995729
-0.888710457827331
-0.841174771918895
-0.819681115418976
-0.919943421642763
-0.952883293382475
-0.99898997005792
-0.803644039803152
-0.862373960825287
-0.871756855809239
-0.716741615588035
-0.881401600088093
-0.830741240513672
-0.98615025578817
-0.883219422190108
-0.993517457780768
-0.818541993968698
-0.906022684799475
-0.767695489985373
-0.924521049235592
-0.824818047008507
-0.919042243857354
-0.969146755988973
-0.909518522701096
-0.829806927731026
-0.898277186245401
-0.894656811976755
-0.894357210104026
-0.793827519354903
-0.806357836582392
-0.965418771103397
-0.824474563108523
-0.727181470258945
-0.854524542163985
-0.810779814550224
-0.757013255941481
-0.698638743215578
-0.876086981492464
-0.819325978906141
-0.696472185953154
-0.924934751674996
-0.77237655140946
-0.804069180266696
-0.870181332958395
-0.845646788373175
-0.861671342514972
-0.833147388389349
-0.847372830402594
-0.715177677604377
-0.892635168181362
-0.900253489840908
-0.734418667999324
-0.890412210197031
-0.758815192988432
-0.760086454919345
-0.663148380238064
-0.745633626601373
-0.867610179842768
-0.842831890769146
-1.06255279634351
-0.732479576864061
-0.788214270042028
-0.538049147811729
-0.743980906656583
-0.823523881807677
-0.8346054043172
-0.751675489451427
-0.79625419569851
-0.72854351963898
-0.778614583333241
-0.780736565451829
-0.687364457394546
-0.80482283210034
-0.816106821439391
-0.733717995329606
-0.762471301190057
-0.651629252071823
-0.84706453105709
-0.638698365119718
-0.837458371810355
-0.890818030186116
-0.673477088110706
-0.878484344836748
-0.735384581494782
-0.80740644052462
-0.60636597084012
-0.85220926511194
-0.655506595708934
-0.701274153223667
-0.676968702765963
-0.705399688652847
-0.68721778297373
-0.709662001446008
-0.686026135256832
-0.719025494356827
-0.781838130764097
-0.68478672411383
-0.85051580664977
-0.772772867929854
-0.756155182509643
-0.696047856793773
-0.805059720945746
-0.686335490556642
-0.418762893350467
-0.678567424946497
-0.746305040506456
-0.792714484865292
-0.675227191327702
-0.740555771561511
-0.615073550754553
-0.768231670072704
-0.680641947586241
-0.767644408030702
-0.660406481518222
-0.733889163421185
-0.703473695585054
-0.788350827384316
-0.746958497051741
-0.754454533943692
-0.737691439771397
-0.598667448767858
-0.658393303544245
-0.556478869957312
-0.763430208357317
-0.597190445833021
-0.681193902004124
-0.64023429647171
-0.64589844750553
-0.635932204741171
-0.700722777295885
-0.667167186140529
-0.741288456431467
-0.723118184211945
-0.63185546618024
-0.675433879053669
-0.595484981688088
-0.722300944049266
-0.668540488808032
-0.787215960467518
-0.639128016451502
-0.700107008099058
-0.562827804429618
-0.685860519582207
-0.671694813507253
-0.595820640616301
-0.505494854088336
-0.648646585604909
-0.584294774296032
-0.55606063645174
-0.497193285517236
-0.599529192080388
-0.460213534556232
-0.682352945506497
-0.554886909417797
-0.639073059788473
-0.712989173585411
-0.509825162665395
-0.536063153761138
-0.59038066090644
-0.538767139452517
-0.699159529780981
-0.607800263390404
-0.632538874548285
-0.657970644814959
-0.528320039832312
-0.699013295317312
-0.67398238002409
-0.550094853165687
-0.559560258399297
-0.591250913689091
-0.456493884392996
-0.526464170591562
-0.560506489530135
-0.468107760034667
-0.626852414344721
-0.524148387297205
-0.608886778272667
-0.48819559465224
-0.688258994313272
-0.563390926132114
-0.663665684533801
-0.484522334062929
-0.510147069568107
-0.60472467375944
-0.587994516639827
-0.494517422645331
-0.63301369244058
-0.563646345082952
-0.577795720480093
-0.489788088441775
-0.381723856736718
-0.540058256362589
-0.51805025371433
-0.505437522571129
-0.42008340287382
-0.492943114676711
-0.523766196701011
-0.456643881889442
-0.469590793622606
-0.533733445105572
-0.500273996316847
-0.628537468832
-0.536773016053396
-0.470332092773583
-0.567341611251968
-0.484581273876586
-0.565075542977904
-0.419064583446789
-0.564454977483542
-0.457827799251625
-0.424308797098666
-0.331202540357278
-0.583778173513575
-0.403123755765624
-0.497940648002823
-0.560469412577507
-0.456048799355408
-0.424220687327923
-0.500405820636403
-0.482933148259789
-0.327258162302009
-0.643180582300915
-0.558129617257241
-0.47936373496593
-0.559504659712043
-0.409832877161374
-0.503082587677682
-0.384269900342945
-0.390202231329632
-0.554261326430384
-0.551091274574418
-0.351082485615169
-0.408778084454942
-0.532975310337186
-0.452609668660999
-0.419600672289257
-0.320750975709617
-0.485692694734773
-0.415322764977669
-0.276518423879039
-0.427975275751471
-0.408935068374765
-0.43854162842857
-0.44092592878472
-0.487620205742497
-0.494729978160431
-0.511320719038787
-0.383908764112563
-0.552709567364951
-0.419338242946907
-0.293343883825642
-0.514530590514913
-0.426182824284445
-0.411976120496342
-0.503200388341445
-0.300702010992177
-0.476509335150247
-0.407936220166135
-0.416673734986385
-0.476582127693631
-0.475132925698212
-0.332152812688272
-0.44107320383079
-0.430353345292859
-0.486130560920658
-0.432286402283271
-0.382679188378331
-0.511775275803323
-0.41940175098473
-0.369591078314028
-0.476746666366371
-0.394698242066683
-0.608088522873614
-0.337321314817659
-0.265493625974944
-0.296743957538159
-0.332264751059469
-0.461009296571503
-0.330732632150783
-0.314807653554314
-0.44145022339159
-0.258626854279373
-0.427189956141898
-0.36310877457377
-0.442541551893685
-0.352185860719936
-0.224081035158661
-0.281455727830551
-0.329174804543169
-0.366670069034598
-0.343863912183975
-0.418997325050041
-0.250902029355491
-0.395728346682149
-0.333215678312836
-0.282563747881845
-0.344963316149396
-0.331536049611182
-0.278798910242646
-0.357005224712168
-0.232429420856273
-0.178064658131736
-0.289449287623296
-0.376844392530914
-0.165272705898172
-0.247642719143085
-0.428403299004421
-0.337648236374572
-0.268147873025159
-0.339721455007695
-0.36337882000913
-0.328025513903996
-0.160040876385492
-0.204494193208651
-0.146544279481464
-0.163903690072791
-0.21559406989094
-0.479283395364381
-0.355176032479348
-0.18576079430727
-0.298708951484822
-0.298034879375559
-0.31584545850059
-0.262250131181979
-0.297324369071269
-0.143146928096714
-0.174455121221352
-0.214803094160955
-0.426091546121491
-0.267285497779667
-0.118785927785553
-0.252654120294512
-0.359917990759133
-0.262799142926968
-0.426548532312115
-0.180378081947005
-0.257057265153765
-0.106361680299089
-0.113114953073615
-0.173968363968228
-0.226495940582362
-0.213811228618098
-0.244267035839714
-0.3277058258443
-0.220995546867389
-0.145219149979479
-0.0992470580939208
-0.281480494145227
-0.160303987287809
-0.21673137703969
0.0116695720063849
-0.308755200164974
-0.134159106520207
-0.257690574017434
-0.0863326283923552
-0.105118573269371
-0.188668363821251
-0.0633559493015665
-0.223556347197452
-0.312015478929832
-0.267838562233117
-0.0992037250222237
-0.140172977259507
-0.118933013074603
-0.138507840040621
-0.10616916224367
-0.339928220683834
-0.224393130164658
-0.243458868281807
-0.243288603941512
-0.0397340453858545
-0.10758567259517
-0.212249538917592
-0.0775383061915472
-0.143631693306176
-0.0842825683671466
-0.211111209230895
-0.171096771873139
-0.198437084981833
-0.321391148826011
-0.257851266086963
-0.182782259391068
-0.303452722996119
-0.134143378528578
-0.102319928801807
-0.13385283608168
-0.0640869656672922
-0.137320207740381
-0.188753818204137
-0.10883080772717
-0.168215078307379
-0.0668942382526118
-0.185709620721054
-0.112358508386493
-0.0424007381249883
-0.196026088104421
-0.156523914042139
-0.0654704946255985
-0.141971311910829
-0.121872222141519
-0.115283003720302
-0.0245633714374746
-0.0280556687256882
-0.0965306425593556
-0.213342091284556
-0.024184403331902
-0.0506156028619389
-0.00207894719815382
-0.118512080983175
-0.0408486335553538
-0.0646703966020829
-0.0787533255011469
-0.137258874267573
-0.145397454771903
-0.197169081954333
0.0677269552220128
-0.0394198362840851
-0.0271593617006598
-0.124126526235863
0.00484102251372851
0.0681357836240747
-0.00969633461796535
-0.0657128643464204
0.0189236809069873
0.068538050492481
-0.111853342671367
-0.181721017853884
-0.0313042391876883
-0.198448043492213
0.00155817464395654
-0.121383018530152
-0.0266490000274351
-0.0261886951392051
-0.0521776926585313
-0.0299864495147745
0.117907799473631
0.0534019326724609
-0.0929437106466151
-0.0596087977980823
-0.0297128977275267
-0.126404933642737
-0.00254380465194802
-0.106029411656374
-0.0969688816845072
-0.0249949974340716
-0.137061997396205
-0.0568538200790816
-0.184272872560468
0.0201354343768937
-0.0588010901956977
-0.0491296766975323
-0.00375747219082549
0.0978485063503569
-0.0721716995595895
-0.013837291945884
0.027931741224178
-0.0281842158002379
0.0470930171235287
-0.0954079654321388
-0.077379434986797
0.0253610861444578
-0.020453868786852
0.0146203882641976
0.0123472650725288
-0.0404320860352766
0.0282131420296978
0.229356690213385
0.0354137216501439
0.019589869129294
0.0631477150488256
0.029696005317654
0.0684151156843886
-0.0723421852508499
0.111599385442222
-0.0392978780520991
0.0675498169249875
-0.0521404680477072
-0.0632900056417032
-0.0331354935940686
0.113796074996427
0.290775157073834
0.0269225103360972
0.0996184074876313
0.0202190720583405
0.0382382976658452
0.184191032731863
0.098218142153257
0.0802642798750305
0.00510586248658536
0.158594396482789
0.00767599245555837
0.198389406703777
0.0713678580746547
0.194452562860807
0.227017756736861
0.0800638352952395
0.0530697049088434
0.10210646789128
0.0883730787464325
0.0437078205439297
0.128672816440577
0.15739602045065
0.157809922061794
0.0622327610916977
0.0928275436126719
-0.000792480722203842
-0.068700294386078
0.0828562539302775
0.141772153746588
0.0728179189148964
0.104648682824128
0.224320234209792
0.158520751999306
0.0840820684825968
0.116388312163832
0.0841088522615184
-0.0238469963616661
0.147745645326208
0.137721376839414
0.201042168753519
0.0103952639663131
0.151870278300131
0.326741907451214
0.0550564773751684
0.123827942430457
-0.009904570116934
0.0829846506493526
0.154853809935353
0.133424721951792
0.151421486617715
0.257931993773526
0.0458505093695717
0.151277614835678
0.206524457289717
0.23512357749431
0.146151253789977
0.116216178492667
0.284508358478294
0.0603326250245681
0.222407474346425
0.212112562951103
0.115360690740484
0.162450877603561
0.301381980253127
0.239346318227452
0.203612264231297
0.12988000274472
0.16601239541645
0.0823649783032652
0.143880892825821
0.116708137677765
0.207334659075939
0.222427776896738
0.215510344246018
0.154733051998161
0.263431398989018
0.236976983184624
0.212967106106238
0.255103643313095
0.202640087858293
0.184831188371405
0.15070648119117
0.220633843479989
0.181176991193663
0.232247050377912
0.294887028104853
0.202601838597121
0.131219951928907
0.218573719385444
0.154243853214142
0.206218408378796
0.229613468411016
0.275308878847942
0.156607765672467
0.197884340174773
0.134954415180445
0.160603351398271
0.261763711073392
0.190383055225429
0.243837413743491
0.271146204550082
0.378270844995696
0.466517190459633
0.275842977674725
0.213037773507502
0.215463015421363
0.238080292805505
0.227856328917765
0.208128122441848
0.17932555840229
0.323633994074298
0.121504979375618
0.345454539037235
0.409848694247286
0.174311557492671
0.240866844835493
0.162275251775515
0.385062061033178
0.25685008029867
0.188595739735998
0.301741256069348
0.287958124010543
0.137363695061552
0.310418076754668
0.339170761542194
0.3845892175713
0.166391076451924
0.30682865265069
0.420072446479218
0.260679416665194
0.252012456105652
0.356475078108168
0.16167383225025
0.415855656720428
0.390213716083954
0.331620596215301
0.483221611371393
0.428872105839633
0.28231499492289
0.307462940130682
0.352475925149533
0.199548704943388
0.378587879496701
0.223459981069878
0.268614560827396
0.349180829948451
0.30494948644073
0.268251592306792
0.386501447063134
0.556872093739701
0.462323526345894
0.274259423955705
0.230398334437156
0.44555106987888
0.371327582610527
0.374247649290859
0.297651659744057
0.392579466108046
0.41023987767204
0.409188971005129
0.352274179743505
0.259910460900991
0.376492924796448
0.38303708146454
0.334235272881212
0.307798566059569
0.425549535670326
0.373126772946849
0.41476572083382
0.335580400378997
0.458532648624321
0.270384876914256
0.338177166792881
0.264957193828048
0.207418602960266
0.466775522493451
0.41111627420072
0.412334092107421
0.3324854153097
0.417181424841808
0.455090110988801
0.508822440899919
0.396049828071278
0.327005887115011
0.431956965036605
0.435894753984085
0.466678490042943
0.43847888046993
0.34996692713239
0.593159614306838
0.452430962354207
0.571839978935653
0.514350173420467
0.49901800121042
0.519459395723215
0.432780565598918
0.454324305083761
0.535665216840038
0.505843451206218
0.417010930685155
0.523069895561726
0.462940437933076
0.472139059770954
0.438566176250566
0.414661142132166
0.310299455516215
0.321210024676894
0.411891844203255
0.391525524769044
0.4247786091395
0.421961525185151
0.492970852404124
0.426787271236301
0.471555908814582
0.457302214899313
0.473006280869233
0.509333579363282
0.513797697930979
0.364700759604373
0.57637479933878
0.523026182496869
0.384185394537984
0.399723187677169
0.393445812948779
0.522043503864597
0.360193629649782
0.574432794613298
0.555906186516223
0.413671364747935
0.516698980681715
0.632872318035649
0.551587046188623
0.549961036803618
0.579640319713384
0.408588724610628
0.405692910810471
0.549772659842723
0.555250351120107
0.437035805427623
0.387583385728087
0.626743556890257
0.550199395606268
0.545369723151391
0.597216675720576
0.570522006784961
0.518059502024877
0.499933862079353
0.596090056420794
0.454777080725049
0.600882485195127
0.532156159512707
0.429748987054702
0.648663690083671
0.57193956685123
0.652168612769136
0.476765865639682
0.518017437684162
0.467079054820992
0.674856045364792
0.511986270748185
0.599689117317333
0.608557145604941
0.539573143905451
0.629952559079744
0.62513021185276
0.611762773203148
0.685250242627248
0.605677929473119
0.690106109762179
0.518237756032372
0.558953085516575
0.346460458004452
0.544618593862428
0.512768899254143
0.530299908001169
0.627925102016546
0.571812724591867
0.6762125848518
0.529780381868501
0.488620044268424
0.600127734293979
0.761220981099552
0.676342374154769
0.636787706995656
0.473545044120744
0.621088604622051
0.627289955159554
0.571249552997508
0.721853260701551
0.650187640165342
0.480817535291462
0.630221640897758
0.658862608605821
0.562792898101724
0.704639629301397
0.766807314939765
0.462890967916196
0.768211416333641
0.542738968646369
0.745563956009605
0.43674126017314
0.59718238419792
0.712828786063639
0.639846850946992
0.501703593111343
0.64616963711083
0.558980230283052
0.716718365664935
0.710990968316169
0.702991366216548
0.562141571731805
0.79224916312552
0.745044917266707
0.504290312135051
0.65241212146285
0.793488683603686
0.794884832596472
0.612512318206636
0.809760728357323
0.560838713852144
0.657156005520495
0.75006172366279
0.61906442186778
0.655419620003517
0.740786298870997
0.692945082482212
0.759689017031115
0.653421363681145
0.670757883851617
0.753416678452872
0.59060529345467
0.762745856869696
0.649045960230387
0.792767411471601
0.693441567963301
0.775004778587016
0.542505829177075
0.856469299247888
0.738027789854083
0.746761317621727
0.706027531507154
0.737738184572119
0.645987705492865
0.708140218144203
0.815881463884317
0.773501452596735
0.755854270720658
0.668815685793201
0.559292107287818
0.57453843566678
0.789267610964205
0.763898832721923
0.692151447861729
0.781528213141122
0.732858891915386
0.678337671142504
0.847729424232745
0.873433507207956
0.713067647522802
0.7719581390438
0.772757660763198
0.713422248221791
0.781544110937885
0.803050318493366
0.831564489954671
0.85976559909177
0.797229056159174
0.771662523650826
0.606807902385163
0.798570257394937
0.552509924354564
0.867503271374619
0.828834847671346
0.873792196189285
0.79305222043394
0.69325429895408
0.78629157357385
0.780182374877445
0.752220108963457
0.784701131642462
0.84615351076995
0.796861394964494
0.747521291306481
0.655718905513752
0.986097272492388
0.737900989142473
0.835126955691887
0.729225674371042
0.795334795198023
0.850023792653244
0.974261577777839
0.861654977115112
0.733127954851599
0.879515871897423
0.730894796105812
0.744613925246596
0.825314350819292
0.824344586775278
0.789335130185849
0.873502081615998
0.801462798034411
0.918812623893612
0.758627057821886
0.942015648511895
0.905478778960905
0.727669416958647
1.00581398856419
0.796873964309242
0.893527222836557
0.771986191359619
0.838217136798343
0.929721871457463
0.821673929022912
0.849321828981291
0.894370775174864
0.85797743205899
0.910096739298199
0.948015125359445
0.900178274484743
0.931877436505487
0.839771223887078
0.870870189460801
0.841363510851615
0.897476696070421
0.840989806698106
0.744533979627819
0.887449526933399
0.920064003515441
0.964639866645634
0.734904368677678
0.868389373732233
0.923243986837481
0.82243994037886
0.748808535914367
0.769029140094711
0.809042693798763
0.870908975304878
0.822536531762237
0.895617277835354
0.88029347134997
0.975246624371032
0.997255212882812
0.99085455887843
0.773027635578759
1.02375323137186
1.00806975437295
0.959865617980063
0.927197728298115
1.08797608809181
0.965371553700429
0.877406977108349
1.00428691102537
0.907086273351957
1.10988190505255
1.02337307611882
1.01150376567124
0.807591923204883
0.924327913033649
0.999662778575306
1.05665879591209
0.969139875652292
0.980085788232825
0.92610475691608
0.947062464467558
1.07334118804808
1.07321640043414
0.984384184639556
1.0114111967763
1.0318848893568
1.11152655803157
1.04493629904995
1.03884339582126
0.941780270610969
1.02509881592934
1.03268795507467
1.00864655584536
0.894395421782724
1.02248551584653
