"x"
-1.18560621957206
-1.11299714629208
-1.10210281593743
-0.902020454910074
-0.94085549743574
-0.949978565296404
-1.01092510219952
-0.905305097070349
-1.14680338792221
-1.00840057902155
-1.00989637311117
-0.979163235729438
-0.921533673324817
-0.872764854681258
-0.91448848768021
-0.975284292006692
-1.0087329599865
-0.954031098976276
-0.953980477896467
-0.900781626265778
-0.926381488490177
-0.976088797406508
-0.848599965767191
-0.89329262687227
-0.973982708571924
-0.832527051061925
-0.93297814815316
-0.877162159303637
-0.954102364146434
-0.967956018554633
-0.966698202382859
-1.04174997951467
-0.91236321661976
-0.918112082389483
-1.03466968406432
-0.940309250053788
-0.919704471015027
-0.930909757225206
-0.814771997342477
-0.845551111209046
-0.905926710952369
-0.792376587558321
-0.811663492094231
-0.79549274534521
-1.0057392514608
-0.904622467380654
-0.898655923269639
-0.957871218167219
-0.883302190612037
-0.873554520105624
-0.800186042388645
-0.97886895669537
-0.872292775305028
-0.89153546262697
-0.907134687692047
-1.03871369103014
-0.920253375126217
-0.908568046875698
-0.977627821685167
-0.917543683487669
-0.707623797065814
-0.946829577632388
-0.913454062250039
-0.773486402416889
-0.813966082164846
-0.70159270270632
-0.896733165383337
-0.840323911750784
-0.815821799849325
-0.815577821629575
-0.862873931542138
-0.835410522129207
-1.04845706763844
-0.957426203810353
-0.938033235422501
-0.932998610922595
-0.862864326859515
-0.716433128733346
-0.764820519175096
-0.832690602862441
-0.850917789992586
-0.843262701154767
-0.880269792787245
-0.835803718862483
-0.791577743394636
-0.737810073421737
-0.803464253183479
-0.894612554464466
-0.869523540580378
-0.796728263178404
-0.727357217962465
-0.717629497076874
-0.783124545778023
-0.633992944480923
-0.799886019835382
-0.902622128905736
-0.861022939437151
-0.699086101567803
-0.775793757918746
-0.722873517525107
-0.858051860724027
-0.807388709251132
-0.820410176238478
-0.88289484078267
-0.825807499856484
-0.867871102644923
-0.783277174280227
-0.81760843585979
-0.812203547761628
-0.771653206829536
-0.792437848630113
-0.805305819441912
-0.774630373006211
-0.610110167636311
-0.783564216109982
-0.885638253715421
-0.657257046679084
-0.70729795195588
-0.636728612746843
-0.659610384854351
-0.675983229796197
-0.785959527124143
-0.698547870936656
-0.792963149458318
-0.72013835897571
-0.687842207433329
-0.708481616053316
-0.600185466671222
-0.684393840102901
-0.792202992776176
-0.690875332013378
-0.888553796577079
-0.616296368379476
-0.634048899207995
-0.714490846141817
-0.77413136193716
-0.75221469822155
-0.708170735079074
-0.658706192791853
-0.769422860837085
-0.670763977008632
-0.771659391736411
-0.783584531425887
-0.861736398002446
-0.641424922892342
-0.759586725345173
-0.644212065211315
-0.78594394846061
-0.761831045644319
-0.750262759320756
-0.535411112882664
-0.662119682477517
-0.765669384056496
-0.584026322565853
-0.767968418173315
-0.721972829214399
-0.59612603827947
-0.72039015541281
-0.752705298283702
-0.769340501459017
-0.690786388505452
-0.805624668806856
-0.610437251647833
-0.583490593421952
-0.685222691135034
-0.56651223245907
-0.556141149701277
-0.715855795904537
-0.556244710827572
-0.753810867072699
-0.735743467295744
-0.6524628667372
-0.747446323287779
-0.548825596459292
-0.709248859574019
-0.664093023891142
-0.685949817025615
-0.625372455033822
-0.701884374186229
-0.662126218317155
-0.69146802559149
-0.635887535483356
-0.588067681901768
-0.567128911940726
-0.689296107592163
-0.61525731197062
-0.596363636188873
-0.666756378950148
-0.664872947065151
-0.847913317535666
-0.514716171081926
-0.676285009589122
-0.648262260773216
-0.64658242779603
-0.623179077487565
-0.673099753306753
-0.561580447958625
-0.73118137897998
-0.561016322189283
-0.581983080912658
-0.604295566309498
-0.683028754931311
-0.639272977439327
-0.643403135239746
-0.637384606891676
-0.660700530083769
-0.422427454857069
-0.511901175009847
-0.749843825834739
-0.637970430253355
-0.57146318586581
-0.475505157636713
-0.528877578446835
-0.509229782628147
-0.692231461627582
-0.420598337649812
-0.402339668061885
-0.729791030184553
-0.617857168611378
-0.536202249976052
-0.524058581731151
-0.507268753848649
-0.631434565989893
-0.415365256300168
-0.493480786148981
-0.646253976543993
-0.701173092239389
-0.452954543869135
-0.383722644758863
-0.439026744502822
-0.613015801725383
-0.565712749304376
-0.368220421400251
-0.553883615798042
-0.500456906372464
-0.56480834312672
-0.573273110415758
-0.435856084498116
-0.568522687763015
-0.522935690528555
-0.568427265562738
-0.415914977079854
-0.561168291924802
-0.4863894736849
-0.391901615626472
-0.510711495253656
-0.583950426650206
-0.573098860357165
-0.425409311829512
-0.475523697030355
-0.570393752264792
-0.535306138256577
-0.525853171516266
-0.542160984409038
-0.686414241223243
-0.484908347106027
-0.431682550288139
-0.374261395037651
-0.456684698092432
-0.523437669184872
-0.468526956638456
-0.424957451866407
-0.526385427969887
-0.394559782136655
-0.48708230900966
-0.441219139817591
-0.489581111574458
-0.472560524252792
-0.34870931490867
-0.357830585603707
-0.484982389339785
-0.532396719224541
-0.476560137868636
-0.314106666196619
-0.464028717630793
-0.417078305164512
-0.371299419710941
-0.505257479510785
-0.549748452302021
-0.433902772332667
-0.328620257732749
-0.372459505501426
-0.533973801918016
-0.40798307975738
-0.393564094373788
-0.363250514670492
-0.449173181646112
-0.456266720740547
-0.300025530693422
-0.343754256337269
-0.400877077835586
-0.552730102044773
-0.383517605474866
-0.393139826996741
-0.436452031841558
-0.301511655118598
-0.532523519040798
-0.355807583787544
-0.491621064079889
-0.491807496451965
-0.353801663971224
-0.401399503975685
-0.352850899924076
-0.384611746363766
-0.224654295525356
-0.261338743841756
-0.356742136574663
-0.42809152911461
-0.293462917992295
-0.476463095895705
-0.315881214771535
-0.563414064992751
-0.472199263178018
-0.25907668887559
-0.3923220512968
-0.298361665342252
-0.40145055737991
-0.520927473388887
-0.246693847812452
-0.3101708201121
-0.29225731206909
-0.359919974521895
-0.231068078968459
-0.198149290941092
-0.322182940442029
-0.331886486415339
-0.35748575216603
-0.289452172451726
-0.47103854022448
-0.342783585856124
-0.345780514306165
-0.325970853025608
-0.160301418625108
-0.426500195635396
-0.443220634887426
-0.445391863421951
-0.335148343804338
-0.390436185905847
-0.29524169691835
-0.406685153715921
-0.284411411441928
-0.40660657928978
-0.343309329221158
-0.253735361478488
-0.333479231311103
-0.272289640863939
-0.430523934547108
-0.302028668077697
-0.24784108952917
-0.295402259975325
-0.476200362151397
-0.349061481808646
-0.275066235700599
-0.21376273810543
-0.289676025325201
-0.33664684851189
-0.287411497024829
-0.35246713047529
-0.193840200379496
-0.323388788201171
-0.221660166539943
-0.403577227392103
-0.341088194326661
-0.343599196806994
-0.261811851444456
-0.385069055029272
-0.293723610100278
-0.248260114465002
-0.145872150574312
-0.117652561185489
-0.157853461937429
-0.300397139648317
-0.312343818546664
-0.216645890908916
-0.300899503179928
-0.184420088165362
-0.287500494256885
-0.0652555957025843
-0.26267732208576
-0.452884623714975
-0.345838389137065
-0.218510949093501
-0.18250650090225
-0.394064005736694
-0.390797424159522
-0.267209249553734
-0.17221091767927
-0.145484728219249
-0.242045345813691
-0.191655349448313
-0.291208506885919
-0.150237528661751
-0.13834614541104
-0.372171818483075
-0.186284002998337
-0.29125582024549
-0.185679302849919
-0.17516970853069
-0.189922481116431
-0.215698529313137
-0.0903394143114708
-0.200741972247688
-0.338374455562049
-0.213987789521426
-0.0507410974384724
-0.334691518245606
-0.158412159885596
-0.174991374231691
0.000750149121931921
-0.184751843838569
-0.173044518503911
-0.0759755588959518
-0.253061140205225
-0.195746737546753
-0.148419865837199
-0.355202653382108
-0.0938786511057854
-0.321762177516349
-0.147556362859389
-0.0782884095108694
-0.24277607762376
-0.140639431328336
-0.216728474287177
-0.242101905681071
-0.27074499936338
-0.0958257465552963
-0.127660631942911
-0.00561213780699734
-0.159410426403073
-0.0558144729755485
-0.24267481452903
-0.284245697442875
-0.231280170640872
-0.189383050868938
-0.242024207412745
-0.069771001884604
-0.174016387410987
-0.0150323314552928
-0.0631366465978405
0.0596802920970112
-0.0255160348862232
-0.121231995101733
0.0128614559103309
-0.181631706474493
-0.186725243933056
-0.116227742513457
-0.115924128299965
0.00163268859707148
-0.18811996046486
-0.0822866619992717
-0.125093470165152
-0.00756189512652135
-0.189859379690993
-0.173183636656461
-0.159561863227607
-0.0638168408302512
-0.0812896128778336
-0.0198992237587599
-0.185598071864144
-0.212051682257976
-0.123110343542232
-0.0444482856789844
-0.171453664586731
-0.166005353155304
-0.164084641922834
0.0401919122575531
-0.0670399284797085
-0.031845885483728
-0.136475614650879
-0.164890736714465
-0.164068369379796
-0.133432399032618
-0.216927394444635
-0.132544800555513
-0.0748653011058208
-0.113601847035788
0.0899578651721453
0.0190575564347981
-0.150672447542261
-0.114318117310936
-0.133821339608043
-0.0281678521824887
-0.111688171689969
-0.19371552756761
0.0869555423828544
0.126029216373095
0.0734353420185148
0.0474246378523837
-0.175845194278282
-0.0709185332371154
-0.0148127372706628
-0.0339648779192978
-0.0212995165327052
0.0644983012165505
0.039363054070114
-0.144164872084722
-0.170374298544171
0.107156959044145
-0.0847799269420424
-0.0277876411820545
0.038820697005833
-0.0921627834670694
0.0433775803913503
0.0452489162302065
0.0221324210234867
0.0418386112801587
-0.0771641239142013
-0.188263985875184
0.097417608970828
-0.10540128084747
-0.0324182503825389
-0.0147130949321158
0.0444727542410146
-0.0927319840815084
0.0437037365822784
0.173885276357131
-0.0729425135405435
0.0359153215209774
0.12561670744545
0.0754482520378409
-0.0223712187004118
0.108343832530665
-0.000483355035472979
0.0419555432004192
-0.00885625287868208
0.19439942755233
0.130201634021559
0.137115834862823
0.0665402086122327
0.0879795695133417
0.108981765930547
0.0512471978862075
0.0571333041309522
0.123103091757777
0.0359706022115691
0.137137470241619
0.056827686318281
0.00859208611185658
0.104211266792852
0.00352357945055621
-0.0277171731682339
0.14628793491748
0.0836372669051108
0.0163803296809001
-0.0505447897899007
-0.0209933252840855
0.208001091560721
-0.00998561679427699
0.14092155841554
-0.00740560080262194
0.0445256136247339
0.0926519596484272
0.0209598567738016
0.191150253139511
0.0832270349096762
0.244472721485327
0.0491982621973703
0.17116612785292
0.0203224614138219
0.134737052693839
0.0289483979800216
-0.105767336048751
0.106107803788572
0.0898161948334027
0.207087160575493
0.237510565628981
0.241378465013513
0.0144769649224417
0.125248776388359
0.253983752846518
0.123441249781685
0.108615049848957
0.119228185585682
0.105593848226764
0.131381337604543
0.150415160057899
0.018003162478045
0.119118686511134
0.186210641496606
0.0749424968053881
0.330824773505833
0.0352413048976579
0.215331612097428
0.197930441550542
0.17316674186209
0.11876942800579
0.214567207958498
0.113629524486113
0.148595456454792
0.328730452379776
0.300239885700673
0.26864904835976
0.109064388795412
0.0811961293823095
0.14964738810582
0.19205976535792
0.134831665606851
0.20537536869133
0.162811356849259
0.308569234837032
0.11504696420148
0.0658401001340621
0.200945399452704
0.16756107420602
0.365095094900068
0.309069644586746
0.191620594578037
0.344815045135307
0.231104437887328
0.225915850342184
0.277794460122127
0.233582307752635
0.192708320766095
0.130986170029398
0.265553826452602
0.313207183134884
0.276848122242666
0.228210522860224
0.366553135269189
0.253223157364885
0.349808784598083
0.201354553829512
0.14939005888741
0.24529301524466
0.272362100191443
0.293692138618815
0.16576747264329
0.369168329139074
0.234702231049277
0.300615672022788
0.301087962679199
0.14329661929397
0.0916160545820934
0.185161253475691
0.393052995901926
0.285756355787832
0.260620297482517
0.288202067367212
0.350118461525645
0.21214187766487
0.0932796148811551
0.360497478150258
0.307971826583935
0.221661785087459
0.350204418560308
0.0675728983669076
0.33518868257667
0.169254899725267
0.219709647912252
0.287500020660355
0.269772805682787
0.264639915309413
0.378408721625263
0.312334810110258
0.415149611268873
0.394699075207224
0.4352842360647
0.223761126481269
0.409265770727517
0.266083073466343
0.342508856741181
0.205538954097494
0.374095004589571
0.222947047583121
0.527853336865043
0.447888714222555
0.272871261665721
0.344874672500203
0.377110439182434
0.378934543357772
0.223079995683517
0.260441372297693
0.312256296771896
0.349450172978498
0.420587176823923
0.391630398665524
0.276829778283226
0.460364010876029
0.449343642816786
0.412111214605779
0.482294920155864
0.480138343338451
0.331271414382948
0.406754739332345
0.535974179204842
0.178582523398342
0.360846215410712
0.416958757522452
0.256532385623478
0.286781545104653
0.237504874073284
0.531803715158507
0.408643308330646
0.314975697528476
0.492614423151565
0.40973308687166
0.383154729305489
0.378210402365712
0.435035371600224
0.345273567407933
0.496182249910131
0.421647803934848
0.441331506873263
0.385122720719021
0.442914629347988
0.351944508845887
0.399045212211722
0.446722000114411
0.382459085032849
0.410528234811059
0.417733148948452
0.275324504140465
0.384100507794997
0.396317301998723
0.486545151777375
0.380604375692631
0.454964346484563
0.376860475962515
0.424913162660096
0.442510081040713
0.283357730861864
0.399721126360509
0.55306134281048
0.46194050000858
0.548170867482888
0.611024638177631
0.434785768183162
0.446067978089823
0.319896217180957
0.53723702470647
0.462384737996264
0.340329068909633
0.541488098267819
0.498120274526707
0.490885975929678
0.585414466474379
0.441818203379664
0.532151912555736
0.545610014073969
0.563470715671492
0.462863217473832
0.559682734803926
0.424395831962332
0.565406616848501
0.411958413287152
0.377652591692117
0.449446157204641
0.736363310407113
0.516388682369962
0.496465811167088
0.425449037760811
0.518940241959662
0.591055612868373
0.543594264053015
0.392061099793687
0.584794801833811
0.667828052650062
0.458269629843727
0.462174218330376
0.439163349578403
0.379810511314098
0.521786202050895
0.554680477139148
0.489402682579021
0.543927068604317
0.501265620305794
0.457707158553311
0.426312471394335
0.524892250261909
0.530844157075442
0.602903019736492
0.639043742040986
0.615408790894213
0.367506324070321
0.491972881558474
0.572007532978296
0.615045057868635
0.589872685629953
0.435886458514342
0.568421833818409
0.624164042302279
0.62071876434836
0.554853985082225
0.651578533146775
0.562389033739482
0.535997398745294
0.623424486802939
0.554853981332368
0.660764228342726
0.576157622914311
0.5816625027735
0.387175301211355
0.470180870213101
0.606442443702962
0.551424128624498
0.625258824742102
0.520196682434049
0.579174118238464
0.534375316165646
0.567874762025506
0.615299957036409
0.58818321888306
0.467584861205695
0.838730277047346
0.66998504720875
0.575714804254894
0.586262732848938
0.711342243948747
0.513732966009203
0.692303213184634
0.619756822372998
0.587130849279823
0.598258596646245
0.637511954441862
0.602697429892318
0.638496209330399
0.728438895815788
0.569090676263666
0.741445463648031
0.555320849058004
0.60291476570891
0.694348411476485
0.596163509479057
0.579385389296726
0.758417043020259
0.734042349487407
0.623677450756687
0.665197026373281
0.659914261457158
0.730233281567103
0.720504810771626
0.664564970011204
0.775194878538858
0.781770361477388
0.735512993723546
0.56994019887333
0.604037010963221
0.711756153721719
0.731273330719962
0.739329648320783
0.647327490508833
0.527250227482728
0.626369451832783
0.766260373694245
0.608894901961755
0.722463818001523
0.72254562713804
0.817402584398099
0.661056282921273
0.634852912954053
0.571741896090463
0.770737518365637
0.755133944282243
0.616048645964355
0.668004027253001
0.710880122762969
0.712059812959396
0.715381335514378
0.673549489798153
0.728124691997971
0.592650290164456
0.877322375342666
0.617899311424244
0.531533494006886
0.790831254677399
0.733200665862476
0.76079358552018
0.700650922653032
0.846059201704414
0.692823133052189
0.728102398596944
0.712204788911372
0.731478792309113
0.708539625328603
0.8363622828307
0.887160116865705
0.878800619917019
0.753909945922295
0.672265954944336
0.558708091739073
0.704357153976212
0.745274671588136
0.822102371581427
0.742107919449069
0.708910604490263
0.88422361264135
0.699774000169729
0.842838127487452
0.761266242363425
0.665814939041817
0.820716028389849
0.707444013700121
0.943386612453026
0.72285556542072
0.657088973039984
0.828461932277889
0.846548863506895
0.700312373313733
0.776302885367338
0.746457515831232
0.865449482171325
0.769777612695221
0.809985138993162
0.655949888126676
0.645880794201867
0.865371047683162
0.835046389355653
0.809302884934512
0.857648222414242
0.842392157682027
0.92914787471107
0.834685450782705
0.808229269443096
0.919315681105521
0.948517220823755
0.782039873536836
0.898750513124582
0.674764540408783
0.748153722562728
0.840935367148977
1.02310810897613
0.747856151828702
0.888538446220419
0.820643718905607
0.674203746990086
0.845079330065925
0.923797238271955
0.782315924128342
0.747148192549787
0.878034695297819
0.89368135514548
1.0069120371633
0.871973384177668
0.907240329688574
0.893406866741362
1.00989620702846
0.815218043967005
0.840077691124592
0.95915114220629
0.753416059641579
0.96912371051789
0.944744963677915
0.677908353845458
0.878112810016421
1.02174861608971
0.890790956132837
0.732263144247751
0.968077613131971
0.810346513540767
0.906121609899194
0.871885459139439
0.767577077575505
0.851282595808775
1.06438933974986
0.827303064222973
0.820523259468803
0.998355700578654
0.92577431887344
0.869868678492453
0.952295539543727
0.895416512597167
0.910425636239209
0.935886081472506
1.04422707198613
1.03447510560223
0.86840086318695
0.918418869317602
1.08587216576727
1.07254713890399
1.02508531093588
0.976681431187535
0.944597725710688
0.836850363803379
1.03518709262269
0.975368722621865
0.902432213951714
0.810324107365669
1.0339822892423
0.988969654383938
0.779683352461676
0.76077198227884
0.831726704312734
0.963585460365478
0.854851492020851
0.955978325512318
0.823364049522223
0.969519442099789
1.01172387684709
1.05945541532382
1.00614563021072
0.996364637694689
1.01708912860538
0.95491589815171
1.01811844529877
1.04311857762584
0.975626768732714
1.03429152448945
1.2642693713866
1.11962272669972
1.01786208440551
