"x"
-1.11832914590667
-1.03770603456348
-1.05239662986239
-1.02910723775921
-0.951896867749656
-1.0167871715154
-0.916499434467707
-0.962512302371301
-1.07615145792849
-1.06585292869137
-1.02783121478244
-0.963781115286661
-0.913749741275426
-1.07119034489341
-0.902143126328694
-0.984883157016966
-0.902853419855059
-0.986283517207667
-1.01869785760927
-0.910598394790925
-1.09015436056372
-0.98390035220354
-0.896574569251397
-0.839517892683776
-1.03262866382408
-0.915523145525885
-0.899518614481474
-1.01915771899944
-0.965542359717634
-0.916947584934745
-1.04311235377254
-0.878938264811737
-0.915665945688645
-0.821970297622804
-0.831912215067106
-0.885371816510582
-0.766820214021944
-0.920961173718625
-0.905637457825291
-0.971234601826169
-0.899536856930172
-1.06248652686489
-1.08823834213683
-0.956814223823045
-0.838890150391017
-0.934787894308035
-1.01798743919901
-0.847729954766474
-0.790937525211995
-0.906513290542951
-0.884339355246073
-0.888797040850618
-0.835294188051938
-0.826608675692906
-0.849463118189872
-0.839071248720001
-0.910900310987473
-0.8294400628971
-0.968981953915888
-0.958431512932896
-0.842795465436087
-0.879448262321977
-0.918988087911086
-0.852869430105514
-0.880722721688732
-0.924988186362627
-0.9197758836299
-0.8184554851096
-0.887694121586951
-1.01846609637172
-0.938476179719036
-0.895675271553467
-0.978075223372522
-0.801940284650874
-0.851058129460593
-0.862719772893237
-0.884699224654862
-0.90184263872419
-0.891895240366406
-0.670522293130952
-0.874852078927865
-0.839557894881909
-0.821618954197774
-0.853340230668776
-0.910994913516572
-0.858591966072693
-0.767867715137586
-0.879011299817019
-0.81406924719351
-0.921328117879429
-0.807210362260221
-0.735876859418801
-0.844404221551432
-0.823489535454813
-0.781884498111529
-0.856092173861835
-0.822221327197327
-0.708519715686774
-0.785914485654855
-0.713741454866274
-0.83341030887358
-0.757829248389074
-0.73771576793188
-0.691692822721129
-0.723140806044679
-0.922977080761474
-0.626480745612709
-0.696131133390192
-0.743494073442263
-0.797220555260711
-0.830577043515805
-0.866159386320556
-0.774650761116546
-0.805017257269691
-0.865766255998519
-0.821845819485687
-0.875300074052326
-0.592673042824505
-0.777504414539817
-0.763735994287777
-0.769250171576422
-0.877615755523322
-0.813597874964503
-0.602679782899963
-0.495774055395624
-0.652652896459214
-0.708327987005734
-0.746412061692177
-0.765267139615415
-0.833331406225132
-0.746407318846108
-0.751601413692658
-0.746094717299501
-0.695921695846344
-0.624125290823668
-0.803325450150817
-0.791308276807736
-0.82885170032817
-0.576156380915769
-0.692646201264679
-0.643444127549649
-0.731183394943537
-0.690164438226371
-0.6832614640672
-0.634635353877444
-0.739041416030799
-0.797759311400346
-0.760483417286824
-0.67236818760639
-0.589074631730123
-0.563528158807926
-0.663458860133558
-0.684689474433253
-0.59611764360919
-0.734503172757899
-0.68059089282814
-0.834500138172665
-0.752368759995727
-0.573643495504833
-0.665751698426193
-0.704945182420308
-0.677095871548083
-0.779195323229728
-0.79802942298824
-0.698093608208433
-0.806914327618466
-0.594038009279434
-0.541784955395792
-0.655045133580883
-0.523072336431174
-0.622917358511371
-0.615385408556607
-0.647014496183906
-0.602577092284993
-0.634199094372735
-0.655673101741832
-0.513188239317511
-0.588696435190672
-0.53684375007036
-0.74945905069038
-0.695444130342822
-0.683353064857317
-0.645027587714736
-0.603964039968563
-0.562819384897615
-0.612124734607471
-0.636941071856168
-0.680335738072959
-0.541863477090475
-0.707328150855593
-0.606314743960021
-0.613377402063077
-0.624566010769492
-0.466798606897696
-0.582041182167192
-0.635108341540947
-0.611270079066298
-0.64556436553743
-0.663971911809787
-0.533347879730738
-0.538775129535051
-0.602170072662928
-0.661969237549716
-0.625325779374834
-0.48570285135928
-0.658742186308982
-0.544439534148056
-0.562820058809954
-0.426587260423366
-0.538728089593667
-0.576805086059172
-0.525237377041265
-0.449822296661698
-0.508079098400869
-0.577779020255741
-0.500563497296051
-0.377618070937803
-0.539089162711797
-0.546819137978425
-0.496971328714654
-0.597834697795078
-0.543160319592708
-0.712565995651971
-0.565210612083248
-0.562893017076725
-0.426755481734763
-0.480891766037975
-0.673219297803671
-0.456705958789298
-0.56546896687729
-0.54642302180706
-0.604648651594221
-0.431133221503656
-0.570465909338301
-0.542287319651289
-0.521909816388406
-0.36843842995239
-0.43236610360684
-0.525562043867676
-0.510510661267426
-0.485420263878859
-0.524455736496468
-0.672515866695582
-0.572967213056929
-0.427159873520055
-0.674151557466419
-0.310773819914552
-0.596276845289921
-0.508154222159986
-0.52962652968035
-0.390036156291881
-0.640562588321654
-0.314913341307731
-0.70421276821626
-0.59005244115351
-0.455853522706514
-0.490620631330021
-0.522142553380806
-0.483220991159956
-0.49027242723696
-0.410114120485195
-0.482081414017469
-0.47098701783041
-0.294758736306439
-0.507000506285483
-0.624533542925829
-0.425285539531108
-0.423689110683314
-0.499683609295257
-0.48319588859538
-0.321315180513989
-0.366132307455928
-0.558032788924504
-0.569708383167566
-0.354636480732373
-0.349426115453299
-0.387404882978726
-0.417773680524753
-0.601074863018711
-0.49661767324887
-0.550064870493202
-0.293929043358157
-0.546916080899394
-0.36260125182273
-0.358800928875099
-0.326921228389372
-0.328702571854202
-0.62452948987062
-0.379664311906252
-0.533217336988907
-0.658085564370174
-0.345401479016796
-0.552529840092389
-0.451648776142721
-0.445400646960674
-0.411829844301098
-0.415944115286199
-0.469450197578929
-0.413756743077024
-0.300068450699181
-0.306412105041758
-0.518271927965814
-0.415308035284851
-0.487196836264848
-0.499525092852694
-0.395019611229557
-0.362716339939898
-0.294451575341687
-0.446529431532287
-0.296121684546128
-0.446262386501187
-0.398877546270836
-0.360845769698054
-0.419957168212607
-0.307509052096229
-0.452010452900749
-0.215022138265232
-0.237916018414245
-0.323450846260432
-0.486841198824465
-0.34532582620862
-0.472229197659644
-0.423586580296152
-0.35898125317209
-0.487632457111229
-0.310367868043539
-0.236073799811541
-0.297937698476282
-0.396846648184668
-0.305003165884921
-0.348557391863001
-0.33669354179368
-0.300568211314754
-0.144905404429573
-0.434159492236938
-0.312532099576006
-0.324666733016032
-0.404685651133491
-0.535180525344316
-0.357140365941356
-0.453597843435954
-0.159651760643317
-0.326270139799499
-0.348441896464983
-0.220635290459632
-0.145787439546692
-0.345735415032039
-0.154764247740804
-0.390878883109936
-0.290400016810577
-0.291447763732877
-0.397410585267604
-0.102739705072629
-0.212248771414609
-0.336777092562335
-0.297181924782038
-0.334684722823735
-0.352642056529754
-0.317418979256823
-0.314658328553535
-0.267930062493232
-0.415583091259547
0.0276380662572924
-0.410614899231814
-0.192459228829684
-0.350759214667268
-0.309429893908609
-0.0981596841076491
-0.368656574231311
-0.315614891613173
-0.285225293129151
-0.109406424059176
-0.203943677820468
-0.148501840405358
-0.189395454395294
-0.191642641383221
-0.21051854427397
-0.238464026972614
-0.23347224409427
-0.444829389025139
-0.228884414885805
-0.302656660310118
-0.209109277725996
-0.0799797208925278
-0.329218065737978
-0.185052535992751
-0.339269268629375
-0.251662236142872
-0.294585533072969
-0.295329054637116
-0.270058632781711
-0.0702475363057603
-0.0814988727236423
-0.169251052898766
-0.253128476041006
-0.188656105130507
-0.2510306604326
-0.330536589382923
-0.201193047356591
-0.26740210807676
-0.177192872606932
-0.291085351297159
-0.13031824594025
-0.352617692330756
-0.194616810311231
-0.212745535796825
-0.271885576634776
-0.188722849215967
-0.210998928210562
-0.150856830190244
-0.181466539369253
-0.0776620696048481
-0.0240885471618199
-0.185721952743761
-0.135883826332803
-0.0399697709938823
-0.236755906309854
-0.215804813085515
-0.17678774985867
-0.2035544056283
-0.058201518473647
-0.255593961387583
-0.155610688057626
-0.0820733577003593
-0.271088023208332
-0.187097154573836
-0.0748074251413457
-0.0438085815058059
-0.135757785220307
-0.144226275164573
-0.135379243069292
-0.172077882369677
-0.266131780776189
-0.0970952624310032
-0.0889461697369115
-0.165496726753356
-0.211258346209475
0.00909097065532217
-0.167576219226348
-0.173774371501585
-0.100782152898735
-0.083593477194038
-0.00488011541939511
0.00606169544931554
-0.157459484531673
-0.154859605722463
0.179032581007392
0.0233849917298057
-0.0659631325483744
-0.270599373498897
-0.200200221449227
-0.237824351888617
-0.138558917346875
-0.163340109217128
-0.0857690101533369
-0.160854070305115
-0.0502486368969925
-0.103147558326639
-0.127913452455614
-0.115132239745884
-0.0657888457060113
-0.0336902776931261
-0.122333246268174
-0.151838084685835
-0.136653662219272
-0.0270116077202046
-0.0106725971194971
-0.0743648135683535
-0.00723085662827446
-0.110891478800888
-0.00481430488724028
-0.0668413525616589
-0.152918651714816
0.0438637326316947
-0.0680326865016062
-0.106071792402454
-0.045927798444727
-0.0357449670547157
0.0420337476648692
-0.128698569542745
0.0722205773855136
0.13834745043977
-0.106437767912065
0.118307475981349
-0.0560521470481661
0.00182826184122802
-0.07051695986825
0.000336401176412783
-0.0550373190485466
-0.131637467933098
-0.00642923053027254
-0.061646093303484
-0.0551497236582514
-0.0266662430527106
0.0825053707482617
0.0841351777983003
0.00686399626185025
-0.0670895719953626
-0.0343894296873916
-0.095408945588551
-0.000647469157842172
0.129203544093525
-0.0140037018884544
-0.00198630431305416
-0.121456765892197
0.20264682603269
-0.0985961588153697
-0.184524575246827
0.0969988682347706
-0.00270992136475903
0.0554437096425424
0.0755692740939192
0.0393897221544533
-0.00903040357228964
0.0465209356717129
0.0555634784730959
0.0971963338141169
0.0998377454529784
0.102789529645516
0.036850307606963
0.0687988155677759
0.0813065982822771
-0.130930837378249
0.195935310268644
0.0441665977733869
0.0324165333092224
0.135263167614292
0.12096245127239
0.0578852164808474
0.0250036427852661
0.110058561338541
0.108433812299926
0.119968176410518
0.0800435863009252
0.19575585476256
0.0182928027969843
0.036078229065846
0.0275802080278267
0.131411975208135
0.149576824243055
0.111470042446736
0.247033023601798
0.125697563662215
0.0431705249265439
0.0712643823738475
0.17386704176805
0.084595588792938
0.0560044793756031
0.01571448780574
0.0378356053139681
0.140868788542253
-0.010360194551384
0.0923899578777903
-0.0129347808962295
0.194052531640541
-0.0511712846850803
0.149422279376604
0.150879755025924
0.106971860419117
0.271723583208102
0.308650305489755
0.228717504241665
0.132870745136938
0.130315863767812
0.0489807736157444
0.188836269109198
0.0638443686945465
0.0370123010845643
0.203368931298878
0.0344474199690711
0.185960703674711
0.128704568583185
0.0679853928092393
0.137187635785845
0.17673732654264
0.0636910092003436
0.260871728879618
0.276936939277035
0.122902400539167
0.119597287918767
0.105444147056089
0.0885269531324366
0.223715228407421
0.176472087816603
0.149256700965062
0.243205346815399
0.0618415451946611
0.356426830290149
0.258555919125812
0.143975442984873
0.19490800882052
0.121422260462628
0.21116270151731
0.302567658247699
0.064401786713709
0.24894757826601
0.167452311035418
0.0357558057832559
0.159715192504651
0.117164870240255
0.254270417759345
0.149877082041786
0.286220617897536
0.263897479137452
0.14262905883778
0.399664290251798
0.301493666348439
0.069822279346783
0.171790197177692
0.129153036855603
0.242598939767654
0.280498675438373
0.242008218363179
0.316321647704844
0.325200419507559
0.251654293995369
0.26933173224021
0.333148747362385
0.263309425952191
0.13294205353342
0.169135947044356
0.264699509308777
0.178561836381518
0.329649096112242
0.292469247982288
0.326220668829203
0.284648071259594
0.257668425578631
0.231073595100167
0.327420941047138
0.285460745461498
0.329228557952058
0.270584859064916
0.322128769667827
0.295268990819567
0.245015389329045
0.318565607379327
0.336227566042274
0.260928571919386
0.212749150495985
0.282135931425427
0.336758885366043
0.386649669576802
0.428217688373608
0.272781274091325
0.276417870037645
0.27917461509648
0.375754111629872
0.308122991947457
0.137362344508468
0.338413075037283
0.181008086649164
0.288313421777614
0.258799790669255
0.243020526630436
0.383351721536691
0.384009413042127
0.445964765370468
0.209411935654489
0.352005393146728
0.292586542611689
0.292888005722501
0.243142012957444
0.271139474280414
0.245403878056816
0.380667494575802
0.41869215627431
0.215151840749842
0.338291167132666
0.218004278010481
0.251486477733985
0.207682216718479
0.257610441937879
0.420683915405716
0.391807154446306
0.361500827925562
0.301494015640016
0.232574081389631
0.484584813131342
0.423407251405208
0.558599864671639
0.523250759478636
0.304981369955232
0.384358118150055
0.461492145890696
0.369571461547938
0.414292478050993
0.529203051621595
0.286839545323595
0.318266277547088
0.430850313391318
0.35613384312572
0.347140300014312
0.500559087572455
0.4027462795954
0.299375135569788
0.22877630196542
0.450743113596987
0.298177909805602
0.291279807911293
0.363332904769396
0.319370685061612
0.434244056546554
0.444592364516485
0.336839791693671
0.399895845090351
0.242604235470236
0.416745817475751
0.334425640455656
0.531102693018637
0.453551139870345
0.489650576724254
0.401701099373149
0.394484434630119
0.274671788738297
0.426243517052447
0.510692959554585
0.392913839579687
0.376281283754454
0.445719325949884
0.476298096054051
0.466202121053984
0.365318676441332
0.481036004300591
0.490656615405963
0.480127801360008
0.269823100352527
0.436976000129034
0.416107831065917
0.589833959509173
0.539821172013537
0.408394972091026
0.417961378843348
0.471802442334123
0.426378673470009
0.498492505526292
0.384409441263208
0.437953547149789
0.479211291500988
0.608146825966986
0.533708043438206
0.592821019280892
0.413598955455774
0.566013771755059
0.526654342510234
0.531907668283586
0.488489645151771
0.624950750868981
0.548401061525314
0.5082071643801
0.34841898599574
0.336478697259527
0.475178562373413
0.401710720350002
0.586390961058145
0.444994243042619
0.609628845789747
0.529226909702177
0.482845034718011
0.68723922850315
0.643141715314422
0.645405503917922
0.469260756449202
0.515209423455351
0.403724200788715
0.568357577403076
0.52589140947147
0.517631351953102
0.616772692129443
0.587512183826578
0.547197804995951
0.504170625244887
0.662420200950585
0.595937717678011
0.539761545155095
0.49933682656233
0.641261134242962
0.597700648468157
0.633305131590665
0.363452392937695
0.510702108565509
0.701434956866446
0.527042045074307
0.658711622381399
0.571273257305548
0.625236482902728
0.600881600049837
0.707796860961708
0.602978448728798
0.624601044957432
0.721513368804584
0.544966621278588
0.554173800731762
0.559197703546377
0.513057062704303
0.523554155950381
0.543753206799276
0.634562218176569
0.650488076825777
0.488951630216314
0.630249992214905
0.488679590511123
0.675584012946113
0.662409033937875
0.558141611621798
0.556878710473082
0.500338633041798
0.532951560840896
0.625845440908246
0.618518207469806
0.587319968518232
0.65605786683752
0.539641815738915
0.696441387201701
0.768635385359234
0.43647323629923
0.520543506856205
0.539322503192056
0.637199738191297
0.614291443829631
0.551182979582778
0.589387057846181
0.615319007424915
0.656847721989488
0.671968296013973
0.758723610621784
0.61682749087333
0.756765597802978
0.491692452125108
0.615535188374936
0.717587711982871
0.727342007073221
0.620421336977513
0.570879378089018
0.736010190650489
0.835998449615936
0.5783200386019
0.83366451248678
0.761060957593697
0.610520069925792
0.682523284130849
0.84678681009905
0.775693525855105
0.611775950239379
0.656199746872884
0.676485240024951
0.659291795050141
0.650970107569763
0.573317639968029
0.727574877097208
0.522209865939708
0.791207335964141
0.825882889291661
0.668788403792818
0.597647881701561
0.654763085777839
0.690746607363553
0.656870591844356
0.643042246357851
0.655455534156106
0.678109773704776
0.599487201966274
0.776362685643684
0.709884123963166
0.662084128534815
0.710292281915184
0.598647405125291
0.545152334459493
0.710440663215377
0.841488187058804
0.802094759348918
0.744894885072659
0.619319254206071
0.762066491019809
0.519296010530862
0.887304369135423
0.761972845696726
0.797876725191171
0.642162180670525
0.632252797929011
0.619739133246739
0.880377950629442
0.650370817152773
0.876225756426461
0.766503404545649
0.725038913436036
0.773459573314258
0.660721126975775
0.743922306204503
0.78129535865225
0.697368888478251
0.693583074055888
0.777185410879528
0.748200337515156
0.721833398878585
0.805182335108763
0.833480459598191
0.815803330099754
0.929213661897209
0.80566363526023
0.861986782447204
0.857255704392386
0.844089378223883
0.812709462555185
0.757843376599444
0.614061131419812
0.911340384863227
0.854914675998576
0.873841131069203
1.05324000580668
0.881027700014427
0.853709633599191
0.788355562631358
0.799455113895549
0.945413983403892
0.752866981175075
0.782708199568724
0.869269266709171
0.986267980604248
0.844052451101665
0.834226324041638
0.743884341261407
0.84975919546637
0.893364911934949
0.865264038994274
0.886886933157782
0.73900247049502
0.74313463434975
0.884281999832386
0.877460717054453
0.968190309162868
0.80715523701436
0.916666787970039
0.868280799959701
0.902716224670308
0.811997305798443
1.00110688198083
0.849003296710177
1.05533837309938
0.762621722467231
0.818895947200689
1.05567175563799
0.865574245697065
0.99643370467379
0.9082029747204
0.836926278167432
0.780545714224261
0.9539233062859
1.05620549658977
0.788036291417726
0.944762889600593
0.881188050862171
0.835908151591269
0.976965334080048
0.984792797490864
0.936775903384789
0.875745201075583
0.901513405592398
1.00269758504825
0.849672173587894
0.842308122624818
0.906968537841211
0.923212257430742
0.835212840801814
0.924492503756524
1.02280247640176
0.94386635081048
1.02037946820913
0.899637126046872
0.845644838332179
0.815043601867138
1.00860626012206
0.997536180555272
0.8283304263064
0.932849003315264
0.922082122533197
0.899876238217927
0.921403833069508
0.915155996988338
0.902987997483659
1.05520350611212
1.08865208988198
0.892267915399909
0.993782379815427
1.04361351849441
0.899036782088435
1.09807112486274
1.01782079978047
1.09539815668906
0.97929936886421
1.06807751014921
1.05420313265355
0.90438764775986
0.935424111758052
1.04065476361743
1.00793796903103
0.934039329777813
1.06085235755488
0.955685634229115
0.90695365977156
