"x"
-1.04179574489635
-1.12221570996774
-1.00819142703247
-0.947302347800356
-1.04344877968147
-1.01527870531474
-1.08547518486915
-0.956830675535117
-1.14537813390583
-1.0436824303298
-0.961428584433051
-1.02358969790728
-1.02390111393633
-1.12041409241551
-1.12273381547996
-0.987307963332147
-1.04989400819602
-1.09532695451668
-0.848804148074866
-1.03468079268992
-1.01376339849996
-0.896139901984688
-0.919318003111943
-0.967411452382153
-0.905361780932217
-0.847661747943347
-1.00828153879376
-0.863525466871196
-0.913962529702201
-0.878464847028856
-0.908248207920845
-0.907525454364677
-0.991212272618169
-0.840019299442458
-0.879266010882291
-1.07044567427827
-1.01979113448181
-0.937363054833722
-0.885461269900157
-0.96479482188316
-1.04614325856458
-0.785552295742394
-0.978188251128794
-0.952362713551738
-0.940724392262222
-0.927950664438682
-0.982944961553102
-0.938046291676867
-0.868159444979814
-0.969665623825402
-0.907421532527556
-0.979053881357819
-0.884069961728628
-1.07076246621565
-0.864996328617873
-1.02475402496929
-0.950782765681258
-0.717999400492909
-0.789108077363417
-0.866329158317609
-0.870248677114153
-0.900806712266076
-0.740890721759511
-0.85934490553483
-0.942273784737997
-0.853183941297114
-0.936866382725598
-0.955957823504589
-0.975956706469845
-0.828099105034146
-0.790831788250109
-0.875712632658345
-0.820267806449411
-0.833654394492399
-0.955795774649782
-0.856378899398917
-0.878398050184493
-0.650619841720072
-0.850678319240328
-0.736483904914084
-0.689173408689506
-0.747114499409479
-0.868261305566766
-0.879584320150375
-0.989150905793343
-0.812505653679495
-0.795138226829064
-0.884240724458775
-0.789475055662578
-0.880153856236274
-0.777098050852914
-0.852905657943135
-0.930332064179103
-0.787976591225906
-0.778564792785265
-0.704327652901985
-0.713366129874091
-0.738165189201369
-0.702566197623804
-0.698508999043672
-0.862363478342227
-0.72224244429263
-0.624073725396447
-0.859806382578968
-0.809077319401884
-0.807359877396306
-0.874069341185535
-0.791378865724053
-0.768241847606932
-0.708193423585674
-0.70385623900317
-0.809354212643265
-0.712664595062989
-0.867146673851176
-0.697410150321216
-0.896611951171291
-0.741043007575992
-0.89852503646089
-0.684494460843004
-0.881670995986086
-0.717386351464646
-0.807810498920447
-0.821460120268225
-0.96063610688676
-0.736861572089046
-0.83218204560246
-0.736577840626217
-0.633318981612524
-0.726441437413917
-0.696344854509555
-0.685804959052711
-0.785112173458979
-0.808323046223472
-0.871364728559736
-0.889889380412647
-0.796795415666282
-0.629172921891177
-0.618896359254214
-0.747243554052623
-0.692996504499154
-0.799559536397736
-0.467389134318196
-0.686374255516671
-0.751289204061058
-0.656178006454451
-0.514098605983242
-0.873149113603004
-0.560492476577062
-0.687208483701585
-0.613317235906934
-0.797865959452911
-0.684893010218272
-0.805089005149514
-0.72575646885789
-0.607665416916581
-0.64847206573522
-0.570690266320331
-0.624409120914655
-0.600989841621913
-0.683608752130782
-0.630517273963293
-0.709518170970028
-0.622869702514499
-0.510174356673512
-0.658892858754472
-0.613319586132884
-0.710180295341901
-0.593893503731949
-0.58314676892447
-0.689489969958078
-0.7569585302257
-0.597499344371967
-0.655416480134103
-0.647685674888194
-0.586468843931956
-0.504822661839867
-0.564500718086652
-0.589417009245949
-0.655948768185408
-0.654371182959062
-0.738648747671292
-0.702410411424757
-0.430793153922851
-0.589335911326735
-0.636576960346921
-0.709841434272197
-0.581818463117602
-0.57905695583108
-0.727320731184355
-0.614948975437638
-0.71114653090458
-0.603126214822871
-0.747815277737945
-0.695148319593088
-0.518005657022709
-0.658263273971047
-0.634643634867782
-0.671125392879696
-0.716277064341289
-0.494135070453811
-0.680495922851562
-0.609409081774164
-0.641844888377756
-0.617611076923016
-0.60969992380395
-0.518017574586495
-0.646256913837497
-0.589027300437229
-0.647945827787973
-0.494878956721646
-0.47959587857913
-0.473027368920707
-0.5627446221486
-0.480076305394348
-0.506668948593885
-0.537293658841058
-0.467859378504483
-0.488934331126036
-0.604472270935399
-0.576235039278331
-0.540894985550136
-0.585397962525547
-0.607784431271053
-0.516835845968102
-0.412524969403244
-0.571619725428347
-0.492208274663575
-0.59757803645578
-0.53069103993206
-0.472157556867164
-0.420556131980427
-0.602733961894504
-0.496674343317203
-0.507986877782611
-0.540359914918046
-0.481596556838995
-0.538094030135793
-0.532924024599753
-0.603542774310872
-0.519427275938932
-0.568768593153127
-0.559491506165338
-0.469847667573309
-0.627109158015012
-0.506999383209277
-0.533708317881026
-0.496452761723822
-0.551022602942595
-0.470180451930016
-0.547157077565668
-0.529243288339358
-0.612810317710484
-0.39331581869074
-0.634701227968493
-0.462584309366805
-0.578889477536105
-0.502938000102217
-0.527932927561662
-0.462139076208
-0.494857023801749
-0.593144359853541
-0.630737820196217
-0.348976862145753
-0.55548971689049
-0.407512632601889
-0.507809602511775
-0.43191605845664
-0.525766334422448
-0.424944756156621
-0.401197185531224
-0.327466178138466
-0.447051380564099
-0.565403095876895
-0.442852939234745
-0.443128230959717
-0.334171137912529
-0.464166356327926
-0.489556916179939
-0.534118062242337
-0.426753022196109
-0.465770653256699
-0.513723732097264
-0.309316229408262
-0.416728682418558
-0.430108403125673
-0.376716280773531
-0.376061300283467
-0.336500649425982
-0.337368930421257
-0.345531245017714
-0.452711782913363
-0.291011135383392
-0.308734215520381
-0.534972318208735
-0.381094924189466
-0.394448645641267
-0.431600694611086
-0.24314405934372
-0.457259293358809
-0.415154950527306
-0.429684990887618
-0.374468570514836
-0.365871394466082
-0.492359312738974
-0.331403090143241
-0.400866594487625
-0.391243866165231
-0.482299063700685
-0.466906397174594
-0.361220494734284
-0.423811126852356
-0.297268609385453
-0.303477610400444
-0.3943372199315
-0.330264058505038
-0.316599823622691
-0.419367039156149
-0.183596066853777
-0.422788763514551
-0.251438470377003
-0.363980717679284
-0.39673667217992
-0.416438826927181
-0.40232336231783
-0.368181495685308
-0.453100872860891
-0.152959580299374
-0.342932056056268
-0.336320387498182
-0.168685763534801
-0.338507823524255
-0.262652673151213
-0.366657635225112
-0.31209589305972
-0.34514759884265
-0.427779019896956
-0.318786040649143
-0.41322749042714
-0.393849725517748
-0.210609934555464
-0.333420062977105
-0.364992331257348
-0.231976430130258
-0.456667413064456
-0.371717561003217
-0.232462567015949
-0.376704433822935
-0.490151300824412
-0.4386787235399
-0.200146635754807
-0.311563318166525
-0.2933047038411
-0.195075143423329
-0.294452980745287
-0.21412703968821
-0.253919766010468
-0.314034116355469
-0.274111307351444
-0.42186212375793
-0.24381823426667
-0.380605847237301
-0.386440065601782
-0.298375608910496
-0.260434491498015
-0.189824165446852
-0.393707891649604
-0.308114299024168
-0.331311889190396
-0.17814827021139
-0.194877270448607
-0.255500906827498
-0.306088993022101
-0.292658500710932
-0.396910853199456
-0.243868046863408
-0.21041945799783
-0.325461029774943
-0.269985768081745
-0.316365406424546
-0.369528786952838
-0.288462458523738
-0.253847743026279
-0.37643772319606
-0.235014181925434
-0.3489451662622
-0.311161618077734
-0.371970937081692
-0.182083649402777
-0.203446295062152
-0.210009448803341
-0.181643371671877
-0.15250823947739
-0.270154904290888
-0.0553763205118108
-0.351314214941909
-0.238776083585164
-0.221548296838148
-0.141205780794869
-0.280519336852274
-0.323948298115703
-0.26262965758167
-0.102198152995723
-0.201801671763586
-0.280840004327855
-0.328100488144527
-0.0478679132155334
-0.0690261698049876
-0.345632804360359
-0.215825407937998
-0.231725570803728
-0.28590811788402
-0.014038741785519
-0.168727485489267
-0.221833569662987
-0.218482580509293
-0.147264376804772
-0.224414359026025
-0.176246834134773
-0.0613693833351718
-0.164349979199458
-0.0880822108637065
-0.193523406354768
-0.137753656029477
-0.18337016947593
-0.2190944800106
-0.0648819141859352
-0.0735774561666959
-0.15639232570732
-0.0780700815257623
-0.00571633567518025
-0.0837236633162683
-0.0908424775592056
-0.241283719117043
-0.15529868822584
-0.0643029998208369
-0.0439855961039725
-0.0829180966540034
-0.0616813756654611
0.0719633110093737
0.00906064134949209
-0.23400055970646
-0.11720725335671
-0.0687053318059348
0.102509558096789
-0.136096708737224
-0.0889502928590267
-0.147224938422761
-0.0426778377868553
-0.0592136500374971
-0.276959437340601
-0.131129981156118
-0.10449819112019
-0.133406780641599
-0.214126992791142
-0.0284692169437321
-0.103729788855571
-0.0513153029323855
-0.0379475942855712
-0.0391485427825224
-0.132327208654833
-0.0857404137091131
-0.00673979112532123
-0.04496452231668
-0.0651875092080504
-0.188623578449499
-0.115457472016662
-0.0436287163714939
-0.140643792215783
-0.144612771947155
-0.145494839487909
-0.0793376056348744
0.150809765471586
0.0821173455613526
-0.126718991420463
-0.0260066787596051
-0.0379434387796126
0.0426811178826294
0.119903352355101
-0.0252555918867114
-0.0719147146959893
0.000391384930773345
0.081529302868613
-0.0235494210946534
-8.36854720907565e-05
-0.0392872431742498
0.0225470571051903
0.0559388997746998
-0.0962615740179544
-0.0796211608394418
-0.00295434646289706
-0.011871830852506
0.0274891849105202
-0.124810674596756
0.115289396338887
-0.0336345859545528
0.0578540378599884
-0.00696399565810892
0.0370451535344245
-0.0824222362497514
-0.0237295656071734
-0.00265845531667475
0.121777717690323
0.0498584465467952
-0.0534901067760621
-0.112500293796074
0.215557431617088
-0.0239285917491482
-0.0165037093924797
0.0878388763424186
0.155498133687713
-0.0105536890212075
-0.0355949450204233
-0.0887245882879087
0.0129830190820368
0.133109620190901
0.0520508744347027
0.14102254128747
0.0416096879725086
-0.0470336181102116
0.216313829600191
0.103326585234451
-0.060789182643588
-0.0900831384709943
-0.0462871539502903
-0.0766615119420663
0.0541939069952214
0.104769897516755
0.174781082063805
0.134329564290583
0.0597989106428992
0.0639791504746023
0.0536842116568599
0.0245337974966068
0.143497001891007
0.343877540646864
0.0952526503164424
0.0855453652323827
-0.0305412124521766
0.0582132166430142
0.0765841956662131
0.124501615209937
0.152636168529992
-0.0363009842158056
0.0942208418319728
0.205051662255908
0.0844683283675013
-0.0334758031009122
0.138759408347057
0.0212392583321803
0.101636711232739
0.097814264414742
0.0962851359517173
0.180074725874787
0.0666512470590238
0.0711301887659034
0.100673746216024
0.0460947490308975
0.12995190858746
0.137659131791681
0.122187458647745
0.21250018974817
-0.0332146823089075
0.0746794772010703
0.165753453179169
0.257027494510194
0.0183519976537738
0.0238570001946497
0.164738057406424
-0.0111416605828496
0.191037323800086
0.0237237865530541
0.265248242912944
0.182866209265445
0.12452823968173
0.115898741786035
0.106850264937077
0.250696986224438
0.0872372656528231
0.227330341831233
0.0226023205402081
0.257988118133647
0.19723709694073
0.130944269889775
0.0868968480198243
0.354220059103217
0.226634727819263
0.236590966703607
0.195278598702958
0.0750820182464836
0.0403649744069733
0.115903509045776
0.0188070262372632
0.25943766105367
0.27625630404634
-0.0368305911389563
0.267356449674698
0.298968638051879
0.243362286718856
0.236500662257221
0.198124052054656
0.150436179240335
0.163206237157166
0.273398788788523
0.0679676204344053
0.338921771987267
0.291240587583874
0.170044047493723
0.212339424813033
0.233575572125319
0.25833201975531
0.2965438912989
0.0819594142182117
0.188583597507875
0.260619359468389
0.259216445040196
0.386357398803305
0.247936614871324
0.223651954051834
0.281233047740283
0.235489668520168
0.128721451938775
0.275890897704232
0.31062317248464
0.0539651664192761
0.201621724077607
0.238499317050886
0.386240992408649
0.156212251111999
0.372457281322119
0.351213346701251
0.267054670835428
0.153483840109613
0.272374060306652
0.261606305583037
0.33312326109781
0.170264079002251
0.40653197445617
0.437119448195468
0.283581069533872
0.249815493462237
0.287412545873386
0.228094353327255
0.408468656620762
0.455485450933594
0.312965990327204
0.19553693194723
0.118277753524298
0.446302559428667
0.301768758301747
0.218117340228753
0.340237524648486
0.263953736840403
0.389388650037502
0.270659009203377
0.287446711158469
0.241390018691618
0.232680750454268
0.404232144578027
0.294413944212061
0.487115312251121
0.297216738347279
0.368674238673509
0.338585307670221
0.371594012139605
0.296675792075386
0.251364372091836
0.422863366717787
0.308148748948324
0.470036020733769
0.31715378174248
0.436219445363282
0.33073733635651
0.281277999179968
0.376307913404334
0.475378458035687
0.441961882917319
0.413749138425818
0.363316448485662
0.335287798853697
0.324423826760132
0.17349777461775
0.435862944572023
0.184537627404055
0.206702110271183
0.426998850803243
0.429416330517984
0.422292616802395
0.355772595822917
0.331071977893479
0.358958000638549
0.37321199330498
0.362785447049294
0.331344719400197
0.340733678084778
0.398502054743643
0.324364784708526
0.286940066722879
0.360487788102556
0.449596450372536
0.361345584882709
0.41250109808646
0.306261399227663
0.351251724818799
0.288245666084439
0.223029610522429
0.548174530810609
0.445350706047857
0.347252771129255
0.421675642497773
0.526023963649009
0.415635608060479
0.450054940244166
0.326934642346985
0.343381211604132
0.398273416408643
0.367142129097969
0.308230857259154
0.414819668193903
0.292971941885257
0.433338975821933
0.528480092932314
0.478532379442402
0.441057064819108
0.463854238063581
0.5636303218457
0.458191031105955
0.505985363968972
0.397027119298882
0.631022100034823
0.358724565859324
0.54421322003061
0.428894763612683
0.425528428473862
0.52099658949498
0.416862786272458
0.56923678098537
0.494761874201614
0.324439142363124
0.360471381478576
0.433769267435384
0.382453376203491
0.620790912462709
0.63626080212352
0.676199317775624
0.460248885171502
0.491796794288491
0.600822514218099
0.497678728317032
0.412670997269303
0.478448431516351
0.459697408631555
0.526664315511461
0.493501053218871
0.648435521977056
0.34517073227011
0.619298414896925
0.575694904031789
0.465557825969097
0.63718111540494
0.55546844094225
0.600049830654955
0.655955932746793
0.530282175668559
0.443764725307884
0.476486404767718
0.633893301401157
0.488797379628067
0.482470767656262
0.60447206506258
0.583314659698369
0.528641379182
0.572034971308045
0.501190756917214
0.736378218039943
0.696916562847963
0.396667306952936
0.447901045638032
0.568222860678736
0.582672871548343
0.486658285714055
0.354469316675522
0.482327817404094
0.540990025973706
0.574319705790044
0.606251252084103
0.430669021251156
0.697462607618923
0.649654126019901
0.572303621043092
0.555067072342216
0.690592500347015
0.415608759559765
0.357935658087795
0.527966658474654
0.543128047300863
0.516438307271728
0.475000608428104
0.456577244089456
0.566788681619175
0.572885088231352
0.828105675285139
0.672215218828637
0.581846175040368
0.616571156954005
0.715373283498686
0.623705967078169
0.65815322026422
0.645670444147007
0.589225029032725
0.57264013584296
0.573707413639746
0.6833878988033
0.505155250036242
0.685753372011404
0.691334816813621
0.682832929634992
0.740476781754179
0.570426774484831
0.685178543665557
0.627497067922416
0.686447078464641
0.587590100653531
0.740659710458753
0.82780708337718
0.812459691350124
0.638004201559804
0.601971358091951
0.65220477003478
0.806612146872036
0.653327795348581
0.718589468438587
0.70323665982929
0.660588316099872
0.586462808735224
0.617019336016521
0.640239352642443
0.562602088634984
0.780841233069315
0.577970165360688
0.612685528810567
0.495321862528008
0.610032966071366
0.666443378628285
0.524339905911264
0.677267202009825
0.634458052818836
0.731577290375912
0.618404673791545
0.738558506748526
0.630753942191807
0.535877883821417
0.607697624370492
0.718562101147591
0.795828295472088
0.822350520412644
0.735458747982951
0.722834927258357
0.782123043776282
0.662649381250156
0.587078313675677
0.757846212744025
0.740326814218622
0.730524371877256
0.76465887106721
0.802849643113492
0.658619180410426
0.798554167514298
0.810075417999045
0.666587988075427
0.650248043039515
0.673761569102065
0.723995804319286
0.831578770085105
0.853557876256187
0.581001368071205
0.709093384434773
0.861491910237494
0.809474972097217
0.815021265958712
0.648638476567906
0.849652614787637
0.784071818685243
0.810021125945192
0.74330481161586
0.776362463516273
0.908302944576358
0.678132542070297
0.856861866214316
0.792805147141799
0.772323997778499
0.736829187350007
0.789806863413246
0.888615750510343
0.795664547907984
0.805617183425721
0.803984487874391
0.768862860357047
0.758336041272459
0.759647691867425
0.828976471459763
0.709483044292802
0.576040520841494
0.965268360682319
0.680380579427276
0.90968389404605
0.859926993946577
0.856395889253052
0.7051693103736
0.824352893585871
0.896864965153877
0.725483131844212
0.807724040337816
0.811475712216244
0.886748882801038
0.985223300192558
0.84951039417939
0.64244136603526
0.759251499086869
0.80369868405754
0.885399402844092
0.796670464754555
0.839200025600174
0.849757481136478
0.83751449830008
0.698798210494521
0.881220890440785
0.829256313831421
0.976152361516499
0.89473502946283
0.720460412148029
0.960621660530419
0.852340598521619
0.811884344310449
0.736792917847474
0.827970587702292
0.806171391872929
0.871974679367572
0.955354921374648
0.89019147466333
1.05668183110953
0.862214406237979
0.897818206091399
0.680426675001461
0.962974826969364
0.950468715018819
0.949407266638858
0.863799377629374
0.938746794873292
0.84493226279885
0.827649532289304
0.812474544381596
1.02205680867437
0.958083985321921
0.87233291816909
0.905806717082753
0.876295505795765
0.898970843327054
0.953314515850963
0.941322329562786
1.01535328889672
1.0200596897169
0.913643389884159
0.818855744482986
0.822710475410761
0.900186509747444
1.03459620273163
0.934819019675296
1.01406715921363
1.0291647015609
0.995945629366942
0.903037366967905
0.822306128635777
0.875706265109936
1.00923751000629
0.855595731802289
0.919025504810746
0.967222780130402
0.904848475618158
0.842311473067368
1.0743449134712
0.920502106020852
0.766412260087893
0.890406592046069
0.882548246737084
1.01681600094713
1.01381754760053
1.04727127957011
0.94751407158363
1.05762900766622
1.0922459512069
0.97064871280607
1.03799927500754
0.968167427470327
1.07438400378193
0.989321827416716
1.0361424892566
0.997737384855643
0.934999692354675
0.962474822422634
1.11961003576303
