"x"
-1.04968596776498
-1.11833835566752
-1.01871997770259
-0.930335439911283
-1.04637626835703
-0.995762820495529
-1.07675479378366
-0.962148282266292
-1.15940087643534
-1.03559732193507
-0.9645218908114
-1.02390073550201
-0.993057917696814
-1.13425611574966
-1.10924856892158
-0.983881261953238
-1.06353113035958
-1.12366206655375
-0.837278684484546
-1.04762500842794
-1.00212345566857
-0.901923852937246
-0.926659756791151
-0.974256351004033
-0.887972224682041
-0.855202032654504
-1.01044909006397
-0.855875918698114
-0.928661059085868
-0.865669081293685
-0.929238950780437
-0.914595636299665
-0.987499640343845
-0.840641778916064
-0.879392971038762
-1.05182228519265
-1.03925943040735
-0.953036096189225
-0.88175978797608
-0.997128629301471
-1.05561516605671
-0.787153937280075
-0.964038914527111
-0.98785693677653
-0.944769429727689
-0.924679114852119
-0.989112068130206
-0.933308946520114
-0.860239119722224
-0.961042046081186
-0.890866600915132
-0.958324024200933
-0.881410083950425
-1.07972542518717
-0.882233196219121
-1.02303921495242
-0.945357630463704
-0.72180031704287
-0.787146459652612
-0.89223068605859
-0.876060641985014
-0.892715643079361
-0.714419036722473
-0.877855322979192
-0.952237148971985
-0.862102068806004
-0.924177590888087
-0.983196426763464
-0.992526867450935
-0.833140826154349
-0.782289261972663
-0.866546424444043
-0.818283720401366
-0.832294419748791
-0.953480093245575
-0.859302750667098
-0.889339353690069
-0.639894576750468
-0.855016106526011
-0.757641315645489
-0.690288979270435
-0.75471471330817
-0.868318941898198
-0.912032068227394
-1.00205926863736
-0.816059986166643
-0.802390083945948
-0.865445267036814
-0.778025513063224
-0.868808588874538
-0.770251658335879
-0.852987980696217
-0.936319946329223
-0.783501905395331
-0.787225321587656
-0.729842061385078
-0.738602062800325
-0.718521664558707
-0.730310972022953
-0.721758048919264
-0.844702455000058
-0.732429814412886
-0.625554167367093
-0.874364941129739
-0.822317018752334
-0.807286687762731
-0.885310965804892
-0.800862215431506
-0.774917216197191
-0.711677596085399
-0.723379676120629
-0.818121108404054
-0.707897292092297
-0.861329578366479
-0.73065092411398
-0.913590443121352
-0.724286568587331
-0.914442119821709
-0.665825181287162
-0.884325238467951
-0.719351049416106
-0.808815031621071
-0.799109850953192
-0.971046158918913
-0.762761881045529
-0.82891573521477
-0.738096046820842
-0.637009746989115
-0.705036519075859
-0.683016231777364
-0.675858502766194
-0.796667389485023
-0.803756321170298
-0.886838331613042
-0.911982904529096
-0.797517505549226
-0.622153552779054
-0.606402258368208
-0.768704954100383
-0.68473898261381
-0.801480196600634
-0.465835197570402
-0.685512028233055
-0.766572070763708
-0.619347955185911
-0.529562477247651
-0.885203500807896
-0.544731679102721
-0.675137622181278
-0.608263547972222
-0.823272525497623
-0.703214961884535
-0.803958599067649
-0.73773770546285
-0.60413294981903
-0.640512341832764
-0.592368642120028
-0.629328354903012
-0.610411899434027
-0.6957846754523
-0.600990826274335
-0.72896621496916
-0.612161602687425
-0.557883919778266
-0.645500379932205
-0.621714896822823
-0.708416952494348
-0.614528212875099
-0.560540311429452
-0.686574431346082
-0.755015819345435
-0.611489187167588
-0.66004585328159
-0.64913601436336
-0.592697565507212
-0.507467992461085
-0.57579419456214
-0.584480102825377
-0.64370951105642
-0.683510235307932
-0.730551955882383
-0.696126582744279
-0.441539041535379
-0.579009461112141
-0.642993876828602
-0.705352361157303
-0.590719561529614
-0.573981263550209
-0.720424846157724
-0.589922668324833
-0.702387745605814
-0.61592328612025
-0.745986088805349
-0.69815447078825
-0.511935806501069
-0.652314946945264
-0.646748175586363
-0.678125501989826
-0.744941963620407
-0.509578334443996
-0.662073098576209
-0.613795925674276
-0.659872276197574
-0.589802106188022
-0.610621509570392
-0.510183532248087
-0.662910998960256
-0.5941643029039
-0.629074592277467
-0.504580703570927
-0.513345628152021
-0.498672704643454
-0.567966874122477
-0.494151808183233
-0.510826235388765
-0.551664840845637
-0.466758530560001
-0.487239234459404
-0.610808337747554
-0.571662869242162
-0.558038104329496
-0.598211862473006
-0.615756690857386
-0.52415717192819
-0.415210435187272
-0.580220538567457
-0.495129457713048
-0.586389866231678
-0.535944362366916
-0.455443982646493
-0.434795652592621
-0.597205838044214
-0.497997933704217
-0.510629586359716
-0.534978583277768
-0.470378471219842
-0.536168333653283
-0.527633441655698
-0.569624093881088
-0.523424742834514
-0.586345792929544
-0.559526801023608
-0.479825319387567
-0.602527039795349
-0.532001825675611
-0.517772465148163
-0.490193523694251
-0.561017218863805
-0.471336384932943
-0.54647680507718
-0.521495236510401
-0.612354783776302
-0.399860067659061
-0.643529700685349
-0.470953597914023
-0.569463172886218
-0.507445018897463
-0.519165204956885
-0.458861340318239
-0.484088463662942
-0.605977192722359
-0.62387487515705
-0.352477345961795
-0.548598943234325
-0.412466794054685
-0.497893594285919
-0.425732654768447
-0.520600775523803
-0.434481138303124
-0.400728343793231
-0.316554555600567
-0.438601024229688
-0.584483185025556
-0.44890081959137
-0.431856196016871
-0.336492588084716
-0.456762911663017
-0.493365954391179
-0.533323109063065
-0.438963220071279
-0.484646098947401
-0.521766646053851
-0.317182673970468
-0.429941122323864
-0.434046741231816
-0.373084822291329
-0.370866637528777
-0.335074560786884
-0.321264838017943
-0.342200948840677
-0.427583349224415
-0.279274717325299
-0.312015789988643
-0.528216086146259
-0.358305957174155
-0.399737310601365
-0.459653215890269
-0.22216067219092
-0.432013130660841
-0.418198510024451
-0.42675740751973
-0.37356570644562
-0.373351012987267
-0.494180096743383
-0.321161821288981
-0.375842898200718
-0.379769386677054
-0.445871981274368
-0.455598281147845
-0.370966315461017
-0.434630061325905
-0.301595085085717
-0.287918946216638
-0.40986566242188
-0.351168602994563
-0.311239992444953
-0.416602837624264
-0.189878748855401
-0.433237960437331
-0.252522364795808
-0.367860129447131
-0.417415053208224
-0.385571148114744
-0.406759928468366
-0.361490178312204
-0.472663519594945
-0.134409807485052
-0.352427946311876
-0.346111298586214
-0.19055317318402
-0.339544915693689
-0.271853635695005
-0.368198490318847
-0.311937352742692
-0.347312799602755
-0.430782739320623
-0.328935137623997
-0.391143269632827
-0.396934929738564
-0.219643524940741
-0.323598518759827
-0.367124093859345
-0.228015695787863
-0.432254058988046
-0.355627585768384
-0.244819160519119
-0.35877548118088
-0.480447470196407
-0.434043456376582
-0.203737481338595
-0.296610679663556
-0.291266232600544
-0.20058028578542
-0.265019590955696
-0.21438351372212
-0.252201520076908
-0.313760282281663
-0.26999772317237
-0.405966797418216
-0.228588246816224
-0.402036701240133
-0.3619385901065
-0.286787304114947
-0.274484941409745
-0.168926039391935
-0.407316271434658
-0.296291033989179
-0.311960141755315
-0.179303993309642
-0.21202984159831
-0.244396330626705
-0.308082021803211
-0.280608629317308
-0.409171807310181
-0.242752797921502
-0.218968320422628
-0.303855844531476
-0.261262332229464
-0.309547623374998
-0.381398368214566
-0.299231761510771
-0.23955654573881
-0.370504742321072
-0.233085331426065
-0.343882552113802
-0.323449922863136
-0.371120062333623
-0.182639809508615
-0.212247899941351
-0.214462897753611
-0.194404368074779
-0.158569945950993
-0.247405049001738
-0.0552969585875773
-0.364602115402734
-0.221528559754455
-0.210840530445708
-0.126912323886022
-0.280615045755436
-0.314848423161378
-0.239047221350742
-0.121024940928486
-0.193410062487635
-0.28760199402996
-0.343891711287788
-0.0225900288548274
-0.0719954140930151
-0.363045888578415
-0.228833947785439
-0.218604703556768
-0.281369117568784
-0.0327445987079704
-0.156840318667648
-0.239901992614663
-0.207289062645546
-0.146753461484462
-0.229126515469173
-0.186813103312823
-0.0611250356721739
-0.179550884667722
-0.0909450025642197
-0.191850548107875
-0.146646020433908
-0.186316727771941
-0.214967513077621
-0.0770288674620435
-0.0730577718634779
-0.174475272062746
-0.107420263046768
-0.0153595805196005
-0.0918513675626986
-0.0711433081650365
-0.252198461230778
-0.170826235739196
-0.0857093169432222
-0.0634562162003285
-0.0890590183653414
-0.045951324811955
0.056949241853506
0.0189703909910809
-0.238573227004889
-0.114096514593646
-0.0747443037449468
0.0781479560803055
-0.139976973672152
-0.0659961879508988
-0.157471748924877
-0.0609354683437734
-0.0446064436394059
-0.288114851811561
-0.129971148473073
-0.113131483454013
-0.120743634688647
-0.198508824512207
-0.0311645722932735
-0.0975992523783803
-0.0451471603388749
-0.0277610845692446
-0.0521548613209542
-0.0977424006372806
-0.0979327182671472
-0.00463066726324568
-0.0365557734221182
-0.0509139263068643
-0.191586277968916
-0.0976948423275599
-0.0644951239258222
-0.144125971558342
-0.148490795132846
-0.142486912177011
-0.075180978920143
0.174278442628097
0.0923990448559156
-0.114281854368214
-0.0168164448343918
-0.0439196525640003
0.0450080203845619
0.117082616124288
-0.0325640672523522
-0.0690269476200776
0.01732087646603
0.104009460950018
-0.0105867689764082
0.0050475948383308
-0.031041770022745
0.0150795777705058
0.0395934761355841
-0.0964800802768576
-0.0737695933068205
-0.0186494348804548
0.00688131237335065
0.0101898347017647
-0.128141540695865
0.0990686441197408
-0.0428626596324397
0.0806498702741866
-0.0187307467299023
0.0460946943590806
-0.0811407295800303
-0.0297444599196134
0.0150413982685628
0.111564450178643
0.0538268759877911
-0.0486138695961821
-0.104564992067685
0.231138420106187
-0.00285141962984907
-0.0367918105836665
0.0783324521345769
0.136427492282382
-0.0259778525961211
-0.0203238791992391
-0.0967335318027651
-0.0130540558496311
0.145163128705026
0.042418004596736
0.15026017675448
0.0559852976469885
-0.0341778813805298
0.224615165675716
0.118139000358624
-0.0435471572408503
-0.0909950450292598
-0.0464899773023896
-0.0808928398355144
0.0384020765260942
0.0766773461349697
0.198221706938931
0.134538093839338
0.0438135460612965
0.0650930854499347
0.0550980294020082
0.0485507736450733
0.103602132237409
0.360833611134473
0.108215422644178
0.0916276812374118
-0.0310954397964726
0.0722096236493662
0.0832870932504698
0.119217841169962
0.140581846790635
-0.0272186359065535
0.0615266309175639
0.232045289502851
0.0834646014097358
-0.0144740214749955
0.12388829182417
0.042955365810142
0.0892190875855087
0.115239304195107
0.102178579053908
0.153853216262581
0.0584936861187496
0.0693328756146047
0.0873447199150644
0.0458091627873262
0.117355735952313
0.142250640296898
0.133216571914975
0.193029158904262
-0.0573518875418786
0.0734347639735737
0.178974262255886
0.237803367453114
0.0342152408924707
0.0478837366236104
0.177767139165918
-0.0031591005845114
0.212691340060673
0.0104932860340206
0.251673664409493
0.173267248265578
0.143218727900067
0.117220550999368
0.0966157221072178
0.273068782729226
0.0619152216022339
0.223435948580545
0.02308519593321
0.249123427783555
0.227695854020373
0.109213861668962
0.0957741385122683
0.336248831461608
0.24985198621947
0.222519561275932
0.17937095628442
0.079953484476038
0.0606370766167915
0.108532347364467
0.0297199343962895
0.279627794582989
0.283524137459125
-0.0376351788754261
0.241684721291478
0.297676590621925
0.232756990298722
0.242725055353184
0.200288336102892
0.148794039895817
0.175699811695344
0.270798336296783
0.0980697975920207
0.321541243236098
0.280214947745589
0.15471150937048
0.223067078799121
0.24006506485116
0.262450056326442
0.286087429871362
0.0878508773994566
0.204604625138867
0.262057293422562
0.25232364712408
0.382306297077587
0.258033864405694
0.207477453092775
0.265972559894891
0.223963252714148
0.134353127070067
0.255798775156864
0.301217834177094
0.037058390127261
0.187155458835327
0.238959574954883
0.369744030723598
0.160424848135901
0.371723294364765
0.374262444136464
0.249650711909585
0.151290957592173
0.286770705262931
0.274996900736923
0.325361113357656
0.190230392851422
0.371124842023994
0.431344423116062
0.281430914070342
0.258059836248582
0.248518337292516
0.228176764327119
0.407821260616105
0.452601417351447
0.327739152420773
0.186075046251735
0.126755257368285
0.448872888616727
0.294964049104957
0.234414564348327
0.348317531082906
0.246877639599166
0.397185748135394
0.257614883249547
0.296171397103019
0.268410259259983
0.243176069536284
0.390129266075194
0.300221416160899
0.476298929719718
0.292651868205773
0.365024190850027
0.344103862939856
0.371744401283145
0.305117214053937
0.249593941663413
0.409289056347203
0.334559916266766
0.444815373926058
0.303423022207849
0.457956652625142
0.349977575968534
0.287128715001946
0.371758590803436
0.460464396430719
0.454824821456832
0.410296391852796
0.387487876540325
0.345382047919803
0.325445878160129
0.171777545835733
0.427220418837267
0.205090349842333
0.215627894259622
0.425226530940273
0.44284729969931
0.406519039847753
0.346360683538699
0.350845009927411
0.342846737040043
0.36559632594336
0.366631105249082
0.346962527241894
0.34929359263574
0.377063317652642
0.32239146751827
0.300371210111738
0.379182475386459
0.453812637174137
0.36614170976279
0.422689433628229
0.337055540907469
0.366701476837865
0.2979967379366
0.229974375675447
0.561326339710523
0.457373733418266
0.341793363368046
0.404999577080797
0.523226829871205
0.424685540792554
0.477752955094665
0.334259130011534
0.339894620625898
0.416343934868501
0.371712912405681
0.328356740016589
0.394393294807912
0.28838513458256
0.429567871401822
0.516379169256663
0.462045494328812
0.456368417951077
0.46809165889568
0.548998839807598
0.445778960190931
0.499120698514955
0.414434609008415
0.640701350495642
0.366217650204862
0.533131318131854
0.428286763020587
0.410155543230131
0.513970124128986
0.428125018123921
0.550479406804197
0.523614785071058
0.325725599115118
0.382820130099671
0.40469494594231
0.395904337563791
0.581497680832738
0.629153358652316
0.682321917525505
0.45549712690634
0.469037270546224
0.575744873759266
0.509656190792624
0.415712989063961
0.488728760233424
0.438926162305577
0.557866958678465
0.498126431911248
0.651831292711825
0.358179757611894
0.619431125843226
0.584365860200163
0.442425887315556
0.622734729175293
0.573176410876247
0.579483876778529
0.633883323907229
0.524288919897799
0.442920912800992
0.459784647831276
0.61287723624785
0.472822167803666
0.470138253140457
0.592314778639745
0.557996994209105
0.513892414423055
0.572298892897059
0.485533967968798
0.724189606701323
0.712025782340984
0.399460198317175
0.457929251438027
0.570800696053216
0.575481921378891
0.4994882386085
0.353860266459609
0.456686178241185
0.550719428365424
0.578705478514023
0.596053731642483
0.438010739278153
0.693775364934485
0.659810380987578
0.561362794436222
0.564595929259468
0.708374596350063
0.438745280369128
0.345664555823471
0.553576889521677
0.529959624253605
0.536282164692699
0.477623135909361
0.442250693266123
0.574662930184376
0.571808520051857
0.846940168575629
0.666558896405817
0.58279969946467
0.636386168396688
0.714666342181732
0.623757513188537
0.670746189330003
0.641512281913926
0.591698525257562
0.598303481909688
0.565078184059435
0.683572418608577
0.523339286499023
0.679942353374895
0.704043365670472
0.70213432273122
0.73553648828351
0.569256544419647
0.680607123202302
0.644474162745724
0.671255258323427
0.571302481268154
0.731918381517741
0.823447191494532
0.80825100451368
0.639009977688562
0.61676533224011
0.68115159880162
0.793851532655733
0.649265114620822
0.711321001626603
0.697854983697373
0.659154729465708
0.563027179109925
0.603275759111565
0.644486949170653
0.574915892639262
0.796740291831813
0.573587728258428
0.636487935062793
0.481900555978371
0.610697965870642
0.652302518589832
0.523505650289508
0.681617502870652
0.648314447055816
0.742682330235396
0.6073427452699
0.726431848389617
0.645967293840557
0.536506149918364
0.617926048229917
0.746862709289678
0.806576607143003
0.814283468788038
0.722597777589116
0.723770256716213
0.752063500509739
0.650405118691356
0.606248612090559
0.753286873199031
0.736218927011192
0.723496522096866
0.760447567794614
0.804584373199995
0.673516478102135
0.803194262253793
0.810024983418283
0.661031872128542
0.656245517357692
0.660294127041819
0.692770845789931
0.833159850026337
0.855976527011257
0.569467990081638
0.724106077313534
0.893375087437066
0.78540211467547
0.816540729776593
0.646996105878182
0.866984493069706
0.79521458009041
0.798879980497286
0.775592391033539
0.810574709214119
0.912464431914518
0.68168699334408
0.847978504448413
0.803344520429395
0.795692947169624
0.73280537353279
0.771048389595697
0.89040625416498
0.79658398020101
0.803655294544563
0.799707075401186
0.760335108368694
0.75841654925992
0.783481237707012
0.833690811710312
0.692904249886032
0.58068619217182
0.979548240774794
0.703555954485636
0.912958056040078
0.864504357988155
0.864771394280096
0.701304179680178
0.823618420386946
0.900631543409387
0.732203404772349
0.80314785182011
0.832134581605774
0.884138533632883
1.00581434534534
0.870834356346064
0.662737836486761
0.75459774294526
0.799697978617223
0.903473611463652
0.798347859410348
0.842003338973455
0.849964312028508
0.826818307924269
0.686655039022874
0.875228345734346
0.833428005061021
0.950862479129052
0.891251846915443
0.731437093120641
0.966126639739231
0.834450821559981
0.800753390611412
0.732262796803506
0.834253908410748
0.776729767078507
0.87318522075401
0.946748173746208
0.862499119310027
1.04743260349
0.858286520939264
0.901346945608577
0.665204972286127
0.961947136817664
0.967268069713778
0.959650945511478
0.842865024256503
0.928087345128045
0.867429304923831
0.799810965710538
0.84694463218105
1.03470144600324
0.959957681103564
0.858353729616919
0.917730651675198
0.875201340218859
0.899745458792035
0.925536398979571
0.934112296927953
1.01524792141235
1.01824649128366
0.891963718950725
0.805571697017508
0.838640632882431
0.901797333568197
1.01809642884133
0.906946516315545
1.0282747214319
1.02145607848172
0.997422124078722
0.903041515468198
0.825910918907505
0.888134529025639
1.03426319801205
0.856297906614449
0.912261887897779
0.951817424190958
0.904916412730731
0.858143038435723
1.06839810371085
0.919033944811855
0.769185361880744
0.882808173105312
0.897991478032098
1.02290692043494
1.01455292274489
1.04884703331703
0.940201559787549
1.04480199724387
1.10060362765052
0.980017109118007
1.05067627750028
0.958242159276855
1.08196151143335
0.966322236357531
1.0440363618287
1.02522172291657
0.934151836566687
0.952028101969813
1.12516352020072
