"x"
-0.911979658195533
-0.845446729392633
-1.07770580444144
-0.861727870454314
-0.882711049848705
-1.04251548263401
-1.10310917659289
-0.93533397141403
-0.934112711666996
-0.906445285072008
-0.989717376565034
-0.975277943128848
-0.952540510957098
-1.19687215142586
-1.01533377876844
-0.995383189834716
-1.00068669691276
-1.0265751857409
-1.04859530710869
-1.05146066602119
-0.965123974241379
-0.845980365358858
-0.982442568013165
-0.853881678553601
-0.999039734066683
-0.940027788673802
-1.06637807833878
-1.02790130586631
-0.968738992106341
-0.915506412103339
-0.966581963286897
-0.830905529901565
-0.869313927261248
-0.886609641953309
-0.809493290912509
-0.869830773103879
-0.732296293789068
-1.00444637872559
-0.873470199803009
-0.869436599622333
-0.888590429133059
-0.873046774903688
-0.885374145855506
-0.887918748278994
-0.84023428252654
-0.833241801497232
-0.924271873766341
-0.944055097432447
-0.990946344468894
-0.825337189733262
-0.869661132267983
-0.883320079937654
-0.742430977997808
-0.867798885874303
-0.84075437908239
-1.01583296197812
-0.871924729789687
-1.01246175992728
-0.835079844313715
-0.886263704832387
-0.786840106788063
-0.914915556828642
-0.822199167577792
-0.909683729519281
-0.948594130856925
-0.925050969205062
-0.81035628255358
-0.903346079666194
-0.917260865949604
-0.903386615578979
-0.768667944016025
-0.81160164439548
-0.958782835397462
-0.820649463184602
-0.735008451979166
-0.843745319508862
-0.810734075866889
-0.774177553331779
-0.709746411466487
-0.865959426209293
-0.80929567922999
-0.691262983630729
-0.909604317260534
-0.792139972770539
-0.805947646984378
-0.873984969278121
-0.879730190371089
-0.82841832439663
-0.818543237984135
-0.84164167244257
-0.71610191152913
-0.877531053954688
-0.896558800724764
-0.70926219311423
-0.883499541086732
-0.768951264982346
-0.749651901634484
-0.655936391388019
-0.733436368975542
-0.874083320268468
-0.823095284501118
-1.05674182906888
-0.753866425533184
-0.789257030766167
-0.550867012981334
-0.767117282876999
-0.848824889180102
-0.822303950767367
-0.733287930054492
-0.807735341895753
-0.735196405018049
-0.795335854127508
-0.818326158399038
-0.686539189298117
-0.807918253211654
-0.820224644697178
-0.750712377034924
-0.765477645725479
-0.641463519373907
-0.835713238376506
-0.596098920149619
-0.841992531008087
-0.885009962490866
-0.6738812931176
-0.884008472891835
-0.755943298336707
-0.796745978526009
-0.614349426560281
-0.862247654086997
-0.664626807441876
-0.719546616351411
-0.695120263488511
-0.710992596160177
-0.69811750784812
-0.721486916752539
-0.670252544350191
-0.713985111093032
-0.778363629142467
-0.682581111837687
-0.866382695117098
-0.774517959898858
-0.761991259975656
-0.701742564937949
-0.787522710048113
-0.702491930372744
-0.427960871594577
-0.671304434582666
-0.742317173195307
-0.785227787263254
-0.685235022310309
-0.729694807389325
-0.614923249644012
-0.766706990081078
-0.681898161149127
-0.729087562270033
-0.673661809134361
-0.747236597369925
-0.696669887595719
-0.810411359371636
-0.772457632156427
-0.769677129867766
-0.725557255137844
-0.615252527271972
-0.646388060133402
-0.552164139800816
-0.750816869229246
-0.602862474172037
-0.65978606940623
-0.659242926875071
-0.651357615270572
-0.645786118146976
-0.709399551753768
-0.666423308894342
-0.729707984466886
-0.742963721419235
-0.627274550963982
-0.664642919125132
-0.592455759405482
-0.736209587887261
-0.673657372958339
-0.790136435584877
-0.652977532944039
-0.69715297501783
-0.580081574781661
-0.699676133516464
-0.667039776201268
-0.599060255829509
-0.495139702450221
-0.666594531087643
-0.580378743679487
-0.574604224308052
-0.513441325007582
-0.619998992976991
-0.459724161098333
-0.68840927892111
-0.555617005580308
-0.64441621975815
-0.693127843549154
-0.523910578442595
-0.540441098072659
-0.571780666168073
-0.54350750268993
-0.676163750706967
-0.609551975515307
-0.594410892477821
-0.671434072907777
-0.505977998550731
-0.699409998064154
-0.696921854676893
-0.548245103993735
-0.532343026032538
-0.578194648539703
-0.463191580624966
-0.517470200140569
-0.573124760832097
-0.455238016388157
-0.635948173226452
-0.518874262459797
-0.591187059494129
-0.470777680429244
-0.670774848097029
-0.570438968516472
-0.665787608982595
-0.477458366984959
-0.510125365336558
-0.584657605263655
-0.59301879610841
-0.489703262284458
-0.60757147876591
-0.564078949321995
-0.568099264063114
-0.502179334255322
-0.387969377741614
-0.553469827746116
-0.520835849938693
-0.505452318483837
-0.428399275392322
-0.489005621068566
-0.508434566810344
-0.462555748877851
-0.481380510923009
-0.561192285869877
-0.499491457208081
-0.635147523014289
-0.537757130635987
-0.456955120021895
-0.551199906803148
-0.465457059223278
-0.531892345399316
-0.437194736149254
-0.563836175486854
-0.45105926906266
-0.415776256609437
-0.338905623981525
-0.595937869553478
-0.390754812562857
-0.5100966557271
-0.561555656588077
-0.470825970363387
-0.434630054082188
-0.513195584967028
-0.508470396917209
-0.321648165806495
-0.66014795206616
-0.552601417488301
-0.474776344751831
-0.548879984063579
-0.422591188372805
-0.494890963856148
-0.385266748635236
-0.379369548885506
-0.542877598437139
-0.569549603036832
-0.368394430444401
-0.393718505663716
-0.508912178841626
-0.47592321744506
-0.405869127085279
-0.326848886986701
-0.482186662015668
-0.436857237530258
-0.28824165224914
-0.399114078142698
-0.397351287347037
-0.415575470072856
-0.423871703385028
-0.482259937735945
-0.46113218917143
-0.488335287657973
-0.393470789916749
-0.536888741914044
-0.420672068682728
-0.286377247229508
-0.533204379725273
-0.451081469593436
-0.412454079555575
-0.4969375323607
-0.297099538938688
-0.46810223693943
-0.382836795630012
-0.422646268500215
-0.467624829887381
-0.479161203967156
-0.347320843897916
-0.449596432708741
-0.425334908997377
-0.483625603690721
-0.43762575547428
-0.375818281891071
-0.515838504882377
-0.419418858303548
-0.380171284554326
-0.483559405073714
-0.381784300573874
-0.60437065002663
-0.323577657677813
-0.279507996754885
-0.294332826176102
-0.358001027054724
-0.471241569754422
-0.325679450474219
-0.305974673194296
-0.439091128543621
-0.267382791798698
-0.430500467299802
-0.360201315262168
-0.450259422217125
-0.343207479481046
-0.200886876943046
-0.27552525332758
-0.320603387793842
-0.340699579236564
-0.341717274963278
-0.3983753292628
-0.270963170929483
-0.38462025731175
-0.304155461919848
-0.296421550663962
-0.352564410973419
-0.325338484599613
-0.290921378333499
-0.363495005651846
-0.231050119042396
-0.202811792523643
-0.264292910117395
-0.374705722640792
-0.19092905112895
-0.262680121540663
-0.420036019198458
-0.334920149227281
-0.273012697640259
-0.328933351975767
-0.346108165062633
-0.325567797272974
-0.166013939311809
-0.215515286619425
-0.170576621000219
-0.170196630207865
-0.22722565120299
-0.485001549623874
-0.337975452964158
-0.208347084220394
-0.296646566299711
-0.288726016325927
-0.309351617196057
-0.279897277781908
-0.285312561017766
-0.116862810131465
-0.170387637791063
-0.223960913446939
-0.402680000529122
-0.254366582408432
-0.132988219101364
-0.246133270993813
-0.385154121111772
-0.236261580018305
-0.425183741393858
-0.181329280045291
-0.252209578307164
-0.0854864752905483
-0.105648531137544
-0.182177198214192
-0.236699088556327
-0.22718926795649
-0.254701059172649
-0.332147662998042
-0.214691596430954
-0.144123463286665
-0.108189398728972
-0.285039221961121
-0.151434873130092
-0.207548979007576
-0.000701730694880097
-0.341431577076133
-0.113593773677738
-0.245974777724784
-0.0977800874606328
-0.0883021290110675
-0.19886586200128
-0.0474960571017833
-0.215921012348676
-0.299156735798746
-0.266449267850978
-0.103311911706607
-0.146498901336588
-0.114076738012981
-0.115542873915757
-0.113288645994984
-0.346452983232722
-0.25107388269871
-0.242062628853756
-0.237885655581255
-0.0492756724598814
-0.10474051151755
-0.216735249866493
-0.0803401056787348
-0.130284568628213
-0.0956534712884909
-0.202276273110613
-0.151585398092156
-0.189280097335465
-0.301998553522305
-0.24048570054434
-0.193571956438978
-0.284375427079871
-0.124676567734845
-0.0882856833408274
-0.124193089289479
-0.0375808503531139
-0.121067366071612
-0.182621609762727
-0.0770379344307558
-0.159744167731927
-0.0802936841626593
-0.178774467370259
-0.123869827177582
-0.0378119933340102
-0.206068325081028
-0.148246429579728
-0.0623285863973628
-0.159420430454388
-0.126819881496046
-0.111133673344712
-0.0562332610548248
-0.0250824414832273
-0.0736773212966664
-0.217721818241797
-0.0393067441879945
-0.0614400777324099
0.027872163818621
-0.124155200380412
-0.040894177808351
-0.0832571226979026
-0.101190831479379
-0.114938191308424
-0.12493525440128
-0.197472247454373
0.0919732055099949
-0.0434248455896496
-0.0200302372087136
-0.139407792006146
-0.00359540559863019
0.084519982207999
-0.00341979398607345
-0.0527774817784215
0.0225957958740234
0.0559851758725029
-0.117822614445849
-0.151413255578869
-0.0517704377545184
-0.205793138179877
-0.00403752985702141
-0.132610665832024
-0.0209186017729701
-0.0118005717422948
-0.0552022427953483
-0.024405524893062
0.117747949182182
0.049191895202435
-0.112179300292236
-0.0729514609800247
-0.0152174257949895
-0.10853578396927
-0.00446707065824683
-0.0994868646109761
-0.0900560482825343
-0.0272421801110445
-0.156547304971669
-0.0793873411509744
-0.180556203327201
0.0280539736163984
-0.0511683526035523
-0.0398210786440257
0.0115551203093004
0.0861672817727357
-0.06701341744624
0.00659977649894209
0.0153439056237914
-0.0168853546635904
0.0470481935690201
-0.0971134253814318
-0.0698360702633087
0.0351328811272366
-0.0138453317806942
0.018208257731559
0.0322784337220464
-0.0518614806334588
0.0418307760560114
0.218681901782048
0.0404127801349985
0.00962358045690194
0.0681610872336706
0.0401336960537362
0.0432618090414971
-0.081208189718063
0.104232848493357
-0.0172515083798056
0.0491154079460042
-0.0635878414541553
-0.0760525198628733
-0.0198032695475155
0.0852321224781953
0.293499377780339
-0.00300175261263918
0.113309540884349
0.0224260210227562
0.0271842917396216
0.161637893455009
0.123494637027581
0.0628401142404034
-0.0128073977720378
0.158375080427202
0.0159854287072165
0.175811101697342
0.0793299646893281
0.20647605187454
0.19389437014392
0.0785212580902156
0.047824578652137
0.10085319478259
0.0728933224020892
0.030268415683377
0.159742776245489
0.154972438781933
0.151842119421975
0.0521393262535325
0.123691170705766
-0.00282000246973522
-0.0577359116176214
0.0975361649813968
0.145110788182065
0.0646719837238473
0.110376768331879
0.201404258594153
0.146548698164271
0.099939057552044
0.107739928892844
0.0781495511098247
-0.0136121167804283
0.161768555335926
0.126181496889885
0.183796115854818
0.0195944658364799
0.144869884702363
0.32166885184723
0.0700301984078954
0.129221551441913
-0.00676893767077806
0.101706329695005
0.153825485049104
0.150683399926482
0.134128906223027
0.268641964312093
0.0735002998568708
0.159835226224796
0.193550741567682
0.232390946978435
0.134960541293007
0.0939211621645762
0.308342148942697
0.0544031765111143
0.235146065137994
0.228194965853046
0.117051223478011
0.173085525065502
0.32096639641874
0.236426865608939
0.212536392846576
0.122611707122467
0.177450383847852
0.0985854822478714
0.132132565780091
0.123142181454123
0.201625539242653
0.22862081029311
0.218411045565741
0.157207409162534
0.262978323327881
0.244007737297846
0.236477350481375
0.254766561947189
0.20573684958041
0.163154219048632
0.152768763777992
0.232550602883337
0.199506678248439
0.233056545438105
0.280942065979852
0.18772438314768
0.128025766369008
0.211120190534765
0.197226518493249
0.211721376085512
0.226721980565194
0.298880364606375
0.17764902075036
0.201559536803126
0.146716771725189
0.163870158643619
0.251430846945944
0.19326390820136
0.225374137503984
0.277935386420659
0.40982717437242
0.487693705629844
0.258944627154817
0.195441007994224
0.212758375363863
0.219164444358368
0.235782785916097
0.204193461966135
0.186981831988564
0.31375019817581
0.127561853322563
0.365223911952297
0.423113180921358
0.177219502315224
0.249922118158381
0.160534020867815
0.392402726271247
0.255600477586552
0.191495012234199
0.286825626962594
0.325015675932148
0.147769842952131
0.302954864257922
0.342355191602305
0.402135143957757
0.163771518984506
0.305616972659262
0.410653432848618
0.270266370856681
0.235006673030342
0.377399404931138
0.15566840888324
0.423911962262574
0.379793713393932
0.339101218733
0.504184415805344
0.41272171135314
0.289011734423587
0.307346732696788
0.342130294385023
0.166908389379224
0.385110766013759
0.21844140311861
0.262011192036145
0.371536675742817
0.31741748986973
0.26773923369219
0.431880646633163
0.575810740861693
0.462034118121615
0.264389757016098
0.233315044514139
0.45301026458002
0.38199731314207
0.355901089144693
0.329355313256867
0.400408965220567
0.409614870950382
0.405422855145868
0.331428233868551
0.241553585010072
0.377753496459412
0.377324227428766
0.344928076622086
0.330691448570957
0.439844174536072
0.387274805738761
0.420635996391056
0.332372880431393
0.433791018471904
0.26981343014519
0.349213849276782
0.274257684413332
0.204557191169683
0.440991677924793
0.429959310992692
0.399665169896319
0.325632999534948
0.419094834209262
0.444127474011807
0.51666302086482
0.417635692731164
0.346846729236847
0.430574450791229
0.412515463575183
0.462913651101842
0.422273616627089
0.329087203970788
0.599254199676556
0.437078526439191
0.574838169068461
0.514406603679022
0.505797640094199
0.520262237548687
0.428331688494549
0.464318972661171
0.538403486790955
0.502371629277175
0.42017756254652
0.502520780810254
0.463485406664455
0.494512737956509
0.418608894929942
0.395887360602279
0.316415617662208
0.313538983886097
0.400772351961767
0.40197364100077
0.435414490861007
0.413705566347736
0.509639281142159
0.444142471852061
0.456701787076975
0.478519430892263
0.481692414448307
0.509795815983135
0.532395465029589
0.390705938696747
0.562727336370179
0.508074758826033
0.384448755172074
0.401257277978913
0.395380716775978
0.517650449814698
0.353505265784364
0.594990071916172
0.561642282075309
0.44846009822261
0.512824395356458
0.6148286198149
0.542088655242887
0.556810699540952
0.57959669487736
0.411088818951725
0.41578527427766
0.532036228269759
0.560920680415869
0.42120256974311
0.386810726692991
0.62888299465499
0.550995003659471
0.542644347156315
0.592538201343756
0.564346756753905
0.521963060534716
0.507618692706393
0.591260063934913
0.458051598473932
0.567769935160927
0.564023149676494
0.458732148187697
0.672381057717851
0.572580291386022
0.649917791150998
0.471006278588583
0.49364357071643
0.473481660651477
0.66055655241603
0.521380759819686
0.5815501248202
0.624218528447893
0.521418532049305
0.623761122874404
0.639119699067268
0.597832769415897
0.685362870986154
0.607357571061666
0.72837153931932
0.524494602948894
0.588204077544659
0.360675753386837
0.525836012345164
0.541442621402861
0.517327336959008
0.633807404117535
0.568909716572695
0.681027409652075
0.52249167292727
0.478683010981561
0.620229740794613
0.749823459639671
0.660743718784323
0.629701296047573
0.472646418010237
0.571235728363186
0.620233309359767
0.570963909994675
0.699834518386497
0.653237185106914
0.473242004716693
0.626741911795364
0.665046692851948
0.57062249653729
0.697313255805865
0.763438504588612
0.450840612746987
0.759769882271561
0.543853044072324
0.729696037598908
0.463550197703968
0.587686345190898
0.717852507265202
0.640039879022169
0.493668788411959
0.649564857168604
0.56152034087937
0.721617950851655
0.708450158936573
0.674756953056183
0.569905666198596
0.794973741172552
0.751149621490045
0.509082838922686
0.684348452677007
0.813957908440519
0.772873258185158
0.634535734436223
0.81787047601529
0.576925573000088
0.66323386926339
0.723454906109344
0.605319350510846
0.673697403217238
0.758520433123667
0.684190806325948
0.760323748576344
0.643911390047217
0.662147023674393
0.740603746490265
0.607663179236803
0.746157662573183
0.642224936966468
0.784756106767152
0.702274743447449
0.778596746336838
0.541974337466111
0.852612439788127
0.735816222920973
0.743355176315282
0.706542581857218
0.750562481406395
0.644666509470486
0.714472324073583
0.816056413569059
0.799687439471039
0.746117123211442
0.676860784835308
0.576735600928601
0.557652266651972
0.830472731618515
0.77552358363866
0.703808579814289
0.778664357827251
0.727090082486977
0.674393182317823
0.850651225843764
0.890252402371132
0.71438599395939
0.781080190468847
0.792406159710938
0.707687866858787
0.800088630304643
0.823203272563402
0.851265177798886
0.871383149977476
0.814731566139034
0.751944071396014
0.605909173851521
0.824923584314134
0.544891193464986
0.883588556520779
0.821866180438231
0.8507226449313
0.791606189272359
0.697996620673609
0.78361943895628
0.776299941395191
0.749798465022059
0.772520268402658
0.837889982242299
0.788229331976481
0.741326892430291
0.637765930002489
0.99064707381414
0.741859693612322
0.828022775006979
0.720042521988166
0.800572671100483
0.837536158924655
0.963716665457025
0.871543747110103
0.75056777183771
0.871473818324267
0.716352348241366
0.741666045385017
0.833004761662223
0.824539805358387
0.767599595327315
0.883614299728531
0.798750599840071
0.930465566169221
0.792901487983211
0.946002591220503
0.912756406703227
0.720437691133985
1.03782129274425
0.799476062861106
0.876986324169326
0.767305595925466
0.835019398904464
0.934973816004371
0.81144247854006
0.839301713193948
0.904647751232142
0.85992311774528
0.929368139450868
0.925808762060378
0.914111329431253
0.934560413424768
0.852258040185351
0.868704829172915
0.848163938880008
0.899506574527789
0.833755955771756
0.740513522643489
0.890921527941715
0.89303901509011
0.975068051344189
0.734293207141388
0.847170755774815
0.935394785218429
0.809690085485545
0.74172096634075
0.763624878624575
0.821346525507232
0.858310669846086
0.781443535733857
0.865068451613566
0.908152574024089
0.981097394289921
1.00676860772596
0.982009865103277
0.772111705607984
1.01494929456505
1.02904804113121
0.961783578108067
0.932237439980315
1.0809013717539
0.956229588427002
0.899195586434897
1.00212334774651
0.92721255987669
1.08951147691625
1.0175547578209
1.03429272554344
0.816733107495336
0.943629977888189
0.982803701987498
1.08079315400264
0.966044960753234
0.988150941663828
0.908474223799684
0.947304320555207
1.07821768266363
1.04744484476751
0.976867823804706
0.999659748485481
1.03415300818409
1.10268563056685
1.03906919528611
1.05015584874725
0.947438061612358
1.01501581691183
1.03087948635033
1.00819499205399
0.898016215985321
1.0065115885531
