"x"
-0.954511364599865
-0.836655959173706
-1.0726321934006
-0.854506470822643
-0.857668854327087
-1.04009168011768
-1.10403511162049
-0.95508817502978
-0.937085911148131
-0.910507800003529
-0.98159387426866
-0.976752537419899
-0.948106015847889
-1.16826969449153
-1.02464799534301
-1.00335870279122
-1.01273466622637
-1.00614952164203
-1.04123019311862
-1.03958644218636
-0.972168570869483
-0.86827946522854
-0.991777100010168
-0.861866525281633
-1.00134968975943
-0.95640313964101
-1.08199189760835
-1.02682347332564
-0.97372962683922
-0.897791505192591
-0.961132731028639
-0.836258618409942
-0.869251138596021
-0.900479728140785
-0.776963170949137
-0.875710274586633
-0.742142202658235
-1.00894901577922
-0.875002679204372
-0.891149066606656
-0.91503187825608
-0.860275478962876
-0.909712347039166
-0.886516903725684
-0.849592371739995
-0.837914860547255
-0.942914731953233
-0.942668608987333
-1.00911992024439
-0.786034699894566
-0.885390295501999
-0.880983145661174
-0.720218088362977
-0.84373767530439
-0.830887396794478
-1.00179325093264
-0.87113011459473
-0.975449982751171
-0.822481832476181
-0.894019150296071
-0.781525590478007
-0.934650862900773
-0.804453488515025
-0.936324633828331
-0.965593853930896
-0.930467208347434
-0.830275817571094
-0.930695906080232
-0.915067277934926
-0.901465945605731
-0.778757998415604
-0.810330015006672
-0.965688481010781
-0.82014331597455
-0.770157041799083
-0.845008215085046
-0.810548880659159
-0.752895803437934
-0.685217559030744
-0.865422069408664
-0.811963865080122
-0.719123042915111
-0.935122258672647
-0.801781792030172
-0.818088660539028
-0.891751896434387
-0.8676910199705
-0.843898370883854
-0.808575156977625
-0.86628119005238
-0.717354962329473
-0.902972036663441
-0.896190720675607
-0.723422859961887
-0.878284510342789
-0.776611850493393
-0.73400390440304
-0.655638770844163
-0.732430995284779
-0.880405254658359
-0.82132456475167
-1.04935537020284
-0.733009761019453
-0.78173397360724
-0.550211752145564
-0.741275635503955
-0.824598902554415
-0.818036678406021
-0.749389188299972
-0.79802377477417
-0.725012005878683
-0.78599781839235
-0.782439498564101
-0.705404928403585
-0.807264433286144
-0.833633239845553
-0.736348358713051
-0.780584375412958
-0.659692478506568
-0.830748014334659
-0.621880580335383
-0.849489650388485
-0.880955835252769
-0.693044948841964
-0.884599992574936
-0.748650906181227
-0.795629427344229
-0.603782370076447
-0.876126605890367
-0.644620321178692
-0.705740145160789
-0.703972805640253
-0.698894425769248
-0.682563788831867
-0.697341722361598
-0.683315250330786
-0.721008539801965
-0.795473364178046
-0.691272650433836
-0.846387024738078
-0.781090195853069
-0.758002548827564
-0.685854141501006
-0.817975658109534
-0.705070972335179
-0.440943816190427
-0.686319128767498
-0.763843619582594
-0.782408318009431
-0.670307084140528
-0.733807192655272
-0.619876855220093
-0.763146916274279
-0.668607320563609
-0.738069663333525
-0.687197722022054
-0.74846445035547
-0.699145818026492
-0.807654158889869
-0.756593355021788
-0.766323446609448
-0.738896480994652
-0.590603348654264
-0.653827081608456
-0.549419401033037
-0.787613559915959
-0.608161510984918
-0.659665618888637
-0.628535061508338
-0.632303891935111
-0.632549022856254
-0.687429026235067
-0.671539817254129
-0.750810507076252
-0.723111565433558
-0.63232454077682
-0.675927424768886
-0.60159394321365
-0.729082753994752
-0.66733672518111
-0.779074340219507
-0.652473020214357
-0.696785853301438
-0.555044353968687
-0.709500028016379
-0.658285150203479
-0.601235650721679
-0.514838734311432
-0.649879657874629
-0.580036782663672
-0.574957333748468
-0.485853203829756
-0.605757101742033
-0.456282107759654
-0.707548874492908
-0.549580970337366
-0.617941577768009
-0.693655701440868
-0.538010361306518
-0.534083785191688
-0.553419684246127
-0.54251348899054
-0.681450084648676
-0.618800504511767
-0.637263147263272
-0.668442715225917
-0.532114114972403
-0.685130297132889
-0.690911701398091
-0.560121718600671
-0.557763607379982
-0.568115791868054
-0.442706978903424
-0.522363526013139
-0.574076952659693
-0.465493504301271
-0.605162245298679
-0.53497592539452
-0.606129187709924
-0.472450459247387
-0.674440022177112
-0.585483855229653
-0.686748040417058
-0.467624868790282
-0.52711820044074
-0.570596885852518
-0.593531362215388
-0.49369756131836
-0.605100414070597
-0.560971988335081
-0.577612742031105
-0.505535413652953
-0.40549835221943
-0.534445527581937
-0.518335594615373
-0.526787370151362
-0.411051696580424
-0.50002456806815
-0.523817579486066
-0.448880883141931
-0.499724603511007
-0.544815039353024
-0.506267396580697
-0.651324851933717
-0.537198084921829
-0.48540409188512
-0.563227320484429
-0.470739049508035
-0.578611030536757
-0.416449379933677
-0.538833756343871
-0.448254197418659
-0.406544268654697
-0.338989711196686
-0.584965351490137
-0.40938571728194
-0.521593214470857
-0.562038161313256
-0.476290685148542
-0.436650674473561
-0.514174959753477
-0.484023558986902
-0.325619251381856
-0.662359488323498
-0.56213693042412
-0.483782552194484
-0.549580286850219
-0.40883978041834
-0.494318384872468
-0.388986096124737
-0.367187233680026
-0.513455616847177
-0.550572792190555
-0.364977823048281
-0.374843671996486
-0.514665291417603
-0.453200881137449
-0.41293436192887
-0.307007459633643
-0.479922534239208
-0.413806049144205
-0.304272541355028
-0.413735003522979
-0.410999562893481
-0.420019359750976
-0.436993670555851
-0.478791922489708
-0.479327173086528
-0.480589558467463
-0.39786077340056
-0.543784815638283
-0.405035743932224
-0.277491328106756
-0.518921378091878
-0.438727401492346
-0.420647294305898
-0.518194082111238
-0.286640225850459
-0.467447462194763
-0.397879988244863
-0.438450877126412
-0.467090281276446
-0.500627629956805
-0.336610919597091
-0.449985623707631
-0.41626069984303
-0.505036135189821
-0.430903518838664
-0.399568522073851
-0.53811736267517
-0.419892732335671
-0.377299772416315
-0.484882671657439
-0.391335761520677
-0.603496493456991
-0.348385121068022
-0.256564428297085
-0.290102807489961
-0.351958130193201
-0.473755666960428
-0.330342607474907
-0.318679977243271
-0.439009554301086
-0.270102544461957
-0.425378618329203
-0.366963672344843
-0.449849892310186
-0.350467028757818
-0.215347455665025
-0.28464812867115
-0.325825887371728
-0.376908310013204
-0.339435715304488
-0.4257814970264
-0.242055499490278
-0.371979656881797
-0.33987249817388
-0.260464211909302
-0.361207552442896
-0.310206564931082
-0.305309923082122
-0.358015230383003
-0.236003071408778
-0.193947380201984
-0.275575545544695
-0.37392891999024
-0.180667882584954
-0.260159413021822
-0.440882232905407
-0.339410020858182
-0.26506591652824
-0.328865195885918
-0.37084470110414
-0.328807716861509
-0.156253441597853
-0.226873086350496
-0.169474775194599
-0.155989346885546
-0.222641669310988
-0.471264456828147
-0.33171872633276
-0.197659161846647
-0.306647904326963
-0.292230429418943
-0.304253245712043
-0.284359561080424
-0.280299495502638
-0.118125035163058
-0.174900360299954
-0.223634444316996
-0.435039601298402
-0.241127155375389
-0.121759015172458
-0.239789472865203
-0.363106620355654
-0.239425186289758
-0.421348149922818
-0.18972989345154
-0.2514317934791
-0.100330494871791
-0.124838247468187
-0.169794174632889
-0.236835486935341
-0.217014499036151
-0.260959708630564
-0.327690583352274
-0.224037212603488
-0.146771178963687
-0.0982384367391298
-0.277986722133178
-0.161634078610477
-0.215575306791371
0.0102376227153042
-0.324572953590999
-0.133162189290243
-0.235589918212796
-0.0853113340093904
-0.101378076270233
-0.219292237723963
-0.0745139269535366
-0.240522803335596
-0.306547727928356
-0.275583581213761
-0.109674026117288
-0.149461783764915
-0.13189604405454
-0.116969507387872
-0.130539775818536
-0.349234695996852
-0.219377611235907
-0.247843280712351
-0.227766556690456
-0.0690422271523202
-0.142199143727277
-0.218559482960618
-0.0944919839447126
-0.122454535395248
-0.105599858755856
-0.220339773975718
-0.183108526097558
-0.208894958763565
-0.305737984215034
-0.24101635813642
-0.169140820286527
-0.300142283150542
-0.126646349897404
-0.0885740127077067
-0.130182123941785
-0.054105717671741
-0.118012392597426
-0.192143161046403
-0.0903611153949888
-0.152254889395584
-0.053890748059366
-0.179657727743007
-0.108039285838378
-0.0541933667682106
-0.183208951218517
-0.134389889827279
-0.0668594721520822
-0.149874287768596
-0.123813674831431
-0.124490008363524
-0.0373746344902066
-0.0355724970921107
-0.0917466768302441
-0.215133833878472
-0.0474100132831581
-0.0608340429746093
0.00444441201330468
-0.124287856906538
-0.0476220057653018
-0.0848184485009825
-0.078185153821756
-0.136460109064608
-0.122538305373078
-0.209343641042234
0.0882419593246491
-0.0258874228444251
-0.034949819444737
-0.130988432270988
0.016686025784621
0.079438354597695
-0.0115808502041302
-0.0587407428015899
0.00617050174599737
0.0466889896978185
-0.116025761015135
-0.18273588633758
-0.0635916551720917
-0.211456611869603
-0.0267042216566503
-0.120676538143359
-0.0427846969398851
-0.0377944153406492
-0.0501638668551377
-0.0137923439049256
0.136398854784744
0.0500078225028016
-0.0821867567657577
-0.0625474856556987
-0.0311437316028591
-0.114216407472266
0.00960744744499002
-0.0890812065932922
-0.0842881742852782
-0.00648549364858774
-0.133002954892831
-0.0745033347605764
-0.183364454234518
0.0177601938812749
-0.0731052882274215
-0.0393624742288042
0.00285616514789777
0.0656821157680789
-0.0684767894018019
-0.00628010905741625
-0.00464127182734524
-0.0466789177713066
0.0487165408841281
-0.0835823614792853
-0.071954873859875
0.0329150691851934
-0.0107577671378538
0.0308517791266859
0.0566409224157377
-0.0655931403878682
0.0331761313132561
0.237765546344378
0.0433280647030845
0.0302340685207145
0.0478992268052472
0.0476249786112975
0.0547335617221667
-0.0749523567641237
0.0895650099887614
-0.0264622782044469
0.0750832727834205
-0.0558033258681958
-0.0553151598819199
-0.026913235505931
0.0867480222974455
0.275236166619106
0.00111333936345759
0.111240774027252
0.0408864751970164
0.0506822931993703
0.154239251958732
0.119523213916772
0.0427234862961947
-0.00778846792654243
0.17598986313213
0.00946378274899534
0.173130189775208
0.0787726465473123
0.215483050717993
0.19789956941756
0.0557767535414262
0.0502227227818367
0.119472967671202
0.084604309613121
0.0271249042989966
0.160067738983525
0.175674294392148
0.145723029219724
0.0352465685176342
0.118104414831406
0.0250682535988509
-0.0729586619749448
0.0896821836974631
0.136269370912003
0.0842905149756983
0.101975713204398
0.20604408498457
0.141890319488079
0.0756051513122925
0.107955913633754
0.0823750850850381
-0.00857070491525318
0.15018289866187
0.126171432053722
0.188920999949072
0.0358181827763158
0.154601408116728
0.32271362886137
0.0621745328731539
0.134355576280613
-0.0182158295160938
0.0890213688329441
0.154097106504519
0.136089804509017
0.146419084694002
0.259243368729011
0.074852174692591
0.162035163842379
0.20137660779718
0.242892524908263
0.122902431801024
0.111923388597118
0.282185756818629
0.0632039333446004
0.211558809616224
0.211154738363902
0.107659204091793
0.169026518684434
0.299091602646512
0.244460071402288
0.190519585061909
0.120561658358948
0.158978454570028
0.0793636515534036
0.147464748864569
0.118133752130547
0.210568696066282
0.217702728271034
0.238927267343793
0.150479936333368
0.264051135612479
0.252263088560139
0.215784000457904
0.262080851414844
0.210591645924488
0.1972436732417
0.147798898609235
0.206883905609364
0.195520531822138
0.233760677032262
0.298451872663877
0.197918237836507
0.142578478562634
0.205753412605151
0.181386227190695
0.193490515196371
0.199509050691426
0.268576600782306
0.174319829524027
0.226365845117627
0.13696914773233
0.157062946342101
0.253298850090324
0.193719469065617
0.259930155083841
0.282368237466844
0.394172984446902
0.502135604438865
0.266142488500679
0.18872585905037
0.191747587607791
0.211500887626982
0.209085637600273
0.216227876199914
0.161138487503753
0.32211309201538
0.121635147347195
0.353664325114564
0.419743995745491
0.169969827988582
0.244579083249468
0.17972857278515
0.40067073278357
0.245861935241009
0.18818534882909
0.314055109170691
0.289820458531406
0.139024208447164
0.274044909703742
0.33151107430467
0.417698316438692
0.183752123168903
0.305113556942121
0.440854145162848
0.290041286956397
0.244806955975213
0.349347019084156
0.145464018235397
0.421655352843429
0.390167941382142
0.340223064943374
0.466511415867373
0.425474631568724
0.28534081964728
0.318797761789725
0.340808857744013
0.210254241679212
0.372078857238163
0.199799290168483
0.261376258522622
0.363494702148249
0.302158291988012
0.262336190509883
0.4109738868577
0.555659846284015
0.475890443402957
0.278719118903848
0.250079180104555
0.452011853980006
0.379366530079718
0.347037415004515
0.322961911730244
0.406216594539889
0.377475000209913
0.412446462718871
0.354032322615774
0.263159345474836
0.396606464495463
0.391234925082252
0.344893292677819
0.316798893846475
0.427730322389864
0.380219904636341
0.432537241759668
0.344840245749886
0.440344758801275
0.294354497403398
0.324911997418248
0.274835417326639
0.221106164616543
0.450220876421503
0.405007897198846
0.399453953657757
0.315511364200271
0.403707140374688
0.438677900572428
0.500167706281334
0.413361988656753
0.364596169951399
0.419681321112642
0.410144367790001
0.479657302947822
0.461596358815886
0.347760947778921
0.610562178701473
0.440482373977025
0.585385589885304
0.505961747867144
0.493931441145897
0.517035901168096
0.433319860486745
0.458078316724781
0.531511701546947
0.516206165081919
0.427860733161246
0.523537583966491
0.480746378936482
0.499009119258517
0.439228235762105
0.403701458127446
0.317941019267391
0.309695764916754
0.398514649530526
0.400822381574888
0.419753267431223
0.427813245049386
0.501331648505096
0.437274444407936
0.475957514121463
0.477935987754508
0.485953620714628
0.495752384802733
0.516485999359562
0.369621070111972
0.581175796522646
0.526428471428799
0.384601245893542
0.402974580218997
0.40922254821474
0.510360237312135
0.349901599919451
0.596460671338771
0.56064546377333
0.435458049486742
0.50302919266431
0.612359579699437
0.545428116180889
0.552910252403351
0.570780318842149
0.412709508177621
0.406943388260675
0.517313506959677
0.555782799346142
0.421242718697731
0.387893167276886
0.634575863516112
0.556473408866414
0.542624273088061
0.581229983846466
0.565167343966159
0.52199666543148
0.499932048816039
0.593498778227462
0.458532774968887
0.588026866722407
0.554685426766811
0.416555013105289
0.663504420281993
0.585247959083054
0.652103738634
0.487297383041461
0.506768166358641
0.465538106294354
0.667991968863614
0.493706428399427
0.606095831757021
0.619389022856011
0.542769424426872
0.643875651056416
0.628885809501806
0.594395813447462
0.672372862645031
0.596169134024652
0.69352121690491
0.526732467842535
0.565551016110264
0.351717727577968
0.53435283065158
0.52180504054684
0.526714454042161
0.639861437758379
0.584993733443024
0.668696497950109
0.51543214794519
0.473510083964703
0.618318690677894
0.747380288503426
0.666867845293737
0.625813296655016
0.473365465624966
0.563807041627365
0.62605709537995
0.57302204531479
0.690623905688243
0.640886229186874
0.483623238018664
0.622318398735335
0.668320833204825
0.574359939352958
0.714245259576566
0.753615821009282
0.44824365820652
0.768205249126431
0.545834509414731
0.734168021307302
0.465842074773648
0.586201083894827
0.700934503617656
0.643660877907866
0.511092093780326
0.641937656020139
0.548037798437701
0.719723767583789
0.705050304280511
0.674254179306074
0.551989831180064
0.791917290230369
0.725286865037442
0.517615099350974
0.640319125377112
0.799829222515837
0.787461488181729
0.628246144403689
0.822128898152006
0.571009988031569
0.665383193759933
0.730419072223145
0.605036360329651
0.659462796079095
0.731643544541444
0.694073261645569
0.76175605961415
0.652044410201368
0.668025574996613
0.766048364978591
0.607348281749918
0.740235311658333
0.650059554051999
0.787325179789935
0.69595101829973
0.771849991976246
0.50892207259525
0.826546219013481
0.759222598423165
0.740595842993338
0.69483479468754
0.738064068408838
0.631090100476174
0.704386264853369
0.808856377013001
0.792173661951425
0.752464461187487
0.685882044324118
0.57210900361845
0.574399495702788
0.817171808832802
0.778494497480636
0.677680373457719
0.793277083052332
0.7228577675371
0.665799126345222
0.84899714210937
0.890559723309371
0.712523297364667
0.769714999989639
0.788210270051212
0.705002205900896
0.807357439593077
0.804549400144276
0.854693776556727
0.85286115290631
0.804736229381206
0.773001025663605
0.606305805577366
0.813396745899287
0.534536602020164
0.884999477085768
0.817182110008308
0.860845890557969
0.79623935530178
0.699231445953175
0.789802149386256
0.79062168046555
0.741492565725124
0.784477554369892
0.847885206083541
0.772878944773467
0.738769774621215
0.644301727947987
0.973043353254986
0.730768010706292
0.830762033103082
0.7364588823656
0.796468370198434
0.840378558145134
0.972596665507843
0.859296316824523
0.75031078560461
0.883189428510653
0.734466316999089
0.746149393121931
0.837478611565903
0.820798834957152
0.775553327162218
0.850527667703462
0.789670642201552
0.947479909795671
0.783951666212304
0.936827386383748
0.928409459406466
0.704071158041227
1.02164112014676
0.811283612301021
0.875102681436421
0.795528659268054
0.845242244305008
0.914849765495779
0.828775689206811
0.838536065454374
0.917935555257737
0.856475625069127
0.905673086653126
0.933740567903248
0.900706185278068
0.9228694382593
0.859149852212578
0.851400143754505
0.842324220585581
0.90537611113
0.833997904802906
0.749241018842812
0.878425542227662
0.915886370502823
0.969277554460967
0.730901466063383
0.863426054420747
0.901591831527903
0.818409451762274
0.757896766840721
0.763046356027859
0.796430557452064
0.856709538266288
0.830034199965242
0.880247207718242
0.912296274030873
0.971786810703246
1.00598188879865
0.98580294788394
0.773405098572694
1.0165213793129
1.01168852356858
0.96301350577452
0.924835673084201
1.04850317733689
0.932799798043767
0.880524511233135
0.972814189041196
0.891856143863792
1.11326913536461
1.02872661254142
1.02537861121442
0.7898688407599
0.923477063144483
1.00052830113148
1.07673456038487
0.962704651007148
0.976735248697465
0.910621273493551
0.944066089587137
1.06300065185029
1.07263990913495
0.984361169488526
0.993286921818665
1.048441629147
1.12035447088096
1.04184915085849
1.04960205389619
0.928200977887822
1.02171865057573
1.03262455440372
1.00125831711138
0.910522909149594
1.0052806508034
