"x"
-1.05185532958188
-1.10114782536668
-1.01216958684862
-0.91811819106919
-1.03150964601077
-0.981618529492113
-1.08955807556617
-0.978305935447526
-1.16420021356405
-1.02434971235618
-0.964501542856445
-1.02704683931674
-1.02157305214705
-1.14980264484947
-1.1302768356738
-0.989691258584694
-1.04896114344344
-1.10519816647969
-0.847400328710236
-1.03235943970066
-0.992496802183101
-0.89816623087872
-0.904885622135448
-0.961896075434606
-0.908825651595415
-0.867660403033948
-1.0170940631595
-0.857829166347299
-0.930803037470295
-0.880957136390823
-0.932311393865396
-0.914024766130898
-1.01401390370068
-0.823371995977299
-0.88261438692818
-1.05841803536132
-1.03807300596209
-0.963659755294967
-0.893086244342377
-0.996522280367872
-1.04090571021882
-0.803380005989557
-0.984351537642243
-1.00245545756217
-0.93863513570698
-0.934416977466599
-0.978963205734911
-0.931734583215182
-0.880456335815115
-0.985491162180499
-0.907467404002616
-0.954858086381207
-0.871027619467794
-1.07476947357755
-0.871061373702807
-1.02523931219611
-0.939205254269181
-0.741829658624081
-0.783801987411996
-0.877913459502236
-0.892723269012047
-0.900505816996421
-0.712500460567568
-0.867577314481933
-0.933795830115487
-0.854608208569941
-0.947831347598089
-1.01173941304437
-0.973018769659166
-0.826130165972112
-0.769637031793566
-0.885253785992767
-0.819009866901252
-0.829406038373996
-0.954298393989291
-0.841314351539926
-0.883390240168582
-0.658031914010984
-0.846736934977629
-0.745171313782431
-0.710979322862805
-0.759175762823829
-0.86908774092326
-0.894345923775843
-1.00742671942788
-0.833794298661307
-0.78570062041559
-0.904020001511707
-0.78414323348926
-0.874157974473094
-0.77443665763677
-0.849206430655689
-0.935052784933752
-0.788416280545281
-0.786868536453209
-0.727854390800531
-0.719542971220341
-0.729511891775314
-0.719321000506282
-0.708275638647074
-0.855157820161864
-0.745097128866307
-0.603105192006116
-0.883415652882284
-0.797527054319675
-0.813354941296183
-0.860098872855295
-0.800183845813855
-0.768977276955447
-0.695689847608806
-0.701303395612208
-0.787780268509576
-0.714442045816237
-0.871976710010004
-0.712315587733656
-0.929837382028173
-0.727846276949594
-0.905372698253189
-0.66082253605457
-0.875845752962265
-0.734199118962492
-0.798379460308116
-0.809478475229828
-0.967258459346519
-0.746790479023936
-0.84794511547584
-0.727520217851942
-0.602666189092576
-0.706125116911589
-0.685890620054243
-0.704031191033661
-0.776907474207106
-0.814912427573867
-0.883565804878933
-0.913953333253748
-0.787084008983105
-0.613025528704887
-0.618940140998133
-0.765127903660426
-0.700568260388039
-0.799635108883886
-0.457095696628826
-0.680677516102204
-0.765784840114865
-0.658815548481603
-0.525606774917714
-0.872702335662014
-0.565733646341578
-0.674103994790855
-0.614379283586668
-0.793830866014221
-0.67145582507383
-0.802548726268693
-0.735596561445327
-0.599928956657543
-0.642368698189364
-0.59096256012532
-0.64211444481984
-0.616798481133889
-0.683013574718507
-0.614365894479523
-0.724156979017426
-0.60743026706677
-0.529045018530457
-0.655307660826199
-0.621249851897255
-0.687087318492146
-0.607544526902273
-0.584986539474182
-0.698659062452428
-0.766156202156171
-0.61747855781656
-0.656155275682068
-0.620939364797115
-0.60336608668011
-0.510731843639442
-0.58322231955224
-0.58796211961099
-0.642922753713213
-0.664880609699504
-0.74345287786096
-0.69353694874095
-0.425861595849897
-0.601313902788375
-0.636650920131053
-0.693959696503585
-0.577492251827647
-0.583077946748671
-0.720786067698426
-0.578459018762893
-0.69551500569995
-0.621883911688053
-0.742399298692942
-0.713788943317754
-0.519234105881101
-0.663056123637874
-0.645619890167026
-0.681304240354385
-0.724640046630668
-0.517395798450193
-0.656802743178676
-0.624278772720272
-0.652603158121833
-0.587780490341888
-0.617230384606614
-0.520513231849618
-0.656476821093642
-0.585005682307219
-0.618325876621664
-0.508139735743913
-0.503253920317238
-0.501002498856239
-0.58018936259492
-0.502316812737115
-0.533596585558831
-0.534602349947593
-0.45864805676994
-0.485604268898265
-0.599079315167684
-0.576471303550572
-0.569502286096
-0.576783723740907
-0.613929212698395
-0.532871403269172
-0.416715781146804
-0.572520118453202
-0.489588682027331
-0.609884189316226
-0.539913254767311
-0.461633364686069
-0.420407431928212
-0.603337725693807
-0.495130861410909
-0.519050351021941
-0.530193819306468
-0.475226085389204
-0.545423770833125
-0.539920065252498
-0.583464212506132
-0.525496583942779
-0.587176664683359
-0.587741823898315
-0.464718128212196
-0.614381119549415
-0.531226765986413
-0.539138644824683
-0.499403292656051
-0.552081604003858
-0.475598934589482
-0.525701925122051
-0.524003528058957
-0.585019076298862
-0.373766158725132
-0.634933373040605
-0.479402432572381
-0.563460189199587
-0.504211461175965
-0.530482771705267
-0.450500177422414
-0.482942060510469
-0.62815491522471
-0.615099201369153
-0.337558360066458
-0.56503092307369
-0.423832572709621
-0.490949711842718
-0.421784267249126
-0.524316936736113
-0.41299029833652
-0.407800996057688
-0.334193453363102
-0.447426474843081
-0.586401434849803
-0.445545866384995
-0.436215427739208
-0.334181045086742
-0.447715855281084
-0.482261270615527
-0.53393703416196
-0.447479122843673
-0.461932349659769
-0.532513471603714
-0.319947902486535
-0.427361299709252
-0.439343037124362
-0.366150621781469
-0.372751324846017
-0.328413016718358
-0.329661114764165
-0.341060034181254
-0.444039051176403
-0.281302907545743
-0.29636008631767
-0.535758335104288
-0.363054202341342
-0.388978776580173
-0.434803390349944
-0.249515058214274
-0.418121448715873
-0.410642989538083
-0.421695714583543
-0.369461891079199
-0.362697097855262
-0.467787346343155
-0.313866152365731
-0.391811323989723
-0.374163100658797
-0.482436258012325
-0.46774314371478
-0.357291090912469
-0.453845538568887
-0.310976236766261
-0.303400695552982
-0.41250873381985
-0.340891787653314
-0.323660259801345
-0.439355379792473
-0.182513310458217
-0.421833264434676
-0.259136278849361
-0.374369223028265
-0.417511218299546
-0.389722983511771
-0.423177626300491
-0.364446154400395
-0.479571479122839
-0.131639485075098
-0.34223371049959
-0.368265689102887
-0.167991288133575
-0.340040005816762
-0.254564109526222
-0.348764559260905
-0.299718187388535
-0.353963157477323
-0.447158543713122
-0.340725673185231
-0.402636293058828
-0.389795708739726
-0.232678716882489
-0.329570940911861
-0.381330016696908
-0.248219942463554
-0.439021669235174
-0.351309388368493
-0.229231010957192
-0.381130174518543
-0.48799669505548
-0.425656444591475
-0.215336736148764
-0.305840088600058
-0.309781489128533
-0.208320218499085
-0.264880945136184
-0.215413262112568
-0.253638212468658
-0.307844375196975
-0.286872008477258
-0.439127632624257
-0.225933879960944
-0.398034580269065
-0.372875033618377
-0.283375166925343
-0.272163498481344
-0.176843778767303
-0.396581518316453
-0.305519263672791
-0.311416949880252
-0.163665618640895
-0.182962099753095
-0.225865926730235
-0.288966952216784
-0.292745247155624
-0.385700089066944
-0.249651736728849
-0.221344065368071
-0.324888888898092
-0.265318146486194
-0.3197531571548
-0.382812439426036
-0.28703584577439
-0.241826836683854
-0.366816634069599
-0.237664508584863
-0.33959476827741
-0.315434841086675
-0.383030430134383
-0.18908096067924
-0.212824849348751
-0.212887507187421
-0.183570132982226
-0.140346614028255
-0.270666382976837
-0.0486169386018581
-0.345083330929041
-0.229119612466631
-0.213526629807344
-0.162122252622943
-0.2793078691991
-0.317504038236111
-0.234084589740128
-0.102051877528535
-0.21283122056413
-0.281938754954817
-0.355795987847987
-0.0595806911615127
-0.0566150396066303
-0.350309822771999
-0.224686878443014
-0.222237183095461
-0.272928629654993
-0.0308478895978561
-0.180270737338625
-0.235712982236331
-0.229932752087113
-0.157592174159126
-0.228551867047269
-0.178797529996897
-0.0764820800679467
-0.165803076191725
-0.105295550400621
-0.189222901035866
-0.130022679877628
-0.1704225194684
-0.202523337366589
-0.0601146120529829
-0.0808558223257626
-0.182932093481165
-0.0953878352637344
-0.023260915391019
-0.0923715342661103
-0.0729112771518617
-0.255594907614615
-0.157972364605799
-0.0750083807572298
-0.0513966903963273
-0.0850355161809627
-0.0593860356539112
0.0667426363425815
0.0272734340836199
-0.220899887323216
-0.132680128207716
-0.0597860446063354
0.0827786443637822
-0.145722277440323
-0.0575897351929187
-0.150426211074637
-0.0669086572830209
-0.0656306638788723
-0.271404400829141
-0.144146614533713
-0.114666522311487
-0.132242253107319
-0.231205749524446
-0.0517606007015102
-0.0978124835190106
-0.0364843948065047
-0.0380499363725711
-0.0657129869882053
-0.113519241316031
-0.0969678368854668
-0.0169024528198586
-0.0483419519536458
-0.0578721350925434
-0.197700695764265
-0.101667223844327
-0.0544520572053198
-0.129721648218005
-0.146766852596011
-0.121224669755666
-0.0588632370839391
0.181799947036066
0.0922211287319087
-0.104255095264439
-0.0229705415448285
-0.0519700980220683
0.0490421067438701
0.113664708551519
-0.00546459951215263
-0.0646706827442975
0.0220161105895057
0.0968799031196518
-0.0236668869720037
0.00176575379251084
-0.0351901981427416
0.0285520399911002
0.0213042102331982
-0.109506491539913
-0.0576119913638475
-0.0263542525072578
-0.0199768199866168
0.0306506073811066
-0.140025096775528
0.118816571030471
-0.0249021117177118
0.061693608302533
-0.0182326097347803
0.0460909941576919
-0.0751866666684168
-0.0283323619745589
-0.00035404182379845
0.125122920916825
0.057365153560746
-0.0443804735588329
-0.117323910278157
0.214794764892476
-0.0173879702254382
-0.0312020354070445
0.0868573150346943
0.142395309784169
-0.0303021588232569
-0.0198455968475419
-0.0816119081027295
-0.0138252137617773
0.145525823964864
0.0321912139294072
0.155315470388344
0.0494142324538631
-0.0485829523002322
0.218656891943215
0.116595662092462
-0.0505225093940555
-0.0846076411267031
-0.0570865055608178
-0.089323373119236
0.0437289035999981
0.0986975019624797
0.189506923361213
0.142440635087761
0.034821913547539
0.0794056098280527
0.0714924142502414
0.0496021627416705
0.122384300105439
0.34900118717567
0.123742108094559
0.0656385735194471
-0.0214652040271677
0.0755667554155915
0.102280693726967
0.113872314057857
0.145322542785346
-0.0234682869016294
0.0697598500435247
0.205543380004293
0.0695170177328781
-0.0136361238211638
0.108062646586411
0.0429547139695304
0.090182285283327
0.0813255983345885
0.0904494620920945
0.164665449539434
0.0637634862895595
0.0616399001241734
0.0989166335523703
0.0390793032864154
0.109134015102484
0.146600498170815
0.124516146463793
0.204841615404564
-0.0571307396369456
0.0928761540588215
0.169865165838726
0.242643963994276
0.0460591866726757
0.0578528590535146
0.171292075029297
0.0063066996927523
0.197306695505159
0.0202944345560641
0.236198323238843
0.174685368331857
0.123524330489354
0.114909305649124
0.0858858579344067
0.24783242142119
0.0738772148299391
0.240931348458313
0.00799626714845785
0.25459392342579
0.230954234505233
0.109493830153046
0.0723724505337413
0.352159194168059
0.229609755365267
0.216409996679729
0.197829530034088
0.0790015483398721
0.0661317284553048
0.115750793326827
0.0170310960737112
0.261754581786391
0.286853181155401
-0.0439839291798753
0.26715815791333
0.290617515523058
0.236231564447787
0.232908366280854
0.181714062641743
0.13961600117648
0.190338042239658
0.279090062745715
0.0789377762369089
0.319802805018709
0.289348915912586
0.185643905353847
0.254080170419074
0.209015831220399
0.265766638200235
0.29006458548298
0.0890831727102344
0.200901857841572
0.271761628683953
0.249298286669648
0.391246650518766
0.265545006336271
0.232713315826934
0.26249759717825
0.252551514159131
0.131802639145189
0.263053087754529
0.283735541480899
0.0419460221761403
0.194012313853512
0.231803609293998
0.386910415982474
0.178683640719273
0.380382065447438
0.352376884841151
0.275990798533786
0.155074243214707
0.291482003863203
0.251557566448722
0.335436973587024
0.190765533038491
0.374776659379323
0.419632668634096
0.271064697000209
0.249759701243406
0.25318086633832
0.223960244846307
0.3937092826294
0.462720350962848
0.310205869242433
0.197099740082822
0.126967313990031
0.438382366103634
0.288840761662845
0.213873450414835
0.337804349289392
0.250242662960833
0.384473672143528
0.265679204443121
0.291740334319437
0.267715376588433
0.24608113796041
0.378382607081468
0.301744599702947
0.467709527566434
0.297803563339064
0.369919550267346
0.36243222913819
0.391993968430142
0.305053441422787
0.259637014457559
0.399823521331849
0.323622300908589
0.448549622725414
0.321857422991537
0.433731115001561
0.341798707795042
0.271552611628666
0.381309708356256
0.454393374672612
0.437065721518188
0.390338606912136
0.363692310719235
0.380029149314299
0.332577183436473
0.192675362606476
0.424796663737457
0.178233940613355
0.216389327929955
0.436257215456759
0.416205762120181
0.416245756052955
0.354667922161577
0.331023442938888
0.357762577540636
0.373981910990277
0.360861658455965
0.348057216419001
0.351737547672692
0.389659150974763
0.347032562379534
0.312136152344664
0.381046380634985
0.441034447418497
0.359160943913253
0.415542569906036
0.331213103346625
0.371354929982498
0.29806551266728
0.226006431888505
0.557390796154869
0.472943599159709
0.335208972663859
0.417853537821879
0.539105209484702
0.423009973135704
0.470847496248688
0.338217857572156
0.331282400610405
0.398583388400059
0.363565168673574
0.311131882741008
0.390399328091809
0.292306911643961
0.416097028807137
0.506308356464733
0.485335413061848
0.465806793156002
0.46664274410154
0.534804793263282
0.434510403806843
0.502438754266445
0.39831258555853
0.627542035204469
0.367759408055003
0.527755668825038
0.43270005302468
0.397559693728674
0.511029417936904
0.416985707877255
0.535751385878856
0.51166256881703
0.328784691153348
0.381757404537318
0.413885199873314
0.380392349168864
0.602107799704395
0.630215990482572
0.66669745382202
0.450544206504683
0.468483423818732
0.597250969695239
0.51016108128949
0.417224435793302
0.484692228072402
0.471657453380846
0.531199375383694
0.506661929691047
0.636586801700561
0.34687309813751
0.625327788114219
0.60052580137548
0.454623507842611
0.636320319647466
0.543949489487297
0.584868353943704
0.639075616079025
0.539183120620401
0.439782991953865
0.477225736684571
0.621917850613953
0.487181704007665
0.499238456706568
0.605159160912048
0.564815933498863
0.521422856158884
0.58040813496149
0.491942846022352
0.744854058480274
0.699602740209706
0.394104076996844
0.432527150972479
0.568340704617557
0.559760325151464
0.486101171644595
0.365228719632621
0.471741676972705
0.539486500615564
0.576868445299542
0.606835338847779
0.44204003316717
0.709958795407516
0.637160648336742
0.58273419836151
0.560974370908153
0.70331536876549
0.432805231196849
0.362484151580722
0.509799054466397
0.545452266608934
0.543381102679487
0.466417530304347
0.442904013098388
0.56656976958987
0.569854199958321
0.853263305398569
0.660588142803132
0.586843466669317
0.630194689936678
0.721478840384282
0.627024975009538
0.666501124517868
0.65303283360366
0.576955501127665
0.592362685858963
0.567858492955686
0.664817955027459
0.525794829272552
0.69650504964643
0.694267482207676
0.693720865237532
0.75117135955568
0.578183316996533
0.703664560665746
0.656604578434274
0.676145275225524
0.596383143932249
0.723098429442863
0.831315193061618
0.807207537468582
0.654399045204623
0.60755952566099
0.66070138714717
0.78518606607553
0.658899769750029
0.713046918182151
0.699004963282109
0.672856177026537
0.581597271837284
0.6143355072223
0.648865188679026
0.569613919952948
0.782480029619817
0.586702567326634
0.614274727543922
0.475796582679548
0.605352687652944
0.662743144042462
0.523328642004657
0.680927996243955
0.651183182020719
0.737287171564552
0.612014355061751
0.719868513880446
0.642495896073672
0.543520800240915
0.617089597474858
0.745712999891263
0.792117216929238
0.798115048737128
0.717551629573234
0.748261681763876
0.788332708231423
0.642186010208807
0.599171013910734
0.756361962757757
0.737352891088196
0.725652566773469
0.763973355256739
0.778731792764273
0.664785474790342
0.792161936782248
0.807623015410107
0.662324150653544
0.648144581804259
0.665085841957927
0.718398949065903
0.849462999651138
0.829170784464071
0.584038338968981
0.712609607528715
0.896478626091181
0.802260372198539
0.821358372945937
0.663213309123155
0.875771601155346
0.775637584174218
0.810689759055429
0.759327447781809
0.787710842046875
0.923967475128362
0.659472067881176
0.847622174598564
0.804023301831665
0.782436263008917
0.748602288503399
0.775643566193466
0.874388827057163
0.781364950948345
0.796980424494838
0.776761270977833
0.764997244375017
0.755073190743926
0.782600392205668
0.849036655179556
0.709134253316107
0.603904135238646
0.949164030177622
0.682923160406158
0.902053799234153
0.884458206616604
0.880286578005257
0.689410934181164
0.840802068218498
0.911052732832697
0.723798584590068
0.825003689462557
0.832981870961048
0.889721297202723
1.01174618218777
0.84997301041953
0.67696429027071
0.759310993124773
0.811459400676024
0.903478844945638
0.804114191936926
0.845281747312405
0.870729074717797
0.840906332259532
0.702828128892884
0.888008277610981
0.847821348091136
0.958390112441176
0.905125090442291
0.728084964860732
0.949546553617838
0.832707874188665
0.817645490144319
0.730541782232175
0.834510688020071
0.779216728607243
0.866922067855251
0.949598869519735
0.864736769621212
1.03983277098162
0.852955682782162
0.879787675237028
0.691000520503665
0.976327488460031
0.962144737152943
0.947273735630633
0.867080778374601
0.930611385255145
0.858595981469472
0.818598480191766
0.812015976843973
1.02935679401501
0.94079007203302
0.868832530627989
0.911253415298633
0.880572812200311
0.917815113864972
0.94717595785883
0.943339553157704
1.00301245854042
0.998429731306733
0.902872750257723
0.788397832932383
0.829438113113202
0.915375088788089
1.02295069269782
0.938252669083063
1.03618155532523
1.01786557831535
1.00352117635377
0.885494518993433
0.820237074256909
0.86819305464885
1.01376377814343
0.866183828173461
0.931669396554126
0.959699947235255
0.91901614709135
0.846391775447471
1.06200229885841
0.911689849061598
0.768762224710496
0.895238155532699
0.879114194279601
1.009702585696
1.02083313031496
1.04576486265682
0.953124379366573
1.04025244279327
1.08183438823096
0.964634963104317
1.06033981341642
0.963740499541865
1.09523047793882
0.979001645139769
1.01951387941771
1.01160474913441
0.925942519305351
0.960609026274061
1.11901862128112
