"x"
-1.19725381051999
-1.0874226716377
-1.11792429634996
-0.894966451665171
-0.941313417873182
-0.934861687380951
-1.0183383805402
-0.909479338487314
-1.14833930124007
-1.0144052507839
-0.989139679805505
-1.01002560008092
-0.909826868191696
-0.852220469800756
-0.928405291800056
-0.970770872203506
-0.999624967353911
-0.966632593587041
-0.952595611534616
-0.882625822754539
-0.917107569223784
-0.968501453635753
-0.847553134301085
-0.901321097551517
-0.983258988208405
-0.831884360576723
-0.918917686265116
-0.883858326838494
-0.943033970022321
-0.957979467132641
-0.961690167515736
-1.0209968540014
-0.913824163787157
-0.914433821045763
-1.02975144664734
-0.947875662293451
-0.904052358890737
-0.91777927659311
-0.829635128463867
-0.815201021537868
-0.908012516347875
-0.802838091895272
-0.793457965493147
-0.791975246717436
-1.00343336261835
-0.890354899323396
-0.906891186797523
-0.933648872947414
-0.90572032403125
-0.872924423994311
-0.784583775632827
-0.977862010687794
-0.861974833983489
-0.879549406474146
-0.910708237228697
-1.04676329841138
-0.922117413724363
-0.920356597887048
-0.949775250668532
-0.904417157575024
-0.702309879888172
-0.941288469034622
-0.897847797553794
-0.772090723546106
-0.798058623921882
-0.704465125661425
-0.888234281115128
-0.836902252207139
-0.835069571722861
-0.825391023416994
-0.8523594589076
-0.836802092244935
-1.06304258823807
-0.972105132257868
-0.941708630193401
-0.936107213673897
-0.864427311868978
-0.722146098712549
-0.773088182625481
-0.851131581826808
-0.814038651213015
-0.828484851714363
-0.872028841262957
-0.82565205095218
-0.805123936569882
-0.738831553975911
-0.803149211438355
-0.874324563323733
-0.864853276531895
-0.788738134269253
-0.716266884397928
-0.729428191322229
-0.748449015833722
-0.647600893619775
-0.814818692847819
-0.909785482776628
-0.853666509726047
-0.73865899091264
-0.777043402253562
-0.695973749852359
-0.862365773668105
-0.785440041422498
-0.824622256990124
-0.876584718277297
-0.823707488417175
-0.862903663387465
-0.769771162457632
-0.794881770694208
-0.825665979015573
-0.793375434548186
-0.791593397323668
-0.802409330073171
-0.794895312002819
-0.613769417209825
-0.789763673800466
-0.889916096198925
-0.6575512873615
-0.704906536096255
-0.6238418631701
-0.650702365521114
-0.665351173708382
-0.784403984163277
-0.701060756531538
-0.802134391623209
-0.71436036972962
-0.688601257178609
-0.743057029371118
-0.583904071107993
-0.690425116661651
-0.797161835574429
-0.656079697123503
-0.875892051189742
-0.614436291397043
-0.634171038793806
-0.732943851223653
-0.796201157076633
-0.758123056082822
-0.720156234163193
-0.660679454550587
-0.77840523195207
-0.68184797924659
-0.782510244966947
-0.786509759255815
-0.835212236006799
-0.635817942793612
-0.750948464280863
-0.640916622187856
-0.747896506105937
-0.746147687185714
-0.713988312282098
-0.555810266675285
-0.652361766604961
-0.756523439926515
-0.59461227380004
-0.768679501528196
-0.718725018607099
-0.595790495554675
-0.719566191682415
-0.775371239646314
-0.765695525946968
-0.690522802393503
-0.792537588793719
-0.576534663455277
-0.603786748610575
-0.704141610290909
-0.560326329919299
-0.554264315808107
-0.723552304684362
-0.563125129395032
-0.757253147772014
-0.723054436497651
-0.64648396418289
-0.746223743927717
-0.556722263109385
-0.699565675841473
-0.662839631110717
-0.682888202275586
-0.586239126866345
-0.671026605910559
-0.657387507601428
-0.697475990089101
-0.599855219634967
-0.575152163296632
-0.588773730708719
-0.665654071339746
-0.615774753393941
-0.59535750434486
-0.652242070099988
-0.655417467686248
-0.842052508276448
-0.515317247866556
-0.678232832993702
-0.640546809826903
-0.640591793709967
-0.632481292552667
-0.674735251804658
-0.554576612330217
-0.74521636487116
-0.544718857528738
-0.57683344146993
-0.593277091773548
-0.696109720984705
-0.648697749586188
-0.663841128623724
-0.616371117457776
-0.660903831542162
-0.418644577415402
-0.495481579182145
-0.748998394454828
-0.661183741231812
-0.551800010578119
-0.46685803434058
-0.527060478812715
-0.526610605311428
-0.690572729564266
-0.434847977416486
-0.418111699372747
-0.712967740393559
-0.632471406289178
-0.543770009177363
-0.519223444464133
-0.495960563887967
-0.635410795016418
-0.417561032049132
-0.488551185256648
-0.636663114331414
-0.68045650512134
-0.466289361835363
-0.407351331615602
-0.445548159223614
-0.608058191005237
-0.547133724447088
-0.364022270665151
-0.578198807520248
-0.504935131168789
-0.554470062097997
-0.597491313341561
-0.427931860372536
-0.563131302932734
-0.528668267481108
-0.573798719535836
-0.409423208901509
-0.586639443518938
-0.487740997793979
-0.385571588616157
-0.527119524965048
-0.5699375544283
-0.556655819073581
-0.439760964318554
-0.478651458936012
-0.564397857453034
-0.535882426110339
-0.556497496531108
-0.547616536222903
-0.675061583232972
-0.465904835738298
-0.418001928903477
-0.372560297666498
-0.463647306562617
-0.543657322918616
-0.468551807485864
-0.414617115060964
-0.543558909718329
-0.386127362981967
-0.503602519013457
-0.41788353346273
-0.476436431721706
-0.466743397481527
-0.359191618079615
-0.350649930006987
-0.483870557893953
-0.551945246356516
-0.485855078372763
-0.308474682188943
-0.437405096399385
-0.416175687005279
-0.386184493225277
-0.505286971130331
-0.565635942069883
-0.454085882993758
-0.324912990003724
-0.374319036843287
-0.536548623648607
-0.407756253359412
-0.394922101001379
-0.362237691437893
-0.446285245758661
-0.469107784707734
-0.308378752808261
-0.367549713277084
-0.401290952882667
-0.585323460938296
-0.395659854264339
-0.396290282938
-0.431543368836484
-0.312626384674777
-0.558910330781495
-0.371161262883234
-0.466679587847442
-0.479875903441994
-0.333922246917023
-0.387818503058454
-0.365109377558191
-0.410656642714939
-0.207608716716189
-0.23697163272035
-0.378461415477675
-0.426776925507343
-0.275667667789881
-0.473211079456987
-0.301704956270704
-0.571768246379403
-0.494519890664089
-0.248121698778395
-0.390001064097953
-0.258981383532351
-0.398412966135524
-0.52869473085443
-0.266991234934497
-0.286950579673343
-0.288637421916442
-0.352876517490061
-0.229137496509951
-0.209153979889631
-0.367399490539361
-0.326447543629829
-0.349508542162397
-0.309805782626741
-0.460914408204662
-0.336877863347099
-0.349622641572021
-0.315337766039966
-0.149167264119442
-0.405884439030972
-0.458392324852127
-0.444357818984734
-0.337392496523279
-0.37828853468214
-0.28992919042273
-0.39325386512223
-0.300698675329978
-0.427002313000222
-0.320107858835876
-0.237831781729407
-0.336341783623321
-0.263184751637754
-0.429737189316241
-0.276257394552484
-0.249280713484608
-0.263863635135589
-0.475027190827544
-0.333130094521411
-0.257171052819798
-0.22438909489982
-0.292852816379306
-0.33198517253298
-0.296707076792092
-0.356486267080706
-0.183292123885353
-0.324840687401061
-0.250265413833543
-0.410317431731475
-0.342511415891576
-0.32521547904672
-0.278856300577816
-0.387143692482369
-0.300919200094656
-0.241649097744368
-0.157396139603893
-0.133839928038269
-0.146876564771133
-0.312079124876934
-0.324752036446422
-0.210396458079714
-0.295090937980902
-0.154067096966325
-0.261029298238455
-0.0546368659108011
-0.284301256025708
-0.430895895426019
-0.343530551273511
-0.209200703299252
-0.167054764730695
-0.407545570369191
-0.373780061887486
-0.259444400441394
-0.158222933042673
-0.133641013923333
-0.251306135420887
-0.175675037570131
-0.278314337692135
-0.123588245354518
-0.126508757067641
-0.374997306083786
-0.174607649611979
-0.298774943367484
-0.20236478724934
-0.152093298649843
-0.195176727830939
-0.210883799298194
-0.11403874303551
-0.191355377941299
-0.352629615127708
-0.210758646069663
-0.0759540146768318
-0.337438159701518
-0.153190416694457
-0.195402270050774
-0.0078036028927856
-0.198926435372514
-0.152315602124092
-0.0929656650914212
-0.222710163070595
-0.198147485861939
-0.164219134775106
-0.354563692549451
-0.093953202642764
-0.313615546900683
-0.131786052155241
-0.0778338446161523
-0.252517043363343
-0.128453757961112
-0.201470781226746
-0.257144772756895
-0.261428713445775
-0.0989500869210652
-0.120090002634722
-0.0252419508338834
-0.18782489271415
-0.0547059472770321
-0.215262245671586
-0.302054589861809
-0.219709786853248
-0.174455396735751
-0.235560015042225
-0.059706370251716
-0.17030254658699
-0.00494088298123177
-0.0797642503335581
0.0547149880026693
-0.0197323722863744
-0.0922347576468601
0.00850550716093409
-0.19619980114603
-0.18791038866837
-0.118590723570183
-0.123753848692838
-0.0134180121638232
-0.187368112543654
-0.0780917790003635
-0.125136152913969
-0.0128556262769018
-0.185150968064191
-0.16980703073917
-0.154545168151506
-0.0598147377039218
-0.0532118464478087
-0.00806776415850954
-0.18188574603312
-0.206248178690863
-0.131696011030935
-0.0359377496466944
-0.175758398580978
-0.188889572633535
-0.181765607631839
0.0230143222648739
-0.0924769560678499
-0.0520735329517353
-0.138893127702495
-0.161570385497456
-0.142481412609957
-0.142723794882351
-0.213937742610628
-0.129637648807774
-0.0708649798421669
-0.106076378433221
0.0809404813210883
0.00568544617534879
-0.143622250211369
-0.0963367378981215
-0.153640405240792
-0.00248617298923516
-0.108106014446485
-0.182157036357479
0.0882259670445741
0.100085956427525
0.0539317264933343
0.0317242592613475
-0.171492980434005
-0.0501299431830831
-0.0333726418071525
-0.0465120004110138
0.00360230815680765
0.0353783870388627
0.0249804235461004
-0.128931672896583
-0.169195307837993
0.121604145647759
-0.0711477564344921
-0.018640617002226
0.0382344795813603
-0.11181053363885
0.0449681187250698
0.0660533312983074
0.0364695091081625
0.0547779641241578
-0.0866750306645885
-0.201653494016685
0.116038760160397
-0.0940664376844709
-0.036237846472074
-0.0183849111737921
0.0575054017837546
-0.0926902612391866
0.0232614629262647
0.189881123812885
-0.0472385653308389
0.0496185596129465
0.111999835931361
0.0612799122741586
-0.0108787400908746
0.118824282719544
0.0112339605367731
0.0478156565706923
0.00239655205044235
0.202971761487779
0.147266422948096
0.157957525118391
0.0351761827030885
0.083516181368642
0.106239131524929
0.0494658541508991
0.0283840344822358
0.132227890224012
0.0519986406848267
0.127334713821211
0.0599689548829567
0.0402139276384097
0.107704048228692
-0.00878128016042519
-0.0264166918323159
0.154929139424471
0.103325795335222
0.0104511407757024
-0.043114232498715
-0.00755736682266305
0.195992367641425
-0.0136091436428611
0.137592178540292
0.0130863650170507
0.0274149542959227
0.0970573200294851
0.000230053757965469
0.164717736774127
0.0873594002055372
0.243305829672619
0.0557659099852996
0.183653587527817
0.0343079979991895
0.141539176777606
0.0534395216646359
-0.10773932331359
0.11529239366934
0.0767760185751068
0.214854804753815
0.25628090642093
0.249027929231841
0.0295416464727485
0.133094163215818
0.224349921292469
0.150300163494698
0.119150002740406
0.132153237116789
0.107677841646543
0.164099702463563
0.154717616129318
0.0317777833066942
0.109478239157407
0.210721021814869
0.0670640954338848
0.332711123820575
0.030455352467075
0.210919098564789
0.205051062514645
0.181643462168584
0.106440264853359
0.235359891805467
0.100924734464652
0.161711926607101
0.308699625695936
0.312520204685384
0.258069073200734
0.114141093096819
0.0814408192270704
0.139655300964061
0.190439403239532
0.149603496425763
0.207650703336826
0.135833191830215
0.298239469554742
0.105805507401225
0.0747412110338017
0.199123596270748
0.178539884374043
0.354726554970873
0.318577711974458
0.188292777203244
0.331061734074399
0.224622190152898
0.220090916285591
0.270817922237942
0.231823814013443
0.194542473437688
0.140232887374963
0.252535284268351
0.312532637599114
0.27776872969125
0.25244311280833
0.360510206374146
0.257241502971787
0.360254641017714
0.208938232828408
0.146399517312148
0.243177752922987
0.290293917011011
0.276673880032799
0.165769312103843
0.331930071683691
0.227548904638651
0.275579466681224
0.271664238181467
0.14041351615753
0.0851176547392852
0.188229376442299
0.397328633813677
0.276005375864045
0.272079972171668
0.298832966457663
0.339305850720802
0.229880881961697
0.0962549603482667
0.374330059820594
0.30251141613365
0.23648795444829
0.35425458879548
0.0718773014940243
0.316730920831051
0.197546709613149
0.236472773012885
0.267206804290336
0.28145078017954
0.268417919868955
0.369502673688593
0.321712186863328
0.413453845488514
0.387274274050331
0.4301473357355
0.21331090624103
0.399367413967262
0.282615974116054
0.337000218218038
0.231774460520424
0.371332128243755
0.241887811550113
0.52129931249731
0.455023859972638
0.289017595548815
0.341452577276276
0.35607436892553
0.366212011553998
0.252468975631185
0.273601639359353
0.309314537080114
0.34216823550954
0.43275894019174
0.390997723315766
0.274118937007237
0.474187881079527
0.433874138610238
0.390985453125439
0.505536185121929
0.494037314754342
0.330481367320037
0.415513719119737
0.54267518261247
0.171603170311771
0.357688271036455
0.437591838727955
0.257371956541895
0.299222191354174
0.255309172414107
0.549335095448008
0.401610640336648
0.321561774835737
0.482370480209691
0.410606033852467
0.396954892736816
0.390178799530316
0.433341023084643
0.34858252217735
0.489030420270558
0.415232782968571
0.457390747051312
0.399334598240007
0.436859922662438
0.359809132893218
0.413642051465819
0.445017398213694
0.396275320065267
0.432771300378051
0.419035250381729
0.291956537426505
0.389536843707753
0.386883050958419
0.488826887913959
0.388692071620354
0.450073267080569
0.366327890640681
0.436893526259629
0.442365237148822
0.296619075718572
0.391048955124498
0.555546404049503
0.468999405423047
0.5538459795929
0.627720049167822
0.441341410008228
0.458745165699496
0.343027102859995
0.546549283492605
0.470429239411893
0.365166322670826
0.557400746044682
0.505182097993027
0.459306980799933
0.586956263777939
0.45802557250688
0.544591564119158
0.544936037665822
0.570595823673573
0.436370137384245
0.570957219481359
0.408554728055191
0.544970890054927
0.409167924455101
0.400775839220143
0.451721637184877
0.731250049227495
0.503537122751373
0.510854945751445
0.431997960467443
0.497399151863604
0.572146433511652
0.537319758317599
0.392288350229249
0.564706193891661
0.696375978719384
0.456959962640868
0.466280201496124
0.459530080038008
0.376005791486872
0.514199055442295
0.550568239964526
0.486494840705001
0.519980596908632
0.506514300369018
0.451544090847325
0.434958948419937
0.516534669003425
0.547866925409173
0.603234376902335
0.640588396258805
0.619234103926621
0.369998250848853
0.521447056570469
0.584320325478027
0.59185073615466
0.603684204670052
0.418527549680893
0.541955465982511
0.621349318729084
0.626995742410209
0.552180178102903
0.649373522703115
0.56255563078045
0.541079609073193
0.624766259029632
0.573172297169785
0.659226897730977
0.572261356851978
0.604920340412324
0.371712623239404
0.44627412584735
0.595522499050281
0.538174044988648
0.628449073193908
0.542824738523046
0.580197410423147
0.520563322491838
0.55793569495228
0.622012778319822
0.576707448296149
0.446689642189302
0.824957512905269
0.655063801243868
0.567140673359462
0.611003207736511
0.704808153654497
0.525097316674509
0.697261084811948
0.611678455578769
0.595589335639025
0.592196441155048
0.636302571957754
0.61332574951353
0.642013665638012
0.733497185756534
0.550065124548276
0.742376460177711
0.544528410173188
0.599845553785569
0.678906334886655
0.593867126251863
0.587709301409738
0.771858033029593
0.742768382835524
0.59436133911037
0.6697831039056
0.675977440727926
0.719009588459215
0.697753021710944
0.679826360641491
0.754357733624858
0.769020702820198
0.739684476863503
0.572692451840782
0.601513011700196
0.689480251321385
0.734693609612732
0.728623192022345
0.650941980101138
0.519763809360413
0.634310330241166
0.762565759030072
0.609537471078123
0.70909778421681
0.700562404843942
0.817379542244278
0.652979086896717
0.615348393459066
0.578910477117732
0.759453713792292
0.767566225270096
0.611148172027577
0.66393930311516
0.682377095406969
0.693311722046503
0.709092691563531
0.660839638489246
0.719524701557377
0.583363215705857
0.872423155406242
0.623119622374716
0.541980660187559
0.776406549200716
0.756269845212571
0.76824790919671
0.6745354965521
0.847720378686744
0.704560575090944
0.740888766613976
0.692627557683402
0.728272954360964
0.725434262596502
0.834659494062204
0.88296223897438
0.890292461784342
0.739331423590095
0.680982860482269
0.548679234417935
0.723975334526724
0.714769869716875
0.837654749015442
0.74260692765604
0.687072107775265
0.895268955302657
0.697328583249069
0.851426473641056
0.762701356428131
0.681824405006087
0.845513673043349
0.715041759350224
0.956339715573148
0.74379695048835
0.674727001744475
0.822265241447295
0.838695777766362
0.696382372333493
0.765252397778368
0.739554060251127
0.835283718918387
0.762928209654285
0.814848109755537
0.663667366834129
0.653577128639261
0.866149547889624
0.829225592026695
0.80817199122153
0.848792172248221
0.841982223135903
0.93023807087446
0.851766669908692
0.788553214025418
0.887714744466749
0.948526914077322
0.770964262783597
0.886510475262902
0.675781411510181
0.728895206814914
0.862123874616678
1.03277521331576
0.767631630330535
0.882438817554087
0.8249190682379
0.696536017685599
0.838588572838006
0.920731113697321
0.786575774362052
0.786868218952734
0.896630750873601
0.88519318011089
1.01358106086928
0.88417975725965
0.919937589161766
0.897743329126481
1.00073476631363
0.811779810245574
0.860520152454733
0.949609708837256
0.750972040006071
0.956272062740253
0.949744920278866
0.690526272114591
0.895625013649249
1.01478054538023
0.892682973807268
0.746178935968814
0.92526481966009
0.787192267538208
0.905529993787162
0.87359800717201
0.756336295580685
0.860433179397052
1.05868569267313
0.832138304435568
0.811148847106846
0.987084197039321
0.930112853874522
0.88035994340554
0.969364015139464
0.912769413746639
0.896411551214917
0.924421488224477
1.04169531251012
1.0434322116337
0.848884871381288
0.925238675073633
1.05991135206525
1.07831830165461
1.02134680199508
0.976801878174141
0.937401149377948
0.841760200944901
1.04269676443464
0.979966330682316
0.902285462574603
0.812034535330382
1.02817064557762
0.996720171770463
0.78663753402388
0.760509222740606
0.820688552141088
0.969920543476639
0.83079180236717
0.965013765882613
0.819379817754281
0.976050888110187
1.00921077569725
1.06684779761464
1.01479258342138
0.97897358477892
1.00179170307719
0.981877218070489
1.02601620492295
1.02074558358152
0.964008465455249
1.03989478478063
1.27696158180929
1.16060412930296
1.01903388720665
