"x"
-1.1263897574129
-1.02017690307547
-1.03492462645975
-1.0267024946867
-0.922415920406347
-0.998909028135701
-0.900186430378672
-0.958728012957418
-1.0954938482365
-1.06381285928629
-0.997108318539794
-0.960946743119606
-0.914482797290775
-1.05265895824063
-0.893974355921484
-0.982786227661234
-0.892330231947591
-1.01376763653432
-1.01537750158827
-0.900228821490914
-1.09577618136297
-0.99294455818738
-0.883884886233983
-0.857477155372361
-1.01147296867099
-0.913232879884142
-0.898548476451643
-1.02579363853157
-0.967306242111242
-0.915017719760328
-1.02977894609325
-0.875883897292933
-0.895651125874458
-0.811995361430556
-0.846984969120503
-0.890953371192306
-0.787152741417071
-0.908137183041697
-0.885259533876668
-0.972315852916834
-0.893146005017845
-1.06946744017559
-1.08679818639985
-0.946240501869769
-0.839551016033522
-0.92263818867035
-0.988794920169046
-0.857966035146071
-0.791260932412938
-0.893851368393583
-0.890520369986399
-0.870920557867831
-0.85309398144047
-0.846336896297632
-0.855219514557908
-0.851103683685365
-0.897487794304506
-0.835193962817435
-0.991801049872049
-0.946358049559638
-0.861247527270831
-0.866943115083377
-0.92000559960406
-0.831042968747485
-0.882026780064418
-0.934120025689312
-0.926679099835618
-0.808915801559257
-0.916190370311416
-1.05167399781866
-0.95683487763535
-0.892293382440864
-0.966062823330395
-0.805757289838731
-0.837270051936153
-0.86464439692127
-0.878337335078288
-0.901033598135008
-0.889420577501306
-0.665348349409998
-0.870655252532869
-0.842543508491744
-0.818134334397694
-0.839577098005463
-0.920348449519466
-0.835780684378521
-0.796741360543878
-0.868853411875234
-0.787546504164372
-0.92705879753103
-0.801377093102242
-0.737537082892755
-0.871759015730813
-0.842270519115578
-0.767347941571269
-0.862354877406688
-0.845390603008144
-0.734474071802927
-0.797067495728648
-0.715555942645164
-0.841158398210897
-0.755371325667399
-0.74616746546454
-0.68721342549493
-0.710804499906454
-0.906242378114246
-0.617298158192701
-0.682373269329692
-0.72303461981442
-0.805441682037664
-0.837451593164914
-0.883777452071148
-0.779352041756785
-0.826700511804369
-0.862352559547555
-0.822217512514866
-0.881055024815757
-0.59356256613391
-0.776179448473256
-0.755168741288033
-0.761925660201462
-0.889560287290666
-0.811827063997585
-0.588294607110153
-0.472195066052406
-0.666079279802503
-0.711636394069976
-0.739160457375435
-0.769035875001369
-0.830197347870239
-0.761473274415331
-0.724787515528608
-0.746900372101725
-0.696756542952499
-0.642924003569579
-0.793013277446422
-0.79183912919077
-0.81978856006361
-0.592565686086985
-0.666820934672258
-0.646046424095533
-0.740798147623107
-0.691475202253851
-0.709770608831301
-0.636514399718291
-0.729045755372636
-0.786163388850789
-0.764108262944352
-0.630817336496199
-0.584101652075805
-0.56690409101349
-0.643927473879694
-0.672074826511515
-0.608159719720503
-0.689391269152346
-0.692481347006258
-0.849249491593311
-0.775943544852841
-0.55936166698919
-0.66148958861662
-0.681473430258416
-0.691664463297889
-0.810873542228898
-0.817944936098775
-0.707524901803901
-0.814655173623933
-0.609021757383844
-0.542040207484337
-0.666761556939459
-0.534261445934055
-0.634734464330087
-0.639797401652843
-0.660467641178632
-0.594511694983988
-0.641036507145911
-0.657358473684991
-0.555808012026297
-0.56487522584056
-0.534541165939368
-0.74550159763336
-0.681616290166393
-0.688902493426148
-0.640834894564035
-0.598819577259181
-0.584092787350023
-0.614274056215155
-0.634348867603529
-0.700331514085985
-0.545008770350497
-0.691089575398132
-0.622220621890957
-0.584194998400955
-0.609825804878211
-0.463970095286694
-0.582224190076226
-0.618737946593829
-0.610121565877524
-0.653410834798459
-0.672964631246128
-0.554997944583043
-0.568968394343538
-0.592748377331582
-0.648509310825777
-0.6104535019926
-0.492577579083071
-0.647070588574832
-0.556816889959462
-0.541189925099212
-0.434987582010536
-0.545838476745233
-0.581501699495292
-0.514470348431029
-0.437563201854398
-0.502181997713168
-0.560410036570005
-0.487117632711067
-0.360332074627152
-0.546679636836572
-0.559533555089812
-0.489542539740431
-0.585515310572099
-0.537401466934841
-0.709037868077508
-0.550269784193676
-0.592751946605111
-0.434693948083423
-0.467399206369301
-0.673216747115458
-0.435633368527422
-0.552711002614545
-0.547842247350314
-0.612343925899411
-0.443276595814053
-0.561634749254501
-0.544999685893614
-0.536472283259365
-0.362589034394767
-0.4258889872286
-0.535135707748012
-0.520140214505561
-0.477858009629993
-0.539321991235138
-0.685682620619197
-0.567465302876691
-0.419318004896769
-0.705367431443148
-0.30252018460002
-0.589795955031974
-0.493709722340404
-0.542107978149177
-0.397113233257808
-0.634484881326687
-0.343029641268147
-0.696279070729555
-0.589437667383934
-0.443636933413853
-0.465350862761577
-0.522499546784742
-0.49303566472974
-0.494632259545338
-0.419206743924213
-0.525683529096107
-0.482405814422186
-0.283103879062139
-0.53622811977787
-0.624752179202765
-0.462818203157707
-0.428480587949983
-0.499731834435963
-0.487127126038237
-0.327706541515938
-0.376940133918284
-0.554954072429799
-0.593142421983641
-0.346958313220901
-0.367849343024215
-0.340725848173179
-0.407560182631896
-0.605740982609164
-0.510651455114515
-0.547152091097205
-0.300826809356634
-0.53913022762388
-0.392946725575956
-0.349377092307541
-0.323204810488504
-0.317071202627444
-0.644043800390436
-0.35585511796535
-0.53550401833388
-0.66584045393667
-0.33635819952118
-0.54402295543261
-0.452384969210909
-0.42995047765708
-0.402784235708018
-0.414417419466171
-0.448809485387078
-0.407480928998535
-0.310580028123911
-0.334827635190145
-0.536661672735751
-0.437518028584648
-0.514534780422146
-0.496564873446426
-0.401985247446098
-0.366031072933382
-0.300954191040221
-0.445605035923179
-0.308266751863141
-0.445236399701002
-0.392979606680423
-0.366319448649183
-0.430137132359529
-0.299476444722196
-0.480436660058585
-0.225165657767785
-0.249163128880738
-0.328022154677331
-0.491124565735615
-0.325988523436137
-0.429922085550586
-0.427775046704706
-0.354453298742151
-0.488150283147779
-0.309789569417278
-0.214436212993154
-0.324294516645599
-0.41127950717852
-0.299802243667634
-0.344897871905349
-0.352259648206133
-0.306346622963976
-0.146113704496686
-0.442657148001844
-0.289374195399987
-0.299210123124515
-0.393016706536816
-0.538080721571174
-0.339078394831517
-0.440356400650661
-0.166116481061096
-0.316600029679453
-0.325067685494038
-0.209180932872362
-0.12103496137046
-0.343494062434602
-0.160540776368792
-0.396571053206486
-0.293074399505543
-0.282760729113833
-0.414529035773511
-0.117531536241052
-0.211876358578174
-0.341696607634178
-0.322721173309983
-0.321266595932137
-0.341887031887775
-0.305773866014338
-0.334836902764183
-0.243942694042357
-0.395994143854926
0.0179162420035965
-0.40642566723979
-0.193650688577116
-0.330252795146441
-0.297147130915765
-0.0979975042188802
-0.343634996432312
-0.313416073221874
-0.289791366595051
-0.0995193924881565
-0.208339491127616
-0.157868646107755
-0.197784628386882
-0.181521424226507
-0.202748484375714
-0.226955654933904
-0.244479742057394
-0.451492716313777
-0.249516653417559
-0.295798191978777
-0.187711094415881
-0.0632115530844032
-0.333777264055806
-0.18102021932092
-0.335839630507659
-0.260913073279181
-0.272982065998361
-0.310736829859551
-0.237629755642031
-0.0861433519511962
-0.0867492961296262
-0.180226191779986
-0.259626897489265
-0.192763537266647
-0.259893389758401
-0.324936511310273
-0.202520047397333
-0.284231915193127
-0.185517642569591
-0.287327443245154
-0.125117113755635
-0.364277096925683
-0.191469725041624
-0.204440329360026
-0.266653987338937
-0.167065501673668
-0.201887783211368
-0.137735119050264
-0.179479082791734
-0.0748389039231736
-0.0088947656252952
-0.17336165793463
-0.131926106392116
-0.0370231376999766
-0.213749786852933
-0.214850634484732
-0.203928115663916
-0.207799686329256
-0.0958247176071615
-0.248870199882624
-0.154206028630638
-0.0849220227665755
-0.261948633665016
-0.203048567168051
-0.080974219611642
-0.040890951981018
-0.136848867006927
-0.150081841562218
-0.111570996258996
-0.157750343549472
-0.265496263939858
-0.0930112600424104
-0.090735312945096
-0.164643215768914
-0.22917848166727
0.0304366856925689
-0.174442599150236
-0.160807688372155
-0.0831985973119241
-0.0726872695239862
-0.0176679558145209
-0.0049244140275288
-0.152238608650986
-0.182590084086612
0.192622095679084
0.00403077293773083
-0.0693469087565112
-0.283083402033088
-0.183966698217502
-0.250823913203373
-0.131316243949668
-0.183347701927068
-0.0862490851983631
-0.161970129508195
-0.0436848361807532
-0.0976826083862825
-0.139988209939211
-0.0905919034743455
-0.0392813100816803
-0.0365015489559818
-0.143525931074289
-0.161249484392976
-0.133084574242398
-0.0219637438799805
-0.0348962329647694
-0.0857676747281177
-0.00262567404722928
-0.111526581048815
-0.0307879474888926
-0.0419971324513617
-0.127212746115681
0.0504834114496723
-0.0638598395559065
-0.104883815829611
-0.0562925882781701
-0.0224590501951281
0.0413251692038394
-0.120495396306252
0.06050281048215
0.159912605069715
-0.100690789915432
0.107585712412671
-0.0626541185319826
-0.0111334005302995
-0.0702205514896971
-0.00774293661687927
-0.0349178584217531
-0.137896657596297
-6.43429790867854e-05
-0.0557305919332098
-0.0451901328095429
-0.0161146966719763
0.0988156553804369
0.0776978275991676
0.0072387806829846
-0.0680000993986551
-0.0312671224469855
-0.109027689013216
0.0264951098518666
0.116218753166602
0.0088238837314245
-0.000541125168051675
-0.131769219634953
0.200353121920611
-0.110949299138421
-0.182306093363345
0.0836969745440195
0.00742407968063403
0.0424670554843064
0.0868075668635767
0.032292040761158
-0.0392042503472278
0.0424791089639783
0.0428961373648769
0.10112014669419
0.115732829781391
0.0662347767342429
0.0295527610555264
0.0577872078132283
0.0865821257549409
-0.108789307862442
0.181728698019747
0.0694192822863344
0.0432384216713757
0.157068502172581
0.0851819307959724
0.0402043350885704
-0.0242894652619347
0.106568444643633
0.113717110712397
0.108856545381928
0.0782806466877391
0.191153625209952
0.00974937951541432
0.030182100421855
0.0191338275606499
0.129110340648511
0.143262195110856
0.112303382479238
0.238907994986063
0.132257547202263
0.0342851066036913
0.055367985777462
0.163889725231415
0.102701475173009
0.0381289001804034
0.029649854532373
0.0407634473724508
0.147382170215905
-0.020992145901617
0.0939457199695191
0.00208800690712906
0.186252232049172
-0.0555955363487664
0.153534818819556
0.160839797764234
0.110130905834192
0.259433730929515
0.290209428568189
0.224776517175383
0.1396975158958
0.141706169376332
0.0414433270218383
0.194218719188885
0.0825882557519927
0.05573499751124
0.205477550699058
0.0348498767588794
0.168731238168013
0.12878491846163
0.0560521556868441
0.127440327839717
0.187641954027705
0.0885711690494778
0.265317473410277
0.267959670680536
0.0977492761695158
0.10427581277961
0.0832177958691186
0.0975669728835508
0.213317402425238
0.170048000655373
0.165533825870104
0.255008097093524
0.0640533899851765
0.343336041317584
0.243493468844102
0.136110729913417
0.203783899143633
0.131629311308073
0.200561100610388
0.273864118944199
0.0637838402307823
0.227270309193417
0.175434583765537
0.0362122501616546
0.150854011991759
0.130233982522376
0.246431593511779
0.153744095145345
0.284968363078404
0.256285509118472
0.141049772564205
0.41006777662616
0.305948679398838
0.0702179474726236
0.172000537923966
0.123322796752316
0.233979081596362
0.279084673498504
0.249490727436615
0.317750537917209
0.31435931746188
0.253714044457454
0.285893836390272
0.304657856125728
0.253696076407294
0.145780767853778
0.182956021810667
0.257354521841768
0.185748402083218
0.306465975376854
0.287177193938477
0.338712216375849
0.277945637606136
0.253303013562555
0.255334612745242
0.325192555207274
0.301209349903374
0.340389459481219
0.287523987755983
0.304976283670706
0.300077399887938
0.229920570773625
0.325824023530842
0.34321753263098
0.25173093347283
0.210109500597321
0.298452487763866
0.327614568899907
0.388655552104233
0.437189356475396
0.281959786289414
0.258921870538386
0.299203720464735
0.374097185643599
0.307953118560156
0.168811135364918
0.334093007574679
0.171919289524733
0.254964295954954
0.281823973013729
0.251197504777359
0.375867646064081
0.359899298172749
0.456809051441403
0.207759879717575
0.341037171754742
0.289324717002644
0.312267275265307
0.261444597371625
0.260418166650279
0.237437998311963
0.401768013424812
0.429605102163447
0.209113904618718
0.336162646505439
0.220692510634538
0.24859891141487
0.196499443801779
0.271539394125741
0.409090920106328
0.381341792538636
0.32523763387865
0.324483179789813
0.245797889392497
0.487893148633693
0.414115905329766
0.557551772907601
0.506483524416466
0.318207807947301
0.389860418319069
0.488532745989671
0.345722907796604
0.444103500955206
0.524157293808544
0.277096268420218
0.350484386274905
0.461850322626339
0.355684782543343
0.352197554158597
0.51264018007194
0.390354181687959
0.292633682259613
0.236453348475999
0.423171798558016
0.319793329570854
0.310315533397819
0.381819491780028
0.330123782343219
0.42722625165145
0.422425752072383
0.330233748171536
0.41034477897649
0.272362512764208
0.400573000316032
0.343843930738053
0.533211475169495
0.462947663594628
0.498089614885601
0.407554843152769
0.381447115360333
0.262246829815618
0.443414199601627
0.538466369216851
0.386072400935776
0.364705083251362
0.473050661795729
0.484643783719858
0.453586740667078
0.370726935928721
0.49055093441978
0.522248274729841
0.487289284603468
0.300581802814092
0.444504867551109
0.438153786364955
0.573174120761141
0.543187730462415
0.387227086680016
0.414113934044055
0.481365982175783
0.439874357007435
0.492639379972266
0.375659618203494
0.457984899190686
0.462303891206345
0.578390279130175
0.527434571794145
0.602915899252702
0.423875661120576
0.548235905288975
0.523789666928358
0.546362557036748
0.487536484132372
0.618721490406659
0.553783220311588
0.49701505986987
0.35931620222869
0.347597667945725
0.474313157482243
0.398258471927249
0.576203282667664
0.451056126359313
0.601780075417115
0.525543927565452
0.476845237825478
0.712006718387931
0.626885712085303
0.635241079304098
0.463323934284515
0.523207034326992
0.426892482653289
0.561705923149203
0.515019385363401
0.51258955340925
0.634822909105115
0.583835981740331
0.537321493903038
0.502862240417282
0.66887845129666
0.582802040083997
0.539889238983523
0.479197345640873
0.649034184427571
0.601131991195348
0.626998041301663
0.3808303097719
0.510064172490436
0.695458575705953
0.547782718035938
0.652505989641236
0.595556645301945
0.635849664420698
0.597549964773155
0.701731779160935
0.61296658225751
0.617908631246113
0.685849476707482
0.525726711142892
0.562320500214509
0.567443845706797
0.506072169754823
0.533060183002144
0.542079158231645
0.615830285972491
0.636668011021083
0.487009446293144
0.614779166891419
0.477116097598016
0.69134134456432
0.652956150347845
0.539514458548787
0.572974048606665
0.461832057160267
0.532515973252897
0.640701771149309
0.648735270700462
0.56814811833771
0.664369778944009
0.536803726730256
0.679208533435286
0.755326499737635
0.41897871951122
0.504130488753759
0.544822400725455
0.643072130483356
0.630559669088704
0.572362014516027
0.57022468040201
0.631557687503261
0.647004305262328
0.673669928877138
0.748099536181429
0.592165631167022
0.747599167033697
0.498386091106758
0.622156321799422
0.718503715309342
0.72082871486952
0.617717449064671
0.541420631546874
0.753408603501756
0.818105726180916
0.609432473815469
0.821514073016355
0.77699627510955
0.61897539649862
0.685396771333352
0.830245350497192
0.764706448484768
0.613462838535071
0.644182278182702
0.659083673923515
0.659756432340589
0.653875854786352
0.582396656182265
0.736402128085921
0.536036091894526
0.784889196385955
0.824199430828317
0.678024604221924
0.597732983416009
0.663377040905728
0.695185102286495
0.646271315820515
0.653450108116985
0.62504670211169
0.656637933869
0.598099871270193
0.787297295313906
0.714402097281148
0.673529490596357
0.710132437072538
0.615238858717024
0.566574289816169
0.727413272436144
0.83747562345777
0.790297423179328
0.766412518081252
0.607146843490447
0.797755565418082
0.53497014038677
0.875025040279357
0.759665572037009
0.782698114216945
0.651936457929063
0.641323712278742
0.622929915667893
0.854097331330373
0.666857322173755
0.880516908696994
0.791860241531775
0.720972033214899
0.777265189540132
0.671732326677858
0.754861689703953
0.77240576536631
0.69733002129302
0.704037096833632
0.793573877229718
0.7544692964519
0.747952236103826
0.800693239832211
0.837117581141186
0.81434767249761
0.901317921483312
0.820030381260495
0.86823302879888
0.869298745986044
0.812929543731636
0.808943363741843
0.736459802780923
0.617332639520196
0.942547621222138
0.853469798717417
0.888851561261909
1.06469460110765
0.902563808077451
0.841540278182144
0.779950982632157
0.827986492279877
0.928077832853263
0.772708159702475
0.793871610284001
0.876399735349634
0.98303906791529
0.822802150861222
0.832545760067412
0.756209051639167
0.842046944983387
0.877438188341602
0.876351529942625
0.89192914268474
0.722227280392664
0.730006604146689
0.867241553121292
0.870523232685113
0.965475631469097
0.801047006270046
0.960860969674653
0.867511398129196
0.932826736751241
0.817617896377279
0.973960594981459
0.816622817787013
1.0608011975227
0.754097814825414
0.81860124113279
1.0371072386145
0.837218630404959
1.00985600936674
0.936466473593273
0.834268350057387
0.767999166182216
0.947624125571797
1.0503327590556
0.766961989590476
0.941127976404094
0.877124641248144
0.842948705644025
0.975460783499238
0.994506598282073
0.913942193142383
0.871398126911202
0.8830571207217
0.997379409505063
0.840343485810211
0.824286490557672
0.909092961634861
0.91992206153706
0.819924713014495
0.932241825735267
1.02084513634293
0.932534760035616
1.03045863986807
0.904083663397389
0.8367711976857
0.824179522664915
1.0051427267959
0.995140937666005
0.838549711207187
0.943676135186873
0.921991018507113
0.914459511310088
0.912197269953275
0.914382888363761
0.907484364255195
1.09017175779453
1.06320386361098
0.882934895970721
1.0049581574941
1.02600467929958
0.908629325405421
1.10044105924845
1.02235760180311
1.07467823351339
0.987313617233041
1.05619342872906
1.04383976635998
0.894225014458471
0.939912653002545
1.02957347751149
1.01870210386616
0.936649434926021
1.04554303982976
0.950430630262332
0.93071575765839
