"x"
-1.18070026460739
-1.08804155327876
-1.10445023449768
-0.892658725635023
-0.938976715014794
-0.937375147678008
-0.994956876921637
-0.91645844805179
-1.13957532911477
-1.0046948802949
-0.991731860635056
-0.998082756012502
-0.906654670897098
-0.873290678482896
-0.935370980673673
-0.995175534744621
-0.988978886903157
-0.97453689021556
-0.944550900725822
-0.88590565704521
-0.938870673880607
-0.952610039137789
-0.846986397335283
-0.902277261221228
-0.973191607836027
-0.832353351852221
-0.923530172327264
-0.882316074970914
-0.943684306493679
-0.970451395452817
-0.973074806589963
-1.03360172899246
-0.920607998448087
-0.922789945948102
-1.03003240138295
-0.951986455078895
-0.910837509715426
-0.913352259467737
-0.814657149987388
-0.841781981758772
-0.916997271195873
-0.789971205978263
-0.791708238869737
-0.815009506358762
-1.01753778431091
-0.874496445775183
-0.896295934092427
-0.937629386586118
-0.890475449581802
-0.864925671744807
-0.795521197852445
-0.981166963980246
-0.863517946076318
-0.888482453789555
-0.900995553184122
-1.04596277460463
-0.932597763502788
-0.898352112771744
-0.964249435667052
-0.925368993062912
-0.711319767844293
-0.928842088491131
-0.897712046164977
-0.751374146779781
-0.819097624201672
-0.701897962916923
-0.889825550859505
-0.818125576860682
-0.82998931377861
-0.81580318385602
-0.8714218901049
-0.841544899236362
-1.05513446626711
-0.964326951459837
-0.932783277794363
-0.923558952836791
-0.843819554414315
-0.717079642004053
-0.762309754435446
-0.823321306883263
-0.816288604246812
-0.837400733396628
-0.85231188031247
-0.82541340523738
-0.793723832605226
-0.743271635177428
-0.795684729316275
-0.889607818643617
-0.875699911332925
-0.793907131321216
-0.72482577845809
-0.723705038339969
-0.761486271098774
-0.644833798076927
-0.820500262708457
-0.917643180368468
-0.857609337386527
-0.721422294049953
-0.784983123170279
-0.724690156375183
-0.879286620562954
-0.801906812790503
-0.841349233685422
-0.87258497855137
-0.843050023130474
-0.874243264879191
-0.776537093230048
-0.801161098779277
-0.827651804517983
-0.781631926446484
-0.802021583138528
-0.803021074995272
-0.771719016714075
-0.622082123151738
-0.800547367324079
-0.892184901164054
-0.641273171353763
-0.701342788309989
-0.648804834907441
-0.653752926348751
-0.674003129606855
-0.790071907511149
-0.691780782425429
-0.793759059974194
-0.723237065822954
-0.693745478478032
-0.721805243714992
-0.577493593944313
-0.667225744514455
-0.766772150721558
-0.675735434586298
-0.885099820905538
-0.621967553762729
-0.640585966139106
-0.724489541032271
-0.79110849454523
-0.757706300028133
-0.706122889269819
-0.653662695016727
-0.782615303165073
-0.695310229444389
-0.771810478718415
-0.799211753621715
-0.879055046979662
-0.632206355272109
-0.761245170259688
-0.62159923621185
-0.760305566690048
-0.752418829487382
-0.729759090772099
-0.545281541366447
-0.640489079962889
-0.756293027444719
-0.598295820636505
-0.765439244211148
-0.718792102235751
-0.613458606529211
-0.728876743730527
-0.774707448554838
-0.74594464172574
-0.674517745727444
-0.775295144807838
-0.593093000186354
-0.595303463196929
-0.675828758063407
-0.586290771702501
-0.556631662225022
-0.71461195195898
-0.539905832488793
-0.752673518878217
-0.718920750447753
-0.658201689187823
-0.763391310271682
-0.552253190330263
-0.719746101265655
-0.658632580734835
-0.657908092161889
-0.615376695947769
-0.685095459603084
-0.660395811635645
-0.685038140569813
-0.608745167943465
-0.591237748537576
-0.574864837490733
-0.696966876817625
-0.646081206918275
-0.600106845318361
-0.657930640261756
-0.663206624894656
-0.832688822771575
-0.53597973138591
-0.674457633937575
-0.636247001229248
-0.637417125596881
-0.633784122571126
-0.665342412256308
-0.555425213785466
-0.743285505105403
-0.536087587482105
-0.577676688981074
-0.589547382507418
-0.69339323982929
-0.627266720269868
-0.644999292890166
-0.629943802786536
-0.665203221809061
-0.410527004048399
-0.508877812739288
-0.76063047497993
-0.646615440393718
-0.553305591631421
-0.493649361797769
-0.539680665445987
-0.538415472741809
-0.699130818232715
-0.418687198541205
-0.417875059477523
-0.721503801643633
-0.613706093573773
-0.539003718103199
-0.53199813223306
-0.496021102154016
-0.648761457468698
-0.423884115171401
-0.470661738684884
-0.657573248240167
-0.672893315387267
-0.485809272029986
-0.39644392469006
-0.4336087617682
-0.600510102127031
-0.547622152031024
-0.382747049164169
-0.574531267139607
-0.510923906137727
-0.568194546831041
-0.587680108017337
-0.416401239771396
-0.588264539829335
-0.51216453028068
-0.56574983200027
-0.407396081803512
-0.577481348966329
-0.470226482683066
-0.383686325341177
-0.517740891616868
-0.574543281264147
-0.569146081729433
-0.439810380872499
-0.478958352990603
-0.565290843222665
-0.529006466646784
-0.543088827138267
-0.54737865375883
-0.691553062731109
-0.486766296255889
-0.40762694370352
-0.352276322380993
-0.474487163561823
-0.547877704875538
-0.46297903363144
-0.443299011480373
-0.543342846592383
-0.386937431888935
-0.492418816402254
-0.431703513212803
-0.448632194620305
-0.481268581476978
-0.37654262173821
-0.366086639833894
-0.478904436858541
-0.535341647300688
-0.476239701365889
-0.304237584795146
-0.442009136784659
-0.430632039385865
-0.398186307282509
-0.522454221228575
-0.550126708283012
-0.432823466174279
-0.315959883017243
-0.375813332771022
-0.531901998720126
-0.411174530264917
-0.410413502887389
-0.354790151163233
-0.455927120796557
-0.463066493076575
-0.30217377572257
-0.35132071787124
-0.397022042837415
-0.582003486542225
-0.379732718655178
-0.391759906564065
-0.415745070422375
-0.31423152334508
-0.540829723434488
-0.369309105053581
-0.477828464755237
-0.48353019422218
-0.349239677538948
-0.403037809776625
-0.335292495744783
-0.388622122528937
-0.198689793955342
-0.243883642518933
-0.376458827255247
-0.439032999275132
-0.311414957003858
-0.478264326148176
-0.318498983002855
-0.569251676037693
-0.478832894637072
-0.238204786664424
-0.392408651660311
-0.286777235616165
-0.378165486515442
-0.533673751947263
-0.253071910836396
-0.305411867099952
-0.303962268415675
-0.348399895135895
-0.239087136150884
-0.219692812138737
-0.352625117742835
-0.324301598406195
-0.36730373192222
-0.288044424148036
-0.489764574942636
-0.343630995872718
-0.347310137281547
-0.311355715477937
-0.137819492673354
-0.407681175819092
-0.452680037863504
-0.439136940303887
-0.339139605062547
-0.395151066377527
-0.284747241962531
-0.396631102900568
-0.294542117734358
-0.416691602697623
-0.334250731464382
-0.273396823953652
-0.339298862412729
-0.274505881504126
-0.428368406583276
-0.294877512112366
-0.233512656821127
-0.271573008592532
-0.48063117822781
-0.348814388739527
-0.269019364966286
-0.218168172404479
-0.303700546889302
-0.336350196596363
-0.301833182042951
-0.355349951149619
-0.198753194443645
-0.32182728411051
-0.25045271843012
-0.381102997767003
-0.375295504121575
-0.328907181828898
-0.273363567017965
-0.388166795715238
-0.270019941333232
-0.261277367700155
-0.143487551680347
-0.132419643622233
-0.162650672919829
-0.298116960279036
-0.311675631508458
-0.209658745450376
-0.293733049452741
-0.170014582033649
-0.278125359671245
-0.0559713702388881
-0.260376634329368
-0.453607420123296
-0.325933835222119
-0.241170044440901
-0.185373430287116
-0.400805312414357
-0.364734052903959
-0.266392988803129
-0.148934914744102
-0.155518046282449
-0.250621132842738
-0.166318464222968
-0.284582080915575
-0.14810489339643
-0.130847818101523
-0.376398464552789
-0.159460509358116
-0.308794209958397
-0.197649027654063
-0.172362305480829
-0.187737905197086
-0.203201503164146
-0.107062478889323
-0.189255989841153
-0.325646325500161
-0.228504937008776
-0.0835958173544868
-0.334029729213027
-0.160857992543302
-0.215018331366854
-0.0142757588715611
-0.19997098890395
-0.155608171988167
-0.0840771346011196
-0.239288188989047
-0.200411253924535
-0.158086359568639
-0.370416179982566
-0.105450251151553
-0.324471040391289
-0.137683736507305
-0.0910934784858463
-0.237977051047005
-0.147797865669868
-0.219047291398854
-0.24218697073557
-0.268953448679195
-0.105653223358695
-0.11500063668893
-0.0254607067367626
-0.163228201521308
-0.0606565875846275
-0.227809743512782
-0.268270261946679
-0.233702925189254
-0.190042433537133
-0.244249162289111
-0.0445923203606672
-0.177665268613706
-0.0187870166834766
-0.077513335677438
0.0299106884268619
-0.00906315090038644
-0.113101626346877
0.0174216509419664
-0.162678247278548
-0.181763101448906
-0.13625478777876
-0.0975283118004973
-0.0172786935621979
-0.203564733840863
-0.0715448441946054
-0.13086182241002
0.00387059276892835
-0.188776787660186
-0.166043741938089
-0.161747820027925
-0.0485373989220499
-0.0844319647466137
-0.032961484706372
-0.208315073718656
-0.207787590162873
-0.133620448415292
-0.0451834324235153
-0.161178796483532
-0.172436552439681
-0.171817452051783
0.0257270240688169
-0.0846360378722761
-0.0620993623534197
-0.143875609548317
-0.167239867111077
-0.159686075182845
-0.148394869996332
-0.229979421374039
-0.125510123372357
-0.062505133571283
-0.101292316977336
0.0927755652391624
0.0210728720015098
-0.1428198360473
-0.099835860532846
-0.114870258697482
-0.0302110107763463
-0.110518558174195
-0.184359836112178
0.110262960677704
0.121054358770656
0.0687856006048646
0.0538845635380327
-0.159759077051782
-0.0430891584170577
-0.0506637487987736
-0.0225518661425888
-0.0216224573905966
0.0186408401154448
0.0455418507962506
-0.156452371593596
-0.183439963911211
0.0940104827825849
-0.0793724438444076
-0.0122244951323029
0.0560503772271234
-0.101136002701042
0.0648185311252053
0.0571114092693372
0.0195433676235322
0.0241789432207533
-0.107157464622956
-0.191304626693662
0.0964187291734084
-0.122731273829587
-0.0322544301378102
0.00176441933484197
0.050564381536869
-0.108861715977918
0.0344715460111122
0.176112347065082
-0.0393176623711862
0.0487301521400737
0.127634361935716
0.0756150654361682
-0.0267292375083182
0.0967083510599673
0.0182109458575403
0.0327758666047659
-0.0306554922624316
0.192150594076364
0.137463631433081
0.13651986920799
0.059626614663083
0.0810990565046361
0.100148629067981
0.0449742074334596
0.0213173777827033
0.127583009612282
0.0515897894203763
0.121739299022232
0.0252811038572086
0.0262459121044952
0.121105064830479
-0.0129048510144995
-0.0122459281599748
0.136850329680007
0.0961279699175157
0.0121295398982111
-0.0626586617589916
-0.025494001379363
0.18968604461184
0.000155255816680912
0.151180443530901
0.0255213358197266
0.0479551643378529
0.0900388293594533
0.0122227295393796
0.173977238153827
0.0891846618648009
0.234405927929102
0.0289832913888115
0.17728734785405
0.018196699557695
0.162696565921322
0.0480183655231686
-0.0982216887313979
0.126740571736647
0.0878302927777877
0.200580947724401
0.256733442529247
0.23939986605204
0.0210797535111803
0.124294794175976
0.247635814023874
0.128343513332864
0.109716286112385
0.138407479745511
0.0981799373201228
0.159734476040815
0.15046858129447
0.0327773016702604
0.142719504833277
0.182334721926062
0.0782203623382557
0.324537567196142
0.0490290253335666
0.213365963019606
0.201960566948107
0.156112353832514
0.0910372615640877
0.222172487358274
0.122470929188183
0.152067738087364
0.307595913510092
0.303391947605051
0.258209245138468
0.0994694795193005
0.0668579071603931
0.147408898017933
0.177955267898569
0.119931803797817
0.213607336503597
0.136818964537702
0.297023542897282
0.113733107897351
0.0694450037169237
0.203194666762244
0.179986209843286
0.378811958985704
0.320958805616342
0.205035756147241
0.338230675999768
0.227141512207757
0.245871729617957
0.263130457615848
0.220785916104623
0.210971584540159
0.13474016587202
0.255739499374548
0.301121719860017
0.289332515297187
0.235871481321209
0.354113136316131
0.26288138151517
0.359146628925412
0.217615909050343
0.135697377343455
0.255588652961825
0.284252893303091
0.273612971013503
0.144305940982082
0.343032678747414
0.224000461500959
0.290161637889253
0.282092386645911
0.124654684637172
0.0841235570934077
0.189931784148079
0.380854523374861
0.257263304154915
0.244964548696035
0.307556435769451
0.351696618594216
0.204107794182446
0.0906834494927666
0.3778286347783
0.326217973354205
0.219740522743581
0.349590954730307
0.0761954229274714
0.33266254484049
0.204024643664258
0.228441917518888
0.282118781005439
0.27046515736817
0.27723536261034
0.391376058345322
0.326283046456053
0.418697775922874
0.385462940574307
0.45094919233027
0.211134709626751
0.396354235983037
0.279160000116744
0.3479962467325
0.212976101898556
0.396883472598931
0.219113643665881
0.531498371766218
0.464224101500186
0.27577018571924
0.341935979619367
0.380634164280905
0.372589278490167
0.254885653117957
0.26933050347397
0.324462429950756
0.347058446781445
0.403262813770727
0.37920136150777
0.259451324703093
0.463563335664721
0.450177138939691
0.421560062972467
0.49952697228111
0.490379882241118
0.358079926826209
0.405760160709235
0.53485163720247
0.174700508077921
0.364608660627476
0.430874113144263
0.25812787458105
0.302424655714508
0.241572322792242
0.527338536398186
0.380793217296767
0.308070855454902
0.471576634516754
0.394590982861434
0.404433023425977
0.380226197687408
0.420293182833362
0.330247645872759
0.503970318264549
0.402763941985773
0.444413513779676
0.391825054701066
0.449445441529187
0.345933896437181
0.393179366579046
0.4592210844164
0.374343382381844
0.403259253498371
0.429775636259292
0.280322174464746
0.404757735750692
0.394012700879848
0.486495000550669
0.395123105951386
0.47902081056819
0.364982385513285
0.433441188540961
0.44155041883988
0.304928804918838
0.385304495256619
0.545906011756025
0.464217664833845
0.551191346235304
0.617951573679768
0.43595890828317
0.446646637522622
0.35353728452743
0.55631894867806
0.452790955233806
0.345668262976416
0.569979058580655
0.509931214886717
0.486644884896904
0.586767981274262
0.442214221609466
0.533515374359829
0.537084752007803
0.561701740046383
0.438642486877485
0.563369951294811
0.409675111557892
0.549676278140793
0.411306713997287
0.386238930485548
0.450682958266594
0.701760577597708
0.517206608078729
0.490656140744013
0.443687524556853
0.479228610650862
0.584229071700061
0.532906586604003
0.397020833610854
0.588617508416857
0.676349157755543
0.446064049670813
0.462271951560317
0.424923613915699
0.391329907888777
0.506304729378298
0.537347752109746
0.491208564699128
0.518756183629195
0.495614312485477
0.45230936798729
0.443541300061336
0.540644376954395
0.521410527868721
0.600592117158895
0.621328351760297
0.607156264897062
0.37502083891446
0.515769279869384
0.574328836545147
0.600094303631298
0.58537658300261
0.429218067721004
0.546978400660685
0.628109689021319
0.599834289161474
0.545675125322272
0.651927578862702
0.566390207617675
0.552811840632629
0.622600346704453
0.574967414454393
0.68170183858162
0.574615055576064
0.616355437224563
0.376710711614994
0.438416825005312
0.590392655221706
0.559528722160469
0.609976022867346
0.52419276612651
0.564965836138549
0.531572443039584
0.555737078700401
0.610642823507391
0.559855787258234
0.446646431359163
0.830542304218755
0.633612728209903
0.587180633534834
0.596753289915783
0.72111568804534
0.516440999304342
0.692170541275366
0.614944660512633
0.602484439832176
0.590755354960835
0.627351739597506
0.608974716814397
0.633548420586831
0.719025950053097
0.567563941307992
0.734839379751379
0.545865052636473
0.598212294369414
0.702081119830404
0.600888359960585
0.596863369575743
0.738307106957202
0.732249552003108
0.61164678271125
0.663019091420487
0.676760700478486
0.716778279072408
0.717932678379964
0.655049628076638
0.759621487538742
0.775650837696522
0.737435276213717
0.577447848691781
0.607845824494222
0.718778814661699
0.751250158706642
0.735763594683346
0.674678109593331
0.540365931013226
0.642698102310547
0.771627748458922
0.601747910240816
0.705071473078052
0.701443489773701
0.820900277365429
0.649954684131444
0.627596367210392
0.589007994413862
0.764927855698549
0.746905380065539
0.614595833626513
0.674405484643382
0.703460682170316
0.6975656979193
0.710701008959687
0.65852622364888
0.720025058737117
0.602957080072608
0.860600748307368
0.617591145107697
0.534521333627598
0.76005884946438
0.741704368028339
0.781650184691042
0.681259806811073
0.837027653753986
0.691175627463578
0.726599664408803
0.70095409805151
0.738089823479349
0.717993765896611
0.808077035086861
0.884816920688819
0.885456250961959
0.725377034242591
0.651824560067847
0.573406329913946
0.712223505128744
0.732126506996837
0.841720046873273
0.777567114843917
0.695135683109572
0.888478011681075
0.70143826428412
0.871821919837971
0.759318210379048
0.680159083107904
0.846616346089428
0.717266953546993
0.949593926162391
0.746928939172561
0.644815904824398
0.829190714795015
0.82653059171758
0.700845113479359
0.776149692143041
0.741874603145689
0.859338301859734
0.776411139715627
0.823881934828852
0.667808825108682
0.653370627668784
0.867638547331839
0.847286607617187
0.800193254658219
0.874098135168568
0.84996364830309
0.925353785483968
0.828163301882267
0.80967754871432
0.918307521622567
0.95581874374866
0.767394619521566
0.90931546899995
0.685317163149541
0.738025099647426
0.852009143471159
1.01549764239503
0.767151964342529
0.883717712230866
0.820609936117183
0.682395598959673
0.837823863924366
0.942784531189747
0.800202163068587
0.76875576165531
0.892232816630626
0.870860251469458
1.0299464065424
0.865647446549715
0.896287665321139
0.88967853642385
1.00132570344554
0.814931701361796
0.85602968762932
0.944001410283777
0.765681904167487
0.963209220074576
0.941119521655927
0.674109737266397
0.875451709033138
1.04131193230489
0.912323414980243
0.743556965942331
0.95117845608652
0.818050076759938
0.893104170141629
0.858251721082861
0.754814438763729
0.851483374019424
1.09150264171264
0.849402694512873
0.831494722518541
0.984189182890942
0.921429371356019
0.891300715426749
0.971000156290322
0.885718797929801
0.881876081941023
0.9133052025711
1.03645448214315
1.04359371391312
0.824730251913623
0.919646679849943
1.09224064036567
1.07335546317964
1.02036588554238
0.985518868834314
0.939654360183047
0.834425347422644
1.03885254417245
0.974097870200955
0.915501382409288
0.809163306588159
1.02386723208111
1.01504467594233
0.778012239246181
0.76323790887217
0.819274080351005
0.957584150124795
0.833804932197189
0.948192814148373
0.827110159635561
0.972480658054278
1.00278106373078
1.05078711968311
0.994744188972216
0.989733362366445
0.987902954597706
0.972861194861469
1.02199444088719
1.02131822221446
0.970626704811359
1.05164249640356
1.27299616113003
1.13596290005438
1.01287805845024
