"x"
-1.19381346277205
-1.08243562100207
-1.11068286263595
-0.908441066983232
-0.937140190779752
-0.950114486393106
-1.01461066144768
-0.905595482154671
-1.14222296701412
-1.00972553174266
-1.00004920711573
-0.974055581313247
-0.8942632098404
-0.856003729313138
-0.914084311803502
-0.990197888271282
-1.00807380059804
-0.95033471422286
-0.937761277108782
-0.889025437065318
-0.920890938581158
-0.970824054640895
-0.851020382702985
-0.910843179090174
-0.979782628378615
-0.820866448053337
-0.931482332301949
-0.897917722569483
-0.934571612826217
-0.956824325782203
-0.973371048492005
-1.02738501483751
-0.918043282193787
-0.91738193353632
-1.04585319378603
-0.956748878321044
-0.915566437134197
-0.914530820338241
-0.820789074609136
-0.839555979545685
-0.891748695085932
-0.790973173924527
-0.792694970933826
-0.798885007358989
-1.00219483055953
-0.894452357466982
-0.898852314178336
-0.965069746698009
-0.904037603317597
-0.869360003318516
-0.796197695283148
-0.988501545991239
-0.861293475955079
-0.870832318968451
-0.902520591464874
-1.03793515414991
-0.919543271025826
-0.922701179173908
-0.952864858924415
-0.903470263403027
-0.712415901340075
-0.938382335748354
-0.905518799171863
-0.756499102091483
-0.802656659997994
-0.709579033717957
-0.888409345913844
-0.848463414113388
-0.834487252198828
-0.832458759282778
-0.864098209259695
-0.850930133379115
-1.06089972100812
-0.95618476437326
-0.957239628966849
-0.932314032704235
-0.840684296106894
-0.709882849667003
-0.781645603464858
-0.84038806036247
-0.838757616797617
-0.858716278667281
-0.86370356989459
-0.816188144789952
-0.775838072814867
-0.749586234466759
-0.821279665278993
-0.878916202297076
-0.87429505617057
-0.789861507260417
-0.718961901434094
-0.715002220329648
-0.755462669828524
-0.635777150442627
-0.818354872239849
-0.934626755750876
-0.857643299544218
-0.723413979563369
-0.799208343093565
-0.733447089817308
-0.867629382629851
-0.807264922554783
-0.826701409249393
-0.869230843517084
-0.841963111891176
-0.861513106246764
-0.783517620344334
-0.789619473986498
-0.813123789176156
-0.773126941005888
-0.80255700621543
-0.800192065752531
-0.770740711324042
-0.628130764392366
-0.797226840262182
-0.882825647532586
-0.656175327666483
-0.701399887258952
-0.621736933469671
-0.665229349326618
-0.678072020968389
-0.788555226638391
-0.709394567594918
-0.79743426285095
-0.720100530008806
-0.676392313068155
-0.708007057693
-0.57689427849611
-0.679142196738647
-0.785731755327565
-0.670154184389313
-0.882366105597372
-0.623950147046679
-0.622268311656929
-0.732688959307868
-0.787178537915242
-0.769775677264212
-0.709502457133516
-0.655614243444336
-0.758594819348763
-0.684283727609779
-0.770003276429837
-0.793423692612202
-0.865195717988391
-0.620989257651625
-0.757648105832308
-0.632595624977854
-0.763706251304054
-0.749705648000752
-0.725567021588523
-0.55399180571014
-0.637289279842324
-0.755139971987477
-0.602779991213671
-0.751502872344996
-0.716468470566291
-0.59478080347774
-0.720406839838352
-0.771091552962071
-0.737081782340467
-0.709445401384221
-0.760097625959042
-0.604527178619477
-0.598825050038093
-0.66564891609629
-0.560530442815584
-0.553771418190785
-0.715687644860989
-0.572308048873938
-0.761222563225826
-0.722025849373417
-0.653759040564426
-0.750380301539166
-0.557514616484594
-0.713071806217819
-0.678304190076202
-0.665759459424787
-0.628305033460582
-0.677904805262257
-0.667062713103159
-0.70197264037986
-0.608931833589116
-0.594991921739659
-0.565742263320997
-0.665677065105942
-0.614336953458953
-0.596479261599952
-0.656225385894945
-0.652610293103745
-0.823675082503629
-0.526226044743021
-0.685301651340719
-0.657099586368705
-0.636479977398913
-0.644927941736155
-0.673018050590511
-0.54881052508315
-0.736063033679884
-0.560539731628981
-0.589886346373439
-0.605180874951096
-0.688179184038564
-0.647781938950074
-0.646950426693015
-0.640013463344364
-0.649916489597385
-0.423391607418822
-0.48261473053473
-0.756861281430353
-0.640038536770277
-0.567756187166334
-0.467723269670254
-0.521419328486069
-0.503342099294178
-0.69777786858907
-0.416502960787976
-0.434049319315456
-0.716982020834226
-0.623554983644265
-0.539303775563412
-0.529680187655123
-0.498968932699048
-0.627478155900334
-0.419606833899746
-0.48082356956
-0.641672402211184
-0.677886330976041
-0.482720969424279
-0.391798170078805
-0.421662010377237
-0.614869622574198
-0.569165981087792
-0.372158240508115
-0.581827379223955
-0.505486919994751
-0.55362656432213
-0.582028927593376
-0.424146381021651
-0.569670669759089
-0.526051097261967
-0.555729388088551
-0.40471854611347
-0.565032661206399
-0.474583419720006
-0.395636987319204
-0.522069051641744
-0.581021306894142
-0.566791768973498
-0.421889897389257
-0.475641730501165
-0.574518415828339
-0.547984499158251
-0.518684604246055
-0.563748837431757
-0.678851515519247
-0.454614912942183
-0.420249417794304
-0.359829959611843
-0.461509077582026
-0.534462260414755
-0.48465269819758
-0.436295229997715
-0.531141073648969
-0.389769854851412
-0.486396644055959
-0.441283554395482
-0.474072029236042
-0.461196029078259
-0.358910856164789
-0.348270858320721
-0.497430723807602
-0.536285624427245
-0.464022255379795
-0.30512713259237
-0.45037927690818
-0.430527338726655
-0.377698545741535
-0.527792169491711
-0.547115542179841
-0.469292269489105
-0.329365496986784
-0.377776707423651
-0.526275934128309
-0.436680286487293
-0.368218888475462
-0.357196266287416
-0.458985147372103
-0.45895134866323
-0.322471327200083
-0.36498057391031
-0.421371817293694
-0.580029486663625
-0.394640763572454
-0.41072912081771
-0.425169390329583
-0.335583243751492
-0.544598861646867
-0.372833209961615
-0.471923877991518
-0.467802576311723
-0.323462628373515
-0.400264330695603
-0.375415413053838
-0.408750061625217
-0.226804708680683
-0.234152364319688
-0.380764048020018
-0.44737017311187
-0.304496201472816
-0.473757941095857
-0.308589850521937
-0.583283049401631
-0.464632272130195
-0.265384340398381
-0.404805292711856
-0.295993738964056
-0.398260482468493
-0.530698767870128
-0.261744143394802
-0.298905279506924
-0.31118639990911
-0.327333877047367
-0.234761831274671
-0.208096190387415
-0.334398544179976
-0.319477069401961
-0.351781682721612
-0.31712364604055
-0.482649932712611
-0.339557492610944
-0.347399716451307
-0.309804660616754
-0.144514707833323
-0.426381612182969
-0.437724294025307
-0.434486029661198
-0.350945536606824
-0.402882939795559
-0.319757833308271
-0.419747596626208
-0.286924424298493
-0.400330932357558
-0.317519736865412
-0.250094023528272
-0.341590973339782
-0.263860587042412
-0.424524996140304
-0.311205803825835
-0.257320101136393
-0.283998115362408
-0.470859344839633
-0.334577465176135
-0.260976748542893
-0.216919133546525
-0.29199219871947
-0.341736522591405
-0.292762103245817
-0.351984029789228
-0.198866199757909
-0.332432780358598
-0.248828573139515
-0.390555568107852
-0.351566167040584
-0.350919179389759
-0.273428020699498
-0.37610784883084
-0.2904371289269
-0.241569188802426
-0.157426450233732
-0.130962518729012
-0.170896928769595
-0.312318117717278
-0.311819125952572
-0.212948354613007
-0.317334130312624
-0.187432133574564
-0.277150948004099
-0.0413458367909766
-0.253578634532594
-0.449199161251835
-0.338263250958669
-0.230403404167558
-0.171338254121982
-0.396601465203478
-0.376133136066061
-0.24712388953828
-0.171963208101327
-0.143384927493771
-0.246758188395897
-0.168707859005575
-0.267986896612974
-0.138787300411405
-0.113724251721592
-0.356780280921122
-0.174028899667088
-0.303382045253859
-0.185310575168598
-0.16458381744734
-0.178662713791049
-0.212840926687832
-0.114092555500543
-0.202948631372873
-0.331060354954756
-0.2092092792221
-0.0764073559563347
-0.332691182359478
-0.185324894267503
-0.185978098327825
-0.014614167239736
-0.17756368104501
-0.150108602957933
-0.0743317154143052
-0.235342036523006
-0.182669366077383
-0.160345534830622
-0.37160969920781
-0.0867200291728905
-0.315826539564263
-0.147725060722962
-0.0870905129747763
-0.258670011831618
-0.132608016648701
-0.219702660471852
-0.244891764113468
-0.264472962171188
-0.107080348280473
-0.127761604013508
-0.0342867456582942
-0.157144057689103
-0.0520242191243664
-0.236827867079175
-0.287514474022353
-0.225643999127197
-0.163210420369866
-0.241652407143686
-0.0596812281397903
-0.158614321150526
-0.00135632759788699
-0.0641327440854226
0.0449901798606339
-0.0229876859945027
-0.109122034586688
0.0149640305607705
-0.187208795190304
-0.168458682162945
-0.1099040845537
-0.109349290509855
-0.0313383461495015
-0.175628180471238
-0.0744408232841835
-0.133016857873752
-0.043472319864547
-0.173207719662538
-0.171508903191528
-0.158568630356091
-0.066302251007849
-0.0659629362259383
-0.0343605155758694
-0.19555769371208
-0.200439756650296
-0.11934998208086
-0.0437010784169464
-0.176942947341169
-0.174902505250639
-0.155389354726899
0.0429676764859647
-0.0612798216696068
-0.0506432966640263
-0.141332441374959
-0.141601398037355
-0.138766370025781
-0.148138353497221
-0.204857247352958
-0.129264612995187
-0.0616765379722162
-0.112003025289001
0.0959085484189188
0.026674445108927
-0.143241579822465
-0.114450965088213
-0.123970358169686
-0.0197611295940495
-0.102523920644761
-0.182723314134845
0.0858368171166297
0.122313511295316
0.0537980724458595
0.0397818189001337
-0.168688441691685
-0.0641597723129759
-0.0415854862892672
-0.02455465051723
-0.0133575663134171
0.0497142474947188
0.0338793173475108
-0.155120915289931
-0.16738158127906
0.113928064735901
-0.0864043160912162
-0.0087921953258937
0.0467550871763803
-0.111779600715198
0.0493562095875613
0.056005109601772
0.012835190927249
0.0437267452807806
-0.115826904852217
-0.183395942569185
0.0999736335049008
-0.105391374168028
-0.0357504095173521
0.00795853476016266
0.0693675248756429
-0.0951483887420266
0.0266897262781902
0.178773290214478
-0.0320750031886953
0.0430921676736166
0.100904850193646
0.0788281326505995
-0.000633777714711581
0.113865023683594
-0.00574061932155043
0.0498198783045591
-0.0274846326094802
0.211757977509709
0.137071470131501
0.126048839372672
0.053653237666823
0.0871902237931127
0.0968341066064712
0.0397129415724501
0.0531780115373576
0.124596068716197
0.0422658848641443
0.130373749188032
0.0372426545697358
0.0180715359764588
0.114784346639394
-0.0169058569323984
-0.00478989699249006
0.15016228130667
0.082134147322479
0.0170351815336783
-0.0578692838967622
0.00319129467068117
0.201080644587673
-0.00628826875972231
0.147052020673085
0.00541111682636574
0.0520454261680068
0.0876509260616194
0.0231747092703433
0.171790290362981
0.0738843983815222
0.256464777666574
0.0435375936191531
0.181353185368125
0.0351677182523725
0.156089256585844
0.0519845025310578
-0.101410413064419
0.112708713592438
0.100143193279023
0.220003851624128
0.239514038248882
0.256258128632003
0.0380007099806317
0.129064493689125
0.235827563562994
0.144237997269212
0.115252003971883
0.135750956989572
0.100249147069856
0.143909046894811
0.137408795655785
0.0287071253973108
0.125456237079836
0.186511611147836
0.0902922840595264
0.339176020777188
0.0429079650795057
0.211108715212619
0.195991410527363
0.165821219863679
0.116424300279386
0.240083961749036
0.101002785762489
0.150905019528948
0.315935387209742
0.306243092824606
0.259725787324103
0.112517948312664
0.0904712401560445
0.13051846398412
0.198557659092802
0.126933145963928
0.191309542025414
0.151933494415967
0.293908842323453
0.0872937271371873
0.0782473630320157
0.218061610774993
0.172861787796883
0.386805353318977
0.331858249001274
0.195782933700796
0.36093368738731
0.232983872273941
0.239376741333179
0.248847362087232
0.238826213456654
0.200082401621959
0.143789138286666
0.26342305483421
0.309348845697502
0.283701413580153
0.229848778654113
0.350106203303388
0.248247332013826
0.362360331515767
0.216456466559593
0.142242577849667
0.237962806971707
0.286739414800987
0.278663752562149
0.157171558972704
0.341956686002843
0.224088906317592
0.307500043543687
0.281202823687224
0.138821704490321
0.071325186071842
0.18759845102124
0.401150134927504
0.278418770971774
0.263468702306435
0.298199534505433
0.361491703751397
0.218606812899574
0.08267490248175
0.371939972303797
0.291406104433596
0.213263551543181
0.361356448942037
0.0779134961924511
0.345048566371794
0.204358357233365
0.243113286093324
0.268204879549092
0.265574126191491
0.249651917745849
0.390809174150088
0.316836015747861
0.405527818274647
0.372455929336885
0.429175685672718
0.212728625528132
0.380379897679387
0.28981037212549
0.350433975241823
0.20459517955247
0.370186528532004
0.23323504410147
0.517770600883099
0.46178616629635
0.282630943133687
0.329369098172999
0.377763675545442
0.371830235151777
0.222077171905969
0.253463254681816
0.30666637050056
0.330589025420867
0.40530680868484
0.38529764002688
0.267648720198857
0.457827985612854
0.460298001078758
0.42159396037651
0.478092885248213
0.494576803796466
0.344979289965384
0.390077434125445
0.524511370121495
0.191466506319717
0.353672771002947
0.420658985653194
0.256804096551442
0.279989400719351
0.240275086552739
0.533493169121878
0.397571418061067
0.325455162660718
0.481355085857214
0.413467992013338
0.397739815842189
0.36160121932293
0.423884521414053
0.337733403932497
0.494543515474685
0.427349346412865
0.439702195110238
0.389746912992386
0.452827972865097
0.375117538823683
0.375770754286854
0.451397804241389
0.383818276104063
0.429999678561946
0.414710788053904
0.296646424434097
0.40523571337008
0.396149249835949
0.485977222120009
0.400698862836505
0.450727910774279
0.365523944162508
0.436128462595213
0.450596994672467
0.272957953536666
0.407695074840912
0.537179803123279
0.459174241013939
0.554626441722329
0.609348513608645
0.436294363081564
0.464286500061989
0.336503428559866
0.575804342579598
0.483187491330348
0.357293138077445
0.566510682623062
0.489627159579929
0.468983856266545
0.580953633139246
0.436516942893818
0.515563769373944
0.536700673541896
0.566545337551632
0.455499864176024
0.580514471869493
0.413775922472175
0.553334863388627
0.416919986894271
0.399637807148289
0.439122226466286
0.729733197180468
0.524264200840733
0.504558730310658
0.436818551472106
0.501595126816959
0.571091061055361
0.542305039662687
0.383207565215176
0.581031788641092
0.697193432201285
0.460442496000205
0.449472427190382
0.449840426139378
0.369430617385078
0.522361614340955
0.563191039382318
0.466641167899245
0.513066494618881
0.505427231066535
0.454402673581247
0.436009676539037
0.531351370371249
0.559479430210816
0.610216533615626
0.633723244377194
0.633986974248616
0.384299888242
0.536785640283679
0.580797833295004
0.596779497672222
0.584607120311974
0.428814467547685
0.561378069754128
0.637787044516117
0.605631614410599
0.537311069355983
0.65421680654457
0.561904919206038
0.540742992955955
0.624600614373957
0.54552468241217
0.672104231735868
0.560012942414149
0.599701032944875
0.384111096104113
0.456848670163552
0.615214061431939
0.550447882599943
0.613451632212257
0.533782831838709
0.559186652036887
0.541928256556599
0.554343772989728
0.607480085720134
0.564735623322114
0.436958249814804
0.824400107757119
0.658030453105869
0.572335829847287
0.593000607533416
0.709717621067651
0.52036857768291
0.714141736964327
0.592298101417839
0.620256433742091
0.589732882222859
0.615018248476929
0.620009692486077
0.627284294902741
0.734095562281531
0.56823186889818
0.726805705677961
0.559714422416821
0.603222530669394
0.694711070431857
0.582943293172872
0.583972574336403
0.75883429523068
0.732267427653627
0.628010182330592
0.64928200537201
0.673845610126394
0.715148300800926
0.690903199649388
0.644822168374874
0.761909674203567
0.766286489003581
0.723774886734343
0.565748524924108
0.585697515067526
0.695249721307452
0.755395457520325
0.731924389494861
0.642296778761678
0.5244985625975
0.622161398451055
0.785671348251594
0.601626977783796
0.734204438372907
0.693285722292712
0.816825029372131
0.651931472290743
0.63584578374341
0.600636121406248
0.77308256088628
0.747537956632727
0.611096281126103
0.666921509653927
0.698466960285592
0.669783383511136
0.698032394906236
0.674620484170186
0.737293329606366
0.582803361605136
0.876188516749074
0.639693670367616
0.541676427150199
0.784216373325043
0.74832960420171
0.755875667756832
0.672399468429497
0.83878853574532
0.689951612160222
0.742775779726357
0.702809506253375
0.732196409618143
0.702429650815081
0.829104957618314
0.871819091451574
0.886382992496346
0.738218377046883
0.66261219351323
0.56100051581555
0.734007248391027
0.736961700360572
0.831929760169569
0.759111148638778
0.698971494485771
0.884416003350686
0.69713847298898
0.858313637229325
0.773293658287791
0.680517307030895
0.834423238640244
0.710382359365166
0.957876470672651
0.732120163563892
0.668552944002673
0.822324757495443
0.830116166310607
0.706380574745603
0.761543381230661
0.73356392441794
0.84435803104783
0.761251620309477
0.828847586491689
0.69027754224328
0.649055491722753
0.87232978845927
0.826751979048572
0.80601704768696
0.840058943347989
0.84001268901445
0.925502182240733
0.827182920114899
0.785327046800013
0.897528683930054
0.961317877274516
0.781110697593662
0.915631224118233
0.688196866305748
0.742071596198007
0.862058060084342
1.03468068791325
0.75997767248592
0.878474965868791
0.825964174838732
0.684471659894785
0.834271962711475
0.918229114161839
0.762487918643558
0.76927187696454
0.886344034039356
0.869367642836192
0.99818266275974
0.89764414550786
0.91501421100747
0.923871687586274
0.996754732737018
0.802921406013864
0.860378391443795
0.953801709518258
0.766832375311503
0.968250089538067
0.947063581702874
0.687042298418104
0.876548157444485
1.01760903457436
0.918424764858037
0.746680858376645
0.942857995126084
0.783418658459956
0.884621553211449
0.870086677401376
0.74233960224679
0.868072095998301
1.05983035725441
0.827603577612068
0.819118783967262
0.989434942336886
0.944735030056807
0.873656294734801
0.96348290158603
0.878671280263907
0.882861308224505
0.923855805771151
1.023454887551
1.03594775550052
0.840982372084506
0.917930489918058
1.06607088361662
1.07911783296877
1.00965841351631
0.975785661990381
0.92281163312823
0.819106348936688
1.02650339912541
0.991095031236539
0.897497479479537
0.79847104004806
1.00767493060977
0.986554210137776
0.803128979214859
0.764827977623068
0.839433295452029
0.950922844091105
0.856646576342698
0.978910799225033
0.809780111583083
0.974119393016029
1.00218638449717
1.0806138812175
1.00820220058287
1.00581032795692
0.999449486040995
0.970757046995311
1.01929651409808
1.04231339919447
0.996705759602165
1.03561151696624
1.25241343696121
1.1506514229847
1.00105606130636
