"x"
-0.926180226501834
-0.834789392077127
-1.07204946692874
-0.850762862549796
-0.857086925666941
-1.0525645762036
-1.09235516411977
-0.934849626740933
-0.928636691332588
-0.931892833205625
-0.978215180458136
-0.987634601681631
-0.957968985623585
-1.18846504152621
-1.00813750535281
-1.00119099321657
-0.998418610377787
-1.02345829921591
-1.05627839483345
-1.02553026522287
-0.968929199131188
-0.844272810486494
-0.987332477071764
-0.850071440423757
-1.00281283468252
-0.95163897497049
-1.07548849490684
-1.01894104136503
-0.96941754821557
-0.906472846837314
-0.959254123204399
-0.818261593933274
-0.861489728862901
-0.892314343619048
-0.799981443066387
-0.88532826715006
-0.740523076156913
-0.985768222277037
-0.878596009639511
-0.879877292876167
-0.899387195582327
-0.872767681665704
-0.870214389859731
-0.906714252408678
-0.844343367577499
-0.826943863554878
-0.921534787446497
-0.941171592990851
-1.01116652877204
-0.785235903236246
-0.877377436616977
-0.876130314205681
-0.731802535179752
-0.862141775646155
-0.847315466821129
-0.993299816375366
-0.883530118440718
-0.993522964217345
-0.846801907435248
-0.902550083008523
-0.780912418726819
-0.915621728363951
-0.825471027159905
-0.921101659467512
-0.947613549104839
-0.936234786523089
-0.812708636346195
-0.919738429228297
-0.902969299988312
-0.895914108318101
-0.791971570399873
-0.825183257095243
-0.951571682385649
-0.810224785936036
-0.747591096385987
-0.843383688932586
-0.805411613225727
-0.75185894528642
-0.722267091733001
-0.868411656908749
-0.831978204732953
-0.722644960107355
-0.918936778610236
-0.773964391075976
-0.823636691609025
-0.853219121667854
-0.866553625160827
-0.843956280376843
-0.816179488203983
-0.844130497983454
-0.718822006978863
-0.901086280044977
-0.88997657796686
-0.712007172035155
-0.870625705331011
-0.760043033542366
-0.740810932721501
-0.665091993602602
-0.753006764909121
-0.872186540403026
-0.805784026390592
-1.04670114198222
-0.743200438055364
-0.761852906441308
-0.551768538150685
-0.75034837937258
-0.837498843562563
-0.830380186965001
-0.760081042140106
-0.810005472946974
-0.715043621764028
-0.793476225470684
-0.801801021426675
-0.688912739420634
-0.804023067069578
-0.82646492742695
-0.745654223748229
-0.779713492782655
-0.642014860526287
-0.839108839075534
-0.629917570972414
-0.856219731094799
-0.875710348271757
-0.679365428118529
-0.876158827574377
-0.74340588726649
-0.808100982077862
-0.594870629872361
-0.868577998085014
-0.659730916416126
-0.700134909810414
-0.699826683971802
-0.684048584052404
-0.672718898038779
-0.709664789490324
-0.677857013284477
-0.716244817160856
-0.777647104903589
-0.688532981097807
-0.843573814369443
-0.787016437953463
-0.769496393942973
-0.690667754640294
-0.809298436539442
-0.702182847790451
-0.430485260081185
-0.672123298884352
-0.763139871598979
-0.777851601528523
-0.664864317587793
-0.741790219441392
-0.630077354184205
-0.757816308119532
-0.688552319708757
-0.76100440572759
-0.693953106579262
-0.757649531794141
-0.705898939706607
-0.79785693284129
-0.751423576538508
-0.76268978031222
-0.725825754184393
-0.592523971662695
-0.653239236150299
-0.563567648742438
-0.77103707925704
-0.589583718073573
-0.662142077465146
-0.641701708255476
-0.658829252980762
-0.642897395299165
-0.695560638245036
-0.674857951082033
-0.720756226717759
-0.748178121384048
-0.640938330232491
-0.651332577944556
-0.58770528867732
-0.723791708928137
-0.671392155892492
-0.795988493024088
-0.629584368016163
-0.684403478933182
-0.545525467276438
-0.69672703159521
-0.667772753446523
-0.596507892310839
-0.516089068830843
-0.651182469827156
-0.572655689270595
-0.585734558405335
-0.484042565984585
-0.629531576021641
-0.460051775948661
-0.699895908041449
-0.543282070908918
-0.639529873539164
-0.7098334691569
-0.538767506770191
-0.540778024178131
-0.576768907640782
-0.528947753960611
-0.678531353252623
-0.610427530830955
-0.636030978149369
-0.67273343651096
-0.511511721348963
-0.705508981760292
-0.682844052042958
-0.556846914738558
-0.548026275044745
-0.570410601754062
-0.44611223747834
-0.517009764800135
-0.563742409828974
-0.460060041024034
-0.629563102105817
-0.528542098481915
-0.607705409119828
-0.491376648002255
-0.68219776536507
-0.558672417929379
-0.657578115565394
-0.47662276301544
-0.501988157748205
-0.599512702775176
-0.568232224998025
-0.501580780865186
-0.592025019100676
-0.555513403153862
-0.548914714319382
-0.492423987804417
-0.392018317435121
-0.515298967421429
-0.512766728278016
-0.518957730699677
-0.410973414367293
-0.508014066312953
-0.522622262519091
-0.452326268583347
-0.474322467973756
-0.543396259610011
-0.490637731044045
-0.635240702087266
-0.539153156669646
-0.478371232765773
-0.5637921579032
-0.493132161345639
-0.552222045977813
-0.419214761764023
-0.539240475883032
-0.458885648105582
-0.407932567728817
-0.338140972034035
-0.574957787804036
-0.387483609647439
-0.510100588163398
-0.561865286459909
-0.454161798806319
-0.463974748524234
-0.495308064284063
-0.507726777653909
-0.332775058280447
-0.643050777831003
-0.5398156455598
-0.476126079840018
-0.543495921214009
-0.401340464084227
-0.501737531521337
-0.381268170405833
-0.365211201717176
-0.525743775342277
-0.556424206289392
-0.352813548481418
-0.401072192648641
-0.512834525511467
-0.466797978528917
-0.40066532735302
-0.330541787673234
-0.50593490336786
-0.40370766050735
-0.282565256496726
-0.418012201159624
-0.418847460838213
-0.438232126682257
-0.413595666292266
-0.488241356422406
-0.480252515605506
-0.507413143983041
-0.394261571907943
-0.552322349451556
-0.431738006905293
-0.287238588488198
-0.510679327613332
-0.446946152254888
-0.43004960088061
-0.514737491097926
-0.313507940830667
-0.488927084488625
-0.394878167027625
-0.423595606688654
-0.488712326582769
-0.48926875025067
-0.328669145466017
-0.446108255314872
-0.403344622303908
-0.492376047761762
-0.431024159476597
-0.388695467541554
-0.512519997107357
-0.422991031557574
-0.385723686926829
-0.477526087509244
-0.400281248027383
-0.590926242355001
-0.333328867831517
-0.276918862101967
-0.300519632852256
-0.340379851184514
-0.470297633764251
-0.346694651746581
-0.310234113090586
-0.418570235007139
-0.239725007046152
-0.40787045027911
-0.370056320211363
-0.443266394392555
-0.353259910538176
-0.209755389567207
-0.291435251923122
-0.334818408602573
-0.366608642267202
-0.341915082939512
-0.411969774337916
-0.231773670229844
-0.388802196694459
-0.330233291611286
-0.27682238727315
-0.357028967589927
-0.309968198239405
-0.309430609387367
-0.369043099046079
-0.243907039231788
-0.190487827044946
-0.263430149994489
-0.392251006912986
-0.175204838346358
-0.257014497718547
-0.416615090834297
-0.342313946250362
-0.262975957572782
-0.335065652152151
-0.390560780656046
-0.358098805576015
-0.161898248412914
-0.206696576451333
-0.170123233505486
-0.147997363820924
-0.22077937297024
-0.477761633913129
-0.352372387347711
-0.172290721581649
-0.288530077001502
-0.287788127627475
-0.290772432716404
-0.27925470129767
-0.273358189833656
-0.096806542159339
-0.187035404154161
-0.228268984332412
-0.412005813325752
-0.239823143055964
-0.126276143886209
-0.263317459108881
-0.397186095026749
-0.243256693845452
-0.436621598326638
-0.192525568405377
-0.258121887809567
-0.0806869374216718
-0.128990217048565
-0.17448690591108
-0.23348146624459
-0.212747747405186
-0.255249956847274
-0.319726944108747
-0.207018719156345
-0.149325665472872
-0.106518251065195
-0.28067692977709
-0.162516857688706
-0.212930523902872
-0.00694217753169495
-0.312217218122391
-0.141902202017031
-0.255035836122862
-0.0953224633909516
-0.103209517876948
-0.207485266778281
-0.0689945435435603
-0.213964221609069
-0.303972655176332
-0.263069444179091
-0.0880897185565637
-0.151033726818555
-0.103360015422052
-0.126275890559769
-0.11470081236501
-0.33801270681092
-0.220858191216334
-0.257335803993897
-0.25791848899148
-0.054075392874725
-0.121972867912886
-0.25333644500486
-0.0762863569034318
-0.129712371865088
-0.102501264246258
-0.219168117734123
-0.174966188592436
-0.185783081661926
-0.310251200221932
-0.23473065342548
-0.174458195870262
-0.303548658047409
-0.135372067443928
-0.0912780309950001
-0.128703770202844
-0.0429626949087018
-0.110830669191377
-0.202132130570492
-0.0990305115526421
-0.154839139252881
-0.0458992020995439
-0.196732484046152
-0.114516823065424
-0.0408815809736373
-0.196535197232573
-0.154563264767224
-0.0661859660152132
-0.139659494686336
-0.11586689310922
-0.137172081102496
-0.0365478727357635
-0.0335554104785672
-0.0906054073251533
-0.205570865148853
-0.0224712649593678
-0.0354177503278435
0.0166684309512672
-0.135649200265924
-0.0327610074827041
-0.0850884666275264
-0.0880960923188752
-0.120604348975444
-0.124953023593107
-0.205182746667711
0.095899669445382
-0.0367304289912163
-0.0357961472186566
-0.137735387917492
-0.00658429631778138
0.0912972712855686
-0.00684740970186484
-0.0615431283560731
0.00137146374743005
0.0722586153196919
-0.121143457803395
-0.156336179507988
-0.0444531994008715
-0.201462693284879
-0.0195389421539309
-0.109760849392921
-0.0240146228965321
-0.0229257841181588
-0.0431083957995207
-0.033800916833657
0.112701708395601
0.0386263521197122
-0.084468773145086
-0.0476444870922389
-0.0342408538499936
-0.114723257545863
0.0140171047991391
-0.0833883288942607
-0.101186769877429
-0.0140628247671225
-0.130773999098138
-0.0532088859332829
-0.165359349728286
0.0346154517222792
-0.0698384684996022
-0.0212232808134765
0.0273887079056097
0.0932357291043139
-0.0590895714573995
0.000159097479479738
0.00426549499452875
-0.0133580487074144
0.0321103080924292
-0.102500956625818
-0.0695612534146022
0.0421389031340569
-0.0140815837732249
0.0231896737573367
0.0363069964464781
-0.0359165030685788
0.0191152784595603
0.234916019396098
0.0358552322362583
0.00653548372471312
0.057933993037718
0.0434184767834436
0.0492287180322632
-0.073023872126498
0.105567966556925
-0.0361567846133201
0.0540576786536171
-0.0624714062944009
-0.0822504457395789
-0.0337250416146696
0.0973176945730632
0.276889383210573
0.0202018702217153
0.102758895524702
0.0331405203982345
0.0439704663585758
0.178906982412762
0.103221224464822
0.0550190899100049
-0.00944204783408858
0.168108283812234
0.0227981526436699
0.193012481489911
0.0751356451697911
0.201839573548473
0.195712097745249
0.0741480957212422
0.0488672645011719
0.0981909513086138
0.0837790955417107
0.0376204491491915
0.171185543547812
0.181435579895494
0.154076601886052
0.0655985126586078
0.116902784445912
0.00385309394614256
-0.0697874469039409
0.108605280794116
0.149539814248887
0.0771854919495825
0.117561586930202
0.214069479162113
0.160861775412891
0.0760651602809839
0.100146788766685
0.0916715558334794
-0.00778602985190291
0.155203459185801
0.118147888317341
0.182665877894035
0.0155156805624127
0.149592463027855
0.311466226054183
0.0538809110338905
0.135277779413241
-0.0217222988588734
0.0768118854347953
0.129636624189098
0.142858354222842
0.148834659642199
0.268188135494921
0.0804491718285522
0.155085402500752
0.205438285740584
0.22493541188559
0.155363785126896
0.101215929954191
0.311266675715543
0.0548573832928906
0.228971406105556
0.205666723154677
0.112468180628749
0.157425811671935
0.309766486979294
0.246873990439414
0.20408653435364
0.119825300766799
0.155880428873953
0.053227174569457
0.14262965032851
0.129809055091426
0.181842805690679
0.221583832979307
0.224989347431119
0.151169150819832
0.249880317943777
0.240083039025938
0.208769306189764
0.271698495154815
0.206203401615039
0.192416898841711
0.157173730667421
0.234475775261655
0.187057443695293
0.233493915035616
0.284439446422672
0.182935334681779
0.117093777358513
0.208204976067476
0.172245914472232
0.197154941681706
0.218682093732106
0.28060390523256
0.167739380670526
0.219875326028672
0.131136803432787
0.164005944491026
0.251430073743227
0.185779499179182
0.233105179965879
0.281850113446854
0.385582982184826
0.476862666730637
0.255819198263239
0.210768547244315
0.208840374237028
0.217569740671488
0.21939299820558
0.207863985734411
0.159458808364231
0.317638698414047
0.12807423125007
0.351322620199807
0.417557261546783
0.181764948039397
0.244015946351905
0.165223623362008
0.399478840875397
0.254639231141675
0.20823121069751
0.312170629639298
0.30222175927304
0.145663574098868
0.288712856145057
0.332115913090983
0.393677923107829
0.16912931944882
0.326933683928061
0.428434365746726
0.269613200678655
0.230229760930933
0.365446076208546
0.169824836320774
0.423407215319228
0.365040116792954
0.359359510621662
0.490714828074302
0.405482592426375
0.292222587062454
0.30996995220133
0.348347149462412
0.187137518818489
0.37140391641217
0.214443030790626
0.274609999419229
0.362064736967832
0.313606461745839
0.272125693166957
0.419418133277567
0.555379088556517
0.464261726413386
0.270096578786549
0.221261998121897
0.458140917108488
0.385336760880399
0.369910356629378
0.318682147225206
0.374054984708143
0.383222097569161
0.409043528285833
0.334651146639258
0.253900740393444
0.389436934349296
0.388672847487987
0.341375117578521
0.314614965222675
0.427869179133578
0.376372281300274
0.420791850512988
0.323262046361643
0.450203195712631
0.285171623631262
0.33956293148545
0.259227978499173
0.203503385684244
0.463142957412165
0.433561115407302
0.417167268292753
0.334029155528227
0.423873069410489
0.454209119641401
0.513640030743717
0.405051333539284
0.360727915945688
0.423618778728981
0.43369626586956
0.469570279883171
0.441291128722264
0.348661609580362
0.603087024307557
0.439056014891618
0.569634303423871
0.516865921823792
0.509540423431383
0.527640099095393
0.433689027158404
0.433153073423805
0.539068656267627
0.480512910595454
0.418447825550577
0.511752365332911
0.470942076966022
0.464231707900162
0.439486155709913
0.397757520130675
0.313291880105818
0.330166234184989
0.433159674865869
0.425197373297228
0.435695899672593
0.41033860316985
0.491918563581441
0.442509099374765
0.476170863970561
0.446662208903517
0.496882341453734
0.508197872975123
0.52923461885805
0.339862311081366
0.578770293003585
0.507653835259595
0.375893772930582
0.39791806160469
0.40104071444078
0.532976491131952
0.346169467727399
0.586011815837749
0.564328696091565
0.424729067648333
0.497960880897471
0.619374719757169
0.539074899848157
0.557855048745688
0.579705321783379
0.39786341219189
0.4128825799142
0.543369965402983
0.548876566672419
0.427145192009264
0.380457066980725
0.631247439167281
0.561374709491442
0.530211941310748
0.589673400604007
0.573528529015778
0.533308961971072
0.517439911448131
0.580334782286545
0.467697826117966
0.586901340290729
0.555056076985238
0.42540941725648
0.664066235934885
0.58376094264601
0.627934731469503
0.471474741892721
0.506754556231671
0.469692643204002
0.64718721064097
0.508770390664132
0.582244339809388
0.613677691058268
0.526929724387145
0.65169426305441
0.618193566479012
0.621210512126828
0.688448974753014
0.602800021799891
0.71795443752888
0.536293811456702
0.57220215929433
0.367941251695671
0.53427636338222
0.511694177397419
0.537675379534608
0.650389393299189
0.565829233585462
0.683923350653068
0.506089193913826
0.485062816194581
0.607756102084222
0.743468622504101
0.678932556314283
0.621679248866719
0.489352532869659
0.583236360762058
0.617351789507339
0.587172936624136
0.700899280504172
0.65068824111281
0.481600245809005
0.630679096913074
0.64651973149772
0.560487083834239
0.692563341357692
0.77208318590192
0.449949274052564
0.771798215558351
0.558223941061565
0.745385192793467
0.462718181245605
0.593560432457541
0.713626706024135
0.644443150813806
0.50454168651001
0.658198464748435
0.55510901304155
0.713525000752497
0.702118952910471
0.698217575924656
0.587724262232559
0.780707658771675
0.758706539838694
0.515035717097502
0.643000771386923
0.796963044759917
0.783770062237974
0.636387218393894
0.818476769395909
0.562270297235051
0.665009007627515
0.747135179648878
0.62223487350822
0.67702855673863
0.75033974675759
0.687870961672622
0.747757004413701
0.670084008598881
0.666036629213125
0.750287900143153
0.597332203021596
0.748869288930623
0.649747407836248
0.805250151244698
0.683541446891622
0.760976282114612
0.517105155456375
0.838004354039058
0.736561091650388
0.749401595627541
0.714032623647446
0.738426904067791
0.651272456635701
0.704768494965166
0.831286815423347
0.805327651001028
0.750434865867794
0.672837537629031
0.545752056517028
0.573844817806812
0.795583738647786
0.763979724347708
0.699412008199441
0.789018056275883
0.726734036744638
0.66802215600917
0.833650438456052
0.872623918291101
0.696666949083561
0.76953252823938
0.772384964871959
0.698726450316384
0.783850384616477
0.803112257702693
0.854226907913978
0.860511095961394
0.79039560995543
0.772200216324937
0.605529218818518
0.805415322563276
0.543729577156468
0.887925077072839
0.834375897496093
0.86468578167565
0.821714038751881
0.697496078386477
0.806508992939459
0.777991871885786
0.732246831794481
0.743753603081622
0.845996192993961
0.796241887975721
0.744214565394513
0.634749427303272
0.970801601716497
0.708855833087525
0.814087781731591
0.735177549920434
0.80088948808975
0.828752694607688
0.969724590788271
0.868002288442162
0.737107488416388
0.880412721724361
0.732245915410162
0.741205821778924
0.824646035108448
0.828324832133822
0.769745646594608
0.863098545039336
0.797425552166042
0.945166271367661
0.771705677055681
0.951819795591443
0.921974129895991
0.716314401080023
1.03758266718259
0.795851195638137
0.875493051922409
0.776388316327393
0.847219993473143
0.952713306626852
0.815152822850597
0.83727962546497
0.902630281731465
0.846795525852954
0.899547054716841
0.917708973520551
0.919109519740335
0.935015746700906
0.858811575958126
0.870864737924155
0.843605006885496
0.904548791613426
0.83258147211624
0.752827424979071
0.907036562659495
0.908378024698881
0.957825836724671
0.714542891091687
0.877867696610276
0.915735383514917
0.816556730021281
0.768829262031816
0.77199203645854
0.801400277313941
0.854995683886044
0.792058691653915
0.873945090713754
0.917681738446874
0.977633947145806
1.01653217228219
1.00919847992348
0.774144805832463
1.02198262077498
1.02487623417398
0.97450456984487
0.934094033986519
1.05679686560451
0.956300588464066
0.874932963933601
1.0044303068858
0.917254903711717
1.12111259708631
1.02938205092265
0.999471022776718
0.791375646616619
0.929373515058734
0.99296200485527
1.0707985186207
0.96069327438205
0.976868186010931
0.923796183356128
0.956677132016617
1.05757295977174
1.05041240681691
0.977616111553326
0.995262156877117
1.03403814454126
1.10991911172445
1.06247063055699
1.03344859677163
0.942123000891661
1.03778871103375
1.04877123347026
1.00765047061081
0.899623043058354
1.02920840052027
