"x"
-0.962585302592596
-1.01301632638835
-1.14856021167893
-1.07131718048163
-1.02546160758504
-1.01554898736074
-0.944432454971677
-0.903045993551201
-1.04923900002111
-0.953231249811666
-0.912595099784385
-1.09327530003213
-0.927047613951203
-0.838272901236221
-0.797599083822672
-1.05054771437017
-1.07376316781258
-0.903514506607161
-0.997644769574817
-0.817398445960763
-0.833515508052467
-0.888997281679395
-0.951225445347079
-0.96582471216801
-0.847749287739144
-1.09841596939833
-0.976694476735817
-1.12695763162425
-0.96099429532238
-1.04308774465007
-0.907779098377482
-0.884455979179953
-0.971595983036319
-1.00431649399645
-0.89135962374263
-1.0005128383028
-0.875051443062906
-1.07089633065788
-0.863668042112687
-0.912471547791389
-0.963610822671444
-1.05286251311721
-0.961124316852152
-0.983464704573921
-0.901519270287298
-0.931332242828624
-0.903194862628173
-0.659098397470544
-0.884766445270586
-0.964347845628134
-1.01388292692354
-0.905444604408069
-0.833841403424489
-0.84640600586793
-0.914338848734756
-0.917034719158514
-0.824037889722156
-0.91477247867032
-0.880510338412524
-0.781843930107154
-0.856468455295086
-1.00363871783105
-0.888958733320881
-0.834975542053651
-0.898128806139263
-0.867577826142666
-0.790136841842917
-0.870093957727207
-0.853290964784444
-0.954356085998385
-0.710787222469724
-0.724316179313216
-1.01410752827167
-0.903021058704363
-0.778852802549024
-0.878815752927098
-0.963248835013296
-0.742347588632361
-0.879917154273368
-0.793083633325305
-0.83153932953413
-0.765886156575835
-0.97283612400348
-0.771741079747337
-1.01765967452323
-0.798608307967337
-0.984672537781055
-0.832338367380365
-0.736669236900444
-0.758338500366302
-0.774115511995794
-0.823853689005156
-0.823588736721385
-0.827087545304936
-0.802633185566196
-0.795748503018367
-0.767865221844931
-0.67287319120051
-0.919087471924595
-0.730980917157479
-0.763856362618895
-0.81806764732677
-0.604491628269537
-0.693313496223645
-0.768160976226074
-0.783782985493037
-0.739223366506151
-0.690015048356924
-0.818647198502928
-0.748392938368721
-0.588479244153465
-0.860230236309489
-0.832205711428755
-0.76797320327226
-0.867274814094307
-0.859897164764223
-0.755910069900309
-0.762718938106408
-0.602955693966357
-0.782032175919113
-0.653453598818913
-0.899616070690501
-0.838909680404606
-0.844378559467943
-0.855028697517719
-0.713505816518964
-0.873401094909502
-0.720576933122667
-0.808305423922753
-0.677900186117915
-0.680357884939561
-0.711964894278532
-0.661826479665775
-0.829942485218514
-0.725767104230143
-0.755543397757119
-0.661329643024644
-0.794927308856078
-0.670030533489338
-0.641311679967458
-0.631176861117203
-0.567417510269643
-0.894298654300651
-0.546972148940249
-0.663062804762479
-0.778580798284571
-0.783662679842765
-0.710928480541935
-0.661636114025048
-0.643074883767177
-0.563050349316987
-0.555607094250767
-0.65451918630511
-0.772867353441081
-0.736963668437577
-0.63068661623313
-0.698801103385423
-0.596962856030203
-0.696066511500233
-0.647137275904613
-0.771684317731909
-0.642892501420701
-0.673623726242311
-0.563470628743668
-0.58456107493013
-0.741099196225056
-0.723117385212142
-0.631951917725914
-0.733026419532842
-0.739301778406707
-0.606030363695201
-0.633584163878254
-0.545275350844303
-0.689051998725804
-0.71781248131793
-0.630198713515645
-0.700994561595655
-0.647980051139484
-0.795600818615703
-0.647747442110471
-0.722684945275596
-0.607157740028072
-0.627808875106443
-0.678452334557174
-0.67640964450773
-0.596010637828643
-0.611105116079826
-0.597147071733167
-0.601081209886116
-0.730568156790851
-0.639867764010114
-0.754924668913464
-0.512930667719606
-0.618692227804948
-0.657517469107266
-0.590274968439289
-0.668364300354447
-0.570196628288575
-0.623422143296942
-0.677913826536735
-0.707329609719691
-0.516916072726871
-0.561706459316475
-0.520049580523456
-0.682952614924362
-0.637233303720609
-0.38679750500359
-0.589048978613988
-0.471281930884222
-0.304572313164402
-0.532616491901941
-0.533824693498259
-0.649847720823641
-0.518105994618791
-0.627734077828984
-0.533255343206234
-0.345133255079259
-0.495517260611276
-0.702188337380951
-0.725401760541384
-0.613100035357751
-0.606760674869041
-0.400511996036875
-0.798310587618525
-0.681717581037483
-0.593420186727111
-0.447613288393532
-0.503336986815151
-0.391523126058495
-0.561154196757703
-0.643125128873179
-0.658618568255811
-0.597409727816187
-0.585456954702795
-0.551706991459843
-0.449390613682016
-0.732682280907419
-0.457181979675477
-0.538098225862591
-0.483188865918365
-0.536020683244461
-0.575522628446372
-0.50014645600409
-0.589079577914895
-0.598340952068195
-0.348890158332223
-0.537809284503146
-0.420005043340622
-0.441635808224318
-0.657459413263139
-0.401924913637728
-0.472707714491237
-0.427594430233403
-0.41057781396354
-0.621807102743448
-0.456676711405823
-0.48081270707277
-0.487859989742315
-0.462546101099246
-0.372993021195475
-0.585708290361308
-0.517874673514715
-0.252259696100799
-0.535529198597561
-0.622772903797797
-0.571716230289917
-0.427170763970674
-0.536316190657529
-0.534448345157268
-0.472083240847309
-0.487140775765402
-0.349487759478048
-0.400971944308473
-0.392723836612804
-0.437799851827057
-0.654575937522027
-0.45080750020849
-0.471497542885335
-0.432255664708663
-0.434979687918272
-0.424774051554152
-0.438424052136963
-0.509075469988102
-0.41149708792111
-0.472041308302407
-0.500542360741037
-0.382623887079074
-0.418484357060657
-0.351363068620171
-0.619053755802993
-0.479207965552917
-0.396573437826834
-0.598836251062548
-0.452381517821872
-0.394413658542611
-0.423919759053619
-0.437335512900283
-0.447738081484032
-0.331942490521929
-0.541826613466771
-0.466187194228458
-0.45730245002627
-0.322346454739264
-0.395988921479175
-0.231366515599455
-0.375866708573024
-0.54938778860562
-0.177479955364469
-0.336524497575306
-0.335635494066175
-0.352986063073444
-0.338568063774192
-0.41343658180242
-0.226508524081997
-0.389341465284611
-0.363599067943997
-0.326401064072095
-0.166094108711722
-0.441174204395501
-0.423122119312359
-0.307866098649021
-0.374331168816219
-0.322561331820631
-0.438479649881019
-0.42716972691454
-0.413113549634214
-0.175164907851349
-0.294720405325774
-0.382954105103876
-0.448587967447213
-0.190527513498075
-0.204051336701598
-0.296574378269242
-0.286982681680862
-0.301540754455189
-0.382687784361448
-0.274812351575535
-0.27600008801796
-0.313849520439866
-0.226406578339597
-0.296685002696064
-0.247349378588012
-0.371431117208581
-0.218954032632649
-0.352536064228631
-0.363086241533975
-0.282516538054726
-0.376033751922357
-0.271053691878564
-0.423672525249956
-0.200732422484262
-0.298688925698571
-0.29308842677356
-0.166116884808592
-0.429576477360355
-0.282743753591015
-0.26139899903848
-0.328445795922614
-0.254741944950976
-0.279123651093798
-0.243565585983656
-0.362921157263466
-0.276812855719492
-0.125320787651606
-0.194126389515089
-0.281631649198265
-0.29518544559474
-0.21988579017656
-0.20093303738391
-0.280687276871194
-0.231506946129949
-0.283040670425785
-0.14667144283049
-0.138250489134335
-0.293046822822283
-0.279306318123182
-0.161628118418506
-0.355631600653509
-0.164899789350502
-0.244335167513513
-0.238736186748474
-0.296417280759699
-0.154028250528953
-0.190534620888394
-0.187998227978679
-0.267616491280715
-0.286096123408614
-0.249919281925464
-0.268552413109359
-0.17502277986865
-0.289934841905038
-0.160775681085449
-0.220744686716075
-0.261255815706628
-0.262349449245379
-0.233781763979553
-0.0640016538552144
-0.330569377640132
-0.244946310683525
-0.021881149359858
-0.154806073831425
-0.312763311959863
-0.0528478392893897
-0.155910742141608
-0.280177809443843
-0.269434161222158
0.0178183665121138
-0.32396696685027
-0.225732790339324
-0.106044500105947
-0.192114442765542
-0.0905570700981342
-0.17783747593799
-0.189754654330047
-0.141220267496253
-0.137889617277185
0.111619618108215
-0.0454894127362056
-0.083906476640655
-0.186829501462504
-0.163224220463297
-0.146397178998358
-0.172856530749243
-0.12380654185897
-0.134787765269244
-0.197253358540493
-0.00378012038960759
-0.02927088204101
-0.0623747545351684
-0.192333770129796
-0.242573478786205
-0.17819750239181
-0.100898906747763
-0.090204902215363
-0.112638234292868
-0.126348594029629
0.0457376226174473
-0.0659789576624483
-0.133658601345006
-0.128805194290711
-0.100047002395171
-0.195241233413131
-0.262830019055968
-0.209389640699059
-0.173774945125323
-0.216444751286702
-0.161802314150692
-0.26410453302193
-0.210023071237113
-0.122025787540674
0.0700922231150785
-0.0492213613983641
-0.0284054732421774
-0.0984146084414682
-0.0390238980423547
-0.118913459097032
0.0095778536467045
-0.145233635076912
-0.128145297832843
-0.166855003997216
-0.0965642627239381
-0.0124897290667647
-0.0915803228993379
-0.0622167930458482
-0.155908258530973
-0.176334347405237
-0.134901988015135
-0.0177732726572165
-0.0260331120868013
0.0243117215660523
-0.075568951854558
-0.120850470975987
-0.0298546333547939
0.00340039510059851
-0.316384757134004
-0.142922592875189
-0.232693620371795
0.0326450479514902
-0.0619874681687921
-0.0394347068559787
-0.0148780044391455
-0.106159684792004
0.0653422164189982
0.0299484792476012
-0.0467846625172403
-0.00859457326021269
-0.190632214716745
-0.033660243928033
-0.0983806551889238
-0.187717055490019
0.0128619645574942
0.0912997333717804
-0.0171056588335662
-0.135545859812407
0.0581774172492196
-0.144905780326729
-0.1711092954133
0.0292159529678076
0.0104213605910744
0.0267283032175747
-0.0295278472019682
-0.0186223340745381
0.023306909674648
-0.0275252378468357
-0.0715921921427239
0.217725243952296
-0.146146168479188
-0.0483618461592689
-0.0398778442260838
0.0413410034587887
0.0231194283025864
-0.0700891677702828
0.00590080571751026
-0.114181560430189
-0.0334433635433267
-0.0203310777341311
0.0504007291121019
-0.0190663674025646
-0.00417050457941748
0.179535823230569
-0.0738865043344459
-0.0291599734278753
0.0206521405567274
-0.0689250473207755
-0.00783100931393514
-0.0463891616385011
0.186784778616728
0.0984878262969881
0.0763515753427696
0.201991852365223
0.0365672702170226
0.0173740505516467
0.162397841626003
0.161610129570913
0.102598357111991
0.201045228207472
0.100895811923223
0.0536710788976842
0.186035926548912
0.126580980999216
-0.0639296593913994
0.121725686174943
0.0889653344317982
0.0391632811199544
0.0199146639731694
0.102117132647147
0.0890927739320659
0.130391771414705
0.00777589865858746
0.10629465940781
0.00205763254971926
0.2002163138261
0.136023541253353
0.132550166153314
0.170070372876132
0.0459032450159631
0.143102373181588
0.15382782455746
0.134670918374346
0.215797483536349
-0.0191176764130082
0.00398384921424056
0.063580710216334
0.0491936039340064
0.357205159898451
0.23815943604199
0.226117788583286
0.00671274148146492
0.173974176967214
0.0234894783757604
0.115232567440551
0.25040968926639
-0.0202713283501048
0.00121282618676253
0.114732804442939
0.207187365876411
0.147126344312193
0.15247800872569
0.183319390761942
0.241029007646209
0.173614749472226
0.218279093847722
0.0619881524382249
0.182614440518814
0.105105663165808
-0.0151494759088585
0.130569623439901
0.0990688054946045
0.173318882612909
0.272450598097589
0.206896699828239
0.207335541952518
0.267276439213746
0.17500705440336
0.177854087490221
0.198887124957275
0.224754341542792
0.1916713017885
0.149266938441677
0.108166086673874
0.20972546071649
0.24028297176647
0.219491926987332
0.367154910692458
0.26284481483752
-0.00143511117406109
0.22515509926322
0.230775090334702
0.373800731478341
0.161024813080276
0.240134084620715
0.259781114668941
0.162018608459067
0.368898145148251
0.269989143294147
0.204226899486543
0.265248158602828
0.171350426822647
0.301023466420595
0.429358293533701
0.355048498553351
0.166473186723261
0.254799803393134
0.256503937384364
0.284477351555896
0.276246674193169
0.375521104554076
0.155689335693734
0.31869754375847
0.347078255634047
0.19598520101739
0.203122157956095
0.251160264790017
0.365608256901691
0.219009783029681
0.396616361364177
0.290264792978686
0.444608934879088
0.272635448024097
0.259833086868427
0.286389785498222
0.275587865321379
0.20370488088189
0.240415458437643
0.206209414820286
0.397410085659157
0.419534966517195
0.378026092101626
0.236396698461043
0.456611128864844
0.530736856449672
0.398556460115278
0.382896308460819
0.360005018887825
0.0821024421056751
0.34427233562681
0.407215267608196
0.204754046185451
0.444771938274287
0.332995705144529
0.35135651329564
0.371854001126685
0.320005105443861
0.42799087462784
0.305720859039663
0.336843941221108
0.304480482695556
0.299886283930818
0.393075084752499
0.3152112443946
0.383460746826237
0.356903488178284
0.27020974522098
0.429120921404906
0.345669870797387
0.285679952115218
0.312626893151635
0.352640214310747
0.390723573636349
0.484426226030806
0.322207901733114
0.373517815444084
0.410570914760619
0.493841706295701
0.444098054423246
0.387748301134643
0.380642690652896
0.400617112266211
0.356138557845264
0.396376035144243
0.470863767408449
0.292709560321502
0.490913339144358
0.386548885284889
0.378332352492904
0.365496488907948
0.365650507866343
0.464187046915748
0.442636620855704
0.498652743782626
0.345315590452475
0.295027863127094
0.354010015189668
0.629226984852255
0.383342694382795
0.55838775853788
0.345525284011654
0.28569733620104
0.352552893456225
0.439663787862002
0.404413158155716
0.400507861816908
0.368595428644963
0.447950077066598
0.448728331518684
0.641880170227076
0.459718873452163
0.486941774400678
0.482985105815172
0.370869531429911
0.492480792468197
0.436869638558727
0.378059177889421
0.537519308278507
0.626067579820697
0.269343117854428
0.52610022250189
0.464464494117661
0.591993294491024
0.34218505340159
0.423264283594086
0.523953537346424
0.428807473272449
0.51090895659353
0.510573124272957
0.372950878796975
0.561165717294812
0.547398555916014
0.520482643816857
0.253022478766227
0.434423900691501
0.425239410902101
0.340868374459531
0.577128518791875
0.4103219607289
0.471672132992765
0.532052031688962
0.427591144843599
0.357965071243662
0.567869471298818
0.440594715444615
0.380592976035453
0.548696772833325
0.463307358369946
0.49439400815456
0.335840906684287
0.469050359407817
0.551727291651279
0.485726958127576
0.547841476459802
0.522365205371117
0.470325620363631
0.447120948995218
0.565739528503945
0.433583915482851
0.542459155551289
0.553567933187171
0.562755769963487
0.50202937999299
0.47917944131491
0.483548068940624
0.397172173854703
0.549412659792371
0.532029935408803
0.646226867021855
0.625084849833617
0.577558538194616
0.371568915444982
0.564598877754117
0.501494931579819
0.614848713508768
0.497096114653408
0.48768269625104
0.584110427429219
0.570451775955819
0.44746118148995
0.594276753758657
0.505126509016634
0.632348276589103
0.540050489568225
0.482694984399428
0.723443741806128
0.630008146046303
0.619716686996869
0.572110273273603
0.658767090201556
0.519677310720985
0.611752055476092
0.450192720400139
0.669299252729358
0.540585150955583
0.548856976703949
0.648042983820985
0.80882221479396
0.623809350209197
0.736658357759731
0.559756984289164
0.541209272585073
0.686226523856644
0.668846859348077
0.762031882220322
0.720901202563919
0.580538254325744
0.644037107530437
0.70872365511383
0.492149063618778
0.64036300862989
0.548241375007454
0.611319607819483
0.527611847167573
0.538242829365206
0.612987876922895
0.523139149049829
0.646606886569901
0.767364430496201
0.583029749734976
0.736995356585397
0.779477235398085
0.676528268027929
0.664199366911399
0.626334976541702
0.618991707344417
0.659038455440949
0.801591032556994
0.645272317254719
0.545926629047148
0.699818245296959
0.582557286236786
0.510236291471074
0.629426987511142
0.617945014612647
0.748390051223363
0.692397500014706
0.610474765886197
0.541720338164494
0.605271890517469
0.724359846812137
0.680952352542879
0.746913400921524
0.688802456452143
0.7299764792147
0.874026376258718
0.82270738710076
0.549056205879421
0.791541002429852
0.734877414520616
0.79500292726125
0.658096455814933
0.73052500240041
0.764068275718054
0.728621851275867
0.753931378584032
0.740177591333193
0.677184149177786
0.71883676275055
0.767207757179412
0.703559419096207
0.689649000725628
0.738119423367831
0.654216308446127
0.735781950405522
0.762187067812116
0.669144598846139
0.678340540170433
0.65318880344796
0.819272456085865
0.677477975701724
0.676951940926483
0.745119700209765
0.613928166665104
0.658996398842757
0.733787864824166
0.724946204151261
0.759309946576825
0.61033316434573
0.661105341700765
0.636031051810826
0.771080377965852
0.751251827047739
0.853337690199407
0.775945945527652
0.742413722595834
0.884313610725429
0.683751384046745
0.759673775396023
0.779667174378657
0.787348669493674
0.786795997910618
0.882989446250975
0.773845953571001
0.797683779216281
0.735653354641656
0.824429808449087
1.00430004407839
0.91709685874156
0.847217257857073
0.824137327753522
0.923393758956615
0.777868309311669
0.799760553083815
0.802113757263138
0.809654465410273
0.94176420985298
0.777781860719743
0.797713465058987
0.825291198299976
1.00770278601755
0.64214330506871
0.824293220076463
0.791338361476646
0.868225133103744
0.820472802643419
0.822384759481332
0.787149030266362
0.931256506684725
0.634012892155568
0.920963165658139
0.848418621134659
0.680261867884779
0.912419945024953
0.912934505887473
0.967839735301222
0.864670590622245
0.962055309854275
0.768437820727677
0.800948010875821
0.887813642801679
0.988917524804897
0.910215369196253
0.862164880400726
0.989783981604584
0.838160127457164
0.792935476073632
0.949312727551763
0.953132546628079
0.813556832472073
0.837223528059625
0.878420296990522
0.966502349725289
0.953336487265037
1.01132017272201
1.00924235526145
1.00148460282384
0.933039987932755
0.818037142061812
0.913477211379658
0.949562915283478
1.05237426038839
0.931875919938007
0.920616875338282
0.978383729501316
0.963969678531306
1.00353466596171
1.08172720698997
0.91703127907577
0.902825015567063
0.840214467511589
1.00107735820982
0.960242334536485
0.937846587237599
0.885101744402464
1.07189823202352
0.954507051990968
0.964455575677527
0.909403106013332
0.925202492658742
0.865216600469401
0.921498379374513
1.03362545789569
1.0280048376862
0.840945704933912
1.06176828327387
0.974259454577523
0.836811750255805
0.936401547885091
0.931647571655877
1.0854676414733
0.984038288052346
1.10137273128099
1.04423253250811
0.909938420926968
0.792945504405841
0.98739772182881
1.10304385995447
1.11318110455754
1.07514408804882
0.938005589649125
1.06970431416371
1.02341746350041
0.99418006162608
