"x"
-0.929577277147942
-0.845123365300943
-1.08948058431574
-0.877797391575768
-0.898465986381501
-1.04682186800295
-1.0996879009896
-0.922977360726993
-0.948849005951587
-0.917312902076037
-0.976891532302149
-0.99550937953509
-0.947544824755022
-1.19246280669003
-1.0064322670009
-0.991021275381373
-0.979376310215212
-1.02668095602424
-1.04135189304242
-1.02294584454459
-0.991833929125039
-0.844213046254242
-0.978988821518642
-0.8515446929731
-1.00011521508769
-0.950418439538834
-1.08832228660809
-1.02505086501948
-0.970908070683368
-0.891164618940082
-0.956023226103654
-0.811971202431181
-0.882448185274023
-0.912035930541578
-0.799202501870716
-0.868649118138959
-0.728512204030233
-1.00340451557963
-0.880816077338083
-0.87829694738842
-0.900331103134714
-0.849972857508392
-0.896148648850918
-0.887048014719245
-0.849428120379002
-0.833724668793733
-0.909905194361052
-0.962943856224687
-0.99222342749779
-0.804732104906848
-0.886991680642131
-0.876980653443661
-0.74415906004244
-0.859120133740954
-0.829858921303938
-0.980618637123926
-0.874307832623347
-0.996044412106894
-0.8322097451473
-0.883871630384693
-0.789960628134309
-0.917075639687171
-0.815483545550342
-0.927151119205852
-0.953080684349028
-0.932064037412688
-0.837118191560273
-0.913405556215317
-0.912954995861874
-0.899042764990772
-0.785091195869791
-0.81901139461958
-0.980145957972159
-0.807109575458928
-0.734521601668693
-0.84563467548475
-0.814987450240597
-0.775024129433881
-0.697054212971321
-0.876560179361143
-0.833077172038449
-0.698215699628252
-0.919560270012489
-0.774201586201443
-0.829941758474744
-0.880126409119285
-0.872956793080665
-0.849172765600897
-0.812701299675756
-0.854426437563452
-0.716521928032661
-0.875403193007992
-0.892850168494373
-0.719654525700147
-0.882216276171773
-0.752621545594635
-0.749296519759572
-0.652940132424614
-0.747993947920903
-0.867058195419
-0.823745125232691
-1.07556427236512
-0.740956612019508
-0.787321905039612
-0.549082782527089
-0.750267506516119
-0.828114019346953
-0.817236122109733
-0.737907784103847
-0.809558081935042
-0.721359246012034
-0.777789060769241
-0.801076901697074
-0.698956277519754
-0.8139010951375
-0.813134704769285
-0.748654705297303
-0.777111318500576
-0.651871611746351
-0.842392189680302
-0.602963774939877
-0.834117528634345
-0.899251719643303
-0.663380684581442
-0.891703841103095
-0.749732840919286
-0.800053960644633
-0.594264037201237
-0.86354763595478
-0.650410977644466
-0.705624017901986
-0.690277021997325
-0.680592687888943
-0.687636440905167
-0.730094446658237
-0.657881049831868
-0.715865236163019
-0.785508677804945
-0.707331071372906
-0.844267220999873
-0.790145498462824
-0.778302093346178
-0.689252703424906
-0.800542961239277
-0.707860421385668
-0.423168122352622
-0.666660736717013
-0.768725051516345
-0.785115085926993
-0.670619112280011
-0.747433984201687
-0.615294405213728
-0.750854303095605
-0.705405004563293
-0.7410322009254
-0.670547770287959
-0.718585913900524
-0.691280976508022
-0.784249209555679
-0.765115536135049
-0.749209768879914
-0.725313849891976
-0.619664087338971
-0.657550417113025
-0.561412029565019
-0.759341116843965
-0.602139020746253
-0.652125893989831
-0.644108657989535
-0.651822238984022
-0.638831200092117
-0.716847160080498
-0.678172814695058
-0.744245421045211
-0.731502422532585
-0.636582659881101
-0.655153530768467
-0.58023002066158
-0.724743261077317
-0.67728814905592
-0.783638479248453
-0.65163493409033
-0.693651644591013
-0.563290058495234
-0.701306047033073
-0.647213162623442
-0.597820870980966
-0.525784246504944
-0.641156453133047
-0.5725675057633
-0.564229834917062
-0.487970984055682
-0.622329582335441
-0.450072288433955
-0.710841620064636
-0.548048265624931
-0.616813459143082
-0.707443184574817
-0.518679632642275
-0.529921536365627
-0.576308154590008
-0.541746129832836
-0.679048519822811
-0.602345806277059
-0.611321967068258
-0.663431264958266
-0.521792794191558
-0.701934416133844
-0.702984529228562
-0.56578028764685
-0.555190185264061
-0.563855742278726
-0.441766365970915
-0.508153994547442
-0.573177085286743
-0.428142986449602
-0.625650241842458
-0.521070824793023
-0.599381329587405
-0.477594983111037
-0.667856866776013
-0.545574271269956
-0.666103661785811
-0.468362400124539
-0.504808763871032
-0.595332147010703
-0.57811692284704
-0.521294568392551
-0.599989740435547
-0.581085844878539
-0.564365601991367
-0.495974524931058
-0.383185948107841
-0.548951116371459
-0.537658156793363
-0.51689097457431
-0.410707532487671
-0.493963634349119
-0.522576141004561
-0.455632538967283
-0.484512653347242
-0.568671781865824
-0.500014565297021
-0.636222359553817
-0.541626645007367
-0.458990085514811
-0.548713829594046
-0.477928971171656
-0.564958277306879
-0.429079023092907
-0.55982848451229
-0.459489746646191
-0.419527362451238
-0.31681339792357
-0.585039092114697
-0.400927853947704
-0.505219215564027
-0.549221058347405
-0.458757586658235
-0.457401942184004
-0.515102870792948
-0.510253690912406
-0.338249242429493
-0.645947239167436
-0.574450589983903
-0.471220230911828
-0.525804479907981
-0.396966511803254
-0.483838188160198
-0.367199984222002
-0.399127387363652
-0.548724282220987
-0.564008737302844
-0.358111324875675
-0.409416238699584
-0.504402852018824
-0.468253273117293
-0.401365040342452
-0.342832489492727
-0.479817388829964
-0.432159164809207
-0.282170570581621
-0.398834760337962
-0.412740956732852
-0.434127463724587
-0.421133388498062
-0.483763878635881
-0.475007122416432
-0.517365798825908
-0.397745084464925
-0.541202747596588
-0.428510852751149
-0.286654634205359
-0.529419069136891
-0.445694555409264
-0.41192593496257
-0.522384272859128
-0.301053146897087
-0.489085678765834
-0.406249306491485
-0.413512778934688
-0.46697392372046
-0.486140125436543
-0.358260180048945
-0.442197398475241
-0.385842876937927
-0.48053629454074
-0.43804703873892
-0.393146793458945
-0.511548471215474
-0.419502035172166
-0.361946524792632
-0.465640159652656
-0.400349978096964
-0.599945367929098
-0.331971765517644
-0.27128545201588
-0.308611743392127
-0.363884564892269
-0.469325007628156
-0.327078815111205
-0.325731202708007
-0.445844221036671
-0.25847982174957
-0.441898793313595
-0.363096805740343
-0.448777620388755
-0.371418857528134
-0.215351286669412
-0.273759699023547
-0.329984388264915
-0.369562025874326
-0.346218816053376
-0.402177485230364
-0.247291383444386
-0.385987721147046
-0.328765220419929
-0.289815100716278
-0.341241984533994
-0.326249833010924
-0.286000304803191
-0.371440513664881
-0.268570379762505
-0.172319776692878
-0.268843287617597
-0.388795812735139
-0.165746608072821
-0.27367441417547
-0.40964512757147
-0.32909053010137
-0.262863699175228
-0.332399351136944
-0.379570038709332
-0.336793357599914
-0.186512076892043
-0.214989582055271
-0.169876490817983
-0.156483231194496
-0.228751016738872
-0.472454853193195
-0.332101214584089
-0.185208768487719
-0.29335206961196
-0.300451515019906
-0.298455339159271
-0.272052186707704
-0.297418118758095
-0.110252788838875
-0.179775040794095
-0.210622420982103
-0.401087357837332
-0.234272284731782
-0.119117872564799
-0.244571258392013
-0.398606567891369
-0.231105713081215
-0.410595430268082
-0.170876348482936
-0.260182955408169
-0.101355971578466
-0.135234843440171
-0.17439252987936
-0.242330462156626
-0.208216533883877
-0.250867010550835
-0.324210373256654
-0.202036671192689
-0.1383412604165
-0.0941135309043441
-0.264409164497691
-0.177173453579583
-0.208922068475465
-0.0133049632184727
-0.30717907212862
-0.130013004105741
-0.258716540057935
-0.0780969866672468
-0.101015203215013
-0.193899119414667
-0.0758621393147308
-0.226006766748466
-0.303307038821168
-0.270647402178739
-0.0959822329771608
-0.124348739236342
-0.134493046759496
-0.124834975573455
-0.105708990061034
-0.335022944460386
-0.232684907760952
-0.23793174454526
-0.250922133664237
-0.0703081116637607
-0.12304316330913
-0.247151454449009
-0.0885012663484076
-0.131443656172143
-0.0826557031826586
-0.206530647441768
-0.159689774222734
-0.183009671913019
-0.312693398877985
-0.241880900548728
-0.180920503651852
-0.310705865341116
-0.134176934495554
-0.0880477374430945
-0.132739360395667
-0.027870355053781
-0.120945980166192
-0.182373393697984
-0.0812558472687093
-0.137839101788512
-0.0607972944671889
-0.177773580611076
-0.114791577413493
-0.0420897802546139
-0.190610036138454
-0.140472139214676
-0.0611498633649015
-0.13084076126223
-0.115489397960409
-0.129974946326242
-0.034779599143683
-0.0537578160474659
-0.0898958128314292
-0.211285390081348
-0.0361261103365297
-0.0588977040126881
0.0213872540129734
-0.129283682724923
-0.0474972745340924
-0.0886681803462596
-0.0909095864089713
-0.143690562788815
-0.133016729042424
-0.20703627569603
0.0930628455574565
-0.0413326217187879
-0.0340731925692853
-0.117955889777294
0.00211168893141982
0.0832975814976491
-0.00240930175465082
-0.0672680002337696
0.000604498649419038
0.0470720010112816
-0.115351186921279
-0.161860085744066
-0.0417443896017327
-0.203856293040374
0.00991215929704418
-0.116497779102198
-0.0389133321093739
-0.0236622845474422
-0.0626774208183465
-0.0152663021393292
0.119394418671985
0.0475410893533092
-0.0844595635821215
-0.0424620370228195
-0.0135089375151015
-0.104465430148889
-0.00823979750430981
-0.0843565743478948
-0.0987656638720694
-0.0258743533786641
-0.140310327202056
-0.0778965086138309
-0.176166392395312
0.0237294033745224
-0.0760220675605997
-0.0340783456264725
0.0160799371132828
0.0860426314532239
-0.0442065847051655
-0.0069772790170302
0.0196785677574587
-0.0229633907839985
0.0654764057195415
-0.0901174373731682
-0.0616593428356914
0.0580291697751738
-0.0211247894847212
0.0321724572935435
0.0260322025460461
-0.0389608963887365
0.0212394970275447
0.230222337303678
0.0422206128091791
0.0027814860247018
0.0503898144604708
0.0390869918301422
0.0786802906395431
-0.0835925445599921
0.114643824290061
-0.0341953367265516
0.0526377846169123
-0.0623415558892104
-0.061967853046514
-0.0234838408378782
0.101420071091405
0.285875723408103
0.00377722210068167
0.106152327011686
0.0307230901104166
0.0353342660298767
0.164869046534689
0.0919330122477926
0.0434880813383158
-0.00412927542684419
0.172611704082916
0.00944953829321214
0.206040548792993
0.0528149639331468
0.216859763014508
0.20929834251918
0.0434350323828525
0.0540824345298357
0.107415535982391
0.084574136114403
0.00273728475484675
0.161183945191044
0.175109979210691
0.153327259707826
0.0583737266560666
0.105938016986895
0.0106545637239206
-0.077991456131394
0.0782904160305577
0.141861274626679
0.0852597229406525
0.104438670674188
0.202229974915684
0.172032657993799
0.0894395759496576
0.109744485007846
0.0981409625518033
-0.0281151107879734
0.162060753630387
0.113497163055668
0.173894600124534
0.024568432802756
0.150549809615867
0.320325177832772
0.0810037546747647
0.122832359572346
-0.0123554477951063
0.10030643104398
0.14372310373483
0.131032806200131
0.139949088448298
0.267427314697485
0.0703731156209475
0.142725077805259
0.197310972466054
0.221428048118048
0.161328418427685
0.112517489891484
0.289769607634249
0.0591127986787978
0.214777060556219
0.216508276765756
0.111780363068713
0.175695398233585
0.302788737379758
0.253655418158799
0.188869821932073
0.116877923076332
0.145510236447071
0.0617463122591406
0.136147957735268
0.124237259418748
0.206795286946042
0.229471530320564
0.205738791093897
0.154285100402928
0.256165283279842
0.248992515874793
0.234169130085822
0.241533468194729
0.215365054409864
0.173571987572566
0.169133312232441
0.227760389508989
0.186373840050144
0.224052073681375
0.295216041160966
0.182596691279995
0.136625409896348
0.212686910920008
0.178139210868788
0.199212569200746
0.211062306416819
0.270789998931433
0.175263986459969
0.213923391388835
0.148594782179576
0.171594310239772
0.263615378021985
0.179208618611977
0.239468744953962
0.277282056332669
0.392926598811833
0.481594329569741
0.270452597971984
0.189932229649287
0.216797368648507
0.235586715869259
0.218639486905725
0.20648253532967
0.16778017841896
0.335075501219169
0.128947667425454
0.360330101851831
0.426576872253159
0.197562812541749
0.236218278688503
0.186107099307203
0.395650685899579
0.250299318736844
0.194826569528493
0.282540996906118
0.308349768781958
0.153486482616756
0.286935150411655
0.322794636519208
0.405346490618634
0.169996293675527
0.32702269141632
0.428086388805141
0.269004965295714
0.229365918628148
0.356288221546894
0.151728780303448
0.390685609133311
0.380113833483396
0.331699069343811
0.457185076913179
0.414860007904113
0.280105803190544
0.312892028719743
0.33234109717519
0.213765010583421
0.358221843395492
0.232316471089045
0.2640178438931
0.358023896374494
0.310303352731468
0.255085606142723
0.424761494454645
0.551728342340934
0.47872627175669
0.289005903578626
0.234228328069269
0.445356608492068
0.383915983802992
0.359944007620255
0.32245045076263
0.408864919836249
0.393401682297342
0.402951681109794
0.33907106425273
0.226492958023147
0.388217532351168
0.387257447901014
0.342549175153156
0.31052516603844
0.414862322173421
0.382310610435486
0.405571710801974
0.350874301395537
0.457543721979647
0.267330109821342
0.350883001982173
0.274914086136314
0.221432009360171
0.46554026853641
0.425587610348247
0.407852713125825
0.333802395652784
0.411997632212349
0.436119304674255
0.515636418638915
0.417251252391172
0.357068457433696
0.440804147381594
0.420421608109621
0.48121242991832
0.43164589435114
0.35143901788038
0.609478059206533
0.427440037286817
0.582708217843146
0.503080765648571
0.505068134304476
0.532999915048796
0.435242247708513
0.456661304701944
0.55674948523475
0.492425794859554
0.422934864365147
0.535602782028183
0.490231256602743
0.478367502830687
0.434891074895669
0.400722095102839
0.317927134929472
0.312042497754387
0.392198956011654
0.396162593064837
0.442359215877445
0.400834350680503
0.493431332820689
0.443370442114897
0.470278263633397
0.464061985992185
0.499571493261862
0.502417810305991
0.527874848290738
0.371704854062642
0.572328123503741
0.507605486466682
0.385856171197817
0.382064886380018
0.399769370634976
0.503130783919708
0.34289612210656
0.604128607480357
0.563005289100632
0.438798321152062
0.503426580829336
0.610802514262696
0.551273705197412
0.552934507890713
0.56908693102486
0.41250675332699
0.417547994298595
0.527445639937248
0.548264164528512
0.429320611298903
0.37637901302862
0.616190898034017
0.564040542546576
0.529057166345684
0.591551677826824
0.559650748179915
0.520489303033865
0.530559612086492
0.594620092453313
0.444502780185368
0.593727727305405
0.562014514566885
0.437618848517199
0.670355136581429
0.573060148003034
0.636866642623352
0.460061986660007
0.499416974551701
0.485145147173336
0.659028011185603
0.494227112742495
0.584269457354017
0.612145878478666
0.541506397878882
0.643396063041393
0.638074700556613
0.620521020749134
0.684286396077186
0.599679623229067
0.70755372044855
0.515281794748159
0.572012417892207
0.363633297366329
0.545099628939596
0.508388792624333
0.527068473330285
0.650897055183164
0.559477074681769
0.663182678393192
0.511416441487082
0.488053895210959
0.610257364759933
0.76226932484975
0.677187152826394
0.630825958442394
0.47210590332167
0.605148171784389
0.622997340388005
0.578832433861478
0.70604892884862
0.639793712955882
0.491836881075124
0.620943675933302
0.6627660471442
0.555565406584863
0.709960413250295
0.738611565871769
0.446790412431116
0.779621284705412
0.54455626691517
0.744917023107903
0.461053799065585
0.593368626001696
0.717088787448294
0.627789997446341
0.526563198416525
0.653225279227791
0.545686511808385
0.706957708008179
0.717367433856409
0.675770792946903
0.583387505319496
0.7946734549655
0.745280654645001
0.497012114843551
0.631051140497946
0.807797669065597
0.765149995678269
0.649490653590001
0.808236270212382
0.563713984326767
0.648472350985285
0.728471644775201
0.612452784154134
0.674779289650235
0.765482255022083
0.680698874654921
0.749716094377114
0.673603257451345
0.652593469929316
0.744408274906888
0.601258029732961
0.755248196459232
0.648438052763983
0.806872914341604
0.674464267748242
0.770888485485564
0.529817186376944
0.847833630965269
0.764631933734334
0.757506265575374
0.703666423155655
0.74876098609855
0.659813595608509
0.687665888728515
0.817424833211429
0.770578400702324
0.74354840016683
0.659843139601374
0.552412880126808
0.574032222038057
0.808826355309974
0.773832396738219
0.68348549507901
0.797202378986985
0.717691181626327
0.668646395836356
0.828228828947515
0.890803217196712
0.70624102117969
0.80162954923768
0.769092014731063
0.697886968066281
0.796475883211563
0.798949406762521
0.83209032677288
0.858843589400196
0.805616257727897
0.757474402016377
0.625297936509613
0.821969092361425
0.545059578971024
0.857308794193401
0.823786185794884
0.846622954678196
0.808058229922867
0.703275222238651
0.799218898689596
0.7659686719627
0.739321386512808
0.782483884850037
0.846098628387005
0.801109231552365
0.757943841109362
0.634741524327306
0.982879919903078
0.740507560397509
0.818919445104065
0.716322496857317
0.79775367150809
0.846596621152447
0.972665754342776
0.858921532749264
0.736834825590684
0.895997567818717
0.717906174502754
0.748051482844225
0.831571948111727
0.835628980462921
0.786264072147883
0.87709070566671
0.801245433795809
0.946361830833075
0.751658789533824
0.938490910821895
0.905276894597471
0.699192208561502
1.01404074114354
0.796790581948418
0.885381679461981
0.78081208930794
0.837715896014339
0.926707212984213
0.815128442286219
0.83234959836761
0.909512856883696
0.861245706998374
0.897827274160446
0.929161852693066
0.910202049622384
0.932259659131767
0.861801490285826
0.85901109226283
0.837128824763036
0.893189203355358
0.82902097793825
0.740870066768206
0.886523489877903
0.92017369739368
0.980216948693927
0.722345918830434
0.859430088608405
0.915935086208742
0.816682576161498
0.758797855287778
0.754788675092641
0.818243705106415
0.875407399312344
0.809165706739723
0.891280119349537
0.908228861811877
0.981289249176588
0.996616718968163
1.00102967232612
0.785873061006846
1.01842323000173
0.991688641668472
0.982183238700442
0.906200755830545
1.05552051760148
0.949488563188943
0.886889133496299
0.979211976362881
0.925473514274455
1.09881752004815
1.03926341287184
1.01874568862208
0.801849349982647
0.933211195915212
0.984533247019885
1.06905638761117
0.965053683890038
0.988625218370991
0.910563189788588
0.94629991897391
1.06212857049546
1.06235678542407
0.96650709048437
0.998413690877032
1.04065555265605
1.13407682432811
1.05175924558586
1.0564250677796
0.92414038015528
1.00146863125656
1.05157551160757
0.9943333744858
0.91699137713512
1.00186531648991
