"x"
-0.92727741614247
-0.833017776008555
-1.10086150300905
-0.864389187067081
-0.906324103814234
-1.03235969575689
-1.12482248465431
-0.922840865033976
-0.941367640167321
-0.914773018253439
-0.985613882313811
-0.970464815843822
-0.946748257178742
-1.17449723028441
-1.01917806834219
-0.998080602690436
-1.00473688082158
-1.01240861067938
-1.04080013926464
-1.03840579411351
-0.957839711055137
-0.852797093430563
-0.999774311944415
-0.857443260772605
-1.00309867185787
-0.933723914478208
-1.05668108267538
-1.02804472551295
-0.979181722925789
-0.889510928723708
-0.96190089708693
-0.818490981537791
-0.842295388558182
-0.880324372300436
-0.777699036430112
-0.852754794548514
-0.718006992727274
-0.998747684644751
-0.871552326891694
-0.899495414143053
-0.894512651677876
-0.885449952841247
-0.910195381889681
-0.892067604021369
-0.857248749331681
-0.827908615154512
-0.935859077452773
-0.940414826288548
-0.991253175890891
-0.785432984744256
-0.861933108568203
-0.888812077564842
-0.727005937126503
-0.874949583329008
-0.845299328940891
-0.991589798147545
-0.872794322989787
-1.00432736880249
-0.839720479635602
-0.8810926986914
-0.775985699685699
-0.915226078645666
-0.830670882563219
-0.921579094856235
-0.954667539506585
-0.91653727291723
-0.808480233318995
-0.893763893466311
-0.879125394904254
-0.885561939333919
-0.7627168381177
-0.804048334756375
-0.951367959553828
-0.815919318292637
-0.738946744791446
-0.833786830534623
-0.792672349367142
-0.78087080063897
-0.700838824565272
-0.883989637039849
-0.82802126061149
-0.702560395619463
-0.925068005997979
-0.78905073508509
-0.831905182684127
-0.864011076683068
-0.861640247107182
-0.855339132339814
-0.826040362979599
-0.84918072608801
-0.715773881454908
-0.882751785361704
-0.91165853790874
-0.737257520464349
-0.886734270180153
-0.761837415860761
-0.752834931587836
-0.666025780853445
-0.745986296041526
-0.871280864328717
-0.830144061270255
-1.07618971869238
-0.730864178998067
-0.78520419120857
-0.557769033518297
-0.759866846151042
-0.836614542631716
-0.824947775298344
-0.75596365647084
-0.800763134460779
-0.745984722270296
-0.767133843621532
-0.783844560705748
-0.684544158801748
-0.826603744592988
-0.824756732858921
-0.746607274917211
-0.776909144504938
-0.645887659598743
-0.834833393556693
-0.627100747659076
-0.840891557428221
-0.875936090484854
-0.678693751302368
-0.89142225357093
-0.761246158044951
-0.803148233069142
-0.591141030977131
-0.857333271561358
-0.65399636189451
-0.705708124059602
-0.682863502165188
-0.685583595967883
-0.661576991229019
-0.727101331000293
-0.684000860072113
-0.719364895333064
-0.792441600768122
-0.692390657389985
-0.849737235223285
-0.780232163554526
-0.773338189480512
-0.694719487469761
-0.799185225268299
-0.687103363764558
-0.429594422330763
-0.669295085859316
-0.737238817418651
-0.779479015756635
-0.692214702104688
-0.746881268374109
-0.625126983623628
-0.750073546013995
-0.674096507624046
-0.72929662117764
-0.671040329850537
-0.748864526350481
-0.694386285983271
-0.795211254502105
-0.75752380823951
-0.77347071937843
-0.713040025359873
-0.600331643623125
-0.64649623821542
-0.543212053639567
-0.751464063642401
-0.599621513363094
-0.676159292170444
-0.634112362440021
-0.652014487251565
-0.636966308208784
-0.698382037079965
-0.681527091891023
-0.74635933865144
-0.746162837632291
-0.645670588077758
-0.685847398850117
-0.57903955152394
-0.743528074066576
-0.676969424596324
-0.784779323297191
-0.647344017376809
-0.6772142001133
-0.548745466484849
-0.697697850195786
-0.660524773124113
-0.598387414119277
-0.524041335447781
-0.6595291481446
-0.551839157137169
-0.555596902353132
-0.503129124164163
-0.627631976947989
-0.447829436751089
-0.70241040357613
-0.534448693388792
-0.623833087102787
-0.698716670838822
-0.540160637538309
-0.539830322651654
-0.561900118980382
-0.535167373237188
-0.684894006875647
-0.602458316504432
-0.613651434626538
-0.671587901757851
-0.526604204446918
-0.682750198258575
-0.673439243671813
-0.542665606333712
-0.539413166902392
-0.573241050197238
-0.446588625755685
-0.508248366962837
-0.583666923095933
-0.461412292495346
-0.612188975307546
-0.547630283140634
-0.59738592591819
-0.478490166335887
-0.674697456857081
-0.564501943346027
-0.660867830174141
-0.479120790409889
-0.515630954679194
-0.580873553932065
-0.58216859767847
-0.479386533323098
-0.613360652371028
-0.573397684117431
-0.558219709659012
-0.492512529529126
-0.384701122640295
-0.543703806499161
-0.522638043371096
-0.532874500915801
-0.440600667369949
-0.481168653893232
-0.517239519982307
-0.437923959190844
-0.486578230337089
-0.550202638425254
-0.508001925949143
-0.646421222820212
-0.532988508773776
-0.477604489016291
-0.559257081594083
-0.471287888594357
-0.561174172993407
-0.432242346111228
-0.537557163784519
-0.450968118507479
-0.412509186250461
-0.31739089738664
-0.577384730486215
-0.412105995191137
-0.518214372102088
-0.556586082891186
-0.456451623475624
-0.42166536014177
-0.505874896639973
-0.490387639741665
-0.321962214409376
-0.646117804135151
-0.571317669057327
-0.489949482410862
-0.5431265208255
-0.415128676650612
-0.47585977307703
-0.386720289538464
-0.390957459551383
-0.53898210726702
-0.554019759078723
-0.372968764704294
-0.401545774412952
-0.505547185333616
-0.46254893189007
-0.406532123913373
-0.33845346109
-0.474073410474803
-0.435021973596616
-0.289903120887853
-0.428069001995928
-0.405202334511634
-0.444892846340359
-0.414897766017167
-0.494955632786884
-0.48993374445674
-0.515379012653693
-0.407942560498111
-0.551759480025704
-0.431735296693752
-0.298962533215275
-0.516789615374524
-0.435685566613224
-0.406340305502178
-0.506988778877298
-0.289014711962122
-0.480614888131811
-0.404949015740401
-0.432504539851819
-0.462797711845734
-0.471952209704985
-0.331073991017536
-0.430745311897376
-0.398687564051689
-0.512112586471864
-0.434023945915581
-0.380614749893361
-0.520609750699375
-0.415761277769938
-0.373637225706856
-0.474271116545479
-0.380589050706507
-0.60594713228536
-0.325583471368767
-0.277135619288626
-0.303818007311201
-0.329905194687461
-0.489849726624357
-0.336715603244855
-0.320044170552335
-0.428599866851605
-0.283227591773516
-0.413564895507716
-0.366028867101139
-0.453081114063093
-0.354129017064572
-0.204873578894494
-0.264236381077181
-0.338337871633825
-0.356423617447171
-0.327093244765094
-0.415382733692254
-0.25756868779233
-0.369611512880802
-0.322276941191624
-0.282660242122319
-0.372849782081872
-0.302147648679877
-0.294790287080737
-0.378241187964028
-0.231411166650023
-0.168078898666571
-0.275288994660934
-0.371851292271705
-0.169489756031852
-0.273214208115942
-0.408235267369244
-0.31941671653687
-0.264837872621938
-0.330776007257048
-0.369326818206846
-0.325871056967711
-0.163392222617865
-0.209387790255877
-0.166639636345944
-0.167508029243545
-0.227980133399779
-0.486695392462081
-0.325702495063555
-0.183046661586898
-0.276382788755807
-0.277397047527347
-0.30214112920166
-0.27238238197124
-0.27779575305587
-0.131276326050816
-0.186698243748605
-0.21314095926581
-0.406685744459308
-0.238266807927964
-0.136321764642756
-0.259661539060338
-0.354614123193065
-0.252886016780008
-0.428770423493666
-0.180734253553471
-0.260860444877435
-0.110694130434949
-0.118062711141499
-0.18508689090113
-0.251502326385774
-0.210424511213578
-0.253782227707764
-0.33133296095271
-0.231928198162295
-0.145264043729684
-0.0852716572408469
-0.256243879133623
-0.154561213271551
-0.220933767488784
0.00983724859476609
-0.32277121832524
-0.142229008494706
-0.26047578824519
-0.103742257923994
-0.0926200981109298
-0.198022478905713
-0.0596870237407071
-0.234644440493284
-0.313977736821619
-0.265259619362656
-0.0960645644643086
-0.153803676479604
-0.123901441709711
-0.118980733200042
-0.101537184831009
-0.336591856327901
-0.22073161685474
-0.240135729027007
-0.240242303318929
-0.0553198698565184
-0.106779375011962
-0.230556064209331
-0.0806882375142649
-0.13063115873865
-0.0731200691377272
-0.209084923437522
-0.164803342160113
-0.209944329924802
-0.303741938001295
-0.240252889853219
-0.182046280145401
-0.311689393196635
-0.1293859087221
-0.101268595293378
-0.121931390114295
-0.0233726152125213
-0.125425217954283
-0.182537534567339
-0.0981113299312993
-0.139875995486275
-0.0580130145763259
-0.185719119049029
-0.114122620042961
-0.0518487520022074
-0.198524002889851
-0.150804662444632
-0.0487569599274094
-0.127983388670422
-0.111904637702314
-0.117019881909009
-0.0301690370938527
-0.0390649369034783
-0.0655244213338859
-0.206329746998955
-0.0334016959560372
-0.0416687724455959
0.00260868271356666
-0.113518307673558
-0.0331406623953188
-0.0818361916046625
-0.0924567710033898
-0.124484227150283
-0.118783500310126
-0.193070060541592
0.0760702824085055
-0.0340950348450683
-0.0381144650202794
-0.135678322985108
0.000887334006259025
0.0850526589755424
-0.0077885390698604
-0.0692345140147215
0.023264769667214
0.0587777859271657
-0.102637026950628
-0.162442387238991
-0.0666465949556591
-0.198828778187874
-0.0274126081971129
-0.116661963857563
-0.00824517764590244
-0.0156298962732275
-0.0419613048364807
-0.021295954903305
0.106559647420699
0.0410623319633401
-0.0804264031129741
-0.0584529248055384
-0.0285158189234991
-0.108283741276554
0.00175300853617114
-0.104437308736086
-0.0947086611661722
-0.0297236939525676
-0.139137803520388
-0.081641396441571
-0.174858455543434
0.00276785382845985
-0.0625257284633032
-0.0380952809609253
0.000782707131848502
0.0886811595657333
-0.0552775780680815
0.000338361443384921
0.00542782418442545
-0.0494327893320133
0.0476952177800438
-0.0960632599774289
-0.0585905881375994
0.032004331683236
-0.0148554381790166
0.018356142311129
0.0525959023456761
-0.0507488081774212
0.0255524340484596
0.232489122415054
0.0372631920054395
-0.00204182353646658
0.084009038908006
0.0456696137423165
0.0726791006406563
-0.079421094288004
0.0967105350618301
-0.0382326594914153
0.059403618876073
-0.047063911348107
-0.0683392514709492
-0.0365271276549908
0.0957038765153766
0.279548452777905
0.0158427300290749
0.102281566913364
0.0254576210113266
0.0369056640113368
0.162604759940094
0.0927277861715117
0.0741023925437991
-0.0112163286892323
0.165178942530002
-0.0170153647365572
0.187288563191476
0.0739719853435298
0.216129931178289
0.20791369906832
0.0446348643359875
0.0603749049193479
0.0997769024011517
0.0796638463210808
0.021329778269552
0.161002891562205
0.175708175779705
0.16635935909948
0.0654076598482683
0.106461327282802
0.00363083341797097
-0.0627881497970172
0.0884602302125786
0.146947148623077
0.0876653119690983
0.104172783908058
0.203810882747985
0.150068808303692
0.0854531092059427
0.103650723309162
0.0939783506804882
-0.0155234310426756
0.148942954962336
0.105680002156701
0.189150196267016
0.0273884346908788
0.161494852955806
0.313416850335312
0.0653086466216644
0.158710287011969
-0.0109304714434435
0.104675119099302
0.137695488601512
0.118650552813748
0.142250288145685
0.280883718269752
0.0930089781470665
0.15393092037899
0.192601981272664
0.224703917144924
0.157639611565943
0.100559746824442
0.318719997386167
0.0458163551597335
0.229401275455075
0.204352676502376
0.0879319739762095
0.160349255504058
0.29311639344317
0.238357180426789
0.209112516345529
0.11566023111108
0.157940319427457
0.0670758888868977
0.119857661621766
0.120943544169423
0.210329481647835
0.221705332930757
0.229879692864801
0.157824325142869
0.244774761377809
0.229844033328457
0.217080763009283
0.282793039718893
0.19824957661742
0.176674617189946
0.168017270153357
0.211397987835712
0.208692892167582
0.198725804231344
0.291350400956037
0.177262326025715
0.144629082460272
0.217896547964404
0.160241359569266
0.206679707208532
0.188756953530545
0.255137930464474
0.171318532918825
0.221393941929963
0.139036235251698
0.165364574922974
0.281448523062237
0.197097330259918
0.224099015800735
0.277719735849557
0.383894253353857
0.482966178905378
0.275787428877488
0.219887218350012
0.217859287260406
0.213545252536978
0.213296920103005
0.222812153600951
0.174113070087372
0.33681723555931
0.130532708820624
0.355103158880018
0.433804777459125
0.192016336805716
0.235121883309903
0.184173503094228
0.400517146080443
0.264856692851245
0.191363289477094
0.311285208453494
0.297363388222218
0.130970888005412
0.29060147431917
0.337710797911531
0.39012917733528
0.155568022161472
0.330502301529682
0.418385408845015
0.269033322750726
0.224259576819847
0.363200635054137
0.16033531890774
0.437550196234088
0.389584709996744
0.332344530547142
0.470242182277454
0.417172568288297
0.302320360050484
0.319019031709299
0.351972339867289
0.213036826222579
0.38638901401744
0.217611415906121
0.271221381672695
0.366488423506973
0.310163513152595
0.264244931758447
0.423074528887805
0.566376706323077
0.474802669097618
0.285878729260144
0.221660451697838
0.46017618232938
0.379392247990063
0.360219603858779
0.302335816872381
0.403689195692468
0.395801891379027
0.396908379618283
0.337429470861154
0.24574481177985
0.381593997644408
0.374967960764968
0.360987947964816
0.319274129635006
0.427358470514204
0.378549370473191
0.417777594225993
0.337814501023707
0.450808023633908
0.272138038803258
0.33597909721159
0.271963790627332
0.183324241174317
0.453306315559237
0.44066178898567
0.411208410062784
0.322498008679747
0.419593971350374
0.453392736801049
0.501904018912656
0.412068292915154
0.345467303979241
0.452811890211438
0.428033224693303
0.48038457148787
0.436481052895044
0.351477491916875
0.612727486388277
0.445798718499635
0.570479522936439
0.525887677575461
0.504129450336857
0.518344982630477
0.441274581293607
0.466223278668136
0.528335404574341
0.50605834273268
0.394696768493248
0.526528842673958
0.473463156264984
0.483197686973354
0.427823301280496
0.394446794023666
0.321613077444932
0.331750319191463
0.408882415322191
0.411290356878676
0.418075712868042
0.437663295045091
0.515767586863657
0.426710211790985
0.463262087715489
0.449391636660736
0.48046955104517
0.508362547924749
0.533444923684824
0.367544614391987
0.58751049662492
0.5209767554204
0.378902468649616
0.403206713140803
0.397309609577253
0.497537609707349
0.342709608078513
0.582748862239393
0.534024190717183
0.434667804115728
0.512756259245824
0.616919600224443
0.53959373082366
0.57521259703226
0.589415551877349
0.414338033316175
0.396255878799253
0.540746125864876
0.563605672566871
0.42289971182374
0.377248079315594
0.632725596521074
0.553945579442303
0.541228125296442
0.608007103652108
0.567763459422491
0.535680916634236
0.522576695621415
0.585510415780683
0.451836455097627
0.587019077334323
0.55755590912846
0.418865065070429
0.648487932436157
0.562177155244714
0.650671632655982
0.480315208205239
0.507920244681701
0.459053143357035
0.66014495076315
0.523376977778443
0.62077421985525
0.621546880347399
0.531957779861793
0.640993986051089
0.630341010014526
0.602313371571271
0.681968014870488
0.60829404838934
0.708990174711658
0.527719011771712
0.572188981220706
0.360270227330464
0.52397242778451
0.523284454998317
0.53167494512576
0.639914546122118
0.576300087172326
0.676706021828682
0.509585756736381
0.479174741124811
0.609266835310076
0.755528455028254
0.674141121796312
0.646800147767541
0.457179556198421
0.607310480572131
0.631818424745199
0.590812530949811
0.689877840242905
0.642043089002445
0.483297365532581
0.621356548397208
0.643489001772931
0.571270860736139
0.719958307349355
0.77503183586082
0.428231459541246
0.760567541108952
0.561918370196331
0.740816622130299
0.455439212746308
0.58692789121837
0.69874510716433
0.6365178791721
0.504975198191095
0.650577034313649
0.557371879944739
0.721892584928217
0.72187674485289
0.691099727122541
0.550857126790067
0.787970036548302
0.741366091928279
0.515272897489296
0.665376455737437
0.798949914426097
0.77861280985159
0.619916447758751
0.798483653852205
0.561043488751633
0.656397804089106
0.756025327594116
0.615268647053239
0.664162969889409
0.767565983041186
0.685803187064164
0.758510586869786
0.670488486728657
0.672677355454749
0.732487629103926
0.615930966683675
0.756302583696131
0.630749284062243
0.794599753480925
0.698338807954086
0.753873278169591
0.522618926012292
0.833571460280939
0.751293123034614
0.764380357287
0.709714741340247
0.755511715427528
0.627200104106846
0.706095657444968
0.81711095813325
0.798040805948083
0.747745068938281
0.654920820632541
0.574848656542363
0.56832685845817
0.791956008023162
0.766911768766495
0.686263545572289
0.777586610980723
0.717751014554828
0.682203332166228
0.840417368022456
0.887825688734761
0.710082091038442
0.783531562142819
0.776141266310105
0.67610614581841
0.773854201570782
0.825591369360781
0.822564823674202
0.873045753510014
0.803176812285981
0.764234567135963
0.645289723432826
0.820003593531794
0.518207137476429
0.883697599232375
0.835004705539197
0.846367795381438
0.800161707259845
0.69224507161702
0.801759011490125
0.78183586517375
0.735821137021979
0.78864426982812
0.842200467966705
0.777571830290919
0.741495145623775
0.642880835882366
0.983191873903066
0.745538026012961
0.819006325924738
0.73132809140109
0.797392331923371
0.835373715296035
0.976015324057223
0.846737892893932
0.750703124443297
0.90356282171593
0.743743882743138
0.729360303253058
0.84853142380497
0.81462554134066
0.792882267450205
0.873138786760302
0.796923778581282
0.965406755292153
0.780025786097638
0.93830514609765
0.904707185822896
0.721384602885871
1.01154009672033
0.820208664911392
0.882448915503567
0.763391763972102
0.833154647522464
0.921155757746387
0.825087362384083
0.810732654421683
0.907438627533719
0.846009388878697
0.907964318113172
0.918181775654355
0.90747381230103
0.92324506143355
0.860017162055306
0.864444444248852
0.859925336504308
0.903634828310692
0.822552932903602
0.734687331877274
0.89113545553886
0.92811098830466
0.972461615253703
0.720795447968837
0.875816351854282
0.905875242580248
0.828759717285753
0.743159087316284
0.770260389899565
0.812508425120526
0.861172416990945
0.808216743328781
0.885518333477119
0.899780238701996
0.963142493414354
1.00581401694264
0.991086034668628
0.797296404214237
1.00818938576989
1.00649146458644
0.960298737945341
0.925458926402962
1.03610525665367
0.958554814896756
0.862927635074494
0.981170436018128
0.903304541484061
1.10630699568064
1.02197247500045
1.01819483071165
0.793216849711225
0.922754904749982
0.998864582902533
1.06276010583689
0.954821035239557
0.958839589130412
0.932520197304815
0.937108522166845
1.07492512189932
1.06937215866257
0.996809841888068
1.00680739304038
1.02419805928494
1.11716899454633
1.03891412785595
1.05338176224548
0.942067904682449
1.02371777022684
1.03838718069942
0.99703928783008
0.914362141030114
1.00927427206735
