"x"
-0.936170013905429
-0.835489069432582
-1.07898937698808
-0.862040986042892
-0.873864430263132
-1.0339465316619
-1.09368567663646
-0.95282821849601
-0.940389158211251
-0.90173030979288
-1.00038371769183
-0.987862084254916
-0.944457663855912
-1.15836535378523
-1.01449549602954
-1.01807167274137
-0.996845487430144
-1.02362475888469
-1.02787285220962
-1.03501618618651
-0.946039529267976
-0.849526488658495
-0.966059259061506
-0.844724846427264
-1.0157439648008
-0.919027788698405
-1.06451625496395
-1.0142017498485
-0.98183280596507
-0.878153818418946
-0.967120482192574
-0.820824267399276
-0.872543659912731
-0.910886825945342
-0.804993524186172
-0.863777382492854
-0.728381076580425
-1.00425641893952
-0.867066878821596
-0.903735191461497
-0.896314790431525
-0.856301214850183
-0.895527189574856
-0.879173877048305
-0.853534381312874
-0.82554528901853
-0.926635327536702
-0.943840152690383
-1.00177467207346
-0.773179865951479
-0.882463299444871
-0.870781314818148
-0.728298145297923
-0.854015954467218
-0.831658593576101
-1.00230348991608
-0.891524960738026
-1.00127150600229
-0.839099397453856
-0.877832213134799
-0.789783558726577
-0.914390316911717
-0.830408241253419
-0.933599041717007
-0.95053745141132
-0.927762082124268
-0.837914235992667
-0.891914127480563
-0.914298155712279
-0.88756077021846
-0.780520392108251
-0.819609022942824
-0.98094232685387
-0.816219470914796
-0.742460545311792
-0.839596700978243
-0.806128452363003
-0.753226238344618
-0.692217521561711
-0.876268943419224
-0.847212871828889
-0.721948530041306
-0.904101303788106
-0.739342120331229
-0.820786544719543
-0.883586667797806
-0.870989988636393
-0.833036964505657
-0.808799956216611
-0.837576594115063
-0.709429452087805
-0.883126845676719
-0.885658212044331
-0.705785812051527
-0.88017011300251
-0.748989343615105
-0.733072909043531
-0.659066205790063
-0.744693651965587
-0.862347257519508
-0.803272477232918
-1.06644133946901
-0.741942350932033
-0.780138277016067
-0.558352429561473
-0.763401098376897
-0.838502443187666
-0.821061840867513
-0.748792575289571
-0.797479230130523
-0.744235955413379
-0.794437941062721
-0.78574677422438
-0.691951435909953
-0.81506773917273
-0.809358846773382
-0.719522969378813
-0.770402021613361
-0.649056645661237
-0.855887676294939
-0.631937253535311
-0.836957089482608
-0.879904339336341
-0.687770994492012
-0.878013694274521
-0.73943598678519
-0.813335263685181
-0.592831739368278
-0.865763934131237
-0.656521597962163
-0.691925747715708
-0.682268355206609
-0.696972882038362
-0.677354496730993
-0.736450490235975
-0.695662107798719
-0.722208270090683
-0.796362620338685
-0.694904113102241
-0.869467300503764
-0.795008087272323
-0.764244263483825
-0.700241956792909
-0.818202612722106
-0.709057674571813
-0.422105419895876
-0.676239411295558
-0.757585831245804
-0.768954787783923
-0.686497935103266
-0.737414556676921
-0.626145803858422
-0.746602431795709
-0.682723802533829
-0.727406286418581
-0.680290123996045
-0.729037749520452
-0.713045288113737
-0.781622548512764
-0.753734227077897
-0.768178082670474
-0.732275094474842
-0.602806989038345
-0.637154815134421
-0.560733553165189
-0.762348125213413
-0.594707137359645
-0.6653345713536
-0.638455231964712
-0.6326453931142
-0.648522793124223
-0.707158730674067
-0.661850165498699
-0.715903849536913
-0.724959592109264
-0.643379850231812
-0.666444615862775
-0.592929647312253
-0.733326088237002
-0.670046156149983
-0.786993576787511
-0.650251120508453
-0.702375762413373
-0.567232715860018
-0.681167926735626
-0.65654799335605
-0.604107474484959
-0.516708062216553
-0.653673275703823
-0.572328680557023
-0.567804769375329
-0.500095504957153
-0.62184361027975
-0.468832386280342
-0.702304743536871
-0.548876042317565
-0.621749162190092
-0.717846020427121
-0.522341114282378
-0.552341845705049
-0.557051330896204
-0.548670893551977
-0.677717412042834
-0.600918789417352
-0.610244040552956
-0.681559883520142
-0.52041512113004
-0.71151012267824
-0.690417976674781
-0.555852456297009
-0.564644020213869
-0.571579691325321
-0.452075590724189
-0.532942205742739
-0.579637866055173
-0.454627860298274
-0.626924605069083
-0.540100695720164
-0.578989983068664
-0.501228747559113
-0.691799575028182
-0.569142656895094
-0.673154884369527
-0.460300817257917
-0.522553724886933
-0.58316665596839
-0.590466763884149
-0.485811665632425
-0.607970306176535
-0.563252231546617
-0.572245413205929
-0.507982652438778
-0.37003941807699
-0.525804381878467
-0.530554545457687
-0.51001730239132
-0.436628582280748
-0.49276301630186
-0.531312671181118
-0.455338622011148
-0.475852382543877
-0.540161346190079
-0.50637408028072
-0.663606694850576
-0.551848191657286
-0.490720406382272
-0.567798749469841
-0.471967782886939
-0.569608672077746
-0.434395249713724
-0.552033111398006
-0.449386532814735
-0.408757965061561
-0.329209124715825
-0.571664649833682
-0.394562649597352
-0.516844678813418
-0.565421547507879
-0.468180562872731
-0.445008190453304
-0.505375952700571
-0.492185339951496
-0.319011173922978
-0.663841766281258
-0.559917727932181
-0.481287406344808
-0.556763315605899
-0.404057492146626
-0.501330246397042
-0.391064154503672
-0.389505499485758
-0.538240681770888
-0.544380826094944
-0.352864629671016
-0.406069537165089
-0.535599088210748
-0.451360691652375
-0.404066491760941
-0.33323135227353
-0.487296836454358
-0.403774415496016
-0.280279929779366
-0.424147251294929
-0.397840314904241
-0.432816089949331
-0.428958553080509
-0.486009286697211
-0.503826667148203
-0.491547706468343
-0.387444803671828
-0.545673915841341
-0.434042887293385
-0.268224460600041
-0.509609477124735
-0.436287350963738
-0.417954987651536
-0.506223315256805
-0.2873897450408
-0.472825779499853
-0.402568327617846
-0.404058072896153
-0.471895581614748
-0.476839265848661
-0.348612513789363
-0.45398820401606
-0.405128517465232
-0.485509089071307
-0.442099110249125
-0.390473188506451
-0.518968700003775
-0.435373415174919
-0.390822357424111
-0.459502509104868
-0.389017156162543
-0.603116147975431
-0.341674131115587
-0.273516015034587
-0.303653998087587
-0.351305818929575
-0.470313490102528
-0.33825641977576
-0.321068127290728
-0.434438759434801
-0.25039505920445
-0.426285398868941
-0.363737630217581
-0.455758173018924
-0.329314920658098
-0.214719221210178
-0.273628546358301
-0.351179180999208
-0.375362007318487
-0.336115803579862
-0.413080040663777
-0.258012085576932
-0.393072267240134
-0.325581107091312
-0.276489531166318
-0.355663074977624
-0.304957767903771
-0.301092661403683
-0.367859537172894
-0.255811194566548
-0.191590385365537
-0.289277754382152
-0.365172705048765
-0.165214447884383
-0.253476482832982
-0.424224313182125
-0.320051156015874
-0.249579330689645
-0.321368668266546
-0.348578110207831
-0.334224201908704
-0.155201986210206
-0.206939440812522
-0.157373654045491
-0.156228099140532
-0.216405303954082
-0.475536971603877
-0.322555726894114
-0.175586263124035
-0.303210198920023
-0.293057774494075
-0.321985821089615
-0.289793341264006
-0.285324184305992
-0.0912431260088535
-0.179311400255411
-0.228421973457591
-0.402165441794055
-0.257250641520779
-0.118657923369671
-0.239820466151686
-0.370523795868006
-0.22750398796279
-0.418085200759757
-0.155493356500461
-0.259559412104173
-0.0861407982483533
-0.0930611928811626
-0.174074152281662
-0.237147814542944
-0.214619688777236
-0.256147151092161
-0.337326028858289
-0.216117543390669
-0.148866638796854
-0.115155583705441
-0.249269683823273
-0.157536742630288
-0.209926562784959
-0.00111703909089799
-0.32325371971268
-0.124556889860779
-0.253867374389116
-0.0784280609564403
-0.114392573813327
-0.204965511918255
-0.0537566990682252
-0.218046931502913
-0.300253407957574
-0.281925961402241
-0.09425458513088
-0.133272991167486
-0.12793628147653
-0.12002053733174
-0.116125079520752
-0.34063575418205
-0.226333546491947
-0.267279998569848
-0.232388845933678
-0.0663780739506309
-0.10553058508396
-0.228533257669178
-0.070495941127284
-0.138867068208207
-0.079500084680912
-0.205501368215681
-0.172668342223166
-0.186899337116664
-0.320343469762197
-0.236572242614002
-0.18649596116881
-0.305223556262481
-0.102831376832216
-0.0811342484001962
-0.112765833431415
-0.0461696995034084
-0.123913442356983
-0.173965693336797
-0.103893602436234
-0.146527521904669
-0.062556667228025
-0.184775875994571
-0.107100252598039
-0.0427974656080568
-0.196030162206863
-0.154028236837761
-0.0597458604943681
-0.151526950723952
-0.113019015612767
-0.129464771674082
-0.0331827020480051
-0.0395530156460234
-0.0751880615275262
-0.206095621355467
-0.0281587742960966
-0.0531062204165099
0.0241981778383161
-0.130558417360496
-0.0344911903961589
-0.0943332659967231
-0.0819906682518594
-0.108018585710112
-0.114490735973136
-0.206579703790348
0.0797177534639654
-0.0380653782668179
-0.0271616268514222
-0.137467307520991
0.00948132993423812
0.0749809507977154
-0.0095960278256264
-0.0686269399399314
0.0264517790467846
0.046581828272015
-0.122680260566053
-0.157458836402041
-0.0475977228925463
-0.202754726148218
-0.0187600690105511
-0.100626333039511
-0.0424252373667905
-0.0187663163160915
-0.0646097991372141
-0.023522771709632
0.117153998031174
0.0360396711036112
-0.0968758484212689
-0.0543031826651777
-0.038157445224725
-0.109761043502647
-0.0164942584684084
-0.0780969668365309
-0.0918813565271536
-0.0233673233305031
-0.123477869841958
-0.0760846555573909
-0.188922264806541
0.0298691750503405
-0.053122462344029
-0.0464355862106389
-0.00760309989300828
0.0940105424271876
-0.0677466951550061
-0.019612592720189
-0.000622256633816147
-0.0344246167218453
0.0461552823884513
-0.117330353155486
-0.0799139606855114
0.0442694070203872
-0.0110921605276861
0.0333177853511301
0.0410338660094001
-0.0318087253983521
0.0483603485690662
0.237082378650418
0.038233893513972
0.0151276560831141
0.0688110732236175
0.0469552759888286
0.0533242173390171
-0.0730417675855562
0.0968849490294795
-0.0365972532767943
0.051986557802254
-0.0620270482266947
-0.0755352375796661
-0.0205374527520654
0.0976282844227841
0.289070823046917
0.0130362354054236
0.0839633698817938
0.0291086221692493
0.0421672377728745
0.170508074558371
0.0969090459740914
0.0580039383559958
-0.0110923792837556
0.187571637482542
0.0137980597915373
0.183796014391246
0.0604301441635043
0.202730906716756
0.196625512572604
0.0826238750153736
0.0560417154087035
0.0909244917510785
0.103414844176172
0.0137720754745122
0.1544781769788
0.15036183507099
0.15907838971422
0.0583232701704468
0.100506261227573
0.0281021954200923
-0.0580829263365941
0.0836756086867855
0.139373333049174
0.0840352738730566
0.106304826167739
0.194721366117878
0.152899082405547
0.0750292998215892
0.11238526242155
0.103813550287956
-0.0303682898012687
0.157042473324857
0.11896358872531
0.171881867446851
0.0243651872569129
0.156318381864547
0.316719394413681
0.050092025212398
0.130325655942506
-0.0180116194576293
0.0816943227243951
0.144326962646903
0.13111104059489
0.147904751699
0.271800813212566
0.0675214057716722
0.157914600434868
0.211228117002643
0.220497908739341
0.163349404582102
0.1025407876676
0.277435461914426
0.0677992896222884
0.227305500103294
0.206727585850735
0.104747791859256
0.178719331269554
0.292934271240394
0.23756816163901
0.211421746875003
0.133124445329945
0.152321702096344
0.0634274978691576
0.135889754033706
0.113295748556874
0.204247652991061
0.229390531830256
0.209842644234047
0.154880746405163
0.250447350987479
0.265819101786743
0.235563073712979
0.264568953228962
0.207641771966129
0.183440638650132
0.152725337747408
0.219038672703323
0.192414351358124
0.219493893362857
0.28037717479148
0.178178562209774
0.135388554633731
0.2114165438449
0.181144117361097
0.204330927407517
0.194760322847549
0.254890893227511
0.140610089048845
0.222871717289763
0.144755191824895
0.176500686159157
0.240723498122662
0.194973794536818
0.238619991346214
0.280138779875227
0.37468796554965
0.457637581168728
0.266716619545977
0.206378141812443
0.218583119443143
0.235366940064071
0.229335221179133
0.203327803765386
0.146700614146782
0.305766867805872
0.131094934545001
0.368324493220012
0.404364720801498
0.192156164220566
0.246395591205212
0.176900143433551
0.387651006052622
0.250711074303043
0.193927534473682
0.295561421003358
0.28379929235701
0.156741833830858
0.277704116128155
0.333031909876572
0.40885462263544
0.163874505842692
0.312599155526032
0.427925166620774
0.270303805243749
0.234521743486375
0.34945461336311
0.16113516793498
0.423131678779733
0.378543666405909
0.353469994586965
0.48135301432976
0.403274638207494
0.29653022228165
0.316082993264467
0.332832402008383
0.202460571257199
0.365783778099666
0.218799785608068
0.277275663823336
0.355776490013606
0.313546914833603
0.265948761627995
0.402536153316405
0.567746589017014
0.470825017833361
0.282129678381034
0.225433097432426
0.440561378251463
0.375420178943308
0.354509691685395
0.317432519713988
0.376647687721472
0.404218169257336
0.406526746472438
0.344145130325378
0.245566527790601
0.382238884449161
0.383201894277998
0.343138947847918
0.324495938332864
0.418070469258858
0.368653508250191
0.419804464780269
0.339219010567554
0.459537643495694
0.29412069929166
0.331864918672926
0.246190066325464
0.203540598156583
0.447041182479597
0.427270846393323
0.410596184985717
0.33698446855371
0.40927870409048
0.472127517229391
0.506762112617808
0.42906986197289
0.357956272409038
0.423503321303088
0.430704675390647
0.477637085159884
0.441218960797361
0.344634031488022
0.596508169204116
0.439086498407841
0.568529545125361
0.502664416949954
0.494439422248417
0.523071178127728
0.445327969766923
0.46783850696735
0.543883489082544
0.513026604537802
0.395169391556783
0.539572153145903
0.479147672117093
0.475224929650455
0.43986927463029
0.407971851585949
0.310276965124956
0.316295591000154
0.406100665474893
0.39143025501884
0.423499195322172
0.420130360997233
0.516355917962394
0.447581777051359
0.474764437999125
0.454845303805797
0.483563639895042
0.501856364354798
0.527558241941997
0.372820093377688
0.57795997587429
0.511167853986265
0.39052721307346
0.404512536090665
0.399382667421656
0.514611313214327
0.343763444042046
0.589019681651365
0.555134858054534
0.425198142174461
0.485969876645376
0.602299966627616
0.533755187345275
0.551699195258298
0.585541034809514
0.395442821463799
0.421445689115902
0.54313904362782
0.552166693100419
0.397533665337027
0.388810595142506
0.638547280616583
0.561843215604819
0.534546577533343
0.576878665803611
0.569181129923698
0.529817910482782
0.495395468855748
0.59143327046972
0.449939809701877
0.586150843074074
0.544515019833116
0.418315247269044
0.648860418478202
0.581763851095271
0.660326776581948
0.478775709397294
0.477373770005694
0.47501790051295
0.663854498030854
0.507907907002858
0.606551474836615
0.627024416062583
0.554748193183407
0.643312950173989
0.616214421758901
0.607007471294851
0.679221993245208
0.605253013137902
0.709997907707306
0.508798545546301
0.567747349850502
0.355157040365933
0.536683321651189
0.522065391441826
0.516038878986203
0.66289194697696
0.576350566465846
0.685846892802309
0.505515507038446
0.48151328746748
0.616504062660485
0.766567779223034
0.658385401806802
0.641483567146255
0.46829699422739
0.595954118620327
0.630161901466367
0.578909513863581
0.699038245754243
0.63532157975918
0.476666767954746
0.614357888516364
0.655611249520367
0.568278378880769
0.707668917653247
0.774156859653851
0.43533122098952
0.765790555628256
0.566538726284883
0.750377997661635
0.446694855068977
0.597201307756617
0.720984905180647
0.6387515564603
0.519474796630903
0.646468879589079
0.556965260583109
0.712941324828841
0.70966158378975
0.704721600320661
0.586680715167821
0.797384172087793
0.749345452302141
0.50834394027097
0.646823458719293
0.807669913549475
0.78091512841998
0.63518027939371
0.814393655659168
0.569794852495212
0.66692503142655
0.744005227184735
0.628900505832688
0.669249520584313
0.750117054344723
0.684201265184366
0.761224700304129
0.670366247546805
0.638340480419405
0.758306851496025
0.60655823270026
0.730865769535034
0.633470151379826
0.78226294400409
0.687624353754034
0.76243451529931
0.532431228691325
0.844153488634188
0.726902967586167
0.737084985375085
0.720395843113636
0.750648717164426
0.653095408376228
0.691154418150072
0.805689231927539
0.798718963491305
0.742251676814153
0.667635224619739
0.571126401698595
0.556608990564634
0.796668561397072
0.787117428322775
0.670356043012307
0.795167029520259
0.713610560930836
0.6645588892277
0.833746949874115
0.872047922139183
0.703822552774384
0.762325307457588
0.76663792892373
0.698815100651197
0.785833299316741
0.808600460532948
0.847658931446844
0.86926935954011
0.791864119518205
0.752910175194657
0.607923699930615
0.815777487630579
0.52750889534587
0.879610168236005
0.827885148844608
0.878733100772303
0.78441481088606
0.704975607656755
0.780431484673784
0.784389296595459
0.725031400526286
0.785819933677694
0.828917897416265
0.787582213059074
0.753002314158878
0.643103418646725
0.979183949910565
0.728390079234803
0.840981542459467
0.730769930740616
0.787946144281702
0.841228863412566
0.947612245649906
0.873623296411356
0.745848009211741
0.905498978691814
0.726116480661326
0.744769661740686
0.849799655532275
0.821870838600134
0.770289260775225
0.882675133592849
0.792251414361114
0.939968411089514
0.767832106580909
0.925178857220156
0.909442655601891
0.696690632598826
1.00474856539597
0.789247633704341
0.901259611393279
0.798875445511585
0.848838357171368
0.92508188723693
0.828132177674921
0.842246317687568
0.913199006539369
0.855862092180085
0.906882940497165
0.947464013575974
0.926176058047746
0.933634224840961
0.854078417029674
0.851832663170896
0.850956139076621
0.901297051654121
0.830688670259589
0.732879072690193
0.906664242940982
0.915938910052823
0.989269677946234
0.708931051394922
0.85879247875708
0.93600510178217
0.825664283832353
0.744145517123455
0.76488167404807
0.794022149268576
0.858412734841735
0.82274438942235
0.884813291697967
0.892721603966797
0.978507665848397
0.988283126101093
1.00223902068758
0.792373260761957
1.02115591201713
1.02652067613012
0.972233256309512
0.934948559739191
1.06653044588861
0.941756447366057
0.877545202740282
0.991053967132964
0.926698230480524
1.11258324263152
1.01525819385887
1.01310499222558
0.807614818493361
0.909497458351761
0.998013943897147
1.06331407457942
0.962722932093728
1.00033777875092
0.925133019443705
0.94916757756077
1.05371491943564
1.06736214358249
0.985031366344029
1.00336539967471
1.03513574378097
1.11938933095584
1.04634528267254
1.01795808538686
0.941641362345655
1.01324613258204
1.03499054102926
1.01135545514383
0.901567117423084
0.995297047396403
