"x"
-0.933453549262086
-0.842248652901592
-1.07936486587568
-0.859120335989862
-0.886833539585242
-1.05149643859281
-1.11378256195124
-0.922026348053725
-0.923395804921896
-0.893688089872863
-0.976522348670862
-0.969595450396234
-0.962439886442157
-1.17188328523015
-0.998096908311376
-0.995836831195085
-0.992344850673266
-1.01668865401815
-1.05282675793102
-1.02282290676604
-0.982457919405311
-0.857598958226448
-0.973514875972725
-0.859883090180573
-1.01967018695862
-0.947646444842172
-1.06581940832473
-1.03509695217916
-0.988106837585876
-0.892417343760763
-0.950838369809488
-0.828447131840145
-0.860455929822121
-0.899784385742717
-0.799457548473212
-0.884293611042594
-0.728224025928503
-0.98607274650393
-0.875631607468629
-0.874345992508291
-0.895092247816428
-0.875186992226952
-0.892340298254332
-0.906041764605678
-0.826566940099857
-0.835064712823934
-0.920212522689557
-0.947988723517041
-1.02348569039458
-0.79321305781946
-0.891759191362052
-0.888021958863669
-0.748671876661382
-0.873325375424189
-0.817396906432355
-0.994957420649112
-0.86645029597392
-1.00021972529222
-0.831728672308026
-0.901866802887988
-0.794767469092869
-0.907539872517191
-0.801682154924367
-0.933889193278528
-0.957191031944796
-0.922639790547966
-0.82499318152003
-0.908308193860726
-0.923985842099722
-0.909684370250762
-0.786050838302297
-0.801058832967408
-0.965197930735398
-0.815226414004177
-0.753842924238048
-0.854794738405202
-0.831461565691086
-0.772996885741709
-0.718349029013011
-0.874921393758991
-0.813473976050958
-0.693034154452127
-0.911397520108502
-0.769836066070158
-0.831411466882532
-0.862923966553677
-0.849424284136875
-0.849438598694958
-0.82391973885976
-0.8569242640845
-0.730304611220026
-0.885448820119875
-0.898598449572169
-0.717144868476788
-0.904426474553096
-0.752384240316395
-0.74699540269695
-0.668976705670108
-0.745640694077055
-0.887609447221444
-0.821830869494727
-1.07682867614157
-0.737498423622435
-0.784530357568369
-0.546611154102058
-0.767981049321529
-0.839614997970921
-0.822074817837209
-0.744790677395782
-0.829369231819269
-0.739370407295964
-0.772857260072551
-0.792183435956973
-0.680249756924569
-0.806845266597736
-0.822762544586574
-0.732636149617965
-0.76550451089151
-0.627343893973551
-0.839652092895011
-0.610020377511973
-0.831551507846355
-0.88420366255549
-0.670705945815096
-0.883048688410296
-0.751502778802205
-0.8002091674407
-0.595066078664158
-0.870546345650119
-0.660020097163187
-0.697072742970582
-0.687257645833237
-0.705840715659506
-0.662696599025635
-0.703837853161056
-0.682401961847786
-0.725318749438183
-0.773236170035962
-0.68307653676975
-0.867883013245558
-0.77423576871619
-0.777093324740956
-0.699154655669977
-0.805547858933047
-0.706500029425094
-0.440145216579961
-0.674997029960428
-0.753689483139105
-0.7960820434353
-0.65989942576824
-0.746665123122885
-0.623102193997744
-0.773224670014434
-0.693752648984413
-0.736183053098458
-0.687851112778595
-0.77168644348108
-0.69608839711773
-0.785286979632093
-0.764467294770712
-0.77036087155105
-0.723828369724275
-0.605837623894563
-0.64329148645916
-0.558922039018328
-0.773284728953787
-0.601803649085494
-0.667902323740673
-0.644640893069154
-0.6518415984934
-0.673973036857857
-0.698457067571088
-0.666682972974923
-0.713896491111854
-0.721380928906597
-0.633035589407765
-0.661700697518175
-0.589622823304037
-0.747523717222853
-0.670157199906222
-0.793530180425382
-0.665188629589232
-0.709242493741418
-0.554326371135357
-0.698390996237712
-0.666974956609915
-0.604969325365871
-0.533545425544027
-0.659070800947693
-0.552898518668178
-0.576930360946689
-0.49441410442286
-0.619342692043932
-0.47018446181184
-0.70569643016626
-0.538128750602653
-0.640657557621261
-0.71700169674219
-0.542275917982945
-0.554377893012536
-0.575262483936369
-0.546125858261423
-0.674611322581472
-0.600863416952464
-0.605419979246228
-0.651677545312321
-0.508159067978081
-0.686613704575509
-0.702637241892325
-0.564779710477693
-0.550966817849277
-0.560443240594441
-0.450068255527598
-0.525386195090903
-0.575283278935156
-0.42392104755487
-0.615791396151465
-0.513838089972262
-0.595078966811125
-0.490838895568485
-0.684748760174074
-0.560570435221442
-0.671351920840543
-0.484253241612059
-0.526771836968871
-0.592562972819521
-0.596582773666421
-0.49672331177072
-0.637682841153981
-0.560683270835221
-0.572543710652613
-0.483787317747829
-0.397514790301924
-0.52346911385787
-0.541986547756658
-0.522207596612042
-0.411487472497644
-0.47742602263086
-0.50418977272104
-0.460183364789912
-0.496381222716184
-0.556051667061359
-0.515509335728553
-0.645872134759794
-0.538731125977478
-0.456873437881513
-0.537202699083107
-0.483317495934866
-0.575141731760198
-0.442063589964758
-0.535678302681217
-0.450735630045819
-0.42470104543314
-0.331071335058134
-0.579341007062883
-0.400300228628928
-0.500059023143802
-0.569887943796117
-0.464552109439349
-0.421923613076414
-0.517887850944254
-0.485246028589032
-0.348227968336813
-0.654935381256087
-0.566590339703384
-0.481740726046756
-0.551226263245246
-0.39271885220632
-0.494889478205853
-0.392676805287305
-0.405625750726856
-0.542526118391797
-0.566091525710434
-0.34731138979452
-0.385522304024875
-0.5139635710536
-0.463112194948998
-0.409724523405358
-0.35305304952063
-0.490543488185821
-0.415410210992585
-0.28356898314774
-0.399242982253284
-0.396119155538296
-0.451952728496523
-0.429207917947243
-0.485780167682935
-0.473830415061057
-0.516305857479397
-0.382369119207814
-0.562840003596842
-0.422133896419274
-0.300152761628767
-0.529855152685993
-0.417886246306527
-0.415159493799343
-0.5102484828849
-0.273635409052173
-0.489489296322891
-0.420896866941947
-0.419313196630636
-0.463213502318272
-0.4772972724979
-0.343040541471588
-0.449487504821586
-0.38433004327683
-0.488165686375561
-0.437209489115224
-0.399352241252459
-0.539957361460745
-0.409320424865175
-0.39130199243408
-0.48654747772701
-0.396371214948877
-0.599775708444847
-0.3361667960537
-0.256232219863426
-0.284559214156949
-0.366765326018663
-0.494413159422056
-0.315199968246455
-0.318972471913907
-0.43404298839642
-0.274392190857095
-0.429321839250209
-0.355710298885904
-0.447634344605042
-0.357629598233609
-0.193740804149485
-0.259652359377423
-0.319135158633651
-0.365423233657849
-0.347072115058017
-0.403056483557154
-0.241895146871993
-0.383723882463318
-0.312440502519382
-0.287068528216286
-0.357368456337149
-0.33003230779803
-0.276969385168652
-0.391617058333557
-0.259498745333878
-0.208174127618971
-0.270339928537727
-0.361920424131066
-0.187283966717401
-0.260213531035505
-0.412903205524975
-0.324878158876245
-0.255932918773119
-0.341409112325019
-0.367433003013065
-0.336911376995211
-0.167526230128268
-0.223706213647385
-0.164499218662931
-0.141657595054674
-0.198929529468433
-0.494510598321278
-0.342432165356379
-0.174789696065506
-0.280755993814253
-0.291686155401881
-0.308045894298653
-0.257111048727358
-0.27783787090982
-0.105196429630778
-0.179296880205127
-0.208947492621446
-0.40473106212257
-0.248588587106412
-0.115489258032555
-0.23750682132865
-0.378601204574349
-0.251493547452115
-0.397804856204453
-0.183022669830555
-0.257753874560438
-0.0828436363290641
-0.124877387341879
-0.189270613630031
-0.238470867162048
-0.231897953895609
-0.2571278075239
-0.345984108236196
-0.216206978419188
-0.134959165039446
-0.0936579449416118
-0.267619205078454
-0.169194077974334
-0.217332611775704
-0.0239954121752115
-0.300905048302161
-0.134218394739399
-0.249908320266663
-0.0835657733267278
-0.110911277063212
-0.188863637261821
-0.0630492020721681
-0.209472921142283
-0.282575330713047
-0.260080438035027
-0.0960516077876884
-0.14577930576233
-0.130451492664375
-0.124960177010192
-0.100397156360326
-0.333653702563493
-0.209627717499496
-0.232170711121939
-0.24257902537882
-0.0508626394160289
-0.114191806987696
-0.232936417864934
-0.0803457507879096
-0.129959089217984
-0.0799211525468463
-0.214771948911689
-0.157657792610116
-0.201921420230231
-0.313058990610178
-0.243584861262631
-0.182027432264621
-0.311641163126458
-0.138061744192684
-0.0829552593986754
-0.147342868372462
-0.0586934305414436
-0.11557323821223
-0.177719506464855
-0.124095145697071
-0.161035772088993
-0.0339623725371281
-0.190205326458078
-0.0996733271701012
-0.0412627574366198
-0.1994597636692
-0.146856591336655
-0.0550212321676978
-0.151753684403169
-0.114902941750861
-0.134300795056124
-0.0404742100632491
-0.0405589672512789
-0.112485683951867
-0.224238528755822
-0.0503524510019549
-0.0508947248337863
-0.00753093351739979
-0.124109717485509
-0.0422913063615457
-0.0891045883975043
-0.0962203378283238
-0.131765390831765
-0.126961527040131
-0.202430495490944
0.0751511921030215
-0.0379651051492903
-0.0301510087495344
-0.130191906252185
-0.00869133316051156
0.0714014573158069
-0.0113551118344847
-0.041444672756978
0.022691024355421
0.0553946256982691
-0.111409155425938
-0.160334100093863
-0.0495019985365736
-0.204318823903575
0.00197555859342241
-0.118762184387331
-0.0178364445986106
-0.0153808763122844
-0.0446419476120474
-0.0472306985012257
0.125082878461009
0.0528675459023331
-0.0795649987107549
-0.0778123309763118
-0.0245565484748862
-0.11318894826208
-0.00498891540193693
-0.0948258266824988
-0.0851188776325459
-0.0208771017566838
-0.123885385192165
-0.0644814755616984
-0.183433128296831
0.00905862977205736
-0.0642647222592088
-0.0247682823790109
0.0156146662769483
0.0850945530725948
-0.075911042963535
0.00260377579146104
0.0142106898521792
-0.0383076925874717
0.0589743946013592
-0.110259091136169
-0.0718895099667321
0.0491807963744442
0.0012065117278617
0.00393169801427725
0.0399489964632347
-0.0324409988626823
0.0190194126268027
0.234527297518383
0.067437833226224
0.00845232187807459
0.0524448940562941
0.0277984953415792
0.0689562430467695
-0.0624974147055017
0.0957774520483361
-0.0516209287314151
0.0396925048577504
-0.0591704145456299
-0.0639766115394287
-0.0229496141194784
0.0971090161059485
0.276398374572988
0.0156231172793642
0.0999071212684851
0.0336193673590148
0.0368260042772203
0.160290212774985
0.0995378835118205
0.049856535259241
0.00227288398189054
0.154052700465558
0.00692416733822346
0.196875835447238
0.0662460793917348
0.216078059119354
0.206986000136491
0.0596937054563579
0.0429722530302995
0.0900564808048183
0.0861160893035879
0.0203126164971309
0.14108826575667
0.177407744064629
0.14888446216786
0.0605796191862406
0.115016144823855
0.0128635750504621
-0.0699730840975129
0.0868452711365228
0.145188226681712
0.0850772542133893
0.113729850801068
0.226057304552688
0.160096467384139
0.0869193058716258
0.104769249731605
0.0845522449488621
-0.0231242724074686
0.127724951853058
0.116867031931553
0.182946902921648
0.0179031776148279
0.170853088499186
0.322970595991047
0.0663460946076662
0.131491326496633
0.00424037880142714
0.103513478179585
0.147477526438051
0.123475988600067
0.151201981421081
0.277464954379159
0.0626221372095286
0.168850433807718
0.178289249142279
0.216669826595015
0.152599564468528
0.101837737976692
0.279447679167775
0.0458762303378691
0.222551408254001
0.208714092834128
0.100710369760857
0.191585422006486
0.284202398452951
0.233275096407672
0.215806573857208
0.118517871654172
0.171773757326546
0.0728244892048212
0.128529363263041
0.117759344419219
0.18579375128585
0.245661529630958
0.206387455392903
0.149313283987491
0.256246333626437
0.252771500604581
0.21321199594623
0.259614784371823
0.199784532123001
0.18713116149853
0.15364787734261
0.235041127731616
0.199121446699718
0.217943072770627
0.278009250662317
0.187679181992819
0.130963628622723
0.225357360271696
0.172617992486422
0.222188712203235
0.207336726473408
0.279186124003995
0.181443795977845
0.214885062273548
0.130063533428886
0.158448367036706
0.264985122806714
0.196898601567597
0.245916653334696
0.272595801321674
0.381900152455534
0.469023061454045
0.287422401961847
0.218918765662718
0.215006369878679
0.241057028557453
0.209967779847167
0.20283387280117
0.165143413818306
0.311920621616135
0.118437794563077
0.362356148126264
0.421069203610664
0.187459723415719
0.258723842600878
0.176414958592463
0.379268700321648
0.265637093279135
0.195936348777479
0.302632881273898
0.299011322257556
0.139421298939256
0.272977305560513
0.333116861713387
0.406126458810665
0.153866503141385
0.326119207172939
0.427759537754423
0.281936617323404
0.240988727285284
0.363328639669509
0.163989755014137
0.40927798974475
0.382665128771588
0.330446991069655
0.467920027431711
0.426083775309101
0.291592096635731
0.302349640184274
0.328429705727284
0.201118445216445
0.384952515346341
0.201238347191662
0.258972864475371
0.382990496226665
0.298436088098205
0.250989982815004
0.410303835611366
0.561610999701837
0.476494193746627
0.28176359064369
0.239454201125695
0.442584105286262
0.388192648113721
0.369362607796122
0.323318526071722
0.402665809253199
0.411539229430127
0.390530586914806
0.338546553041398
0.242815703688214
0.387454393931499
0.374810159345901
0.349169739269884
0.319208969497036
0.420002683421104
0.370868655524315
0.421680005722032
0.332137962753694
0.471055589082368
0.285733601730938
0.348514424996431
0.261594846996716
0.182555945009057
0.459403755947129
0.440750553072052
0.421115910854681
0.340780817164959
0.426144538822339
0.454318361565138
0.487647776708598
0.426562600246543
0.371907659104822
0.436052895319269
0.428640222827679
0.471429688291989
0.435454989787493
0.334602388479963
0.617442757788389
0.445312745985575
0.579364828591905
0.52477898685495
0.493956993151604
0.53168055985198
0.45779931595195
0.453565751460132
0.539912058080335
0.499631816799404
0.41685632376216
0.546585537696566
0.460932570722859
0.491038475647972
0.430957645785919
0.398428396990991
0.297775777677823
0.335576325104131
0.427725569172193
0.411418102711355
0.425651495934003
0.405967346064634
0.505025149343267
0.429123233003775
0.486928212672053
0.483211074072022
0.495960373647051
0.502638932997505
0.550562034563088
0.374860644439789
0.568296226010946
0.519414724736817
0.38491209400506
0.411781976230568
0.373285285526639
0.517285164052029
0.345062871691884
0.59409682134592
0.573026581424226
0.434567899336616
0.514203706956964
0.609624126711674
0.545099687906968
0.548221181063706
0.589129490635201
0.422811624764123
0.405123029958856
0.537199635909627
0.549404816092557
0.416777462701811
0.380720339631778
0.643201368736176
0.546597513208241
0.544795151482581
0.582050501607784
0.540450571300347
0.527414189401465
0.489367381240041
0.568091577321624
0.44858537091012
0.593660024697297
0.561304655837914
0.416373919384211
0.659949840237222
0.575886524950808
0.620063164035831
0.475455340587301
0.506282088624612
0.470723952169811
0.663470542729177
0.502179325045961
0.592705607073791
0.614232316128495
0.536038588482034
0.637023017267213
0.625494189886395
0.604146576493632
0.660614723386841
0.609121348547891
0.697886824810961
0.534945483951315
0.584203836652809
0.358034020564676
0.550207654259978
0.521327254247353
0.513785426068752
0.650016557736203
0.603824951318902
0.664582151297149
0.510663061164722
0.494548116498104
0.625886392962899
0.764870026688177
0.680162908612566
0.640460373148942
0.466325418499771
0.597309936205727
0.650932555042583
0.591828032279359
0.720179182039657
0.654511872372834
0.462352465041434
0.619640524949811
0.658265007518955
0.567860109259217
0.694073057577222
0.766927196144967
0.463477963605042
0.752132950254493
0.543914312789401
0.745413555264399
0.467098834124156
0.600216924194695
0.716591532133514
0.649758739662094
0.492265724643521
0.62400487568709
0.545875912523832
0.711766284824068
0.719129043903179
0.689723366946376
0.574419574525177
0.7944567832536
0.737626446995914
0.526470058730006
0.634315047384719
0.796626713475317
0.781581067460042
0.62390848921171
0.810021506558983
0.575592330045543
0.665856354426803
0.742812990008659
0.610474185130102
0.654199665245897
0.746300371099243
0.70117543748677
0.747914792421199
0.661841655785969
0.649361746528478
0.761261477843829
0.591282852207905
0.741068163049965
0.649071613159787
0.797800136137958
0.686791013424369
0.769174862951981
0.523737255835463
0.822712949997173
0.730468650888358
0.744837381656508
0.70369223936925
0.748376797144109
0.644802228538429
0.694590358118987
0.806533312197849
0.771056371113651
0.746538910424735
0.662754396190575
0.54966593372051
0.56490591630037
0.789621807962988
0.793345382672386
0.701746848306002
0.769276337392249
0.720993565556423
0.669366154772926
0.835134205100301
0.900402058435959
0.698171971661134
0.777060247863203
0.780192186813791
0.690693106567458
0.783289104467242
0.81060692355776
0.85103102932792
0.863120416800797
0.807592054056759
0.74718639818111
0.606658702420588
0.829893623901009
0.556037922465365
0.895040115719997
0.82786933896787
0.864528823545579
0.807465793519412
0.693234260908077
0.780248044792135
0.761088540898009
0.748380751884629
0.756366210352645
0.847677949104498
0.79620259873202
0.75920106222483
0.639504554361312
0.977266576996972
0.737607946457455
0.832326680539955
0.734170042064637
0.800033812012993
0.838596535939979
0.968697863668106
0.854823768322319
0.738829649863714
0.89088243274197
0.74884299202516
0.735992603474219
0.822694277078568
0.806412611085847
0.787877272427192
0.872035627809577
0.789957103755501
0.921392438175638
0.774693858426286
0.957464300354338
0.909816382475066
0.730786899781446
1.00807264556954
0.784766801950324
0.88073390224036
0.777850756660452
0.833784519233526
0.929134604987671
0.810026887200889
0.824912466444862
0.892339392886899
0.842170750229656
0.916608526855824
0.924762151771127
0.926921934695522
0.926319440666546
0.879068970292987
0.867029917442564
0.867526139000936
0.905590718932346
0.835963666743864
0.744473798523476
0.878595663822037
0.903526519302046
0.957277440527577
0.719149645095476
0.8776476228101
0.903884513511931
0.84487751164439
0.731694006649977
0.772167722561019
0.806898749569842
0.879850631877325
0.809731222339675
0.875568860380192
0.889200511321202
0.951653349856453
0.996045691078156
0.987429876982486
0.790852149100916
1.01572266544912
1.01589616272177
0.957512537942491
0.936119228999566
1.06405109987395
0.949384730030327
0.890172114046615
0.980004068511751
0.913863126367925
1.10556072632682
1.03793890188216
1.02153003099778
0.792663395865726
0.912815952992638
1.00217770027016
1.04430123059303
0.965157607087041
0.976378791206626
0.913569992977686
0.950032734319605
1.04678656565139
1.05106460005613
0.979927114976612
0.997896443795656
1.04154266962582
1.10964828578122
1.048971624402
1.04810800794082
0.943323427327412
1.02646097382503
1.03045796168765
1.01523994305727
0.891176452655534
1.01586940335285
