"x"
-1.04987766837511
-1.11980001227165
-1.01952671546597
-0.948110793113856
-1.05137892301286
-0.995805848911605
-1.08288861344051
-0.976687593525026
-1.15161061167357
-1.02794163097419
-0.945544944091286
-1.03309726175562
-1.0037265567695
-1.11728024144429
-1.11850951010562
-0.992712928955478
-1.05109018598661
-1.10508079022997
-0.847226463400329
-1.02313358378258
-1.01236325683474
-0.906655558172404
-0.92606775717728
-0.994173510827189
-0.908452483583714
-0.869466400441276
-0.995982877741105
-0.855743921790269
-0.919492159903506
-0.905032504595755
-0.931104287235686
-0.912067874103905
-1.00119025781607
-0.843137004046332
-0.869631601436295
-1.05810693992043
-1.03560948786322
-0.94621914914991
-0.884823566071644
-0.966408253964686
-1.06649479866367
-0.805205776205113
-0.973110661169834
-0.956437365076019
-0.95537911585161
-0.934027207890468
-0.983211136264557
-0.919745609808742
-0.87594610358651
-0.988203171898231
-0.902527451779143
-0.935531663489132
-0.867478622539912
-1.06613989735839
-0.876003961143318
-1.01843500398198
-0.926713112625665
-0.727190652947126
-0.778392438908958
-0.888587560371596
-0.87128039663648
-0.888194966459135
-0.705937498720439
-0.879998705963513
-0.949273180920709
-0.849052527065945
-0.930365239689085
-0.962577857454201
-0.975658831984077
-0.837672724170795
-0.76859461306821
-0.868537237680986
-0.814759533841411
-0.811481275471908
-0.954313154778887
-0.852664766159785
-0.883437970647914
-0.626747888369526
-0.846604151813774
-0.745719460666219
-0.729505220573048
-0.782672444225181
-0.8582657013957
-0.895222552693868
-1.00712147117042
-0.804602980857447
-0.785053522152253
-0.901924499586722
-0.793612509173523
-0.867139502702374
-0.767910011552276
-0.836499085374302
-0.923230336711284
-0.798472991556866
-0.781337229611269
-0.724272684822523
-0.710099120865447
-0.736699278729155
-0.725529879408517
-0.693159768361654
-0.859535894718684
-0.728450786893654
-0.61201650283548
-0.880385979402639
-0.799412363829562
-0.800972398574493
-0.867594872095592
-0.809989049940328
-0.757636264807
-0.693855440422868
-0.686997980114153
-0.802873274287418
-0.713867548800484
-0.854517299838952
-0.715727849413373
-0.904214394337102
-0.735908057167237
-0.903605524794182
-0.67310390719102
-0.904044652018424
-0.727542518246602
-0.816933650506684
-0.830189714410881
-0.958589608232355
-0.737948632313426
-0.851443661441417
-0.743462488992349
-0.646956599879278
-0.714493307384151
-0.688741656266864
-0.708738438425897
-0.793407028659302
-0.805205845886607
-0.897834096886128
-0.92388672299701
-0.801642586727625
-0.63579940831643
-0.611617086548981
-0.758955728568839
-0.680428052794733
-0.78542040556481
-0.474672430910756
-0.677829244326213
-0.753206475830484
-0.649457839861446
-0.535183680695485
-0.873451261860239
-0.550834645125335
-0.683466706358473
-0.620774255704148
-0.810282135004209
-0.694773828211272
-0.795132070233813
-0.714758023080497
-0.586327066681801
-0.638253952692695
-0.58947859291786
-0.610530667553743
-0.616245156293063
-0.694446545227108
-0.616719363028254
-0.718469120588979
-0.608788772888076
-0.523633996633909
-0.651443356340083
-0.646199891915254
-0.702268588077826
-0.608516845238128
-0.567143759828648
-0.692888093121129
-0.767190675067863
-0.622845062953943
-0.663885973594852
-0.640471489826062
-0.590833542674328
-0.502258480290906
-0.57775336572329
-0.589845937058471
-0.648810767162261
-0.691381218523267
-0.73526389599481
-0.681479187204506
-0.431773332883976
-0.582418926302852
-0.629307134919521
-0.699446545166393
-0.600542949965712
-0.581591528339557
-0.756828850712884
-0.605171692471126
-0.690687229823585
-0.603986893186063
-0.734837057735941
-0.697964092677662
-0.500983619012176
-0.627320229457911
-0.656764741208503
-0.654208455185034
-0.710353250755136
-0.494603686047193
-0.657729803322383
-0.61682240271655
-0.663997305204949
-0.612445873392198
-0.598336782365065
-0.533989033966982
-0.652600661499524
-0.583767332477151
-0.621900025565794
-0.497837806648196
-0.494696893973969
-0.494095117540372
-0.576892884514803
-0.498062645403434
-0.515941285905152
-0.540146147320573
-0.495581710581552
-0.492672661451768
-0.593361995239383
-0.598169919671179
-0.557024833861668
-0.587235898525346
-0.606872294652448
-0.526997508649679
-0.430253588668421
-0.582983483573872
-0.488646016803429
-0.607790176646274
-0.531529603350456
-0.470709316486463
-0.439662309898924
-0.610497050139093
-0.506755777557859
-0.526471369138908
-0.539644219074342
-0.467934201400894
-0.534090846865377
-0.535096211867601
-0.578012380964136
-0.5344411201856
-0.575190672124083
-0.583905222204606
-0.464087761574746
-0.609753537036464
-0.541383779129196
-0.539446727105152
-0.499797672051825
-0.563238838836904
-0.472941557418577
-0.541287327702486
-0.534473822264235
-0.58401902371065
-0.388133281953846
-0.626201719064773
-0.463271535097842
-0.572011551486348
-0.524930150740339
-0.528349285541331
-0.46237950347925
-0.477763899577564
-0.623712282541119
-0.638274728357705
-0.354138985793795
-0.554012717989203
-0.410137791224413
-0.488472395102959
-0.418468739269494
-0.532468414987902
-0.425851677971887
-0.393277341143862
-0.32168634186936
-0.429462144503592
-0.583510677306668
-0.456600996861279
-0.426989212433813
-0.331563366580132
-0.472849853570791
-0.479074366755603
-0.515535097331659
-0.453546574986199
-0.460639750009563
-0.513955014497256
-0.320061241388959
-0.412372156147822
-0.420557896306209
-0.384769355482813
-0.390577708445467
-0.355913743537842
-0.323852771698074
-0.338239156545288
-0.43349853351515
-0.278370691769546
-0.309122043070113
-0.533240060468003
-0.374882665039004
-0.377904927137635
-0.458243949930797
-0.235969556686583
-0.454101350992395
-0.418153367240411
-0.4427235680414
-0.360498267393023
-0.392270644073838
-0.488106207554974
-0.314558106886139
-0.389153205264488
-0.38587848144459
-0.475463082439804
-0.466680398256919
-0.362994623660246
-0.431352686659247
-0.288797803127963
-0.283093251235126
-0.409914932799899
-0.337783484235418
-0.325168161999197
-0.439307254302773
-0.186699184003513
-0.434925320949224
-0.256274433782144
-0.365203326732381
-0.413404266745761
-0.401634827271734
-0.401668060110769
-0.353966752161324
-0.469221168011692
-0.144764740243137
-0.350269637470868
-0.347195178398445
-0.169313844439722
-0.325403068249501
-0.266382010038575
-0.369121345398351
-0.309915574823423
-0.366615263697982
-0.420605756927669
-0.328094357899369
-0.42034978704411
-0.401716903535832
-0.229677512598232
-0.334667317597519
-0.368926147958375
-0.245736021487504
-0.440175349937757
-0.377716167464582
-0.246152880043311
-0.359873829844041
-0.487899552746701
-0.423481577085839
-0.217831267708004
-0.3278559199546
-0.309899878329239
-0.209244281339734
-0.271468624037022
-0.207127392208547
-0.250478142609724
-0.315873147859224
-0.293177018830816
-0.433626328232242
-0.213720159720888
-0.38077962587883
-0.384823049337406
-0.27077280182647
-0.269984675473621
-0.178227712035617
-0.387920409469232
-0.29729487774934
-0.323519257134675
-0.158017883060244
-0.211120628125919
-0.224322135329927
-0.306716128428784
-0.284127939527075
-0.403048816086542
-0.23858836209887
-0.216528035212645
-0.320645761409962
-0.25747205199097
-0.324399213674893
-0.379502772864191
-0.281595586227872
-0.227958773889084
-0.388189929669348
-0.227442629855156
-0.355068688229379
-0.352306473444708
-0.387804496217655
-0.187806909422593
-0.230252512243671
-0.219088595922155
-0.181943102454584
-0.16096093964759
-0.271888458587224
-0.0668222152788515
-0.341389874641179
-0.218580478106572
-0.209473670642955
-0.125538219888567
-0.290128468024054
-0.305714415793278
-0.255228075392791
-0.117099005659079
-0.194781572734854
-0.290921675040823
-0.343420108889405
-0.0409004309131131
-0.087007040455264
-0.353806501062858
-0.209354291783634
-0.235712229615472
-0.274454954581741
-0.0486711249043039
-0.171030483899667
-0.240704053206002
-0.214224947174725
-0.173779271131885
-0.226058090114272
-0.194739983549469
-0.0855906401014452
-0.164067060282927
-0.0819225512515778
-0.199906630980492
-0.146031456411571
-0.204277012866681
-0.197112098648934
-0.0561388085530373
-0.0809934265227095
-0.166658957293422
-0.0736031403963291
-0.031601269094662
-0.091627543105572
-0.0871099045666706
-0.262945915906212
-0.135750213305756
-0.0813351736001115
-0.0385849713168054
-0.0757507570322929
-0.0626495491629781
0.0637507335656745
0.0265431642708192
-0.220603948486889
-0.126806879030264
-0.0705948077001104
0.0927273270202168
-0.130307059788182
-0.0663900059403675
-0.154656121475784
-0.0582832855151575
-0.0537624879993991
-0.270251368400414
-0.136302072693026
-0.11293512443519
-0.119743546239703
-0.206879229409718
0.0070557445318104
-0.103527012769155
-0.04226634185691
-0.0590542419547544
-0.0381057009846391
-0.101745742034316
-0.0772380176623172
-0.00385054985349841
-0.0188783684335133
-0.046239400129091
-0.1774692731968
-0.108439632015067
-0.0457549698110483
-0.154485915381623
-0.122309807494596
-0.143300649077127
-0.0837672143207222
0.167447471674097
0.107734992905506
-0.0864289087833686
-0.0390667628238247
-0.0226970348026218
0.0679043650576108
0.0998002012061365
-0.0184077540342225
-0.0489084037903472
0.0183564827124438
0.110329336597067
-0.0193826559758792
-0.00958282559468571
-0.0296690574251917
0.0187241503756529
0.0460266124351158
-0.101683773947718
-0.0479329678998345
-0.0323840427751824
-0.000958499952379915
0.0313590140853717
-0.140524788366655
0.103733263759217
-0.0481603114175126
0.0619832558438599
0.00683092660090637
0.0368973028082094
-0.0880416525258016
-0.028945761541509
0.000435356424815394
0.13804088989097
0.0372444563499048
-0.0346181004085677
-0.115017716028196
0.208027046519803
-0.0215986770868308
-0.0384268750010946
0.0841272218164286
0.138205932721683
-0.0337097919015649
-0.0222930959712978
-0.0813116321529074
0.00430836545614844
0.140372775901038
0.0425542347558496
0.155436321273825
0.0531182497539993
-0.0293351181810001
0.199164280875071
0.10948994131693
-0.0465012155977479
-0.0736962601169121
-0.0518079935071064
-0.0693338635509978
0.0497233840742879
0.0883428656344452
0.185815317345126
0.123937694677118
0.0377626475559738
0.0439375713652319
0.0612120238386252
0.0409731283556287
0.148533566500624
0.370345423765575
0.11027735976354
0.0650261636916832
-0.0278200237752462
0.0870752382876337
0.0670742071776948
0.120022219697098
0.155481520358276
-0.0268397946769842
0.0629355030971153
0.21254186241308
0.0759768514567327
-0.0273086977188738
0.114118628326198
0.016698038107183
0.102738378171339
0.0809207958179431
0.109257442700942
0.157743366966994
0.0614455512011331
0.0717378679995379
0.107496594297154
0.0280762200752707
0.117692647467526
0.129359498904328
0.114373812222596
0.216339249074712
-0.0576440034953682
0.0945863468090783
0.168571318037228
0.261140215642638
0.0527246942043166
0.0644721439986422
0.175829305297989
-0.00394501592849985
0.177211074563786
-0.00731212259215646
0.268921662909654
0.172157592166939
0.136358679929704
0.119655201875552
0.104053386586132
0.251082009277133
0.0575913827967112
0.230910118751337
0.0136088299408858
0.254261084977145
0.224164366155256
0.125386058409701
0.0689014246261431
0.325972806605602
0.238876105534906
0.236745431957226
0.173642772245072
0.0912467923882881
0.066187860097082
0.106772545507521
0.0308800401840235
0.267088999235763
0.276443545717042
-0.0329743006898104
0.256335033794612
0.341604296558553
0.229915197868202
0.234843519545079
0.203620120058726
0.154414838281532
0.181021887108712
0.28319189863041
0.0939894948300272
0.301504427117066
0.290321055527518
0.16079926402105
0.2177321919981
0.233838390326282
0.255614926098361
0.305336984683137
0.0873290230931668
0.202133639915223
0.251949056925745
0.270905864190608
0.394726150908191
0.253817668792493
0.228688998984588
0.278953479535496
0.246187033206605
0.133509363104747
0.261402608001289
0.306590046744627
0.0589604261258006
0.181771644340591
0.230726648730426
0.369608372419259
0.152004668280934
0.369762345687005
0.36852572542913
0.270967311239753
0.148749310152414
0.290634041750377
0.245120644556989
0.343237416606213
0.176794417071665
0.375245855874843
0.426842518060557
0.284296540698533
0.257559277573534
0.256643630103939
0.21889553261087
0.410896118374909
0.447630260756986
0.339868214079976
0.207153747547372
0.129005757972454
0.441511001733079
0.299875047352477
0.224441732832938
0.325016811506808
0.253226368920328
0.392686191091748
0.282070632295727
0.273371338451419
0.255074720873237
0.235909227432789
0.383219961160859
0.297203445401315
0.457746307917088
0.291853875364306
0.371673657155396
0.367385602817531
0.37398250876962
0.29427545494319
0.249829201869299
0.403963888834092
0.323592395560644
0.45050042343555
0.322070017667359
0.441174829908331
0.339653067996091
0.284034549103641
0.363453568751897
0.468405471272179
0.435370814981099
0.407752073754516
0.372535912248375
0.354900854441256
0.321497661903069
0.177085696876399
0.431632562356519
0.193346580616574
0.202238944526709
0.42772390696452
0.434668222221984
0.428931916536721
0.334646550392236
0.334756885572814
0.354265862720782
0.364184143842963
0.361744882819148
0.330928082347557
0.353310698779118
0.376175291206798
0.326654169737737
0.277840067524811
0.375851516613439
0.432030089321489
0.377376338028209
0.420046940695766
0.316653485516992
0.350369521475565
0.29925089158502
0.225445711908237
0.544878246696008
0.458126556716859
0.334769591791768
0.43650163240627
0.533507773697336
0.430985440007954
0.470105555135313
0.333577268487839
0.366945824240944
0.395056194011555
0.350127555860485
0.306458881830943
0.399916639544033
0.304695665306869
0.429397913898383
0.498934037688063
0.477444262453515
0.4729586145861
0.481933956354271
0.525990525786022
0.445578713724159
0.512941955379616
0.405861939028771
0.625359420783463
0.344306219022197
0.537705307701102
0.429862337092725
0.416574542705501
0.500118680731797
0.418347356245927
0.550631631344948
0.500265397351687
0.335279677586193
0.362758658081102
0.402890902385488
0.388836896737458
0.594197685827535
0.611288089297175
0.675562015234112
0.454859001545205
0.49134854536008
0.598091215484782
0.488711952845101
0.437986761929079
0.481186301579686
0.474827757636414
0.553613642032764
0.496138758394291
0.645813843240567
0.346347135028058
0.604133958523303
0.582958739449665
0.466886521953928
0.63853556429299
0.560999339196144
0.577018043515602
0.647881131850773
0.532786165965884
0.44304166346952
0.47537809874271
0.610316707382635
0.499443555970825
0.481153906727554
0.612049364502325
0.562630287600298
0.529395285170253
0.563530417062331
0.499853328029402
0.742972929640743
0.704654527555079
0.415395859390627
0.451499311328399
0.565103629337128
0.562975693868298
0.482956034994034
0.36007608538194
0.464876926554666
0.556348484127408
0.58738234143608
0.587401006457148
0.43787903808872
0.704127898904363
0.65590948563002
0.565584181854503
0.577622427828321
0.692422337919302
0.434393527500445
0.354382719235487
0.541158850160407
0.519542424094964
0.541163977950921
0.469915521026244
0.426888286595745
0.561132215644301
0.564305053509051
0.842526760358924
0.670444289032736
0.5739405575701
0.634709680429817
0.693977893470098
0.633325093151332
0.666656964904661
0.644347455440009
0.581633008434653
0.590573580124822
0.585498214438564
0.693286205061106
0.53557480500606
0.675900264710192
0.697553763478104
0.707686584999962
0.734040986237852
0.589807783945457
0.688723572314904
0.639300007385832
0.681918504090739
0.572677251525558
0.737858914595845
0.839910447371896
0.807172669699713
0.644697700416255
0.626526638348659
0.672501730272699
0.806903526160164
0.641764786217515
0.72345115426387
0.706470643089744
0.668964185878265
0.540671787316672
0.596702324543313
0.627405431552663
0.572518306710924
0.793448784112993
0.594266052529202
0.630532582483542
0.469495340393443
0.605937713145115
0.637436759215576
0.531926021133781
0.66545714231784
0.655325646221985
0.722382172019752
0.642271280415609
0.729003713895781
0.664393417238806
0.539432576515212
0.59123902450051
0.735275160815293
0.81239609528323
0.82143765325972
0.726219969378405
0.699116126116036
0.769446216370426
0.646137926834994
0.596487752593534
0.765455467444649
0.742171693299367
0.727220915951432
0.764632917633207
0.812165148573489
0.674231312359625
0.807597487822162
0.819915562888277
0.656551776013617
0.666038486647299
0.695054427638382
0.714107988376958
0.844888968306232
0.868064430136327
0.58747464968096
0.708885162800596
0.887064445482144
0.792219702861285
0.813511872206391
0.659185039438259
0.868155497180047
0.792821715906966
0.82164688385885
0.748969592538184
0.803385346188106
0.921948228995534
0.663749556829294
0.842792035408032
0.801204359903719
0.779758958356784
0.735456134310205
0.781469965223365
0.884521299519118
0.778189754286902
0.802820634214571
0.796896614078041
0.771908944160331
0.759986235048181
0.765339507471495
0.863777745598615
0.715135474887416
0.591192223399846
0.962265906284677
0.702855080289643
0.875278359966654
0.863700606979461
0.862116485363651
0.700787614979047
0.824212932258145
0.884153835487891
0.741776297338491
0.810950794230541
0.82328620763266
0.888682665042854
1.02616435618736
0.852451353505414
0.636754434627456
0.753088128737154
0.809777349151079
0.903723372555164
0.795550816965591
0.836815559371629
0.847301881649855
0.827666693978421
0.709541683617141
0.889466231866565
0.828503844346887
0.965193567103485
0.885027136780519
0.743231194717219
0.963646067877332
0.836006927428071
0.802363322229502
0.731857332674539
0.833001672791651
0.780339593768436
0.853971329671845
0.942383972937375
0.860750027864733
1.04931944936961
0.867721643218626
0.8801959679905
0.663509524135873
0.980867058595906
0.957997280910171
0.953644944911297
0.847584962279633
0.907386814150133
0.862463876758889
0.802731601911808
0.829532724260031
1.0108281146435
0.95382531927343
0.863842740059493
0.902700205816124
0.870832117178072
0.912551155298857
0.952233085131818
0.947807018417166
1.02970870840611
0.993367891447121
0.923664667087973
0.835815820058137
0.823675803116856
0.901077462370328
1.00553841292206
0.926280654348645
1.01419376448415
1.0123081105449
0.995551965064922
0.898985628667979
0.839063166492312
0.886263430734525
1.01314612233682
0.855734559989042
0.931030874801264
0.941180574455744
0.924897544455253
0.843521643112354
1.08672252695547
0.907522263429176
0.765211430907245
0.870836408218597
0.886350300350379
1.01324546720386
1.01743599139294
1.05888014910595
0.954958343231766
1.04161918747105
1.10764227968815
0.953595290846904
1.05284443330755
0.965436510637886
1.0838501669263
0.978236136196875
1.02536115837425
1.01063840996398
0.92541005661287
0.946496200935211
1.11614763597929
