"x"
-1.17340474540694
-1.08795477861005
-1.10281535827388
-0.892322443080488
-0.927669153566798
-0.949093014509068
-1.01446068036572
-0.918418830899931
-1.13939138351115
-1.01552522542589
-1.00938748411358
-0.99405342192829
-0.913473341114498
-0.85675745144021
-0.920069189555984
-0.983038614582125
-1.0070304269236
-0.972226269158973
-0.955791723345208
-0.886117761023831
-0.931299357161891
-0.979540065614005
-0.854769100037065
-0.924844073337492
-0.961438025901743
-0.825106815097268
-0.934494546114336
-0.885223245909495
-0.933720693557839
-0.942415629324983
-0.962712987574372
-1.04144111756563
-0.896478567414471
-0.909001967232574
-1.02404534661299
-0.946102834246138
-0.91233397648713
-0.927680547594693
-0.827357456269442
-0.826872622356323
-0.908158078079618
-0.803351297197534
-0.806903301262457
-0.811833513215077
-0.991673468127398
-0.909241813634346
-0.892297597297375
-0.942408972278333
-0.893809914240801
-0.867449958619706
-0.781357067850433
-0.993774116032746
-0.876340032281902
-0.874960099526758
-0.893455180847246
-1.06673508015073
-0.92279367595593
-0.898091898934466
-0.957100793583653
-0.909284080167528
-0.710020357434427
-0.899938576739474
-0.904102696046152
-0.761451733345894
-0.812540952700293
-0.70427991912599
-0.894853496699245
-0.837134438730409
-0.808023075667383
-0.83257485054544
-0.861561070000239
-0.835485939555473
-1.07287604321927
-0.949602046668692
-0.947428831205011
-0.931165565586022
-0.863110440552036
-0.696562091507565
-0.765086823029311
-0.822525141276734
-0.836357692828656
-0.833341743354557
-0.866813252161333
-0.826984684141805
-0.78954218460908
-0.72841318056706
-0.794071597760572
-0.886181264996826
-0.874256180708102
-0.793718175942481
-0.733269349582843
-0.708657714190583
-0.736666993457004
-0.636563276905164
-0.812900843972587
-0.906976562166335
-0.84787869351462
-0.719671740055894
-0.776861584417277
-0.729895151567054
-0.86763885327007
-0.802017067774177
-0.83671232247404
-0.874417581600273
-0.812343099045252
-0.870611188735363
-0.781675156042661
-0.79300375108099
-0.813145548070267
-0.779362049306212
-0.825179178807057
-0.821533336652173
-0.778859366902948
-0.612444810193388
-0.7995341895523
-0.894485959871714
-0.657035580395095
-0.698436136659725
-0.643097217963614
-0.664831735059329
-0.657638683335594
-0.802129954176311
-0.697451132741921
-0.777148724928695
-0.711032747790028
-0.700078713911538
-0.714569529702275
-0.579215683993579
-0.666874377986935
-0.815497713210834
-0.668328534967963
-0.885622899470699
-0.603495307610935
-0.637565434498355
-0.74475815457328
-0.788861786691763
-0.748005162115781
-0.714763366280505
-0.633624656689175
-0.757306892923025
-0.681805870091611
-0.776464808779477
-0.760015619212648
-0.853529162743081
-0.624050576313139
-0.76222998323607
-0.628611884774615
-0.773136399144729
-0.739381105935828
-0.73729837820678
-0.551809538469163
-0.646611930299572
-0.77358920580217
-0.604350810835047
-0.752882408561383
-0.742257353228593
-0.607116522558904
-0.708603532714355
-0.778177265988041
-0.739829593718834
-0.682807208940685
-0.781483993561525
-0.593718071059475
-0.614001501438884
-0.680009460985857
-0.564575810960769
-0.54925778984816
-0.706561485691123
-0.553623158101895
-0.752681885252761
-0.728333063546974
-0.645174634955282
-0.743311710384307
-0.549971199130985
-0.708143108149806
-0.668773662384613
-0.695515957282032
-0.603699979280379
-0.692372697369943
-0.65156788233938
-0.700543540668983
-0.618978520995875
-0.606529194886832
-0.589387412545151
-0.695426207490632
-0.613288994478623
-0.594729165828187
-0.675686619978677
-0.661599531878813
-0.849280685909654
-0.544623906468859
-0.671246093717609
-0.621286814741838
-0.636550336590549
-0.628358199115265
-0.67712508487866
-0.563362146011023
-0.732870236884697
-0.552463461715959
-0.574678547798193
-0.588829786443261
-0.676215667610259
-0.647815603043514
-0.651287547440727
-0.616185503881374
-0.669302003065174
-0.420409951373244
-0.509413686341307
-0.745368531351848
-0.652471800490105
-0.568936215017272
-0.499045371759408
-0.528418729108531
-0.503210697326964
-0.702473353506202
-0.42463089341075
-0.424450352535626
-0.715565949781145
-0.606061602252061
-0.540206802125979
-0.524309732219317
-0.503580352212294
-0.650142184722981
-0.433083523444864
-0.493262246054645
-0.658799501762125
-0.692585114090638
-0.474646603818902
-0.393057173315679
-0.436704739249244
-0.622818717382513
-0.572039834255331
-0.357576072600175
-0.577681475783231
-0.513235094221746
-0.558907315818596
-0.579296829286118
-0.431315394421726
-0.568487346172639
-0.527983396077592
-0.573739978229657
-0.383736682478265
-0.572455205510756
-0.471048878521838
-0.393677244423313
-0.523570443125958
-0.578266498389739
-0.561088741281863
-0.449225899463591
-0.464131058109205
-0.573035370894799
-0.541172506672139
-0.533326393549553
-0.540698190329094
-0.675557624230651
-0.475313343108286
-0.427738383124996
-0.37855423148853
-0.477734548537746
-0.552994945363548
-0.479335449680685
-0.421711898520002
-0.523830568362362
-0.399648587741318
-0.477995950685253
-0.422929338897073
-0.466564609245717
-0.47084900237952
-0.359771568794662
-0.354155076678998
-0.483132481185402
-0.533035058412304
-0.480219370066364
-0.317792677588404
-0.473790796564222
-0.409365252795041
-0.37241231582592
-0.508798780193223
-0.563157544131396
-0.454734564798801
-0.324449106815157
-0.374529490875201
-0.527876112720702
-0.435156646225562
-0.391953658517294
-0.359698944918538
-0.449927521105175
-0.471266627955345
-0.325474799037417
-0.336394095711632
-0.407263300686638
-0.57869570007672
-0.37866617260147
-0.397557652841656
-0.406960486972217
-0.324686560277357
-0.562563085798377
-0.388558778435055
-0.472840253352628
-0.46623718610816
-0.347870752835089
-0.395821391485214
-0.352028528448584
-0.386597681119728
-0.201501953767366
-0.234813868595655
-0.391772256522331
-0.437987961004437
-0.291942331280684
-0.493286687048928
-0.332063120598037
-0.595806310572405
-0.466290494704617
-0.257141884194601
-0.383593597511491
-0.293017289026859
-0.392541777706628
-0.524787429088031
-0.265640716752384
-0.291126105245457
-0.300317446029084
-0.349565901314234
-0.233149883716838
-0.211485502386223
-0.32479812773908
-0.314673950908299
-0.367814029216237
-0.308046695612955
-0.468093737688339
-0.349492777396955
-0.354174033764372
-0.342221592375582
-0.141674309805193
-0.407089410240015
-0.43195334867693
-0.428343951637237
-0.352319295948891
-0.380874283080839
-0.306771027976486
-0.415099944481254
-0.299933841741458
-0.419969223914646
-0.331015471780502
-0.245855133564794
-0.33041620547402
-0.267954010047042
-0.418541332173032
-0.306276642634139
-0.270911352253034
-0.271381391227346
-0.479436497697602
-0.352817604402046
-0.252490306537414
-0.220428326191935
-0.309647654032365
-0.348076290564796
-0.293801049492071
-0.357718089788233
-0.182089562125546
-0.318072256321995
-0.251486042692176
-0.398640179708063
-0.353643624949234
-0.326349019253858
-0.25626424730301
-0.393361993216138
-0.283236375859577
-0.261960455714978
-0.14338899801838
-0.125730951850883
-0.159651484059183
-0.300422881277581
-0.319074019294705
-0.201371364583678
-0.297559243302484
-0.179718302475464
-0.29396409451193
-0.0583332367742887
-0.274076631914401
-0.461369424072645
-0.34740374466595
-0.24132194438272
-0.167828777363418
-0.397634316256958
-0.375446835990771
-0.278478873607019
-0.170044292123125
-0.131564477064088
-0.237518139034851
-0.201020981279597
-0.279376197523527
-0.140729624923294
-0.146745483481854
-0.363280352431076
-0.184072026515557
-0.2784741119677
-0.210121524833924
-0.168610439797801
-0.186442836517507
-0.207025805961319
-0.0931915403576614
-0.199135140867801
-0.341246218510352
-0.203293668060023
-0.0523505732352545
-0.335674724487039
-0.174894195305402
-0.175782151862596
-0.0218751094133244
-0.197444007206397
-0.162714458349553
-0.0953704271869405
-0.248186439254525
-0.184032866998402
-0.158704190049756
-0.35719085911161
-0.104069016439086
-0.30672628574631
-0.147737207164783
-0.082363546791801
-0.262116897763219
-0.149887458572682
-0.220232799237549
-0.223786084084451
-0.251576153044264
-0.0999158334226659
-0.135930661076468
-0.0300896190598195
-0.165615071860782
-0.0494762098744668
-0.220564015014562
-0.294665091349368
-0.224151190417412
-0.180101875919587
-0.241006340543175
-0.0650740161355198
-0.186687370054705
-0.0139267194721844
-0.0564574369454269
0.0411186252311812
-0.0132313292866784
-0.1168712015104
0.0104652261642913
-0.180350689308426
-0.179205079499026
-0.117221699798672
-0.122157150872838
-0.00681696472099236
-0.197877926262115
-0.0704943736093713
-0.0889492054203537
-0.0195341752062016
-0.159830966339693
-0.162923226016194
-0.142738285290008
-0.0622333259739799
-0.0987988318767083
-0.0373270759421369
-0.186443013346447
-0.20083082350673
-0.127088421446765
-0.0476580374251346
-0.17977297111302
-0.194652236112594
-0.173678883004484
0.030030360403608
-0.0693666034246443
-0.0430349367726432
-0.154522223553749
-0.160769290758344
-0.163714759294857
-0.136356606394272
-0.213467241324234
-0.127869036324855
-0.0688807684689682
-0.102741857964773
0.0926519491871608
-0.00553793727407877
-0.133668448404653
-0.123759681000274
-0.128510651569016
-0.0169743353719265
-0.11785598311647
-0.20402259900084
0.0954402012302153
0.10010979411204
0.0388272877279022
0.0305320818708502
-0.191360388738748
-0.0474995253379126
-0.0384474651183069
-0.0365649777168519
-0.0182477680158302
0.039451056244987
0.0280197938401253
-0.132297452189902
-0.16227671361696
0.128438788382874
-0.0855754858602615
-0.0125078984975927
0.0315347237938745
-0.106502043705343
0.0751877952864644
0.0604466880689334
0.0170457109352997
0.0396778479560858
-0.0935034897514082
-0.198752033464244
0.0868042934462443
-0.112476260285842
-0.0326527605994199
-0.0198119613811343
0.0458394943739876
-0.107165683734259
0.0254797513491488
0.172374668322018
-0.0390179796584924
0.0514390283123026
0.134748918709806
0.0776070710658125
-0.0161473753021519
0.10312745243186
-0.00510075335420159
0.0453369567482916
0.00417606283862388
0.180879464965538
0.139602285075977
0.129068460863588
0.0561742239811721
0.0751247536362955
0.113636216964468
0.0472919280560642
0.0260996317559487
0.118350071180448
0.0538709516469927
0.125003904869665
0.0420286621351002
0.0136558890918554
0.119448348488114
-0.00320137755056429
-0.0306721489242637
0.167011152748894
0.0909747141021562
0.0180838895600335
-0.0599563667957186
-0.00423723347904535
0.197896981586695
-0.00667006979808113
0.149694622075833
-0.00905113455973026
0.0458632043456149
0.0916669418563189
0.0227360059563825
0.174332158121173
0.106609212459684
0.230433404618727
0.0567123324635366
0.170737370675608
0.0143855305781526
0.15442072142879
0.0350571209931073
-0.123629501184716
0.0915783768999859
0.097617073735248
0.199980835352689
0.24625650087188
0.246939579850643
0.0100743513399406
0.132983850386159
0.248738907932268
0.150724862383541
0.114042380316996
0.149921363455939
0.0972922495108835
0.14240723960112
0.154868531813372
0.0317580914562817
0.129772727760835
0.192345588969696
0.0827741623987388
0.324768223576522
0.0324956032197815
0.192358511245472
0.208371485182534
0.164400248394755
0.11092714739324
0.212842953153486
0.127134477162881
0.163783847300468
0.302230442315945
0.323096772297948
0.259574124743492
0.12826075065433
0.077585742528109
0.131395042162494
0.187316627345665
0.116638705799283
0.206152502541017
0.154608170801764
0.281618295993403
0.113651136609786
0.0815324797003194
0.188984267482679
0.168402835129047
0.377680292214999
0.31578451100225
0.196377052187173
0.351304977108914
0.226846115594164
0.236164515797729
0.235131138489324
0.216542293512424
0.212473051887844
0.149199533812082
0.247152415440978
0.310529584314197
0.272576322803193
0.224376432224278
0.362905664273809
0.25995176371645
0.370046360219384
0.190019007322759
0.143415327085878
0.227416772759359
0.277791233894635
0.299272009177975
0.159645532941071
0.34234421154429
0.236651865379995
0.312312109685431
0.278589493907845
0.14775385670988
0.0860274513837815
0.189075956278245
0.377477271216452
0.271642598748941
0.265207289115265
0.33087077574677
0.359118530589845
0.21804597486786
0.0976426854015409
0.370431769241442
0.320313415735998
0.230098514101825
0.383957956931758
0.0598686288923227
0.318344830097856
0.179897980241427
0.264146401607513
0.285383797037679
0.272290032927483
0.280808644665398
0.366442904959473
0.316894198929405
0.428321681589869
0.394403177101303
0.451248590492855
0.210537045959467
0.403818608050103
0.283295103019233
0.352266974478617
0.214609086037406
0.382015704508245
0.234684854091151
0.513342902165592
0.449110050135623
0.290294478291558
0.339287960922562
0.381251052165088
0.368537685521714
0.246333548492549
0.254983583224055
0.298606466072918
0.334135939787485
0.423357577001876
0.392045843762722
0.270691753173379
0.477278098404752
0.450270646923816
0.425192109764992
0.478016913478108
0.492514012294605
0.339089442185936
0.394668535863012
0.530916215954764
0.168678270328727
0.364310552518651
0.407916636138941
0.251493903028753
0.310710661735595
0.245947937733423
0.508159441221373
0.378057777868282
0.287384388112592
0.497595970632229
0.410517636786009
0.390092185541217
0.391124517013454
0.438151677587431
0.336120374588685
0.499991325105034
0.416471497241458
0.43731509679524
0.414343176907032
0.44423037741475
0.360287380865095
0.381286915239125
0.435566862761872
0.368059530915982
0.41385963406779
0.421223621752893
0.280781095747771
0.392133793626413
0.374865483519301
0.492772247312475
0.387047489915331
0.458382467415446
0.380466577323164
0.428879007912557
0.423704363657877
0.291583488298071
0.401387545514297
0.566240066976715
0.481544435201275
0.576494311193627
0.609343330096647
0.436868186459187
0.481434834673047
0.343202312733322
0.546766151341279
0.491415745964146
0.351477738405725
0.588385704180158
0.491931825245154
0.461722824129245
0.582458942409588
0.449735889747962
0.514258124105741
0.535340005300234
0.580938135486716
0.445428407150143
0.583883259073526
0.427016976325358
0.547560914363441
0.414852986317017
0.391155878667365
0.446509463929514
0.753569609503775
0.527787558039509
0.480671117796462
0.454289479397897
0.501064293430569
0.570597326911561
0.55996090827969
0.395684589061878
0.562860793467341
0.684527255435931
0.4543555467597
0.433903814620574
0.447590132525372
0.366099466666186
0.530235555095187
0.564240192845566
0.477218319160928
0.516020503448213
0.495853258749829
0.431926860066121
0.434924180986007
0.53248550059824
0.551993613300259
0.5924644632708
0.641826712594422
0.606437415685796
0.379407008597153
0.525189866822638
0.557212099706963
0.58447534377022
0.592686935671869
0.43659111533613
0.571754673218523
0.615964509813395
0.614438504954241
0.5709572195631
0.660110077785514
0.556386037497488
0.529972318842487
0.627286393563869
0.551674914156573
0.665199069223423
0.569817174612374
0.59854391630309
0.36830257864645
0.48240566943843
0.592339501074381
0.54531804937706
0.614955498388535
0.529577195111014
0.568209925627677
0.516857856443256
0.550258757962524
0.617445177084752
0.560619580649793
0.459300901099796
0.834675348016541
0.665716459325843
0.586119689074699
0.595353337388329
0.715763468292808
0.518460713859841
0.686939319128943
0.615519501960642
0.595876038398866
0.598306938624615
0.631017486225908
0.601433572565649
0.644508705404874
0.747982261949286
0.574371211808886
0.733566475401389
0.549069564231951
0.606980006186163
0.690540482738576
0.600558761834135
0.580917616855227
0.768106828370518
0.746716183585751
0.606837870176903
0.651774494552518
0.664480855247852
0.717079195565917
0.711835254344614
0.677589415940365
0.761756788289512
0.764788256572884
0.729909199646943
0.599965917242666
0.606860822974569
0.696589895244114
0.755485451376891
0.729764148654645
0.659316841544924
0.528072907243686
0.632596195808479
0.754483947943371
0.607960710186634
0.727718733840195
0.712366743474275
0.817872443404383
0.66497509880262
0.615554904339311
0.575713883864412
0.764729070909857
0.762307581344903
0.61933547272195
0.678831698819464
0.698915236850089
0.705186001583747
0.708957375669776
0.645738061179864
0.726964716402323
0.604631607041663
0.88022132760165
0.626747743095458
0.558409582901697
0.78433201026741
0.740813882814212
0.763361123398081
0.679130992147339
0.838366533252097
0.690733588921294
0.744105598409005
0.708622437927024
0.72493064931624
0.717728857431488
0.839649089487838
0.860540519419028
0.859148205149107
0.729952705783186
0.662188041674104
0.567814745340561
0.728567501942292
0.732204925095004
0.82688284471036
0.754061171497158
0.699541829244323
0.895400705055546
0.707972812412327
0.846294436987128
0.782414661843574
0.655835745558755
0.845703849590916
0.724688764776425
0.951457173265399
0.748072057343111
0.671377199334207
0.819158213443931
0.831159078578956
0.711321531569503
0.764254353986679
0.724547594080256
0.842442282976094
0.76684604195095
0.828049370791074
0.687962546197441
0.660278882491294
0.862341549520623
0.839094008609645
0.808100018184492
0.851519894380349
0.837451618147522
0.916598210434578
0.827740046556203
0.804992700260854
0.902929658649619
0.969740902182375
0.769732736195125
0.920637874526018
0.669756004408805
0.741994807507216
0.827520214187349
1.02136678465655
0.760318503657761
0.885818252081549
0.802001354350811
0.693146901781518
0.846694414128942
0.91549096406261
0.773358567304732
0.76107933112919
0.86764414227248
0.877029900347805
0.996551341573988
0.876063932440051
0.908353954092099
0.896856066359745
1.00331934460086
0.809197955157632
0.859411207039291
0.962911057036373
0.77219708407198
0.962394782516217
0.934557547560133
0.692316121268879
0.897581002050335
1.03875956299101
0.916387043471656
0.741897495580959
0.965076738521078
0.783662347393349
0.925521759763971
0.848788818614658
0.768868811511008
0.844970703390839
1.06183799074479
0.813318713866285
0.815526684344802
0.986562029060057
0.930633301179541
0.884613359477247
0.947419825114542
0.895039301276327
0.893301943226845
0.905798141937411
1.02689261431487
1.01190414921241
0.844230888986806
0.92086017428872
1.07685289364562
1.07325807529226
1.02596259449792
0.989743157870553
0.93483039219037
0.838315904503003
1.03254542182911
0.984378187835185
0.888435767517103
0.788282785182295
1.01200584041092
1.01626099386415
0.796770415389384
0.757660693724417
0.829122076853432
0.95425349428124
0.856350572333918
0.972568159999142
0.823214953371033
0.979656120805644
1.01462371549494
1.08032285107243
0.982408408429708
1.00498419589825
1.00298187064222
0.964959527033171
1.02618068619112
1.04590446491635
0.9751929226554
1.03602051785993
1.29154681806373
1.13188875528545
1.02494839956352
