"x"
-1.20265692792914
-1.09606857275051
-1.11346646427037
-0.884568176578291
-0.940253024857966
-0.954535717910952
-1.01132411356243
-0.912099932153914
-1.14677406941496
-1.00122492397627
-0.997951409821467
-0.980379142133965
-0.920958741460797
-0.845543656648694
-0.927731802314589
-0.962249594604516
-0.996211961805018
-0.970454313581262
-0.954953659528037
-0.877532284077656
-0.938121472648685
-0.989989110702507
-0.850044741434114
-0.915921952665778
-0.981377868303216
-0.824557577628066
-0.912811323161097
-0.89654372593136
-0.924164520987255
-0.937940999583217
-0.982351008831027
-1.04261610010788
-0.903526347105077
-0.926533086990291
-1.01771137565538
-0.957576477304463
-0.912133661387757
-0.91401870349191
-0.819544008936658
-0.825362895705904
-0.896423109478497
-0.788524888259236
-0.783315293312096
-0.837902477085063
-1.00124993262807
-0.901568063255364
-0.898120160105428
-0.957699516415442
-0.876354748057518
-0.861008098461809
-0.785799787466231
-0.971130591324453
-0.866442996976522
-0.873295654538156
-0.904342959097536
-1.02464578580049
-0.927426530504702
-0.916056931876625
-0.967527377054528
-0.910042607896689
-0.709416306426166
-0.961727619743567
-0.897464800787131
-0.774066640362652
-0.820268396225091
-0.714529046564417
-0.878189998896648
-0.835072842540826
-0.832401729081969
-0.804115643363838
-0.857899290034386
-0.82477342678063
-1.0721211481575
-0.965158700836813
-0.955988812437649
-0.920277198555868
-0.858122544049776
-0.727625329970462
-0.749268113225562
-0.82879678214674
-0.836451395289426
-0.853050265874346
-0.865972772040102
-0.839025740543036
-0.816216743993767
-0.752091659532729
-0.810001073095116
-0.896178228391585
-0.876574655304057
-0.800568147588597
-0.709925762707106
-0.745707765742021
-0.761604026496272
-0.639785711367192
-0.812088961435023
-0.918341475585828
-0.86457040695024
-0.704217855808904
-0.779665572800548
-0.734071847457991
-0.879478356090952
-0.776134222229635
-0.82583968406313
-0.87598589073829
-0.822800297831288
-0.839757001299683
-0.804043222048086
-0.79762756040379
-0.839025463113581
-0.800087884419927
-0.793470560697143
-0.803220847365299
-0.779041180801037
-0.633477777028113
-0.775530603927005
-0.87969495664604
-0.650711971419092
-0.722762144842923
-0.632388396280345
-0.644541617903452
-0.668531080978712
-0.761896481708933
-0.698291840305901
-0.807210661925694
-0.718722180409479
-0.672957518759253
-0.709079335863294
-0.576309134989098
-0.6712890092409
-0.791663313989199
-0.67334005832793
-0.866003592918453
-0.600150911656124
-0.632558195311028
-0.732984736818071
-0.792716784243334
-0.751669937118221
-0.732489415341676
-0.643592890509348
-0.773697788339702
-0.695380307771131
-0.768244088219666
-0.80009668186984
-0.846481183441957
-0.62620595488073
-0.77299913522555
-0.618351930919788
-0.759736719397595
-0.7725931041184
-0.742018009704636
-0.529661279845418
-0.65907291123567
-0.774988799776537
-0.587614471802986
-0.762505555284179
-0.725067864966288
-0.594918966793511
-0.719088849287122
-0.766507142313093
-0.74879823873359
-0.685443966297467
-0.787186171743053
-0.599402484881605
-0.601511875903617
-0.651633179700045
-0.559514409882611
-0.555570224357441
-0.721119948387221
-0.555135344023569
-0.755451728906573
-0.725796618806719
-0.646766825485128
-0.740338164046453
-0.545692910211095
-0.714741052109903
-0.65958538336078
-0.686893202373336
-0.615971077489253
-0.658768325717791
-0.654963472492233
-0.706940844684145
-0.633352755263368
-0.608853677069631
-0.589959779079195
-0.682581694545505
-0.61215440587623
-0.609532417268007
-0.663282592917689
-0.656411609506009
-0.841375437699261
-0.510365881255812
-0.685323174901984
-0.634584780686021
-0.632364913926883
-0.632558384522996
-0.67589944130576
-0.552704032194245
-0.73688549514386
-0.550184238873689
-0.56589784191683
-0.579170113962766
-0.695060619140392
-0.626399541212382
-0.648155031347242
-0.630453435141269
-0.663531571022938
-0.405804294128065
-0.507327651954312
-0.727325690010411
-0.653335387884136
-0.57787776583934
-0.483684494477433
-0.537270574182001
-0.50635785148482
-0.705078629351686
-0.427087454485714
-0.415717059942082
-0.715187249439395
-0.609063772744681
-0.558033487963561
-0.515981397514598
-0.490042665322211
-0.639866548471187
-0.43015962906436
-0.498448684105569
-0.645118045202721
-0.68771651535559
-0.467454714046453
-0.399848023101997
-0.427624666510084
-0.623809121293343
-0.538354709474724
-0.371109139989044
-0.57958985162787
-0.513520046448533
-0.547950959594443
-0.578331562367808
-0.433120010609857
-0.571422603168487
-0.517610466268362
-0.561635831031242
-0.409503430237629
-0.576923979500056
-0.461337471284131
-0.384688777266861
-0.537518602801557
-0.574729262849881
-0.568442541385636
-0.435207759371435
-0.470263229144358
-0.567795779240061
-0.532790670086115
-0.548296849707915
-0.554652695394009
-0.648817745669566
-0.483708817941868
-0.409649723144629
-0.373320739350527
-0.469276135622067
-0.535758975046267
-0.482625688197514
-0.430778501333589
-0.546365066812773
-0.38345794670874
-0.501292562015314
-0.408905060216006
-0.464087525927451
-0.471004984500499
-0.338220798036007
-0.352061163828197
-0.485266842453509
-0.530816210880846
-0.479400614408948
-0.297450141224314
-0.451771262233698
-0.441010784029496
-0.385134560024004
-0.497736969316027
-0.543618115790567
-0.454962710206284
-0.323837222621966
-0.377173830300549
-0.535195938889064
-0.418002742214951
-0.374042643556361
-0.359082350456281
-0.44729863525996
-0.453557796825795
-0.312504404856154
-0.346958509831055
-0.4057856868292
-0.568927204948568
-0.376592451183775
-0.408806346457364
-0.424038742626747
-0.315416966524105
-0.552200314316118
-0.362108332977131
-0.468684456387117
-0.491138277577332
-0.338181273379218
-0.402820528112767
-0.36746307755765
-0.410284764908687
-0.234727255743509
-0.24708794133033
-0.370687211014259
-0.436291346417732
-0.30387915850566
-0.473558553570213
-0.308551590064377
-0.567893806500846
-0.486668446597924
-0.259499278119958
-0.387106804724857
-0.302980347943555
-0.39883719657227
-0.532526883552205
-0.267876162502161
-0.289065254674982
-0.314171605325509
-0.35539148477498
-0.240608740060718
-0.198172118668492
-0.322979949848538
-0.3411155267066
-0.348616070345134
-0.309796400952562
-0.475353657098719
-0.343974206624716
-0.350014866893564
-0.313826786154296
-0.141626889599936
-0.410647904488944
-0.452689406066589
-0.42616942948194
-0.330452463710309
-0.37762305221788
-0.291120190078376
-0.399556423402566
-0.295210547299918
-0.411549733373703
-0.310705841959279
-0.256378559496833
-0.337704183351455
-0.271324434243899
-0.423034465321846
-0.30847231053273
-0.256863515808262
-0.274905808156615
-0.48658219472273
-0.326945716707211
-0.240274006598573
-0.210845202226535
-0.295669040562499
-0.347573823400383
-0.307274077617696
-0.362990506114031
-0.194550194066583
-0.320907906958119
-0.255821794867585
-0.399665900661286
-0.346405393377785
-0.328138753434617
-0.257441351524109
-0.385050717388978
-0.271313622163689
-0.257038793312715
-0.129195009777946
-0.129256606775149
-0.149058748504253
-0.332549166332933
-0.309666896062659
-0.217414435922078
-0.316811598593151
-0.166312360322079
-0.277526848458783
-0.0556407355603933
-0.281556697028668
-0.455578334283869
-0.329261583797251
-0.217370212977418
-0.157316643722221
-0.388128372309285
-0.370621149445762
-0.264691581796646
-0.159195695361616
-0.126451421014146
-0.231710225014677
-0.17776849202672
-0.271220652190233
-0.151332931456818
-0.134105283924243
-0.375539211880833
-0.184964557790803
-0.306459585363302
-0.198625249924877
-0.162889795574454
-0.176304449061763
-0.218775061685616
-0.0964085341691278
-0.190426163038201
-0.337971518754334
-0.213243344964106
-0.0716691687558078
-0.340838613467639
-0.170976285564244
-0.173909063499021
-0.021370110056735
-0.184329628643629
-0.15025647451323
-0.0851446480302216
-0.236423875276111
-0.206943911552375
-0.142378125432409
-0.351281874960983
-0.095029893528741
-0.32130730442571
-0.144792622613836
-0.0901816248068364
-0.227628018732415
-0.160578964221074
-0.220738548450858
-0.25217984068698
-0.262336894362713
-0.10390372602219
-0.133225383339696
-0.0192900915397347
-0.166611412634479
-0.0408898743952652
-0.222644934970723
-0.273913202713875
-0.224173602807744
-0.19326187872409
-0.241648413353408
-0.0580235884459971
-0.180177724349474
-0.0291810688982369
-0.0811825234966041
0.0475330722882987
-0.0294658720181719
-0.101993330511554
0.00933076481664295
-0.176717798064945
-0.206873685323025
-0.116648188209161
-0.11583264093119
-0.0192456256863116
-0.179129855231922
-0.0777721726745913
-0.105605095486222
-0.0314102647062866
-0.188415158737503
-0.174870621529805
-0.164420125083787
-0.0687998032706144
-0.0860254188368636
-0.0161636083768422
-0.178627770313671
-0.194743649204493
-0.115177684555505
-0.0385362585028758
-0.183908596981663
-0.180063055575124
-0.168475400251483
0.0354357685874291
-0.102548124242527
-0.0619026723475601
-0.152526033533024
-0.159090313156389
-0.152666286604314
-0.130453272384584
-0.21268635240266
-0.127953619527242
-0.0686031071814537
-0.125095889938593
0.0885583839476805
0.0214669753529041
-0.151666574587745
-0.107048404018959
-0.115589574011759
-0.00957297662508176
-0.107178707103891
-0.183268059221133
0.0941589363871314
0.106965253793566
0.0609343770902608
0.0304041502888446
-0.156655525541696
-0.0471223941778065
-0.0445150132633427
-0.0254745459447111
-0.0214971591103729
0.0210029593367303
0.0500988321697833
-0.145672541643054
-0.181421339605273
0.110575610754303
-0.094429700296264
0.00201819214817882
0.0449220821447728
-0.100029509504635
0.0329506944800501
0.0596151074500144
0.0339556583623039
0.0215998034045839
-0.113699854299081
-0.183536154409143
0.0886556474070988
-0.0925954600965791
-0.0286343403880601
-0.0115076212334648
0.0525299052033256
-0.114730021789671
0.0431095674726676
0.184461891918436
-0.0476848944116716
0.0353415404845946
0.141812419266395
0.0705800209164686
-0.0144206624037105
0.0986418888056356
0.00381802988810952
0.0446066881793177
-0.00112432479690171
0.200172195289907
0.140864504271689
0.13062410962979
0.03956627375139
0.0702902952747588
0.0903468617030081
0.0434922565687264
0.034437174384379
0.116343488486259
0.0481363008837186
0.11105708321659
0.028777174200913
0.0255995906119158
0.0937446372339748
0.016614166948235
-0.0399879888447073
0.167959893174103
0.0922415216839279
0.0226048110124351
-0.0601772133050951
-0.0112045118778206
0.187306842396911
-0.0104726833707494
0.148487295091951
0.011848436977458
0.0343330593903422
0.0630010678653406
0.0174113651110984
0.15040513860041
0.0973431647197473
0.246590148554523
0.0465294777296059
0.180332368758304
0.0333687495386864
0.161187065375509
0.0309827741236553
-0.0848837091779214
0.116723881628264
0.104510788401003
0.203609497160789
0.253810781354101
0.243352332781791
0.0315114030471347
0.108423354376946
0.252859044499391
0.1316381448017
0.0996390091530518
0.11548584703313
0.0972281115857222
0.148290589853778
0.160424094660238
0.0260310076354729
0.117823470570962
0.188177328276462
0.0783786304810647
0.341789263638482
0.0372510874205248
0.206480957897929
0.19558724165096
0.161820169421129
0.118952407120229
0.216880927461985
0.114681588683901
0.160318917554389
0.328812626480664
0.316384300525198
0.273488355398571
0.109310577389585
0.0747785606085394
0.123463950352622
0.211712541939717
0.108262879913554
0.207091009043563
0.14968664711157
0.289149451493828
0.105310149943839
0.0792904139993409
0.199197251569021
0.179941186077026
0.381884066095633
0.309060386883287
0.1714555986245
0.347452814689176
0.214917204594243
0.24949407363435
0.269353271440274
0.226481188538962
0.208129467970113
0.142583696990614
0.235086110668346
0.304564900277836
0.283818595708586
0.234029688704861
0.345608289790391
0.248192988664894
0.34601920114806
0.221664927860421
0.138706677297242
0.249247575365918
0.264599111554961
0.292027735473101
0.167206211414012
0.347950517455469
0.227192911346775
0.29035868408008
0.275064543133065
0.109405549056378
0.079617418225637
0.176290149375906
0.391023331953665
0.281670466187735
0.243714696224376
0.297216878637772
0.34467712999676
0.236621912966297
0.087654546104084
0.361444361396382
0.302799607550504
0.216306750161958
0.35196640938227
0.0811238698847541
0.343183417055841
0.200953490695321
0.258873875514636
0.275281217595679
0.271359646877901
0.266398602392616
0.374545585072623
0.331448423630919
0.413886360759029
0.40106765567567
0.44013311785257
0.209082751029389
0.373007643217848
0.314131293892605
0.32341392274369
0.199208628569518
0.361279208294807
0.218909167422408
0.507696017864734
0.464769263770719
0.290046003187047
0.323772629330825
0.387830111790442
0.355138033679995
0.233973634299195
0.269467238345524
0.303877309819919
0.328943243819578
0.422520115851925
0.389161351475255
0.266475728662495
0.47103853565778
0.448666593546397
0.427606446089425
0.478391445202286
0.507630244233407
0.348081834491118
0.397112513569054
0.514411642463118
0.186470327969795
0.368041752561765
0.42654073026481
0.268852200023661
0.303779455438407
0.255829964538907
0.532685592091184
0.392741404486133
0.325488919412173
0.468737819820272
0.407188480694454
0.383258928466803
0.377974524020277
0.440008873554703
0.346230429625534
0.500279101606885
0.429383854698387
0.425080025271555
0.400075391736253
0.432877689483093
0.379284554977888
0.38775142090543
0.449574350894194
0.388664246244712
0.406907912711087
0.393623439472476
0.26907333561079
0.399812602096012
0.401903257932124
0.487436218687262
0.40484762048163
0.452009297015394
0.38094334839883
0.436078981686663
0.440932526849114
0.277532872068808
0.423550248774159
0.527405159174454
0.473821425351856
0.548459627691549
0.600687457268784
0.446866921753246
0.45605553796124
0.327948565456259
0.540439576878041
0.472562466204095
0.348468309227895
0.571158898249979
0.49381336809064
0.466470089298784
0.593156445277888
0.443612097189006
0.538682656727882
0.528326393257996
0.573687607078058
0.441278745691924
0.560257456812706
0.436454448528623
0.543774051287768
0.42772881496479
0.397748548796861
0.444602397843344
0.704173052786029
0.52295883933826
0.490041646083744
0.440724088372455
0.504040751860586
0.566435112946173
0.535357964778573
0.400170589626452
0.570957486457252
0.674990276096355
0.455774318202546
0.451832997640532
0.439919319755862
0.387011487061849
0.522177641670974
0.553394152531987
0.495697862642402
0.520155004880135
0.515659794800253
0.449459287417515
0.437979586876711
0.521687425342105
0.536996362762728
0.611901352271299
0.652273001470523
0.596655380071142
0.368486932109658
0.516778256081602
0.565372243230665
0.608793348698062
0.59943263001039
0.43932750690492
0.554222187543055
0.642992256049317
0.624225239370449
0.572375701489593
0.663921197685301
0.574170494757902
0.54273590844989
0.62335464410729
0.577358157902376
0.666940341160308
0.578456094555804
0.612742133273955
0.390145329851165
0.469539332848223
0.607870929161061
0.553180992485793
0.613747066640041
0.514665000309611
0.563213775694706
0.531525649309659
0.571358050533617
0.609739493530513
0.566272502200556
0.473366462064329
0.833116321062218
0.650383433663686
0.559490126732325
0.583155776791895
0.708232826758759
0.521510269307039
0.709205757920458
0.607338717516141
0.602111478995795
0.59022163093437
0.630515375220761
0.616318247889475
0.63814714129205
0.723476306170158
0.580721058189672
0.726218656806009
0.540302375129725
0.60005454895512
0.693197144474388
0.587321189894668
0.593253146647118
0.758114495948216
0.751307536902719
0.620563089176656
0.642276676056587
0.665600920230214
0.713235023012522
0.742265442210806
0.667554643093462
0.763001143991762
0.75404755883513
0.732027512106238
0.576702603231492
0.58932764454265
0.711497185038904
0.759997694816856
0.723469859186158
0.651733931296295
0.520909010199134
0.615141701534853
0.773888127283172
0.625783686963982
0.741087956385634
0.709567544598842
0.828766618588582
0.66035985655025
0.619957429142447
0.574643456426489
0.761190100745228
0.750453499564461
0.592223711275656
0.66265103812083
0.676108555664372
0.694589929661755
0.707864773678514
0.645504829473615
0.736188058601547
0.602396516387038
0.87957795346772
0.629267553072067
0.557172526418363
0.777288459663091
0.747601271505898
0.76250712921468
0.68263481666918
0.828493504630912
0.692975608670376
0.732551532542805
0.691527044641686
0.731146412150772
0.725733625529023
0.841753016436487
0.885475793056854
0.869109781111213
0.759317887351052
0.664940038925197
0.567487045426821
0.731907149680559
0.718178109059039
0.817949220650047
0.752536991865333
0.688324453434181
0.877191474370473
0.702393610005014
0.854630776648304
0.784007036795498
0.652600103691837
0.858012053878891
0.693728514181083
0.930700008300739
0.759734407244768
0.68266516249627
0.82591740787953
0.832220890735151
0.70865038743571
0.779054187454192
0.750482515899434
0.843904567453216
0.769520792047051
0.802638284056536
0.661698193435571
0.638468811845588
0.86321150753788
0.834108946075385
0.825624342556585
0.857709584490241
0.853033759899098
0.924986936464066
0.836753095946111
0.791103058359786
0.903987825976792
0.948635738599154
0.786959912331334
0.898130227075841
0.67539978666186
0.735782757555775
0.830722743622668
1.03477112056028
0.748296827040467
0.887726031278903
0.818070955094772
0.68972568843622
0.840831464858519
0.926707988899627
0.794879752351636
0.768217317441927
0.879149122031136
0.877255364286596
1.01061153990376
0.883058552636238
0.891242007075466
0.900143500559134
1.00948720569476
0.819500895676564
0.852880041532088
0.937766345485373
0.779102917714276
0.972706251304562
0.962349672116664
0.672078062316521
0.902987473141465
1.03303929238978
0.904518334952439
0.732604610964055
0.940961983271802
0.797959542310922
0.930724483276291
0.871018343638777
0.751691231236903
0.865689035317018
1.07152570746118
0.846256444933091
0.818593964029992
0.990469767699906
0.945258911835494
0.875523722178061
0.932205552298948
0.865801170951571
0.904570221860494
0.914169193092021
1.05158871000025
1.04133563462439
0.838090984911611
0.92133249209182
1.06868552284029
1.08613789138252
1.02604662001815
0.98888586299878
0.930737603012477
0.830986390437272
1.02100188429397
0.973022087133521
0.913724943548987
0.810227529006896
1.02367745298812
0.991036028282033
0.799591087653558
0.751507618224562
0.837457926300804
0.956573302389076
0.835727432345555
0.969230725200949
0.83410591136163
0.964005600045858
1.01152051741811
1.08041162526218
1.00037574417039
0.995110234571701
1.00661129603544
0.99677748175074
1.02385561801617
1.04525647783674
0.993582424833287
1.05594303467289
1.2852998735676
1.14282492418446
0.998846150598487
