"x"
-0.941890006329641
-1.00904641951102
-1.12873060670592
-1.09454201660452
-1.06402309406352
-1.00988648327509
-0.931621816539135
-0.896162533851144
-1.05418646434293
-0.969622276850384
-0.941847512516209
-1.08500763872719
-0.933199257859201
-0.841885808765149
-0.807903309046729
-1.04017182406378
-1.07286247463352
-0.900739142447176
-1.01012074519835
-0.802454532955873
-0.826674517516009
-0.880529588973276
-0.961003602779597
-0.981164921519405
-0.857771878290877
-1.08577944568393
-0.957462603525609
-1.11226220242463
-0.941131519655287
-1.02950118645733
-0.912534443837076
-0.873152878535568
-0.941063807510533
-1.00298435950011
-0.892456566504392
-1.0120153831665
-0.867645836327019
-1.07118469905017
-0.859322060175289
-0.903477329070182
-0.96912773679008
-1.04263291097411
-0.966267453613079
-0.968865739350522
-0.889771912171759
-0.92943897161047
-0.884743683312507
-0.672883144433372
-0.888906955192732
-0.960232031192533
-0.996885593135206
-0.886271835573659
-0.817807221538693
-0.817633937478208
-0.917475725608825
-0.931149346726308
-0.817763638401342
-0.90644678999324
-0.881428886627215
-0.789464509753159
-0.87789803370224
-1.02025299713029
-0.896011062650268
-0.833919114440769
-0.898951086013215
-0.880968658329028
-0.787797796816605
-0.865267102780053
-0.832612620738867
-0.967858855536126
-0.703924767903941
-0.729483393814106
-1.0191092732859
-0.911348992191144
-0.784890370376578
-0.846204230087776
-0.932566703766487
-0.737865590855996
-0.907649966506346
-0.769704766756779
-0.819453708705033
-0.76604694931028
-0.970802884441004
-0.751050601371939
-1.03714863578055
-0.803396748571607
-1.00054820005894
-0.828281228401405
-0.763841448874608
-0.744290220642013
-0.779228841625563
-0.827775944973899
-0.829435963443795
-0.828851651927664
-0.81418616127299
-0.773285339506624
-0.778534761643974
-0.687919214822354
-0.916746640980545
-0.739721464672954
-0.767087656096591
-0.829814045990805
-0.601305731530638
-0.685979108149692
-0.755367538265193
-0.786477250809168
-0.717514185097449
-0.695913853717506
-0.845556977685673
-0.752320159009014
-0.584518586627929
-0.83814650299012
-0.833425202420542
-0.780671500327831
-0.879973111734707
-0.8592387542044
-0.758011154134764
-0.773713194365412
-0.599104758790414
-0.75974532795007
-0.651681517364483
-0.897744287650676
-0.805682015994759
-0.844358593771719
-0.846603192350363
-0.697521378208766
-0.856841261740766
-0.744962266445799
-0.784507969555076
-0.678418152546856
-0.71144035507455
-0.730782108378496
-0.651058777009442
-0.843183106340118
-0.716071889519583
-0.766426563424481
-0.672045394591152
-0.802893026238883
-0.646827767588756
-0.639295299337274
-0.623257252031747
-0.568524166560363
-0.896077525509184
-0.55250939298537
-0.655802202557733
-0.762247122173448
-0.761701326980669
-0.683603819352519
-0.660032229593375
-0.624800577824374
-0.572178923555026
-0.558685196373057
-0.653480869348224
-0.776738111148966
-0.746081525887795
-0.631157092932151
-0.701635992011108
-0.611628633501875
-0.684960780914917
-0.652014191329236
-0.771036797907604
-0.621880256040271
-0.66916669373288
-0.565414061659356
-0.584417192836554
-0.717272278187571
-0.741105826923314
-0.626247717490884
-0.745917312962659
-0.739402528905154
-0.591245662576877
-0.635843214862128
-0.542450070717277
-0.695453150868505
-0.712847704621291
-0.626869130635274
-0.729687446190754
-0.627640529929523
-0.797766760279988
-0.652540686811104
-0.70783618949209
-0.614159465628418
-0.634906240857854
-0.672003355320896
-0.702735702552217
-0.619961567346859
-0.628393232925059
-0.578691587437778
-0.606398475447204
-0.739960548901476
-0.6465994729676
-0.760640303645627
-0.483317394452646
-0.628546487710452
-0.662869244251775
-0.604946165444392
-0.675205963456945
-0.5930345459415
-0.6259522290691
-0.691845912101931
-0.70739969377912
-0.510206289588897
-0.562490425038514
-0.525716794003809
-0.660169147344635
-0.652168160842732
-0.389327234204622
-0.59867026056125
-0.489651477163698
-0.308190487416065
-0.509441761629384
-0.51625317433837
-0.655367176469877
-0.54481775368702
-0.641829958418765
-0.526034046019984
-0.331299863008686
-0.520599201294256
-0.709126382179329
-0.734975552365948
-0.619473501002902
-0.581834161606331
-0.398686654469698
-0.80971193052476
-0.699868797147005
-0.604102701982989
-0.446795989140591
-0.500687400870974
-0.396930926580878
-0.551626648810669
-0.64989829687909
-0.678562557456366
-0.590598979305327
-0.595122145530014
-0.556608498167914
-0.456894305046197
-0.693734457372082
-0.449354334826358
-0.543500403164957
-0.464861070499965
-0.54956978851727
-0.564514344035511
-0.507599801043035
-0.578908558863513
-0.59151312236679
-0.355706921987572
-0.537568168869712
-0.400395426023851
-0.438701569806998
-0.655706467981533
-0.401669058415273
-0.481560268160336
-0.425368411163817
-0.403141259458554
-0.621527552934327
-0.465923676491449
-0.48418213032478
-0.475662320272168
-0.46982685200738
-0.387941323916868
-0.583622034468963
-0.516099612151741
-0.255963189148251
-0.530330492857486
-0.632021401455993
-0.573893515750106
-0.428437422032054
-0.550125212760478
-0.544863937859514
-0.468740730172818
-0.465875746912702
-0.342400010576298
-0.409820801203821
-0.425902770739485
-0.426789113508586
-0.653279216847525
-0.448169636195691
-0.482462033650971
-0.463798558698818
-0.459765356222821
-0.407178283498407
-0.444934659986832
-0.491457339914761
-0.416547037116838
-0.501052456393307
-0.484686876730793
-0.369074955007381
-0.423385695846415
-0.342313441911884
-0.632301966894143
-0.462118703607537
-0.389996379672585
-0.588130607107288
-0.455996533455276
-0.377752062624962
-0.446877995002141
-0.445865093610949
-0.458040372446459
-0.304381094431814
-0.543403714791999
-0.457865045984914
-0.455919618949384
-0.329108004218836
-0.404949596462284
-0.261493734607417
-0.375991252505072
-0.544467802711538
-0.190989068212773
-0.304283328583346
-0.300034145828312
-0.330929340851201
-0.34266244006461
-0.398360775406691
-0.221990937742414
-0.409648917185899
-0.338833803494301
-0.335754992888098
-0.180149278775688
-0.451310406331547
-0.408275532014758
-0.297131918718892
-0.368504969697284
-0.323233981016675
-0.438864890135007
-0.434431940911833
-0.442242222616474
-0.20224730778638
-0.273814791914718
-0.376617240231627
-0.477259123679693
-0.192976885743452
-0.221814896382836
-0.292629055185897
-0.317141432188406
-0.30159012729268
-0.351197357472436
-0.279331591241099
-0.276175172823869
-0.338110039920183
-0.238339459344833
-0.303977644259758
-0.24581775677337
-0.351913491638098
-0.218906945325388
-0.353495759203411
-0.356018990613902
-0.300746736500709
-0.368160418319485
-0.287725812831739
-0.404390456161981
-0.220781710230246
-0.298500830657841
-0.30535370067227
-0.17921037828755
-0.410395304739806
-0.295477776989951
-0.252796757004301
-0.309129822760936
-0.258591244985239
-0.267937456587487
-0.252755489274565
-0.355691264858172
-0.295460771588553
-0.136468643452047
-0.184087382042321
-0.282414754751644
-0.308037504567959
-0.233607120621737
-0.230608832118924
-0.279439517587083
-0.238237654321566
-0.291372166576357
-0.159899385098064
-0.148298392972203
-0.26727927116579
-0.296096490885778
-0.153727075933649
-0.325264508648882
-0.173753106577911
-0.227454731576016
-0.250238715884806
-0.315216381125038
-0.150310586337937
-0.214281164456171
-0.191975144618713
-0.255552187318465
-0.283526205784889
-0.24655568768261
-0.24589835823113
-0.166434075313621
-0.284900320957999
-0.163681864749394
-0.22540806151003
-0.259887592098917
-0.271296230664224
-0.229299906167776
-0.0449431854362606
-0.307978184313228
-0.234193118301647
-0.0374127080279503
-0.150188635972272
-0.336598631788335
-0.0619525835216138
-0.143716549730891
-0.296982037029291
-0.271951711134384
0.017851961665248
-0.311560164914715
-0.218265023501144
-0.0930671529424938
-0.192748180196876
-0.106808300498426
-0.180558087098571
-0.187890659554121
-0.121758796070183
-0.128260072458024
0.115861079071616
-0.045635037541765
-0.0744277893708225
-0.16824135570515
-0.147381313440542
-0.143508279409501
-0.152490587538892
-0.129108217711047
-0.135527494587398
-0.190631847358862
-0.0148713611527702
-0.0395677016938928
-0.0471439554156613
-0.191686560626419
-0.245845154730593
-0.171337819593338
-0.100705267721255
-0.0597785073440915
-0.12023041076983
-0.133025505518487
0.060088313196188
-0.0547972236614239
-0.117869171904763
-0.109443822240465
-0.111208332061513
-0.208117937663611
-0.251538029647657
-0.200205032852132
-0.184308610826117
-0.215059730635282
-0.156428465602237
-0.304993364808142
-0.221649252415701
-0.131369477879403
0.072834227256065
-0.0649697444458301
-0.0329521925585423
-0.130075671194753
-0.0287052477654482
-0.118235342632721
0.00542377866497257
-0.104641748551706
-0.147300635108943
-0.158439025522104
-0.0944616616159377
-0.00149361491145928
-0.0782352447614478
-0.0458709477487216
-0.154192457233677
-0.195919242775444
-0.130007732250244
0.0238611876224893
-0.04513014615749
-0.00907424142055066
-0.0675572806034635
-0.102280015746662
-0.0116333137431098
-0.000418058198822127
-0.328673339414143
-0.125988402660254
-0.243503345621488
0.0158230636152216
-0.063280817788899
-0.046640184486867
-0.00973061362835077
-0.0794925084346541
0.0630979255538737
0.0279886378532743
-0.0723715421152383
0.00605714231380563
-0.184186092500351
-0.0188359564523715
-0.0808255431571544
-0.177440334436583
0.00535656023823506
0.0975344634148788
-0.00478328768124492
-0.140185632073253
0.0503838669318849
-0.135095847396193
-0.163569151039654
0.0404673858631
0.0278394403746154
0.0219296288197532
-0.00862537109897078
-0.029718123067744
0.0268121256778118
-0.0287135195927214
-0.0592735436541557
0.222800412893617
-0.171577939128003
-0.0287320731070911
-0.0483277575854129
0.0580778049030519
0.045357391358885
-0.0729206819410729
0.0122754718787102
-0.117624025715168
-0.024252080729091
-0.0376042516166621
0.07254931826298
-0.000741351210117661
0.0110461094769626
0.177221903919854
-0.0911853078755919
-0.050264292596567
0.0497172908842879
-0.0701506478038401
0.00252494747008321
-0.0208215588294555
0.191756912100815
0.0947262443117006
0.0780508208601967
0.198561563553226
0.04006967730093
0.0229829585685084
0.165858203968316
0.144804754445243
0.125160346039445
0.225543909257271
0.107752388767644
0.0772206024166456
0.178362981576625
0.106158165044445
-0.0872407329632029
0.103529173129516
0.0827168538647205
0.0395873009184214
-0.000948693343591495
0.106875919110576
0.0889760443773528
0.139154263034288
-0.00288096120258224
0.0762094110410708
-0.00588757449324369
0.197645303370346
0.108577999209478
0.123655204022224
0.185650354992729
0.0654608772476814
0.138372085854597
0.166999654148403
0.138837481495783
0.199005434160303
-0.0131703222304266
0.0150016174920159
0.0545728024333449
0.0709312012727513
0.380068764843671
0.240980226144828
0.236892854631845
0.0517748142323108
0.181784975071692
0.0247950057352243
0.128971656195994
0.244722082267749
0.00448048763472308
0.0100433102567804
0.111181482457027
0.20196464681798
0.16111041095329
0.13581528392972
0.205421332399828
0.249740680415226
0.175326098023145
0.225270583811446
0.074417592324324
0.187707589394337
0.0936411967740566
-0.0214368956889756
0.128289487496258
0.0800217736622154
0.181630560033914
0.258773218758955
0.215490584106915
0.183822137632315
0.280408032060548
0.186018312243875
0.166842921059223
0.193573601672627
0.242037607264399
0.219052984154644
0.154442320756536
0.106399683903127
0.211041730674753
0.236268000216773
0.199502557539649
0.35370089838261
0.254879601456438
0.0311294089965568
0.216843873367142
0.195554527400926
0.364581260305059
0.14512210521559
0.242350085791427
0.269252792186145
0.153101629523937
0.377456766602962
0.270060739746892
0.216396860577314
0.234581876377817
0.13547285379815
0.295117060744367
0.436537220279111
0.353878245203039
0.172002888926337
0.259519640938306
0.227696660753888
0.313474964045768
0.304228722549629
0.376303825126082
0.160772316938064
0.306870295774739
0.335006343616796
0.180806806988168
0.186968736779968
0.27751902172741
0.338132907560689
0.237798689677768
0.412055013960216
0.295700087317204
0.431855952171549
0.229838668947499
0.257580898470693
0.274732381599802
0.293882070889097
0.215703434589789
0.265415595904712
0.220994657431751
0.380655893623299
0.391530897681779
0.354214603838622
0.246085147374582
0.439448032216035
0.508705259451798
0.401163136838448
0.379433056492557
0.351025182749675
0.103795030717253
0.360452600924493
0.379486821448825
0.186411724755389
0.430679996081758
0.325948577542042
0.349199943040427
0.37563488516501
0.326351214980819
0.444086316169676
0.289837673069735
0.353440267474297
0.296710978493206
0.312972433131652
0.410564845493823
0.318693567344003
0.366382648626426
0.350278275006431
0.255751943855709
0.429178944854981
0.331250303277563
0.255383256465744
0.322878105584504
0.355108349423732
0.388443917093618
0.4729731180776
0.332565973628901
0.38630191073357
0.364633651212548
0.487531156931255
0.446892696264594
0.391098440956708
0.35860574873881
0.423752896753808
0.354451967715499
0.385343816685571
0.471525260786043
0.292206708098005
0.497069319650993
0.372638483365794
0.389671566249699
0.350312637992041
0.379802061887301
0.458523195020749
0.435606520418665
0.491330906636145
0.326635679805803
0.266724759652265
0.381177998662959
0.621628236939776
0.376718164759536
0.544846876226358
0.360565077883046
0.296076373030916
0.344452769580809
0.438728274963236
0.414403083510239
0.392499199041061
0.352708216695747
0.4622036951738
0.454938681247243
0.644522341134216
0.471926333997783
0.501262581079226
0.469585923426785
0.401900905770923
0.500065400420045
0.425184675510758
0.377016149678676
0.551668559645717
0.636503004790263
0.266976024169859
0.509056771276573
0.459194389796556
0.597308442142299
0.325391091741793
0.41104059322994
0.516575763054198
0.445576986614092
0.496512390598409
0.514255381562568
0.380826279142373
0.531722430304266
0.54150528041452
0.539447591696827
0.272016245767564
0.45627391122811
0.429837255102194
0.343798848457549
0.58626841500536
0.409042492317314
0.473419854800382
0.527844665997245
0.43041373550181
0.355925577893812
0.58475218662968
0.437228742173285
0.396853890022244
0.549630402887784
0.454165230608822
0.477188810460229
0.347785524295335
0.480007996748558
0.583309524202846
0.497847965224238
0.55116118669254
0.515127996240341
0.471452323403985
0.451473757017578
0.575946122046252
0.415831860853936
0.529274407530279
0.550061515681184
0.568508924861976
0.503382822486404
0.487714683157548
0.478645808584374
0.401788067782741
0.525062288745409
0.548531768306929
0.645166568625813
0.652270510570981
0.584855184255378
0.377609390644688
0.566199390246958
0.512087635432192
0.604996614447139
0.482032859559204
0.490644083134933
0.58932411541365
0.577879952478819
0.439521961951165
0.564231716234096
0.531721184559155
0.625264838953439
0.545478736839798
0.479824609540592
0.729918315014293
0.620126013668539
0.614029751493515
0.567581509632492
0.629021265199271
0.513595385044669
0.585397533189022
0.441450290933442
0.645286209141021
0.545038143098122
0.572947482476528
0.640299884666791
0.793512776920085
0.627177830303977
0.716778542168865
0.569822365885439
0.558061586695332
0.664264776711141
0.654021329591176
0.759243429269853
0.72965022568494
0.592523439069869
0.638758735190319
0.699299222778111
0.498142942707609
0.659522571114756
0.557533664297241
0.587266716336838
0.531969127079499
0.526556432381456
0.634852321044864
0.513474218343329
0.639892206841482
0.805910178044383
0.559431354765769
0.732222109331945
0.757234828972125
0.681692318775965
0.66879919255882
0.606833911932895
0.616115386015372
0.669921093282026
0.795154591821969
0.680691983901432
0.570555295791134
0.696538707431659
0.587341483975559
0.520750019125271
0.628690031960908
0.607794620010553
0.762324390063934
0.693250141547357
0.604783574410857
0.560750416995952
0.608039961561003
0.714412947729669
0.672129667542605
0.761637521545437
0.684801587491025
0.745480298925373
0.848618720998884
0.838063272588145
0.569558217971911
0.785352364226535
0.715297232158182
0.789110505376151
0.654805433332476
0.701505889269056
0.775204465928554
0.740679950412228
0.768291360265857
0.734803913750883
0.691753286669462
0.710766178300758
0.768902097632417
0.696734380967165
0.685611626696227
0.739149259947747
0.675118109606285
0.713738515870555
0.770719824590171
0.70880393946137
0.704161037779139
0.66952608418353
0.845188712848769
0.695836108213778
0.65948268085591
0.73461680610623
0.589258660441115
0.661956833482181
0.756372968675776
0.700348964978872
0.750643531867702
0.617076594520724
0.648163518024923
0.614279772220148
0.786824945515449
0.728924276518046
0.877318362061246
0.778526029140215
0.772185562294028
0.866205993353656
0.689742614238249
0.755287335510527
0.784542596165897
0.775793992957687
0.78422625842312
0.891024262477231
0.760267890412955
0.821206474341338
0.742202754596335
0.810233236220168
1.01047999589252
0.9343490054078
0.845839438527076
0.828592088817112
0.937528420612757
0.77170522378045
0.814090166552346
0.794560201457118
0.812536015762603
0.931317096022895
0.780493751304328
0.794652163097181
0.821035064886163
1.01690595415675
0.638434103353077
0.818455724976138
0.777806842988624
0.863587804390125
0.808454510904153
0.843707295696124
0.793885214755359
0.926403203026942
0.617024152705137
0.944703260078737
0.857724372520051
0.670687378776733
0.909339624295783
0.922052018111171
0.96311964254849
0.861417500996756
0.943025228322848
0.780321645626272
0.79317123561855
0.878225577122131
0.981080859008693
0.911412264775739
0.851336112557895
1.01249575704656
0.816947661301545
0.783187134349626
0.966650662568314
0.953298059361265
0.833177147043002
0.827377844739841
0.901086749709656
0.955521885867045
0.950517906411691
1.00149197674672
1.01447266366352
1.01086572273328
0.93184781426894
0.813151209628377
0.899687308354956
0.971802520436172
1.05838549914006
0.930647689739871
0.927319152130599
0.961853802596118
0.948504083027532
1.02026741256115
1.07499779052451
0.930711439995214
0.88774993019104
0.830300941869717
1.02012086381942
0.948023088224858
0.941045493227732
0.908750289621923
1.08066573230316
0.977199068540291
0.967417807363439
0.904677334830982
0.928352319943919
0.839891979793604
0.924831808482444
1.05182963230791
1.03724899051641
0.843698816484627
1.06841844304971
0.993536207377375
0.819675860435522
0.909536730253045
0.922145663043574
1.09046224761387
0.963516523198408
1.07928218349613
1.02338989137824
0.903681436783627
0.782488495616982
1.00516048206698
1.1135946700374
1.10909355423346
1.07732948409338
0.943494012328778
1.07467970379749
1.04228880487884
1.00652914272914
