"x"
-1.09286307457535
-1.03573797033355
-1.05952654434172
-1.01751104414449
-0.924288139475829
-1.03166414169113
-0.907308411382483
-0.962053746607486
-1.09867051641816
-1.09038962488838
-1.00391532697742
-0.972980613763945
-0.908784090955217
-1.03648675238147
-0.891237505660144
-0.989279515952918
-0.913198554337433
-1.01669424622922
-1.029759330943
-0.912406808826923
-1.11287134396474
-0.995640280912094
-0.889505133716437
-0.860119267263956
-1.01688980948798
-0.920194019880883
-0.903296650517962
-1.01643603080487
-0.963794891899656
-0.927901930786948
-1.03332019772644
-0.872525685146265
-0.920753450595996
-0.814485448454361
-0.845281301770561
-0.882667531232787
-0.773076689832921
-0.92705282394964
-0.872570526896236
-0.95483030050034
-0.90048759640095
-1.06691855638968
-1.08048923805849
-0.985632642729259
-0.819944076929905
-0.914724191221383
-1.00313331560972
-0.864793664034815
-0.789013620576108
-0.903777255523805
-0.873557056267318
-0.899663441056969
-0.850270369880369
-0.83236257683426
-0.853102338513041
-0.849010471521853
-0.927217488501321
-0.841434610383509
-0.965864411524845
-0.960950609921736
-0.852953715008696
-0.866171327604514
-0.891621581807311
-0.840126040995232
-0.875047453962393
-0.928186538005262
-0.904914877749341
-0.826716031627145
-0.906400321526573
-1.03999209428815
-0.953361381271991
-0.87929855565414
-0.956160330327223
-0.802719043330124
-0.849795002667988
-0.876631082955802
-0.885413144437934
-0.906547256051488
-0.860542812241686
-0.674923956157941
-0.870203724420629
-0.860357142358106
-0.790663929746946
-0.836944121271018
-0.896887222414131
-0.836847640778769
-0.805974188273189
-0.857593808856002
-0.803603611291339
-0.932333425794112
-0.788706438239776
-0.738635875412483
-0.855212717089863
-0.847474339070034
-0.775529109850712
-0.856703860709601
-0.840253419630175
-0.69831189053962
-0.78619002376584
-0.706460810130499
-0.858842282112828
-0.748479809311587
-0.754005328873977
-0.686299506252299
-0.720153283553243
-0.91747226032129
-0.657861335427836
-0.713576813421712
-0.749857374423093
-0.807167617501592
-0.840623757122933
-0.850639487523678
-0.780656476088517
-0.818685640777149
-0.861065732673861
-0.829034066067144
-0.87594732870038
-0.59628010363215
-0.763252941122412
-0.755539509428495
-0.761267450669485
-0.880124167551928
-0.806299422074286
-0.601263269131791
-0.4880615508367
-0.681498239609468
-0.693169563756243
-0.732596684939131
-0.730515314323078
-0.815318311392521
-0.760128826184622
-0.710787673161301
-0.763643580100203
-0.700947489580679
-0.648398524396461
-0.807034069716237
-0.803763661067937
-0.858057531192683
-0.577643394658826
-0.68575440027673
-0.651599405508634
-0.726448708361012
-0.67510937485342
-0.700049334558177
-0.647752585712947
-0.746395898615207
-0.772821252602149
-0.771217767698945
-0.64444731127216
-0.564495190252355
-0.572880060933327
-0.647782513986743
-0.684296189260117
-0.601167008326025
-0.748880204257517
-0.684724960630457
-0.844087286142787
-0.776017581815872
-0.570293866446048
-0.674946233096943
-0.70729125511662
-0.69803356387559
-0.798582822711133
-0.801538136755801
-0.696142981778203
-0.814458886069369
-0.614788735587127
-0.525362794382743
-0.680684318913571
-0.534742943425108
-0.632408456666206
-0.645963937170812
-0.64897426034646
-0.604650309808996
-0.649728407973825
-0.651769404829336
-0.531085271524719
-0.592633499373533
-0.538209551309569
-0.744890473767342
-0.694843120655074
-0.699673308479019
-0.634123004962556
-0.606983860159594
-0.576029495924969
-0.600748428985216
-0.635566559515151
-0.682163591592509
-0.565992273418587
-0.682333832258369
-0.601276291279265
-0.59129865603089
-0.611699410601953
-0.455654726421756
-0.591311624401026
-0.646773736888882
-0.614445104341659
-0.629627673244023
-0.682129614329124
-0.546670287540643
-0.565929552925268
-0.558069400044666
-0.660085850555807
-0.620349599234708
-0.494787753239619
-0.61968549696274
-0.555315417093655
-0.571217409894538
-0.438290532307936
-0.545222677470746
-0.598864157527273
-0.514477339412114
-0.437321925119983
-0.503598802851674
-0.570140042533868
-0.513307769500747
-0.352825890564604
-0.536858923979153
-0.564686135654342
-0.478214140444684
-0.584750514286138
-0.550304976637079
-0.709765944207047
-0.570234555609489
-0.57003618289857
-0.41348748324391
-0.486473576688104
-0.682384786381729
-0.45717086310484
-0.541068247795461
-0.540903329486012
-0.61114682366715
-0.439928308157655
-0.562818607840612
-0.558568549612839
-0.528102086211046
-0.362260262895099
-0.420699241283077
-0.538074628660897
-0.510706346223694
-0.501176559696812
-0.52868086809321
-0.686278843743774
-0.559188903284689
-0.429324445639439
-0.698422918207381
-0.318259702025773
-0.570733961584592
-0.501135241043446
-0.545162227227111
-0.383667905123127
-0.652103972906274
-0.345526158840173
-0.708403817666827
-0.595309341137509
-0.453300233969786
-0.492344160374127
-0.524474969173579
-0.471662035757637
-0.491431368929802
-0.408269858632569
-0.484898663333492
-0.472582489763195
-0.277236307045983
-0.497639537821876
-0.637451927903407
-0.460883378844122
-0.427899672551006
-0.495335358876527
-0.499472023655197
-0.327508736809467
-0.361276936096213
-0.551137500629496
-0.56123007084265
-0.356452515917202
-0.359540626154142
-0.355682373686324
-0.430699160532527
-0.591965046870207
-0.50485287744295
-0.553922067731071
-0.311339162818243
-0.557699938352984
-0.374041741743762
-0.341434384174473
-0.318625975161301
-0.3123182465319
-0.637396716290643
-0.385776545275016
-0.518028570424783
-0.672059168448007
-0.332632367310912
-0.572231261806188
-0.465777473873039
-0.432994519212771
-0.410859620703461
-0.405763254699008
-0.450998784396192
-0.435147456332788
-0.278551798665773
-0.334581102198183
-0.525782427520907
-0.430012953199279
-0.508246665393781
-0.508645224787378
-0.390872621128604
-0.390355585421343
-0.285462567081036
-0.46130521411704
-0.290787566865802
-0.436053209935698
-0.423768752825287
-0.37157397384868
-0.449693710515265
-0.318175977886615
-0.458481596447989
-0.232285683226004
-0.246069369250872
-0.336914914162202
-0.471572458313501
-0.341163252729058
-0.428542975459734
-0.4205119707671
-0.371085875718947
-0.468174909171376
-0.319672292526271
-0.226391236357336
-0.306758240243772
-0.409533719784139
-0.320824072882459
-0.34792760964348
-0.337202361317582
-0.325182638400631
-0.125924884998869
-0.399429951100463
-0.294898477103948
-0.331346469308044
-0.412704423325632
-0.549596351073263
-0.372395979570563
-0.44136646167446
-0.186694936984467
-0.322529971048292
-0.338468554362022
-0.235175501249083
-0.137572765176222
-0.345032594710562
-0.146346076956753
-0.403991362271297
-0.304921406606769
-0.285576225091804
-0.406274930859785
-0.123394898862312
-0.214591665999395
-0.348593963875124
-0.334651861800661
-0.321427881564245
-0.369578694216085
-0.33152139748872
-0.31565175053347
-0.266454424900516
-0.416534405017929
0.0118276867856974
-0.435990548062933
-0.200510655384104
-0.329776755024698
-0.308134813059817
-0.0927450430245465
-0.353234137498254
-0.29332730518923
-0.297714228327092
-0.122228555361987
-0.214759352755423
-0.142044619807515
-0.18704934925296
-0.191573417211362
-0.213149808739605
-0.251382805887287
-0.243209018008967
-0.461296085237451
-0.230777902116825
-0.276267625214814
-0.21161771055338
-0.0606544490199686
-0.337629892039157
-0.212510830056635
-0.347178434181103
-0.25286875475685
-0.291476097208089
-0.3115554305393
-0.265680353450201
-0.0720004430725186
-0.087852215336837
-0.177825181825669
-0.248462950589127
-0.18225661136384
-0.250517223803788
-0.315167387978212
-0.191133489989061
-0.275311055643764
-0.176180750649865
-0.287452358071013
-0.115935163632065
-0.35376601455519
-0.186233235296006
-0.212430399176453
-0.270715214927231
-0.158468510508724
-0.208140075253212
-0.146294982894627
-0.165492892731706
-0.108008233025881
-0.0195151524127212
-0.19195506534598
-0.138311455846993
-0.035595067174161
-0.224583722092698
-0.224769963876498
-0.181805789252158
-0.193645057929973
-0.0828852700807096
-0.243087424510921
-0.143017933297628
-0.0724400139810064
-0.249046160732605
-0.215616411757511
-0.0648049708703891
-0.0451879942248997
-0.141706483681572
-0.160666266466121
-0.133453288137012
-0.167799339195785
-0.275218303036382
-0.0934181579646281
-0.0902697917459705
-0.173829360346259
-0.231358263367298
0.0207426840263647
-0.172701527915366
-0.18405486683395
-0.101886517559429
-0.0857443545527692
-0.0205173659742831
-0.00633500272293175
-0.133907425877876
-0.144086544932895
0.170661885668233
-0.00599477967521742
-0.0656667634059561
-0.285937720666191
-0.194506627634171
-0.250578661812372
-0.139370940250055
-0.195413023263082
-0.0816919879580856
-0.136262904249418
-0.0495411357338808
-0.0960083220822234
-0.122624550337636
-0.121072493814091
-0.0705382807659174
-0.0180346213415749
-0.136715297606213
-0.145254386223344
-0.124932927115023
-0.0343512559356667
-0.0054377949385653
-0.0731342150222782
-0.0132938292495148
-0.0862097648260481
-0.0353790956717921
-0.0524187043362177
-0.155583185421544
0.0685206485625808
-0.0687790266723721
-0.11584329597282
-0.0394410794334808
-0.0508354190881865
0.0372731351838346
-0.122039852505923
0.0640681545929744
0.123764518310753
-0.0897401781300349
0.116059142627457
-0.0519913898995418
-0.012028813176549
-0.0783246008261699
0.00219360415429183
-0.0389300081579808
-0.13052811740706
-0.00120581571175201
-0.0798267127966317
-0.0442958180426776
-0.0369014556148023
0.115138532525897
0.0866655532854576
0.0060977050098726
-0.0900047810247596
-0.0337482482156879
-0.100885499505673
0.0430292956500131
0.120016324948462
0.00836496328254739
0.0117823772168751
-0.125777210379716
0.213689827604739
-0.0915337052039371
-0.188683240878076
0.0952087251547041
-0.00875246818850288
0.0623813531838411
0.0868300513810956
0.0324498478092379
0.00834226666533082
0.0231909280929751
0.041269922996492
0.0887409102190123
0.111349264195833
0.110332109407048
0.0273746648099465
0.0770440347258105
0.0649067761756055
-0.1256033284002
0.188477991303693
0.0724108160468003
0.0224169827418441
0.135397262221096
0.119208991285439
0.0604558561445581
-0.00544124679318847
0.124108997306661
0.108853995563946
0.0926774815884858
0.0812120230286457
0.19407535430944
0.0164843919629116
0.0562761181170011
0.0389227261985956
0.130546999627535
0.159770367934784
0.118023732150495
0.25781800891647
0.141491236555498
0.0172440995707615
0.0793091979982804
0.154495158617655
0.0736360042577783
0.0335022172357716
0.0397618033955832
0.055693742858593
0.114447178777766
-0.00571620760323083
0.103900228223281
0.0145015745507247
0.190011912605849
-0.0435022494234022
0.162625678467442
0.14625853170807
0.0878231409381741
0.269603974992453
0.276115400805904
0.207492633211621
0.15893762004006
0.134736323216696
0.0527356271744817
0.201628736551292
0.0635402390054347
0.0483345363909993
0.192892305517803
0.0227431034035285
0.180553176765048
0.130187021797405
0.0563694317450032
0.12040327835057
0.191427256396461
0.0800396699881596
0.24232904041639
0.270350476160193
0.11914943631986
0.129844045177521
0.0862419740885679
0.0960297941318366
0.219491748209564
0.184475731640266
0.135549720760373
0.242941276857381
0.0881764498061806
0.339745918537482
0.243438061090733
0.155130196548937
0.197002960278983
0.117627767428557
0.196944251174585
0.278688154982904
0.0706810734349768
0.258924215691746
0.188553588932472
0.0429014592929305
0.158353632401717
0.131603141915589
0.226208923289039
0.154992004075693
0.293283225635152
0.264128691888095
0.144294190131831
0.395420308232207
0.300524302473656
0.0848748325577601
0.15867839353704
0.119184327306432
0.22457099373063
0.280869472105687
0.229987132204744
0.319869640655211
0.335045305389066
0.261551582970768
0.264822895516624
0.321473614477042
0.273087888980795
0.134862775034314
0.174524600678243
0.254613610108978
0.180993128937768
0.327536720829095
0.271091679362973
0.336490711734548
0.267635144804895
0.263048403174048
0.240637514326327
0.326119769113571
0.286431857741095
0.313133850405584
0.276819066294923
0.309232264468163
0.284669660363303
0.243977648970029
0.315987578512239
0.33847116086408
0.266366702563815
0.20791458234537
0.284067112755244
0.331354194950385
0.369768583513691
0.442243432352658
0.273556813832817
0.270902419820297
0.293708908976904
0.365723924044728
0.321036888293982
0.152265693743961
0.313112094811174
0.180083927217147
0.284505018829299
0.280172123579679
0.26426875852374
0.376796466952475
0.366077657152647
0.441131334717136
0.202906290748935
0.335814631191334
0.28859312945695
0.301893014888046
0.255767789772314
0.257242451426717
0.231421146906969
0.413032813113601
0.416560752667086
0.206489533760502
0.35844422507131
0.222545019357338
0.246658304663591
0.185091839882957
0.25681582312927
0.40230279296011
0.377637367363891
0.362912970147439
0.313275968665845
0.250047009132886
0.484567775408566
0.44212691630733
0.553012756146007
0.513986072000499
0.305292196571667
0.416269152405203
0.469444121110297
0.3596165682878
0.421380567550183
0.532329058183124
0.278870388954501
0.346898647637118
0.458538410690078
0.351396691176118
0.341173607474918
0.510471019454836
0.405754281584188
0.278369641131877
0.227517936997235
0.460409478039225
0.311852336624671
0.26927952495459
0.363376706670916
0.333920392875263
0.433011793867077
0.448076111741785
0.333566363256661
0.405378804684828
0.244894300159569
0.401926858439797
0.337531400200897
0.542348263312118
0.458614791097827
0.497557332425884
0.397974082752348
0.375296622911558
0.272468374612009
0.415595989508313
0.532041303847323
0.390744539330799
0.357328186760983
0.454006993344304
0.474253939622596
0.469141844119997
0.360948713691333
0.479301450047464
0.514749572858077
0.483269717526147
0.297643405625313
0.443893668646617
0.420331505887677
0.586536876812897
0.554094916048553
0.397325206424494
0.417645609725314
0.477550020629092
0.431545061901514
0.465131656599286
0.382896902790333
0.454789977185717
0.486165342723241
0.595561307039605
0.542610954662107
0.579009628743751
0.408818983037583
0.565264368792194
0.513857391485342
0.537355792997214
0.500748712969186
0.605773789478056
0.545452099524237
0.509395966061418
0.367402491610282
0.346165657812038
0.483729550117392
0.40265424684224
0.558627996603513
0.458648282659848
0.603174316230344
0.524176189503057
0.47136588454161
0.688057711313314
0.632124180595562
0.610618703101873
0.469223101789787
0.53139235599215
0.412659642948887
0.55978800084057
0.527331557600817
0.519732213138136
0.620029695095246
0.580645091473121
0.54397611811296
0.491566143740296
0.660053274566222
0.591758441719159
0.512651747524719
0.508342621688368
0.636202151383788
0.611608858233479
0.619085753558726
0.36110030130539
0.509074278089547
0.683764046738679
0.537241855604826
0.652774149600262
0.575394009342292
0.610638160913075
0.593966927457617
0.699892224908637
0.609500581759345
0.626494805273857
0.677305332272528
0.522635390975314
0.538889229138393
0.583109075370356
0.49458364170017
0.512286469398369
0.534237378088624
0.61575277764688
0.639607220747231
0.483810929445712
0.61441208457353
0.504197814233151
0.690210319523794
0.645640356373428
0.532345244309684
0.57269182480519
0.467194810747016
0.536956179857135
0.652868187901305
0.642446519884111
0.577406298517141
0.646574976935434
0.5273832351591
0.702727225363133
0.780216300691666
0.409237353639528
0.50377188253019
0.545195020463189
0.640062635619323
0.633267652193581
0.565390546846186
0.587553242958747
0.608346473431311
0.652183827901031
0.667584828021794
0.751545848011237
0.602220635363168
0.742372734470193
0.503926577006865
0.619617230076025
0.714627087091989
0.706518185012379
0.621943908852014
0.546822106705851
0.7407708805697
0.810281104828468
0.589321552471567
0.839289570182399
0.783994014603184
0.632812362238169
0.696560803924602
0.82857360564544
0.77484692550886
0.648276828579143
0.640232964463944
0.667520071221974
0.671066759644224
0.663986977683451
0.590138070400089
0.710130449824514
0.542878055043483
0.771968202283519
0.838497084594627
0.663536524430597
0.592519285039395
0.685387087825889
0.723176265709971
0.661797419229807
0.656268432603569
0.635340091078389
0.682472865461183
0.599885897161612
0.794422922067136
0.702759190580213
0.686602755621861
0.732455446617074
0.606331644408597
0.549395369101423
0.725824593457328
0.837100792329786
0.790675240063372
0.76969675602891
0.623674860315396
0.77486964355586
0.508742917282314
0.863095448990258
0.741227991671265
0.795119059557754
0.654129108446279
0.639593100727482
0.592887186279148
0.866654659640788
0.642231344941148
0.87634532830335
0.782307960535544
0.726544688552516
0.788699058557626
0.65765408001447
0.758288191404482
0.794921037948411
0.718497588451796
0.686708715923255
0.786358500248729
0.74930633496285
0.72431165368575
0.803619511395028
0.838378402677234
0.791607694995436
0.917778614694362
0.809752142783054
0.857495306787184
0.860718942219675
0.839890217985227
0.785647177707425
0.753838601776969
0.641106419935954
0.920250696172822
0.867121238353304
0.891320850303711
1.03178950811744
0.889838706055931
0.865945934175738
0.776657252918301
0.830560736356558
0.92435061939076
0.75693093934915
0.778246782324621
0.862568055592144
0.990362178782013
0.832614345392555
0.831762401699078
0.750675170730462
0.852620046188516
0.881822968047532
0.872859267428114
0.891906815382628
0.716376993906273
0.719127552388322
0.864686975757042
0.873919998028727
0.943972707828254
0.808718846724437
0.947560637010349
0.866424556431403
0.903590720065762
0.80631453729159
1.00420693835129
0.855549879098489
1.0436239662772
0.761366907019689
0.825566541763049
1.04277063849109
0.83338565882577
0.972664239978506
0.942862478877307
0.853983114840264
0.78954711615752
0.940775375936994
1.05710494093141
0.767446960844131
0.922476331662214
0.876469379914041
0.836533528236434
0.98951928222699
0.984076983458014
0.90284412926144
0.855276922692977
0.878847019556711
1.0013546771525
0.853257656666407
0.853664594273941
0.935136927652031
0.937190618339724
0.835578203545865
0.934414288359339
1.0143356558535
0.949221926503383
1.02426107011593
0.874512712778107
0.831858232942827
0.83424643467635
1.02367112535448
0.977388551307892
0.835930610841789
0.951240886633314
0.936877641487779
0.899653578845159
0.930747000735824
0.923265069690108
0.926083363646626
1.08843457970113
1.07377432864867
0.885415110412731
0.999356894850299
1.0218885896961
0.918935183657204
1.10228080644995
1.03022295408632
1.05256988117468
0.987522123894698
1.07069402383627
1.04810368813641
0.914421758400419
0.950539591924022
1.03426938003166
1.00754538139575
0.951867614770459
1.0716302921637
0.967335882127548
0.911688608822637
