"x"
-0.935387583370786
-1.00616208384873
-1.13857284833058
-1.10572704897976
-1.03762162315849
-1.00249245550436
-0.921841242059197
-0.891930968149809
-1.06054801096743
-0.956999891952822
-0.9402644116561
-1.10937363297204
-0.925622188372689
-0.864784823530654
-0.818797525262551
-1.03436439193022
-1.07494986238273
-0.921200395751593
-1.01784157287256
-0.821360312947555
-0.82325865680688
-0.885290751930963
-0.976466955248719
-0.972927520909077
-0.817751486851698
-1.09722208110552
-0.978925119836807
-1.12650123477085
-0.934663450405912
-1.03492370142533
-0.927091072501966
-0.880983369394573
-0.9532508158094
-0.99718460508125
-0.866322397770163
-0.999821332785109
-0.903067994329842
-1.08283621115487
-0.86403420505506
-0.937141956463361
-0.962998806147731
-1.04957468478248
-0.949026480974806
-0.981213099440111
-0.888842740390669
-0.917067641619953
-0.901716020474856
-0.693685863327041
-0.886846493209752
-0.919301053671428
-0.997283705354366
-0.897179933470969
-0.808589648537374
-0.815156130987556
-0.898242907698937
-0.904395842766257
-0.838066588988922
-0.896686710706318
-0.873249622680401
-0.785756241417609
-0.870747943948167
-1.02812131047385
-0.919597179542185
-0.838137220281144
-0.885793060816105
-0.876694842287314
-0.76494680050825
-0.880812373627607
-0.841248057714117
-0.97215208672764
-0.714134036556087
-0.754289093023181
-0.98038308687565
-0.891222693657652
-0.769642014606858
-0.865025014459252
-0.938736814354318
-0.739906012590508
-0.896882675160272
-0.769458627401963
-0.84477128617251
-0.766174499283107
-0.974182059558807
-0.749320776559219
-1.01759811559349
-0.812397630172041
-1.00152613103021
-0.834012736918804
-0.756765016388579
-0.724917130563325
-0.766107619128582
-0.815080291483267
-0.824694837076458
-0.811737002308397
-0.782956723259406
-0.785810021201485
-0.777048121593145
-0.666860678486661
-0.891297994084432
-0.72677520893911
-0.714195944580055
-0.807525967109768
-0.585299943430985
-0.684405325837056
-0.774575214963939
-0.808931508496614
-0.720683902210944
-0.680096637391583
-0.818168982133921
-0.729736292069944
-0.575000454923287
-0.810350539010667
-0.843780908972333
-0.774357573025485
-0.842614293357202
-0.837438505098972
-0.76481472315585
-0.766070567198164
-0.603804343488464
-0.766332248601235
-0.646969953713026
-0.879428348940178
-0.818085138695772
-0.851440980770974
-0.857564679968369
-0.695404901104982
-0.863368494360576
-0.730126830422886
-0.810423282079036
-0.672127601168867
-0.707986163839524
-0.763303373551349
-0.652922996391112
-0.829005234151748
-0.747941799288941
-0.747522661612288
-0.657561875183443
-0.801716936304901
-0.652152575601707
-0.654883497441614
-0.622814606201292
-0.572506342392315
-0.885183374448661
-0.56155057202333
-0.666111527560623
-0.774943938426513
-0.760807788557526
-0.68996667012024
-0.693850783325987
-0.661184955269668
-0.579128519812205
-0.586577911137822
-0.644554982525522
-0.772439539867566
-0.726953496487136
-0.643357485500896
-0.69303418147408
-0.63083103316158
-0.692803275635137
-0.660054620261942
-0.76046502887399
-0.628819762157448
-0.679189681933727
-0.55210796516833
-0.5725293730558
-0.742194663013473
-0.723868407996377
-0.618390929825251
-0.748871112824477
-0.735323216931899
-0.591152979050655
-0.630863658457062
-0.544553553926941
-0.684282039574789
-0.722904431352444
-0.638442959266035
-0.714192128867325
-0.632268984781702
-0.813410935935018
-0.654183228798776
-0.731977404525612
-0.62503214787865
-0.634437364755411
-0.685185414837418
-0.673449254683515
-0.60198117014795
-0.622696726897861
-0.581485946782259
-0.601313523590824
-0.769942243958732
-0.642311153128117
-0.747359938755057
-0.515051780614961
-0.622936575390918
-0.643344271656671
-0.597142962670418
-0.664395846794784
-0.574310860243308
-0.630654989401976
-0.693357807116372
-0.718833144675077
-0.523200217972519
-0.560294747240252
-0.521333294667916
-0.66893793434346
-0.655925005843582
-0.390074978874727
-0.610383162536221
-0.462971230967776
-0.318155565355348
-0.504911034440686
-0.528833351994258
-0.634568307323359
-0.530479066300357
-0.646889637836477
-0.537178090110765
-0.352629684617652
-0.493045454181827
-0.719714459372209
-0.717771591067624
-0.604274891681012
-0.58927537847379
-0.384624146486343
-0.790906259556616
-0.684730564022271
-0.606993351268071
-0.448679203775148
-0.497547180342641
-0.389216813295878
-0.585286335298277
-0.658985483681865
-0.661546660820421
-0.609411015495565
-0.599155878309127
-0.524171451361207
-0.465231434000128
-0.71887725139711
-0.431807115213336
-0.532519505304112
-0.471626714569007
-0.533932357507404
-0.58632648978536
-0.492562135687523
-0.581786802738729
-0.574791560575414
-0.362904587631184
-0.539249912330676
-0.439664234690617
-0.439163644460392
-0.643272046234637
-0.398001226783418
-0.468094202731437
-0.412907255181826
-0.396337781992699
-0.63533960160597
-0.481203271260934
-0.511145888163983
-0.482106857947539
-0.472209766188595
-0.374911909433429
-0.595402172727169
-0.522338673869262
-0.240549706855967
-0.551326829199557
-0.6328905957868
-0.547501581752551
-0.411123036783088
-0.539367285718035
-0.551834934349009
-0.467302420821506
-0.471875658103871
-0.361912695897052
-0.410867619782526
-0.413877007146596
-0.4261536385554
-0.664234755847655
-0.446998249354443
-0.496657723851971
-0.42149971297704
-0.449294145356563
-0.403591377457804
-0.444287435314011
-0.48900861360256
-0.412928744320694
-0.482692489663468
-0.482395394431597
-0.3730699616914
-0.406691228144859
-0.346408827554022
-0.633859450168036
-0.459073588690385
-0.386625121302521
-0.599299518580316
-0.457900739649718
-0.390449002352543
-0.463953674752411
-0.449027489800833
-0.456582784867759
-0.331003602742355
-0.554242633468609
-0.464677150857729
-0.439579121406562
-0.317257952941641
-0.397179117569176
-0.225553169067701
-0.361161249929651
-0.545027035202075
-0.195827950743802
-0.33228399783476
-0.324933567088299
-0.330893899219595
-0.343395280486785
-0.410381901576137
-0.232010648996656
-0.424228473872303
-0.380854830284032
-0.331798570024569
-0.171429498237973
-0.45745858767561
-0.413043916329102
-0.309000160424338
-0.37294459309816
-0.317119479527754
-0.40982478310603
-0.425122057636008
-0.425181757414464
-0.195250786853064
-0.305625793115387
-0.386729129551995
-0.479651420146828
-0.177229071509086
-0.218613081343403
-0.297329201502006
-0.291928900475166
-0.283072648705143
-0.381539795860389
-0.295374356772743
-0.254465885187135
-0.329429921818146
-0.239793087554976
-0.307251909891513
-0.264890416058718
-0.373968308867608
-0.200700664293041
-0.366736881675092
-0.380674194931666
-0.283083740379923
-0.389462160878107
-0.272950189533379
-0.421634491181234
-0.196750690210228
-0.308824282696508
-0.299274696736475
-0.164292407819019
-0.410954187044444
-0.292526328047506
-0.265150929746934
-0.333578845628232
-0.244198439792491
-0.274035578601805
-0.28051135151957
-0.357449748500439
-0.288900577963938
-0.135040775465026
-0.204519483059687
-0.27787257317277
-0.296611117000675
-0.215709191456803
-0.201076410193882
-0.270699081128604
-0.228000917107244
-0.283325874286349
-0.154432314384808
-0.140108134646216
-0.29078875439093
-0.285305987613829
-0.177217121372781
-0.330779961593935
-0.179989476495711
-0.251764599521815
-0.258851358319412
-0.30977715823103
-0.153647800315843
-0.206060925537671
-0.189605988625956
-0.272164977208128
-0.284840022538361
-0.237004583938283
-0.259709669734326
-0.172288288015836
-0.280051540574239
-0.167970794723903
-0.234380966643338
-0.246357287400416
-0.265664538081767
-0.211952688663697
-0.03003126515906
-0.310590391106528
-0.252492057134032
-0.0178394318916671
-0.142850400836469
-0.316364907255711
-0.0739375907461821
-0.151080144035638
-0.289824804991586
-0.270115717176891
0.0132544874234296
-0.332708494033951
-0.22988194929766
-0.0825224275243141
-0.201655139591213
-0.0920895276083004
-0.180096796340057
-0.188414068905264
-0.124761169013049
-0.131954851090381
0.116423825362664
-0.0260803347481964
-0.0646533934191106
-0.162587905018726
-0.128331337487294
-0.136486502289427
-0.142923409086426
-0.138807963077626
-0.110002962984666
-0.195813938420235
0.00556568904774556
-0.0563016875689011
-0.0530345862608522
-0.172695759074636
-0.225162334834157
-0.168528759571581
-0.102677316946911
-0.072979774191272
-0.117694954232715
-0.116163287359269
0.0465658617785727
-0.0521250683839302
-0.128453802170286
-0.11851995023925
-0.112350407097848
-0.196430501288277
-0.260496323908241
-0.196481195876322
-0.170097585805532
-0.221107807085669
-0.145601920033836
-0.28417073626405
-0.192892714675826
-0.110678134692287
0.0848264789720619
-0.0522497123652718
-0.0224491233453437
-0.141631916718035
-0.0337573412540295
-0.129214283054522
0.0148145287433865
-0.116767408624383
-0.152802847465884
-0.160560246107229
-0.0873517555222669
-0.0351379849544853
-0.0937169025759132
-0.0617419462862818
-0.167246561515045
-0.19365560066797
-0.135764598111879
-0.0249627969582622
-0.0392087351676303
-0.00116755432324754
-0.0777455800526866
-0.106801729667077
-0.029136205380497
-0.0235165900393484
-0.314041836683047
-0.121427689349656
-0.232294305105379
0.0257300390918279
-0.0696615527865716
-0.0246673126149836
0.00107883635504843
-0.0943653168487644
0.0691233232686235
0.0191149126078114
-0.0232352999777649
-0.00263669428394857
-0.189221633921156
-0.032871150423929
-0.0943405586740043
-0.182725405602772
0.00080633755824481
0.0998813051591573
-0.0183230575124573
-0.14317514873814
0.0689097967867131
-0.148096185641728
-0.179038990077296
0.0253556270642505
0.0202635627882067
0.0196293404678562
-0.0440241821229982
-0.0088440520535264
0.0318395770638398
-0.0348068624137317
-0.0663846564025452
0.226866103320829
-0.156758240311942
-0.0553168482243215
-0.0442367884512373
0.0271951823700239
0.0394767933581735
-0.0647187842341557
0.0114694480244201
-0.124590384923725
-0.0357085631850547
-0.00359690526785366
0.039910294820948
-0.0225776789419095
-0.0114489450792952
0.181957039997503
-0.101921482897927
-0.0258856569984864
0.0364884953751596
-0.0633777446541098
0.0176066140829323
-0.0135767827404101
0.176553920211636
0.111678003378256
0.0730441171043645
0.204083905199219
0.029997982815359
0.0355360192237515
0.155838100427044
0.150176656688109
0.104485903183763
0.201591061266704
0.105689317780771
0.0504343302241655
0.175021190459332
0.12595068764509
-0.0729151411602817
0.132799032995136
0.0832547696329177
0.0307451840453635
0.0263983396766416
0.0990434348964122
0.0873881258589422
0.119954925768468
0.00501909314779193
0.0764222866378568
0.00116996702256679
0.196796556256286
0.102231957604733
0.129418121935038
0.173011901745325
0.0508587556140006
0.13904085784866
0.159473400731099
0.133879187015152
0.222209054302737
-0.00328631381624156
0.0296286104395177
0.0699189189650763
0.0471137814155632
0.385839112861617
0.232107088645007
0.223745537855713
0.0396776445373445
0.189071723161987
0.0241932179676806
0.148692972201012
0.270720370775849
-0.0145329357615824
-0.0101258712382207
0.114329488480396
0.188731468984493
0.154875275968968
0.16096000981535
0.193731926339502
0.25191153241422
0.192603852354743
0.229526086097401
0.0708705142217069
0.197753306571311
0.0649103577046317
-0.00566947327145148
0.116667589676968
0.108718725194217
0.190889604887067
0.269627472823926
0.202333649071542
0.174831816015524
0.265291134255412
0.175959942303909
0.184878633976487
0.203185174653275
0.249311070821235
0.2168026085661
0.151228581315823
0.122076383256632
0.225273669000336
0.231308861605028
0.217343616279594
0.345449936455942
0.245168358072691
0.0251902240784368
0.218157299742899
0.236764167159755
0.376541825069623
0.137027657245266
0.235886064517552
0.255532805867042
0.169979231598107
0.380145737549693
0.280454880295313
0.240854161362177
0.257866522434089
0.161951140576896
0.300165005181986
0.437126505509171
0.351987421653043
0.169750028000062
0.258940749652402
0.240476941286436
0.31613171063176
0.281263236510585
0.384702926863967
0.165675588114965
0.310805740877781
0.345890367905514
0.204341746081756
0.203166238350708
0.248492067337663
0.341966286571652
0.241261732944972
0.401208490749967
0.296817988016626
0.428956098608904
0.239030285773068
0.265773895071734
0.289496892835201
0.29503642527344
0.220608963651911
0.248337834630216
0.209867535572348
0.370631319534248
0.403570156750254
0.357696712034452
0.23198678815019
0.448066536428112
0.522165022571827
0.398273577896674
0.372098890299815
0.359312057705734
0.0634535447238974
0.363716043823647
0.373784095858389
0.172801826254357
0.438122584559518
0.334381149778619
0.358076119902103
0.37906324503202
0.337703123598959
0.414634528329831
0.316025875961857
0.367731295169421
0.288840607476398
0.300140507410414
0.373940761371173
0.324371966042563
0.356761789538148
0.35203425070793
0.253924023007761
0.422049871790334
0.345973158853546
0.281542145795567
0.313548574162458
0.331622739772154
0.379880198392977
0.492677322797066
0.325877400042925
0.374606858387818
0.371632586672609
0.510724641483663
0.427248268680264
0.407366832935372
0.371077947056553
0.431979573876262
0.344403390861802
0.396501149985579
0.50102165654792
0.28103327026146
0.473773714246993
0.399185390417539
0.378784490642923
0.350316837060269
0.377482513857764
0.47115014371141
0.42956143963508
0.495253982380651
0.344424749511365
0.265185880114943
0.390221419068428
0.595231895181553
0.362543061020309
0.58591177525897
0.358090923104735
0.297197601382407
0.328849751881155
0.439673537137288
0.415632050722195
0.397575163502595
0.348567579354394
0.479751472945661
0.460482980802284
0.632290161138208
0.46144837010294
0.47580459723903
0.465106681840791
0.365422538483784
0.498857910034261
0.445606278362079
0.35680072856418
0.550111744688116
0.634811114537946
0.268039022354255
0.505060883817001
0.451754954838603
0.605094771829628
0.351006370759599
0.425749087395836
0.54469615572477
0.451419130688565
0.517661327786373
0.519115206352562
0.393100896205325
0.558821737255601
0.530303540880422
0.544681680536833
0.260195283169337
0.452145218672059
0.423819590061029
0.342396305599269
0.566915044982011
0.40913504020362
0.482696795238625
0.545303524657508
0.404489889611126
0.347034396314492
0.575933013557778
0.456052670185883
0.397617976578053
0.546861170567393
0.469166074187724
0.482576202331291
0.342782899094836
0.466559015574369
0.581037714375848
0.489282260783509
0.54844545632612
0.502659454480485
0.472116851568261
0.448274535061996
0.581686027851378
0.433730064548993
0.529915394525484
0.571725429622364
0.552897488978047
0.484398029312281
0.4775007529386
0.498230389076966
0.379394105937989
0.537927800078775
0.53657186698324
0.643253757364816
0.658833136005038
0.604186442152879
0.365609518780436
0.560551548917193
0.495993647122815
0.592837342451546
0.48927438511252
0.491974933156511
0.606484570924381
0.581402889942735
0.441930835034289
0.564681953216478
0.51090782151075
0.61218325887774
0.539648959518702
0.458956374202615
0.732418807669634
0.612119961370092
0.620260405724757
0.563714148641138
0.628414423427861
0.52563848603232
0.59878797776141
0.463988942781775
0.661262084959415
0.570234655316481
0.569847909254039
0.638772827021743
0.765488680422572
0.621223383724405
0.716811212053207
0.563037063618641
0.569197100443573
0.672134602811874
0.654782591011949
0.758479472723005
0.703807857249906
0.57777066034452
0.643522419713533
0.702091706089098
0.538683604390019
0.647396612171783
0.566171617992401
0.588364120417128
0.529336649493335
0.525333950935009
0.637626229826751
0.512343903353182
0.629444830003881
0.791486557868684
0.577400482343245
0.734134967515542
0.74519262198865
0.6906943854305
0.672060136260769
0.614625598744768
0.594949777945353
0.670026882931681
0.827954111048109
0.666827598520185
0.561533814903215
0.716774594622838
0.595112537617755
0.528312921068286
0.624898807962041
0.598342888321587
0.762962219574529
0.7094250009948
0.629437272943698
0.55536622789525
0.62472085544155
0.729037234832727
0.672374129080331
0.754140108710491
0.682300699469754
0.735259101905961
0.873021095132794
0.84214385643675
0.558557741509268
0.792318695501636
0.739595450551445
0.79514449933429
0.667090660347067
0.715182027679261
0.76793267040519
0.714243146209905
0.757319601357626
0.735219652871805
0.684097850444395
0.708972050410768
0.78755887511355
0.700994764300151
0.698238367875488
0.716520145879939
0.656929795027878
0.720495791569159
0.74215582848188
0.665411620365755
0.692189202695644
0.653996409667234
0.853527635065919
0.678507759046145
0.651620246510092
0.713341639245042
0.602186433363261
0.674485091163116
0.752565422762352
0.732584145147977
0.786897980943598
0.609817550774256
0.673915330516141
0.621118320477997
0.782177314841443
0.727250277741323
0.862376332894914
0.780688745449019
0.737207996384922
0.892533102888359
0.690315205255555
0.729561084869414
0.78376755476341
0.766381430015396
0.804522873247889
0.883686084284396
0.76958959813589
0.818363837648742
0.736892342936832
0.815021801608924
0.995001388165892
0.924885717865083
0.840833419004362
0.838418127694004
0.921954565239951
0.785261469931475
0.802266571211436
0.814456375157659
0.836922735985355
0.951185594568211
0.793583359210603
0.788666225848799
0.840237876097514
1.00945942002682
0.658758647237429
0.812074154342863
0.783693966277549
0.869093794082459
0.831480198028797
0.824209039413662
0.795112043598733
0.928161431067516
0.630693776970647
0.938458168174568
0.849281388902803
0.65431330778265
0.898776362111639
0.927206648386881
0.954441679739814
0.857470831030719
0.966769485479684
0.757140150522212
0.785901603845944
0.872810035633836
0.999168647773781
0.893678350727998
0.846942805761381
1.01000484528528
0.837041727200134
0.778503486770901
0.960194731961348
0.94464760386074
0.807236647703481
0.827817881998199
0.894524897246035
0.960049004320268
0.94572921323275
1.00866885547502
1.01012013873205
0.999216743451817
0.925156541537544
0.828754322909838
0.895178889270253
0.958338373849661
1.03407440361713
0.923183047722298
0.926480165639308
0.988842345485148
0.930856127214243
1.00551513528325
1.08552858419593
0.911876748811262
0.893689272579841
0.825294994609796
1.02170962527569
0.966046506193953
0.913458076058462
0.90094392587448
1.07364337582874
0.963199254042053
0.953757884800721
0.91915072594934
0.935841684446558
0.870017941082385
0.92979825789041
1.03444831132806
1.02665625122599
0.851516475888351
1.06386400972784
1.01545269831844
0.832709093074303
0.933362655548982
0.94406212111828
1.11174476775633
0.974780256823179
1.08317334882426
1.02747484958971
0.914037565413084
0.783361922634627
0.99905914032804
1.10726229254862
1.10999410325596
1.07837776882435
0.943254491917347
1.07937833033316
1.03918391496584
1.00520840164031
