"x"
-0.955864832931691
-0.838973654419825
-1.08364857081798
-0.868192074685616
-0.893166075752498
-1.03995738068997
-1.10191201829701
-0.921516514148553
-0.946075077531472
-0.917009972785408
-0.995618854830718
-0.975078121084423
-0.948475367790305
-1.18553121411459
-1.02952893604907
-0.991942129863178
-0.985068754985394
-1.03340802263453
-1.04348978655131
-1.04754860693305
-0.984242200935943
-0.872983826566992
-1.00047874444822
-0.856962796943041
-1.01053341475588
-0.940092016492407
-1.05615354532852
-1.0229720380209
-0.980986198516827
-0.909146205382919
-0.965130779929021
-0.832681708038601
-0.847320125691537
-0.879163437020052
-0.800033785886521
-0.866146839912838
-0.744975841394466
-0.994368242429865
-0.867291968256006
-0.88811399504563
-0.901253560321773
-0.856509410344139
-0.86858891652144
-0.900981964795766
-0.834857622057144
-0.828394917662506
-0.934395523380086
-0.977294268531888
-1.0054490654113
-0.776758367031802
-0.864961307529841
-0.884670695421125
-0.744497952313424
-0.847149283088385
-0.837514738854278
-1.01309779312316
-0.872024841868983
-0.994021035322982
-0.831806017152613
-0.912218846194126
-0.765516175509376
-0.920334257055357
-0.830026186805514
-0.946539323245438
-0.949565278787557
-0.927463996039695
-0.817711106141645
-0.908016949054014
-0.909903468638398
-0.896039310402032
-0.783753239751658
-0.826188847260567
-0.969851399637572
-0.777822973780882
-0.737309015500815
-0.863107800005688
-0.810582071925951
-0.765246538291456
-0.71726362298965
-0.8836837880593
-0.825021960069909
-0.702639234021749
-0.928846028511153
-0.762572276740576
-0.817398326584161
-0.863306742244294
-0.850682415827348
-0.863659173358534
-0.835558522325224
-0.831344623776473
-0.72906218188646
-0.870999608962035
-0.891102298484349
-0.716896690442119
-0.880294692306333
-0.775594671251832
-0.744563359269306
-0.68040748082868
-0.752695690755091
-0.864408500243639
-0.80781439685236
-1.05816372288203
-0.719864398110862
-0.778009254828676
-0.534959184926301
-0.757042907928546
-0.837624640321003
-0.800758752769436
-0.734473190429065
-0.805498270802114
-0.73064010578182
-0.798078458531891
-0.789286929551979
-0.688178601342616
-0.814189652065469
-0.83984965845899
-0.740487778200912
-0.78156950655754
-0.659892961294986
-0.846110412535903
-0.630019441818706
-0.842570507406011
-0.859262022002618
-0.680175919548751
-0.87864392359204
-0.736559000977161
-0.794000923152621
-0.602815683511293
-0.866484272236998
-0.651109237437916
-0.70121340266442
-0.705434154593555
-0.684793435527966
-0.688326034319198
-0.709930437184287
-0.669472597700583
-0.734664784317935
-0.777639908778247
-0.69815642415086
-0.858133743270876
-0.790893343610948
-0.769696658555021
-0.689374503443426
-0.815448954341085
-0.70021555210676
-0.437170216644725
-0.682743415638717
-0.735157157915303
-0.786959975535759
-0.680184774752742
-0.780159836432137
-0.62086855237715
-0.744987189180815
-0.688841309149463
-0.729764097897818
-0.683726156389631
-0.743393379250109
-0.707265452788407
-0.798950728224002
-0.753913146729654
-0.770867242170522
-0.725953928713063
-0.610498622151781
-0.635332462968236
-0.566655945639499
-0.774332533387038
-0.598298270891748
-0.663539505472692
-0.638549521132025
-0.636979941799518
-0.636274011002259
-0.701711086289157
-0.663311218775542
-0.722881165585598
-0.731156118275116
-0.612801445641373
-0.654110355480697
-0.600886763820068
-0.715574600845005
-0.664515695309635
-0.772653977217904
-0.651154893621565
-0.690281437753708
-0.573085821346305
-0.704633411695934
-0.657427022025192
-0.591046331807228
-0.528747711451152
-0.65108952022697
-0.556366391942245
-0.572563343427176
-0.509585108790717
-0.632057506661526
-0.455887770998648
-0.703380957286985
-0.559634829735778
-0.608303673382995
-0.688666085943833
-0.523025716742317
-0.535580990393321
-0.559328062540911
-0.552628215215771
-0.684965903949913
-0.599856425896398
-0.609502537823921
-0.683152882171466
-0.517709718996084
-0.69351871635497
-0.688464275870708
-0.561275456702368
-0.553953975918349
-0.570789749552184
-0.43415449869785
-0.522180869702636
-0.589351091012139
-0.434824068677323
-0.61847215305415
-0.536425490624721
-0.588629918258068
-0.469317709222738
-0.661056561941714
-0.563998034169648
-0.655780793473223
-0.471055742385751
-0.536853167114186
-0.592697066280159
-0.604102685396839
-0.493575572646481
-0.630284406694511
-0.561383436850372
-0.572773386677748
-0.493191809040467
-0.383406948661319
-0.539046227068295
-0.517728192636497
-0.501993067889418
-0.415950752758924
-0.504812007024552
-0.524485435730333
-0.455939563409618
-0.491583912420331
-0.569931981537721
-0.496451957656395
-0.643085121357542
-0.543498712146021
-0.489050862096271
-0.556716077361197
-0.455829588975862
-0.587229155648121
-0.431308222168788
-0.559755360272491
-0.451740200937721
-0.409612915965992
-0.328342457587857
-0.575660624822538
-0.392573033567533
-0.513652268875742
-0.567013408431924
-0.451326046406291
-0.420721576657046
-0.530474576409174
-0.501570218233822
-0.330509862052371
-0.658072766946324
-0.55539415378083
-0.487773248454806
-0.527845555634769
-0.415008014489278
-0.502355146697872
-0.37635194012568
-0.40485772435217
-0.543394836386006
-0.542380987010409
-0.349544725319076
-0.419357943679963
-0.516510293238936
-0.455045789401658
-0.399327693749222
-0.334630189136809
-0.486075804306228
-0.400267506533643
-0.278435049281786
-0.416637711424741
-0.424843181364288
-0.437695679464941
-0.434748302216071
-0.482555895036833
-0.492240365315069
-0.482509061951284
-0.397432861016885
-0.540109147479479
-0.414006108732494
-0.288344816008068
-0.511822226329527
-0.422061059010277
-0.428901212368905
-0.50750180883039
-0.299462853568246
-0.486591430485431
-0.412230357713539
-0.406804622071156
-0.462873619163275
-0.504051942032861
-0.335357316835955
-0.454992713671217
-0.405299883336197
-0.483219770276405
-0.443558626088773
-0.384537372617442
-0.502276046520168
-0.40852815883386
-0.350556866664429
-0.482185315640413
-0.396408941618936
-0.604710160092035
-0.330205531426115
-0.265443491592346
-0.29592272694921
-0.3530097354735
-0.469022923270081
-0.332877917839409
-0.310204602793258
-0.434611629942063
-0.264711437872089
-0.429905660220782
-0.359571161528051
-0.443957925829154
-0.326505514483415
-0.20726947850077
-0.275844787839166
-0.33848646215925
-0.364960371648499
-0.343230052776685
-0.409390411240175
-0.258472716270248
-0.382298859021227
-0.319849924199336
-0.291888305440381
-0.354165665537297
-0.32435369113589
-0.288310178392799
-0.37868816846627
-0.246771414048879
-0.192003634727405
-0.278795721172017
-0.374554692893053
-0.173716032079648
-0.253003692858669
-0.431528015586616
-0.34494077601083
-0.254595773061962
-0.321539452958806
-0.358592801758546
-0.328231072959298
-0.17978041825253
-0.20960039222767
-0.160616763730489
-0.130723601997339
-0.226870567356207
-0.466340040241152
-0.331245086745786
-0.184279298829037
-0.28927825439148
-0.277604502951494
-0.297811804426162
-0.276246724629522
-0.282928817806557
-0.117841965032748
-0.176811079737219
-0.228704177217826
-0.424596691119538
-0.265823008100971
-0.151781076177131
-0.242183351046062
-0.37660084202135
-0.230164166805829
-0.420269452677129
-0.186439814362084
-0.2465736904088
-0.0825939681210028
-0.10278056315651
-0.176208318418654
-0.237004839040108
-0.229493488627279
-0.242161557187243
-0.320921732736844
-0.211185974919563
-0.144973070813684
-0.106980180202982
-0.27369650018694
-0.161983634503151
-0.210619487874841
-0.0225650716245448
-0.305257001450926
-0.128187643385276
-0.263569035506614
-0.09181066673785
-0.108277184949752
-0.19851979445025
-0.0463641322985944
-0.248065688347388
-0.29846817056859
-0.269307384486938
-0.0930708769947842
-0.143236906991609
-0.129249371866957
-0.116147849290826
-0.107304458063302
-0.346980889834441
-0.212620016809421
-0.261335241108776
-0.249150357102342
-0.0513388782446401
-0.116058435564382
-0.243676685514452
-0.0896854120976362
-0.117802219947874
-0.10012512890884
-0.19416556582508
-0.164503827980511
-0.191692402654808
-0.308188889929031
-0.227661471689371
-0.177848972274999
-0.300721505804635
-0.129752716217094
-0.0944006700349838
-0.117024126346243
-0.0517770186542819
-0.127510545048482
-0.18782899691487
-0.102412696857495
-0.148465935162754
-0.0556983836600133
-0.194791753346747
-0.128289536592451
-0.0518494189796804
-0.210112702760633
-0.140014478533543
-0.0606403308825276
-0.134160683725916
-0.113546788557351
-0.140194169698508
-0.0359251220175765
-0.0426127996385027
-0.0858966725668707
-0.216719706639222
-0.023232825607172
-0.0425763471741317
0.00185834899059626
-0.118580155941644
-0.0266223029015911
-0.07128577593602
-0.0873490231946421
-0.13015150175075
-0.1339482380131
-0.191573306368562
0.0882322948440093
-0.0374824527202447
-0.022047891381097
-0.112523434953533
-0.0130051314549494
0.0964205726302282
-0.0160693951174417
-0.0575194141627805
0.00558119425924398
0.0583786640719684
-0.104661051146518
-0.162785380834386
-0.060067186597846
-0.210463387603505
-0.0328461310051072
-0.109922245776031
-0.0307644658930592
-0.0307038310377217
-0.0472161296343219
-0.0151873274512146
0.113438958239063
0.0605388132893402
-0.105311391554694
-0.0525942053907028
-0.0232478409663734
-0.114668842456813
-0.00721305212897478
-0.098727506132979
-0.0936346618132446
-0.0181166955956407
-0.151623660629032
-0.080903374037392
-0.1902764947361
0.0244408297240002
-0.0608003731873467
-0.00913741952554387
0.0236458679084888
0.078429995252676
-0.0511738010223485
-0.0113050589159246
0.000523209328868326
-0.0403967561560575
0.0518923420627063
-0.0848798678505676
-0.0567951405314536
0.0205411855356529
-0.00924651696770442
0.00783553084108053
0.030793987093645
-0.020462824910333
0.0337687892380381
0.230283128909891
0.0574490262065451
0.0134636128487981
0.0824647499204345
0.0173979716253793
0.0585611793349204
-0.0632943313448518
0.118278217647316
-0.0386527737627915
0.051843003285066
-0.0470182997796589
-0.0718659534903794
-0.0241242124315166
0.110853721697895
0.29489377320791
0.00889600763588414
0.108365144520536
0.031439953783341
0.039992983785836
0.171504659643746
0.116972284973088
0.0551683181441446
-0.00395744495723717
0.186761776325186
0.0113155665530405
0.189299847404212
0.0517976040976693
0.205449015499379
0.221757270216196
0.0705559225757109
0.0650841416799434
0.0760405447153529
0.0778954745436164
0.0171439556646164
0.174422263756734
0.169835227302448
0.161923363418416
0.0636763973477972
0.116879242465635
0.0221965757068163
-0.0614576123086618
0.0926819420094064
0.164489214424542
0.0742449883069662
0.115230091040952
0.229305910332505
0.169373159388438
0.0864091980631998
0.109377448447529
0.0850027346570542
-0.00407241532675983
0.151596457496794
0.146539140046527
0.177178521534091
0.0198987949669059
0.161238023092785
0.316485623326501
0.0592503610360087
0.138369436946122
0.00886605483957889
0.080086153251143
0.157075607992798
0.152338336121477
0.146729322897531
0.279991151565247
0.0860599015254931
0.157611972394109
0.17429671129961
0.208091655656926
0.152925166122302
0.088027144089901
0.281874555176086
0.0432237135828185
0.221864234531361
0.216267246614047
0.109769509831226
0.177834259703568
0.313863055020247
0.246545609272362
0.205074535341948
0.127307303906218
0.155854899075389
0.0724826385295765
0.128968209794147
0.117423938028719
0.21019101385691
0.241614608428284
0.229947701599283
0.153288005601006
0.266450395626407
0.265419188693211
0.23279300588414
0.253043020580124
0.201489961688576
0.186932988959277
0.164063089015188
0.228653332297683
0.18424371013475
0.233744623934875
0.27145557620583
0.176212907470227
0.129535375723205
0.206550399414065
0.186421844248917
0.206523295047739
0.226535138991885
0.273089090789752
0.174758165330076
0.213470050472285
0.139209531163683
0.172965019367562
0.248779107908687
0.191384917926684
0.23213921864187
0.275120375136911
0.375524369128027
0.484482897723838
0.270583912229643
0.217573848533736
0.206160775614482
0.232286955931245
0.214525245476113
0.196675881795332
0.169832289293245
0.314559993395406
0.130531497338954
0.349317849582169
0.408827387118856
0.18126336740061
0.269351106898317
0.177858078698052
0.399968648480562
0.26653195514428
0.184435782133557
0.295426555004705
0.308264445774087
0.160284078857848
0.285690575315071
0.337070431729181
0.39312154389396
0.169367876518906
0.336258132871181
0.433478517962893
0.289376074790511
0.235392127490766
0.345174408588377
0.139593204896079
0.410448293427596
0.363136672950467
0.354946792081493
0.47624272479261
0.417127474245218
0.27043421562787
0.313628179639581
0.332343350467187
0.210278236370535
0.387265794874388
0.225866344017251
0.267577505838929
0.36525489814886
0.298976602506585
0.278561171346418
0.415195465060426
0.554497588385445
0.456950085424532
0.279998932724879
0.243355670297418
0.460103333879181
0.378805611983908
0.35868962053235
0.31930226598493
0.406248690962988
0.396419488731373
0.397919992790786
0.325249147464376
0.245718398417615
0.36870772765631
0.363216612173509
0.337487041313823
0.311308816052245
0.433759952444397
0.377891641145155
0.397973766887878
0.340038699411904
0.470345732451822
0.300294889536937
0.336230497719776
0.260207902613119
0.228149522646687
0.466032672554992
0.410534103026062
0.418455482821361
0.316219521045947
0.40649645193715
0.467559723801639
0.505441070147372
0.414748131811574
0.350554426704756
0.426655020034141
0.428038299818083
0.485211608840867
0.447135947537773
0.358462594176221
0.591037478090182
0.417389047810245
0.561666154602326
0.501935916000375
0.48783330209668
0.507118669510075
0.437312460027892
0.446708728003586
0.52365579346991
0.498971748819344
0.415225610203138
0.541305376045915
0.460299932998233
0.490388155755639
0.422650586785569
0.4048162542235
0.339152620409296
0.309229895769981
0.440659595037865
0.405771760266839
0.436086256177127
0.427554821071948
0.503960059446981
0.421121411975653
0.476629883956023
0.468411108598714
0.482743949505829
0.516271435537103
0.539244131641641
0.367716663849021
0.577488575258252
0.525441107756142
0.376841800389126
0.419941898386946
0.387581549596338
0.519234221980894
0.338676995394726
0.594690555956512
0.553580371292276
0.416545671279534
0.518225626380175
0.610170367570473
0.537645787419974
0.550394478394991
0.591465824115472
0.400115479356148
0.383023039398981
0.524818730962684
0.574975514031729
0.418107123376019
0.392017110789864
0.642450324652301
0.564909734114585
0.557164256037911
0.585597784630864
0.568237100112615
0.542639403643316
0.502981977185226
0.589008472981619
0.469573339027857
0.567530206613435
0.555144597888833
0.437993925969077
0.671852281792611
0.580686839042527
0.647846857087896
0.49087348739769
0.504763789174367
0.471008679343433
0.658647573250976
0.515898293300499
0.573973365149186
0.597255779365637
0.528900311757983
0.633656263267124
0.6342617566957
0.597801675674022
0.678416000819658
0.609063304716698
0.69053339486986
0.521273789910296
0.577696549622676
0.369737004603405
0.52761186008583
0.516720288046107
0.521265957773511
0.654349487557423
0.573571657122593
0.67204959984928
0.528710721058547
0.484269082417641
0.621413403334982
0.773678367554825
0.672669588447496
0.639045467350975
0.460748325231037
0.599933804529012
0.635282729642968
0.586633955374474
0.712185110327417
0.63686634776183
0.481708966562863
0.620669005591354
0.66266625749606
0.55562895281321
0.714671599123943
0.767885274005184
0.437456466031244
0.754242933596266
0.563099908447284
0.748763460473529
0.454432382680165
0.581743674899224
0.707298355406853
0.639476958931047
0.499529966902102
0.656163374188492
0.5670600266116
0.701383902562534
0.698474618092258
0.709098034203477
0.561327942805372
0.804724827408045
0.763193470326472
0.52887202278614
0.641682927677884
0.81555218786043
0.785178471720756
0.622821419135798
0.817475717778106
0.573584432635025
0.663823976374337
0.725493575583539
0.607513975300842
0.663491769967772
0.753562770889734
0.693984347759212
0.751077556364598
0.654244145987721
0.630993917790115
0.753274810065969
0.597879028251025
0.762195661565606
0.633800007287134
0.799184357508227
0.691550017280396
0.765737586364609
0.535700905441198
0.860076486125732
0.747552025310541
0.748645798227
0.707557418219729
0.727414814468465
0.637396286550999
0.699641505758681
0.816125743220745
0.782816638334129
0.740010772738016
0.669482040457957
0.546113788421227
0.588236219782911
0.806759342515453
0.76906858360605
0.691686538635064
0.784337187104698
0.702133901903748
0.690852277236367
0.845517959413299
0.887928739491654
0.694403358902358
0.761630477237245
0.79414528325015
0.673105696578384
0.79097901571349
0.817219079382841
0.835668130008739
0.866784992012294
0.814812670780549
0.768456884441843
0.592611265307876
0.831854278181711
0.534939615194194
0.870321613523148
0.826060950160239
0.85176130299741
0.791798953529043
0.692705110439123
0.792709619100877
0.784611126070744
0.749663236161772
0.782934228573428
0.848600527428748
0.779487390032358
0.747862554289534
0.63881025637702
0.991706117753324
0.732758122332163
0.827216391851444
0.715747425315737
0.799764101219929
0.829669299642316
0.947891156608932
0.86213501798472
0.745101539677645
0.876840109480311
0.739231967752674
0.753284579973243
0.826224231033249
0.813884148320217
0.75863241142316
0.870161188924827
0.78172749647505
0.941048314445923
0.772390705724399
0.942714685535579
0.911406498065113
0.707337278532847
1.00709256893428
0.809327957223202
0.892122584640572
0.777271185235485
0.846159786606918
0.926964271295668
0.814793587334701
0.833087976374341
0.884874004914631
0.861172467331308
0.908729164339378
0.942469998639565
0.888850136355812
0.93447581441736
0.853700403005705
0.88664234174425
0.85406526116319
0.894815972459508
0.810096436265981
0.742553306297839
0.906395889870831
0.907390862019432
0.969454960375787
0.712284933905393
0.85716740189542
0.939923224529394
0.816861932194447
0.748066589627131
0.766568971760576
0.808257976109908
0.855325129559434
0.826780454577659
0.897022975360606
0.90081238359358
0.989617805701045
0.976733874866491
1.00306512137553
0.795966783764774
1.03082294375819
1.00700974674637
0.958806646999606
0.915774341844649
1.05391441160199
0.966423861135814
0.887615156085732
0.988203162438925
0.921128097084459
1.11340826094223
1.04070044437539
1.02793083858403
0.812958043061417
0.921568107770122
0.996204291863683
1.06482824127041
0.956601774286242
0.963709880895361
0.88330731783593
0.928325348658126
1.04953653924636
1.05681999766196
0.987078199645089
0.993973142003313
1.03388171683583
1.1237841632125
1.06859136369599
1.05375948095574
0.951385630664762
1.01281612697333
1.04313145774626
1.00497822636597
0.893750828810043
1.01043170524587
