"x"
-0.933656035105225
-1.00926316860354
-1.11978847813522
-1.10754655690284
-1.05364827580062
-1.03365079431367
-0.925925750612068
-0.896630738398499
-1.0544268504689
-0.957744670839821
-0.927850066010214
-1.08173138207309
-0.946349048366978
-0.859165473219792
-0.801717597501464
-1.05433814768389
-1.07396226538508
-0.896661453433046
-1.01695351400618
-0.79859311839484
-0.842060129992565
-0.877309286923693
-0.958479963253518
-0.9415688221966
-0.847993398060784
-1.09788000184264
-0.984252681029007
-1.13582741003607
-0.94467779745198
-1.02028022830296
-0.928522139448919
-0.877743158687443
-0.960542989724054
-1.00656182969649
-0.88351874180844
-1.0235411855256
-0.888945019371529
-1.07945073246381
-0.85291130843635
-0.901692175388786
-0.974510882141048
-1.07116457042282
-0.951762039419067
-0.968646013280632
-0.877238815004804
-0.933630232218238
-0.909817687859721
-0.685154111237848
-0.878106592599741
-0.949351027540027
-0.999001942362608
-0.883359609075734
-0.822433551828199
-0.802945546145202
-0.891233429397814
-0.908424729731451
-0.831109410272189
-0.904484485489414
-0.894326125349824
-0.785149020554001
-0.883647596851015
-1.02843902525271
-0.892640702054922
-0.838430693870666
-0.914803655242206
-0.878328125163867
-0.809150149798699
-0.870223947566061
-0.842669056807764
-0.96706074855835
-0.713947110263241
-0.733772411823601
-1.00678925918337
-0.892481112245808
-0.774267371799696
-0.866795960299619
-0.943727396056926
-0.731482343653812
-0.868875702666474
-0.784329056353036
-0.83541530506614
-0.776703954336199
-0.971317653666881
-0.772817109617353
-1.01514984952261
-0.836933782095408
-0.999808967067528
-0.843080489828061
-0.750069413661242
-0.734061413507131
-0.77712566407796
-0.833353995771613
-0.824953365122373
-0.821087178452595
-0.781206126808735
-0.777834612738503
-0.764357558448036
-0.684407621295675
-0.918127638458377
-0.727276975101199
-0.759064950598479
-0.828262871207183
-0.615020247633828
-0.685883753734934
-0.778756844505898
-0.782101526132936
-0.728215602251324
-0.684191091846093
-0.840428521359666
-0.75427541756369
-0.595704432693491
-0.830352998832264
-0.846520247771869
-0.761297169152585
-0.85246098917052
-0.851710398474765
-0.751471462812142
-0.773622340551362
-0.594474360608122
-0.759593219163605
-0.660522243419574
-0.885643662927616
-0.813478742578473
-0.843566387481079
-0.853800816724496
-0.690296987927922
-0.873568985012597
-0.738347487635365
-0.788274735024471
-0.677801479196846
-0.681357575524092
-0.727655614828852
-0.659388773980034
-0.809042445959259
-0.744848583202199
-0.766177829308099
-0.659812854411257
-0.795576320423072
-0.659924262915677
-0.659504332568122
-0.635781786907607
-0.584288049694731
-0.886542754380155
-0.552942351613213
-0.64984349429719
-0.760968496923605
-0.770257481051926
-0.687266372770541
-0.645550070508069
-0.644079823413676
-0.566257914643617
-0.569597238104769
-0.655472413090624
-0.784823804354949
-0.730756630226212
-0.631226799357445
-0.675772968561671
-0.624236253135443
-0.667198197781817
-0.644020952076837
-0.779465823637653
-0.618676436945858
-0.67540849602959
-0.565851033847516
-0.591605991620276
-0.731946317911193
-0.733168986717131
-0.635805996354361
-0.741511009366313
-0.72803474094865
-0.580629432260384
-0.628085285784317
-0.528423622475653
-0.677574596516508
-0.723440484165988
-0.631979409507799
-0.729717999318875
-0.641101849075018
-0.797199936238741
-0.649418892518824
-0.731016491162134
-0.615805177264484
-0.644184043897488
-0.682633123840639
-0.67524694944959
-0.611250499432958
-0.601305975369874
-0.58765998642241
-0.630578621814018
-0.755333440232354
-0.636990875033366
-0.740958722166998
-0.538225185492361
-0.623390428055061
-0.652263132879529
-0.598627531585421
-0.664083182478189
-0.576344266156281
-0.623211589801363
-0.691454668495203
-0.713944680085707
-0.510852728061141
-0.550296739679171
-0.51072649019322
-0.664306628819454
-0.646958078454676
-0.385245699171323
-0.601437383570109
-0.457240199650057
-0.310671923141499
-0.52357359786652
-0.519707916801465
-0.644981444469272
-0.50625255091471
-0.639268967265139
-0.524082785734351
-0.350525634437356
-0.503579483340436
-0.710792062591411
-0.720425056743101
-0.614861940752945
-0.59839746194337
-0.391724696837785
-0.798649372656846
-0.692186446758833
-0.615201571517718
-0.44896629335575
-0.491167594301833
-0.380559941929739
-0.574930484975153
-0.651934386203919
-0.656863085320006
-0.598266964935011
-0.594047669152447
-0.536381648899509
-0.437192718524234
-0.72832560045887
-0.44926064002163
-0.543534658227813
-0.474143343373877
-0.519095477048416
-0.581634523256075
-0.500524724058671
-0.579678102894073
-0.59594963909603
-0.379913141991699
-0.533412408217404
-0.422209323902237
-0.433728902283416
-0.67259606508342
-0.386058488655879
-0.488113612344911
-0.43395169322561
-0.399392089631575
-0.618518354443008
-0.473849560599317
-0.497481163310167
-0.502921140795943
-0.456145491041362
-0.381774353981418
-0.597494023234253
-0.511382499437683
-0.254054811500138
-0.529124696019503
-0.634978850819194
-0.561664737361068
-0.396129793786476
-0.54000209635254
-0.550618059214451
-0.454462977144112
-0.483540293198622
-0.350809975694462
-0.400827149922332
-0.407661426885512
-0.430836991778539
-0.663709153951227
-0.453467314246067
-0.475555189258275
-0.439969812250874
-0.438859079523015
-0.420194442116298
-0.457299057379098
-0.500715693633605
-0.420782657982692
-0.478372042504649
-0.495563490142725
-0.358593798610773
-0.408796752117422
-0.365483724224209
-0.616554466710367
-0.475962359119403
-0.377325974692384
-0.582658611395028
-0.453547969081762
-0.373595187199106
-0.45789115523346
-0.460237028659374
-0.444800134308987
-0.330268497452833
-0.551685053021198
-0.457496767924716
-0.457583377503005
-0.346257793808318
-0.419201470240289
-0.242396025756062
-0.364767605289033
-0.542169039226807
-0.17992478702018
-0.330244989131732
-0.308614464901236
-0.339011639627999
-0.328178326618579
-0.383361139907333
-0.205908713451986
-0.416252724819578
-0.352236471835893
-0.338818361018682
-0.174993994141327
-0.444202757673043
-0.404593117202994
-0.327720894264982
-0.378725035185794
-0.314313905263414
-0.420186333985013
-0.426347990886025
-0.416588074642184
-0.203396045469117
-0.288450963201376
-0.387054999265908
-0.474222375683661
-0.175949555505281
-0.214035340655616
-0.28069647965305
-0.27042868676512
-0.28935560617049
-0.34787921202629
-0.287966148287444
-0.256621566890177
-0.323002058721835
-0.211763533982883
-0.285849919938
-0.251648470845741
-0.352948304258415
-0.217981909238191
-0.348487826129711
-0.35170712630186
-0.292070668801162
-0.367666253741896
-0.281889200486445
-0.417208004389307
-0.209354555318863
-0.303593824822147
-0.307597854244816
-0.168384984347188
-0.420613566184646
-0.301331696883907
-0.2651654769457
-0.323868550246512
-0.261856475347474
-0.253722780144863
-0.259745565349163
-0.357482522246597
-0.278171481254882
-0.110655222599629
-0.19412456561822
-0.27435893243008
-0.298076031110718
-0.214637779782661
-0.203005934061545
-0.270694327442892
-0.206683682113475
-0.288942240028571
-0.137240153443118
-0.152844475973016
-0.287627039279304
-0.28477213550825
-0.169405830202043
-0.326390070656453
-0.149658765324681
-0.225164789339726
-0.228213850035672
-0.300405694754786
-0.163360458215056
-0.190837791357658
-0.189652049898197
-0.253143712857728
-0.285518242725237
-0.252692253241904
-0.265810968583115
-0.178437693947476
-0.290610854534577
-0.153264436650333
-0.232754439876002
-0.272827423379105
-0.262906860305358
-0.246832899092703
-0.0381566686127559
-0.310695559205448
-0.253380165448279
-0.0228638179515326
-0.153591387344902
-0.338933719050738
-0.0827882822942902
-0.165578397111909
-0.296827690134236
-0.264767232784002
-0.0081954241866961
-0.317384703696214
-0.213284016706809
-0.100832591173215
-0.192484265907538
-0.101091970445598
-0.175866215238906
-0.176515044073931
-0.102930981115002
-0.128920719539464
0.120302733622932
-0.0417512244037773
-0.0902120008690185
-0.184267083279411
-0.15747978957827
-0.154756017362523
-0.152381321449339
-0.109097845794579
-0.120945807432118
-0.203332388650981
-0.00486882145887912
-0.0576575837892303
-0.0526690635404992
-0.174861127011266
-0.238390371008333
-0.157082254258703
-0.0998113540029309
-0.0806740534648882
-0.126847446478727
-0.113008215445468
0.0522756703792379
-0.0429173410679124
-0.133001687798762
-0.121101265678148
-0.103775459137434
-0.191413330836339
-0.253504781382998
-0.21508434874519
-0.192625190624375
-0.216924325428716
-0.175509692890547
-0.27840041686835
-0.19279306623269
-0.131365218914415
0.0753557765277907
-0.0708055620063831
-0.0370577781694695
-0.12060303505597
-0.03525782850319
-0.141655237009081
0.0144048354409733
-0.120235056030344
-0.126865185405927
-0.165235695723786
-0.0833663019942259
-0.0324122166685582
-0.0823155878377794
-0.0544208205532901
-0.170509886295311
-0.174402967347108
-0.127361035298027
-0.0201003145367542
-0.0320205377016912
0.0284056088949516
-0.0957177407921521
-0.132625906770022
0.0077420077522899
-0.00967426103184378
-0.32036049764115
-0.122461271608447
-0.257094451798082
0.0161745791175893
-0.0580233163258756
-0.0489916643800812
-0.0102849857036187
-0.0997471693650056
0.0694259983863325
0.0369610465973258
-0.0275263727464615
0.00226790558544938
-0.164318972910441
-0.0506675047097276
-0.0770957549443759
-0.186141894332123
-0.00581154497982969
0.0954381693633653
-0.025472813409329
-0.140979312103711
0.0544317860055588
-0.136532276673625
-0.184619605859698
0.0244077769094563
-0.00213091815115748
0.0134928755223617
-0.0513582379742095
-0.013894913478813
0.024197405192681
-0.0254168921419476
-0.0691137165398162
0.233269682495369
-0.154036675247621
-0.0520127980861073
-0.0519722692190152
0.0398524170180071
0.0449029197026244
-0.0690184413713031
0.0100069074889921
-0.12674019210098
-0.025256428035042
-0.0271396554041848
0.0676249809436831
-0.0220646212123734
-0.0112443600205643
0.186437055751027
-0.0798264506812835
-0.0364775837795981
0.016343647084678
-0.0840022478369286
0.00368643175210462
-0.0537099847234318
0.198153306938334
0.0834949286955662
0.0784613623497078
0.191647786944157
0.0457291899614868
0.0278088433105349
0.133566920866848
0.129403405468265
0.105677375259917
0.210864352974443
0.0998096485778689
0.0644293779857233
0.183675692497322
0.103400459960412
-0.0569159039156999
0.114421973287107
0.0814827484390472
0.0413121617378663
0.0177206182326517
0.126326084302758
0.0807581844611148
0.134229724879836
-0.000657588504479282
0.0682667479969988
-0.00935333855497005
0.184550576727115
0.123271934037273
0.113932980460285
0.206947433710863
0.0333445634565333
0.132398848331209
0.162708279836416
0.124928934278681
0.204879845188806
-0.0125451799546801
-0.00282368013358738
0.0587311400977069
0.0660915689999564
0.344079496920004
0.243875302052411
0.219045580959897
0.0209126334571891
0.193974602987813
0.0164679630305941
0.152202041099387
0.274269046547974
-0.0146553717252625
0.0146062291257992
0.125191457834392
0.184889525819385
0.146657636076864
0.13891091158536
0.184666761439244
0.25624100469273
0.190279670198964
0.217176956216723
0.0709495153926534
0.200759867869439
0.107273844136046
-0.0296606171778014
0.121620934336442
0.0884962653276085
0.174670465931591
0.275799792444685
0.217736988387097
0.19600270368868
0.277091607527357
0.193228902855591
0.170337107735342
0.214006145575663
0.234683712523281
0.201419914471878
0.137189422676649
0.0994077593289175
0.216821485606195
0.230420371721047
0.208206100478674
0.360830151368031
0.239836529489502
0.0210015232992218
0.222364282674656
0.23186667856414
0.353056411855603
0.158771880903482
0.239042637168203
0.277082108763714
0.14825295857479
0.378851179385606
0.295866824358105
0.217894646209571
0.2426394111103
0.134019148002887
0.299173562566953
0.442022839078559
0.36041539813785
0.16481100322935
0.273534271435929
0.230398870049251
0.306873579206385
0.263956346478694
0.364152633601535
0.177085860600794
0.332626195228805
0.351378376437822
0.180366389497645
0.184189821897726
0.256588359702506
0.338933934724771
0.245181863224998
0.409072487575951
0.288920682660532
0.441538230650148
0.260468304663549
0.272576341515757
0.297146547135449
0.271110706403765
0.210178834161836
0.230332488871962
0.213924793022896
0.379802030812452
0.397027152972228
0.361878571742911
0.227802248341709
0.443602309512546
0.526329980209714
0.412928383939613
0.365823121237821
0.344571839625631
0.0902024919304141
0.341283404044977
0.37858115594414
0.183478804634196
0.455622462234006
0.327991450191571
0.35873785831194
0.372891534947156
0.313368786156145
0.423171485386537
0.297283346779473
0.352291499169089
0.290456149402269
0.30237222393451
0.408237233419286
0.322954945260009
0.375111154317626
0.360582671738176
0.269284255841213
0.434201656542963
0.357786135793506
0.278938642339023
0.326566754828567
0.350580015959933
0.373048690026747
0.452539147591472
0.327885287045314
0.369656391749206
0.376926463344892
0.490171560026271
0.413894707245572
0.406514922271672
0.370270735115876
0.437959652823147
0.358138810028284
0.394340591168854
0.488338002028284
0.279599203693171
0.478760607944629
0.384821929264457
0.384291601408115
0.384515302560778
0.368873580889513
0.463822721063642
0.444836366217287
0.506527070363091
0.32881057093805
0.266955639152407
0.370672649080681
0.604002188665974
0.37214110943672
0.559476512699974
0.349331174069357
0.298793355172582
0.349561834112468
0.433027626396886
0.432608726151853
0.394111621863831
0.373652516072917
0.459145951159402
0.462397190208977
0.643280633713476
0.474337709835597
0.507758798243051
0.479150696529195
0.396595107512967
0.528762887539644
0.440293112954443
0.365823702906586
0.539007835819481
0.611502232767796
0.274786682917667
0.507323722961829
0.43971103647207
0.597290755444578
0.319963455221581
0.4301743581634
0.541030997518541
0.441676923164443
0.481930179207317
0.521980641493351
0.381390872619438
0.544276918975449
0.541332492102797
0.542855340171806
0.260494604202011
0.43679655771711
0.405431660155264
0.33914553884495
0.575876698496823
0.425814919213255
0.47741317201959
0.554438005746071
0.410159311368788
0.346163524436548
0.577343914296701
0.453770711406031
0.41546974946944
0.543994979107085
0.482379379368454
0.478799754043702
0.341744288314099
0.472417724360544
0.582555960695537
0.480398046138408
0.53423137333858
0.514058618464522
0.455673602287814
0.467191366027183
0.53745959902551
0.434442462170749
0.535754494129671
0.562282607645595
0.56793333105414
0.493912305471339
0.48897541582625
0.492504999016795
0.419816509367103
0.527196732753825
0.555588017839745
0.655503510237456
0.666219110565253
0.589097117183059
0.352791046137901
0.572549116571281
0.490312163672437
0.610970197371951
0.492829227878076
0.460584609173823
0.58933593880048
0.587058140578936
0.425932725540629
0.552267899074399
0.502045598632276
0.63237508932294
0.53931627196773
0.472168782382017
0.718743521128096
0.632541673582039
0.60502498780292
0.577140286052524
0.638883258288652
0.537432884815766
0.587758140243867
0.449143157341372
0.658930983797756
0.56068014524111
0.561923710551408
0.644510649738143
0.788226153071025
0.620227259257957
0.719653727191479
0.568017411959897
0.565790999490535
0.6824354916665
0.673058042896299
0.77094023472249
0.715207006255797
0.587489791549702
0.62810360266941
0.723806665142774
0.504325465809239
0.650307594730559
0.535873079615912
0.615288699360974
0.526392440945951
0.534916030978124
0.636117407374332
0.502190651905322
0.634178668123892
0.78886806988583
0.559813876526306
0.725093115521973
0.751297430132897
0.664826499492759
0.680827204764432
0.623867734752078
0.60139723087931
0.666076012314316
0.79811923430209
0.649818443558298
0.552780869559057
0.704354828893042
0.572163496318425
0.503114792318576
0.624884225850698
0.62396548914387
0.752855686229494
0.691791662087531
0.626041931316002
0.552231659495365
0.616740241803082
0.724520698090854
0.661844727718435
0.740455886698678
0.67670857055417
0.746879943444242
0.857362456543762
0.837442448896911
0.56796966424219
0.796331568721853
0.713310712653814
0.798005988305737
0.666660813476302
0.718920913026228
0.798814087111491
0.725042414194993
0.739885953517282
0.759320047779594
0.687980960283865
0.731339731313983
0.771189321383697
0.682930527596334
0.696425196244747
0.734459134052296
0.655197186774098
0.720142708001489
0.743560299109224
0.687578089859618
0.687579226435432
0.660626186187323
0.84190116478916
0.705151221230458
0.670450222905893
0.727242217793847
0.618913635962353
0.665857778332777
0.754010717719428
0.730211697303724
0.768474550267873
0.619653000381278
0.656282035068413
0.645734125168275
0.769452048170662
0.713902204345725
0.858788274811708
0.796560668299074
0.754391447613946
0.874898219339219
0.687976504889591
0.75215163589325
0.78771047975957
0.791419078915124
0.779410977546106
0.887738083694342
0.765429463182639
0.816049550559957
0.762167845047251
0.818781764978054
0.982370064204532
0.905049295180413
0.859320293597375
0.834084269971676
0.913857134682313
0.753093337181934
0.800869412462742
0.811695741157361
0.830171511026874
0.940341439718681
0.791962573426867
0.799783865816113
0.834588467545188
0.995892581978173
0.633504574508162
0.818982067965905
0.779548991061875
0.879031761482946
0.833009466525757
0.818269733604251
0.799256408080006
0.939465728060933
0.636214685919709
0.928041993849534
0.859122466710399
0.64049331821871
0.912955066953782
0.919380900291952
0.948573375927568
0.873189147282156
0.954948388444489
0.758419454910711
0.804167235759973
0.889503304278892
0.998933102878858
0.910259255181001
0.857259792998087
0.997913180888375
0.837596642287077
0.779461007090219
0.954810629066969
0.962309560957954
0.824736880020446
0.826290228589085
0.909108469031852
0.953665747783496
0.938417279520354
1.01435549814203
1.00061620058004
1.02200253719487
0.913260041159528
0.826781226828554
0.928826617526987
0.967131910971326
1.05352779380285
0.935440102144405
0.931233083283216
0.997260198495493
0.92893689972431
1.01182179345058
1.09364146999356
0.926521186389795
0.894836383443375
0.846233349261054
1.01004615465069
0.953661493197516
0.917957154471777
0.896210353402311
1.08364757018039
0.957910853527908
0.941286229478589
0.92532464864165
0.933152377997907
0.869757987606283
0.936748657060787
1.04937889247896
1.03438680594216
0.853566766206072
1.07240934638993
1.00559321366955
0.83401680073985
0.926310438369943
0.92466843903403
1.11060341632418
0.97845650873033
1.07668430307184
1.03172957640952
0.902888870877274
0.804601554490691
1.00852259281986
1.11293227250021
1.11059056769598
1.088787101964
0.930428921898772
1.09676312083007
1.02592920449283
0.992354625073473
