"x"
-1.17979335752437
-1.09111797923969
-1.12855931261962
-0.903331452395371
-0.921824799290266
-0.952288749071283
-1.02315723522499
-0.90767023685564
-1.14656986765101
-1.01942393983803
-0.996643821888183
-0.995684824483498
-0.904498558500675
-0.863595460240919
-0.922668990984492
-0.987425000549441
-1.00432235467437
-0.982754633148762
-0.963933417045781
-0.898777071781891
-0.940998793901265
-0.951938934384611
-0.857149161915171
-0.885614557170717
-0.976856831633576
-0.821656749436805
-0.939371907233288
-0.903780258839239
-0.937054335171412
-0.959381400081431
-0.974207636731831
-1.03253895766824
-0.884729271860746
-0.909566211197279
-1.03073482120307
-0.960863509847243
-0.920636220194502
-0.902362330476273
-0.819900688961454
-0.818053749038446
-0.88780485033846
-0.806724439750205
-0.802435545742087
-0.814075183675042
-1.01187470687972
-0.894545743974216
-0.904829824783929
-0.946247694473153
-0.893395873026686
-0.867984019078248
-0.806141557866629
-0.998386521658409
-0.868228823418333
-0.868676015121148
-0.899954594577552
-1.05886292670432
-0.903885501506921
-0.908535930207943
-0.980053335635199
-0.91944404219554
-0.691837165693206
-0.93531904867888
-0.909786034557267
-0.774828466533539
-0.797362678980082
-0.70372040298421
-0.888547587920414
-0.847757277258894
-0.804042564138403
-0.822695310139439
-0.854504767037729
-0.842894239531967
-1.06390478717513
-0.967463091677083
-0.960568876851001
-0.904669140258781
-0.830317404092891
-0.726879167104506
-0.760589556028181
-0.829055004159918
-0.845780374993997
-0.844779987296447
-0.862093528734069
-0.852175825952977
-0.809325782065544
-0.723837717390491
-0.804762184926584
-0.883201023797421
-0.869497575808408
-0.776145108729967
-0.723902119251624
-0.72680474922999
-0.758709079404443
-0.639186051793324
-0.815081863445209
-0.909610511322551
-0.853613853340728
-0.71333934066332
-0.780239690634033
-0.723576897660234
-0.888260402561027
-0.793579762962724
-0.835543979470991
-0.871038158451331
-0.81183240004996
-0.883607398105921
-0.799056236834185
-0.789909843332523
-0.815473088704592
-0.791531052461195
-0.815224537883509
-0.805638137060478
-0.776195526106975
-0.604145344547837
-0.792912737192968
-0.866533303164688
-0.648026686295664
-0.708109621200841
-0.626858675067113
-0.660137055860267
-0.662996301034075
-0.78409399297194
-0.703803755926266
-0.800616480295555
-0.706963155354496
-0.681086278019498
-0.717578331155118
-0.590730813720014
-0.678306909831674
-0.780383220919951
-0.668502753688088
-0.895884190731967
-0.602235035511477
-0.621657601730734
-0.726476076816236
-0.781126815426574
-0.735077300024897
-0.744432786545149
-0.659133324288968
-0.763738979547671
-0.673000115291317
-0.785633200991138
-0.782233223003258
-0.860478968530739
-0.630955880242385
-0.756383524061434
-0.62544815303063
-0.781716645667818
-0.755167338077695
-0.756356017201546
-0.557352734036244
-0.651986239562538
-0.784533959814388
-0.611027993682801
-0.775201264057951
-0.731185815534867
-0.59616510078448
-0.721141077750747
-0.76648385267963
-0.750558574754436
-0.697038784511214
-0.797064416389022
-0.588437452287014
-0.596532386723938
-0.685540493918133
-0.588612586392122
-0.552110437126633
-0.708394088307282
-0.55735267338649
-0.763735496034729
-0.721140424013276
-0.664468588441092
-0.721806151007007
-0.563792064701793
-0.71793571889456
-0.647274108647726
-0.691010930772649
-0.608523179236416
-0.679623305880115
-0.66203745847808
-0.676826676992181
-0.604237404134522
-0.609852543623045
-0.559827597536766
-0.682242148163615
-0.631844326677048
-0.620100221808385
-0.657534694636222
-0.659875045308937
-0.838614693655257
-0.518651660743607
-0.673272494612465
-0.646508506544131
-0.63943626330119
-0.635653030159215
-0.66433237733577
-0.553169250564874
-0.719064245624675
-0.564968913890344
-0.560036360631664
-0.593245801281213
-0.69242894822731
-0.648074272368803
-0.655157863311627
-0.628124631701371
-0.678465218755944
-0.438059675960331
-0.496849345851361
-0.780817577885823
-0.661145454120634
-0.560889979877421
-0.474915159104918
-0.539596524869563
-0.519570695446987
-0.684723386302957
-0.416679150394708
-0.408928614619732
-0.708668938942303
-0.609954674691702
-0.551398576357239
-0.5309339219306
-0.534334094445938
-0.646489287033782
-0.411796274023502
-0.470971228498557
-0.634752922035918
-0.66940224252481
-0.47743154762285
-0.395184012351559
-0.441229068907668
-0.611392114533871
-0.555329390087411
-0.367395330289771
-0.582355562568609
-0.496255632478216
-0.561364553647839
-0.587116693340721
-0.427271612395835
-0.562648289336248
-0.5259338395185
-0.551992255111762
-0.397166171752949
-0.564400414061057
-0.482666414496002
-0.382289971923263
-0.535859507641083
-0.568031685355552
-0.576356375714391
-0.431253826102094
-0.485508245460956
-0.579058557670934
-0.545922739362615
-0.521845688048533
-0.527417278823947
-0.667338270216079
-0.480850181945409
-0.419695775765788
-0.360074978793437
-0.473397141066831
-0.548085402426994
-0.469108375291409
-0.429257014360417
-0.541727578119326
-0.402777256589643
-0.501558254119612
-0.426108276159169
-0.465810840564072
-0.495426137488696
-0.359622442502569
-0.358705168906886
-0.469928062087929
-0.528355548784759
-0.463816316682062
-0.303105554011702
-0.463150334095887
-0.400306230428488
-0.369177977559454
-0.502877206513647
-0.552849796692224
-0.439111333014761
-0.324803436447415
-0.402821357993675
-0.533167105222162
-0.420916220957285
-0.383802125951663
-0.366771358703261
-0.471069513060468
-0.468937659723283
-0.306394359369539
-0.344293616344365
-0.415608267920079
-0.55968166494559
-0.37562698811017
-0.392176240421051
-0.422298285755945
-0.310412854608166
-0.544382873451059
-0.372667011352488
-0.471815427628871
-0.481847450704108
-0.353114717752589
-0.407312591888587
-0.357197309978683
-0.397304508603725
-0.210055296020648
-0.237557805678583
-0.364381203856334
-0.442139387927201
-0.305111132851869
-0.483171094146212
-0.314938445731963
-0.585476018719614
-0.476520615693815
-0.258814531952744
-0.38533972191983
-0.281297406364188
-0.401901962526729
-0.529569165352465
-0.267366114396096
-0.284606171261009
-0.298162414897481
-0.344176952319084
-0.232948888663636
-0.211593748217853
-0.335780821461379
-0.336301308560597
-0.364094763294388
-0.289850999157854
-0.482221217107916
-0.341341799298456
-0.352559250463085
-0.322324661533356
-0.137993001756116
-0.403075446526568
-0.447259514245872
-0.435656583863723
-0.332646037338358
-0.395205412601313
-0.280241794374041
-0.409800504056689
-0.295588474827623
-0.41462208368725
-0.321399167414268
-0.241583675200698
-0.347073144318294
-0.262979524114743
-0.421027398621568
-0.30451481121323
-0.240847443429848
-0.294199013691996
-0.482360121376916
-0.349713168060754
-0.264244344540681
-0.204021005522774
-0.293123504691171
-0.349084442456669
-0.274843606564918
-0.353331933832081
-0.174672112748203
-0.312566319860361
-0.238784473110155
-0.416980195542462
-0.344367166357328
-0.351804619087222
-0.270294125203829
-0.380638992350105
-0.292702969794806
-0.252706329904153
-0.135537246505142
-0.120974080043534
-0.157928507228149
-0.307698728754044
-0.316031875729484
-0.225231965494612
-0.312524454235975
-0.164733424498248
-0.283856040571047
-0.0446670937076106
-0.282743505671862
-0.472241121397102
-0.332182580659044
-0.218139620485853
-0.185470179327624
-0.383529986615706
-0.372695762623588
-0.255980356572416
-0.162648922033186
-0.150191629483881
-0.223507064382315
-0.180130488966183
-0.28972720979048
-0.13017535364589
-0.147370840903729
-0.366497098291011
-0.172887887054591
-0.308976297539102
-0.188881719448988
-0.160976524321343
-0.195139481493884
-0.214504864291197
-0.108171499761797
-0.193038370663677
-0.323134468129127
-0.221122902461313
-0.0778355956704882
-0.328663452294528
-0.177737976529997
-0.170978558918173
-0.0199929073693275
-0.191411241370697
-0.159815457044943
-0.0982799631535379
-0.229423146547271
-0.210531577018056
-0.161944264023154
-0.35001703397299
-0.0949342911683396
-0.324046926330371
-0.142114208120889
-0.110079288556587
-0.238901426962841
-0.152523967671224
-0.217503385847481
-0.273289960159393
-0.251095054610162
-0.0905446203930922
-0.115070000236735
-0.0353578448598453
-0.163099188413253
-0.036515869921411
-0.239815890439039
-0.280391451075804
-0.23915374594366
-0.198055251118275
-0.237859950258104
-0.0790090360245109
-0.177300836552394
-0.0233530262686435
-0.110156098651645
0.0501803617999111
-0.0103052640246425
-0.121608593069376
0.0168150936987618
-0.173416042429035
-0.186095981892263
-0.120116481430404
-0.112798215816948
0.00143146629851246
-0.177492594610816
-0.0862302030176591
-0.132461611419198
-0.00621389714784276
-0.193045657280484
-0.188829056669677
-0.152992218113263
-0.0636530894907736
-0.0787056699704803
-0.00875344878502213
-0.186633315371918
-0.207836377178462
-0.122515676525267
-0.0326326391800471
-0.18420254154977
-0.181879353437927
-0.165075658803252
0.0463529342846137
-0.0856324467420372
-0.0379970500768574
-0.146713419691899
-0.14705915218315
-0.164990785196001
-0.128180659620505
-0.233097212810878
-0.112503848830462
-0.0902541747670434
-0.130234143665143
0.0890642909500737
0.0293214094255236
-0.148158295543169
-0.0961822412641087
-0.126501110247103
-0.00825959934204379
-0.113229963498184
-0.19405175107778
0.0815663836042662
0.109563676292902
0.0680040299469065
0.0417842234267967
-0.18437457545787
-0.0548333195113774
-0.0420651877272407
-0.0234632822764162
-0.0145682539536641
0.0423342910103937
0.0393605726320845
-0.144631307692744
-0.167589396989768
0.116558854014417
-0.0690926087103552
-0.0047222615309037
0.0452157879523132
-0.0994571706475386
0.0572034502782519
0.0479755613204378
0.0226907515420314
0.0341802023061799
-0.106839211477722
-0.194546760620525
0.108384475874602
-0.118011241947866
-0.0317277080766333
-0.0141927346605805
0.053378019234494
-0.107395299455401
0.0399404330140708
0.180226080100453
-0.0358079668490767
0.0615091629651065
0.120129576890846
0.090169648863531
-0.0246614565148312
0.126119859103361
0.006841182368205
0.0512469644752602
-0.0244554177248317
0.200915735051704
0.147193538619477
0.135067365251091
0.049100134825811
0.100707482696644
0.0976329530447383
0.0515785563128837
0.0298195465034444
0.113638659718668
0.0560625872728059
0.136762624479585
0.0242764526182724
0.0449937517238604
0.102806077038443
-0.0175796679130696
-0.0121733721774265
0.158142191248134
0.0833812729123499
0.0129992128118234
-0.0324089285938584
-0.0122910030727256
0.19851976845554
-0.0217103630045091
0.142916696923908
0.0162452218744665
0.0404313396922532
0.0910795533807943
0.0190950815056555
0.156646335904461
0.111136936648042
0.220443887278242
0.047224128927086
0.18501330039475
0.0289019996382737
0.139102049663386
0.0386855297077108
-0.106828860377845
0.124405611951552
0.0737059976974814
0.198987575043893
0.261426830134079
0.231238097987209
0.00739685548394842
0.131801700525309
0.245643861878935
0.152502911666748
0.0997165550022908
0.124555081366908
0.106615127205585
0.137873333401404
0.137939598711169
0.0443447738571623
0.127411291573031
0.187928129553607
0.085181423768758
0.310150044094715
0.0322911746075857
0.21241094646176
0.20748301505455
0.152269095284085
0.11081696022474
0.223981567167686
0.120529584161628
0.160622526468909
0.312750368735678
0.310461921072602
0.276196455255134
0.115298823218133
0.089329274085849
0.12814952918098
0.184395306351417
0.127940782409847
0.199191685292301
0.13358583609326
0.30255570673954
0.101108617193326
0.0583897726970994
0.216327012767385
0.152609540712067
0.369909728215961
0.325992978464368
0.188467999130656
0.347847388694712
0.214450646300449
0.208429528074227
0.257942930154162
0.23566696164974
0.211485387405657
0.137696650732713
0.274167846225796
0.3130026942225
0.282190174076558
0.225744332962138
0.374593195212236
0.240020935392114
0.345249171138936
0.201137402588324
0.145728987813862
0.227069054859054
0.277348176024377
0.272950007596531
0.147201370730329
0.356195319102547
0.239162350363659
0.300046939610284
0.285259220072146
0.125298264948136
0.0793277342973117
0.180726097541531
0.420907380601413
0.265326274247635
0.263200338808392
0.311788215567486
0.342095614195295
0.228919920176481
0.0992390373482668
0.36233449465796
0.304791765543404
0.228318667235746
0.352357997184112
0.0585611526774806
0.337458140375106
0.216575174301479
0.227164452982813
0.292170113511573
0.26489103252056
0.249205162344837
0.395117398478484
0.325672297084197
0.395571211814756
0.367991721292493
0.424571624143149
0.237377382279278
0.402592407041753
0.271458181663555
0.344062403539694
0.198675212134116
0.376391175421707
0.225092916648552
0.523951477667537
0.463759056740945
0.295171528748217
0.328029113090372
0.376823146358201
0.374274948981687
0.252555761001234
0.266314577195012
0.305262984274868
0.345088325929176
0.396143233085415
0.395042428344623
0.267446333842809
0.476111984315954
0.444745702751358
0.407723247593351
0.489162339193388
0.489300330678378
0.332398179081648
0.401618018229322
0.544787997478612
0.174106307028586
0.350613956992075
0.418013121516478
0.274250032303281
0.287577977685449
0.24913010786747
0.548284090897534
0.397584557529321
0.315914333295405
0.497724813401495
0.397271074672811
0.38306893632158
0.385347528049241
0.424787110014231
0.34812723590245
0.506721702301755
0.417335340777286
0.445223031717041
0.38349001061869
0.450488579092837
0.350754759934016
0.371687746163318
0.438697979624356
0.385538861520349
0.397336183778921
0.434956865032606
0.288788777731754
0.397509455304205
0.419986595135413
0.477263980479219
0.387193496737907
0.450319426295336
0.362825752292563
0.44520859736561
0.440786929535387
0.280914505422323
0.397211418711634
0.559373974667701
0.487084025783609
0.551231686312983
0.60555092835526
0.42685787040266
0.46098090221525
0.343124858425649
0.54198544919893
0.481560411762313
0.362981120805373
0.575624194683852
0.501281618596792
0.473643356887226
0.588575844982814
0.451541110835904
0.523182950620267
0.549393320051234
0.585378380607213
0.453977324773679
0.566728515699696
0.410983587446691
0.558843845565842
0.406049916907208
0.377684003776646
0.439019790806388
0.737421487213237
0.530201859016706
0.505800897201269
0.429583339185173
0.487056644815342
0.568248739294049
0.544626504894925
0.403981198953895
0.581506617442682
0.663086369116982
0.460615103603555
0.453731887313277
0.451766441907808
0.391993865167252
0.523676390321529
0.560897591801191
0.467503879625308
0.529293868858073
0.518562300252496
0.457830391285767
0.428543754975678
0.53013063936027
0.543301153115766
0.593447603236832
0.640909389597008
0.62896174003733
0.370708253739674
0.526639487235191
0.58056233752524
0.591908482680978
0.587202137860719
0.431507805234435
0.558440480771959
0.623618201249067
0.607219134395239
0.567486826753376
0.651430169911324
0.562640239150543
0.529066454071922
0.639371656668486
0.573795619893735
0.666588791309842
0.551551004612166
0.579481170645742
0.391517131579927
0.465774670489138
0.59531384698619
0.553222520429413
0.617030576460674
0.536278814175322
0.568357989215793
0.54435587828795
0.583946406378648
0.617909895005927
0.572322458616031
0.447770033356843
0.84039153085701
0.668019539081648
0.585904828994679
0.610473509733482
0.712128771077265
0.511391710041455
0.688721756755444
0.603934232525777
0.587037739475147
0.592265369084511
0.619531837309562
0.604154707099618
0.642220773694129
0.736874649620127
0.558561292362402
0.749388074396434
0.551738622004298
0.603011696238972
0.710191433458407
0.597983853231604
0.57499323922103
0.782342578558498
0.737477315567223
0.613685596176362
0.658184290155946
0.663275751779946
0.705123332408456
0.721281669045956
0.643432567171696
0.756300261072719
0.772782378097358
0.750685606704306
0.59293759605677
0.599267215962807
0.720324637579739
0.76409094153352
0.745266549359733
0.666909574709662
0.533874647479498
0.629893755867955
0.758893940609787
0.614088867663551
0.721659266067744
0.715594475330792
0.839455503172789
0.645412027319393
0.624908957335773
0.570431712143741
0.771165052750087
0.748916706943853
0.607777651854204
0.666471486544054
0.671664328073144
0.693216229175613
0.692835554999431
0.686603362427042
0.72080914851851
0.60109571908009
0.88108414862918
0.631150127805069
0.535532697481881
0.782269234448257
0.749648748820071
0.758406785975035
0.681627328014374
0.846061200169105
0.684916794724803
0.750394288583394
0.706530084879958
0.726676367586757
0.726047467433197
0.833932426607395
0.874163279466283
0.896109535583144
0.732174179623579
0.671566091516112
0.550874227654013
0.714882462198738
0.723903904758599
0.831540803184008
0.739747648017266
0.693401435078052
0.883991086275951
0.69807371127274
0.857831484496978
0.746783370137945
0.673242985649014
0.853063464670263
0.726319812845303
0.961413675403502
0.762338020733329
0.667861837665159
0.82634089626014
0.831424924368612
0.694140190495582
0.769703772464288
0.745063864463834
0.846039675392653
0.762731013705591
0.804116734182219
0.657904894110836
0.648355524098076
0.863666522675639
0.822867183837025
0.817796401922659
0.863816308727713
0.851776770443424
0.932400861774
0.835471584355226
0.805434845552372
0.912059592347249
0.967016787677896
0.765980128525279
0.882366979957249
0.670675805904022
0.738944728691368
0.831616397118635
1.03116724211303
0.75938981728425
0.884837922619698
0.83065044803623
0.68979075550613
0.855074724903508
0.912915082550706
0.782356529522429
0.77787547887771
0.887050834796975
0.887239844091869
1.02535574598491
0.880151389462027
0.91087246981059
0.90293917022868
1.00355185998854
0.817585081087027
0.851343099234479
0.951306225138396
0.774978379583658
0.965655054648138
0.938737949083845
0.709477977514601
0.879899633083004
1.04110295468141
0.903246565456588
0.754759975839598
0.947717390425031
0.799257780873663
0.92354830263526
0.884572780500576
0.74554667755775
0.851189089122369
1.07427732930806
0.847475687657859
0.81621356669212
0.9941318224513
0.948721815236259
0.886819510506408
0.963354336391152
0.878478339517715
0.89335542854931
0.923005206022745
1.03167093203421
1.03368516027477
0.854508749692354
0.923114840296707
1.07358019825193
1.079247328418
1.0238589417088
0.985397364244401
0.932397688134177
0.822804481988492
1.03754354831349
0.989984777403343
0.892163556617913
0.811633300180842
1.0088336589093
1.00246203063511
0.77526666639722
0.776655198669315
0.814134453323081
0.974969635193402
0.844094593195462
0.962700413087368
0.83251247308385
0.976428314275801
1.02460346933476
1.07412652789648
0.999938113076013
1.01165937088204
0.992163133882569
0.981524736586575
1.01451428759933
1.05301148152557
0.989739254722162
1.07381029505186
1.26551356189744
1.14095609859282
1.00270616236802
