"x"
-1.12035899634191
-1.00518740390878
-1.04110097370715
-1.00909394142883
-0.94827540991151
-1.0206660949233
-0.908298881585804
-0.967420695529865
-1.08687050952412
-1.08579415657889
-1.01532814099562
-0.972611106038678
-0.919050816185843
-1.0559914874633
-0.883710970967728
-0.984078814612552
-0.910177945618596
-0.999627429506907
-1.02943778328567
-0.902099231149017
-1.10317790187791
-1.01989586949063
-0.905192661784214
-0.841126388995992
-1.03882340739069
-0.901557895871316
-0.904705034849362
-1.02296753671425
-0.966721984356139
-0.95052949328967
-1.05580587344178
-0.880534639946559
-0.909233635104608
-0.802363819920807
-0.850504705640769
-0.881649376719699
-0.798788761924226
-0.915565756384275
-0.886692723550397
-0.951827452243179
-0.89461861055207
-1.07041360692372
-1.06282058526997
-0.97397301707474
-0.855653304945078
-0.938079171708442
-1.00802526395671
-0.847688244299226
-0.764012529961169
-0.888110713771002
-0.89673426360513
-0.87564960081788
-0.846496072085533
-0.85669262783069
-0.857889137202939
-0.846119351139672
-0.913285499038836
-0.829300422523498
-0.981845544938989
-0.962267832928749
-0.845099305640238
-0.884581466732995
-0.884458567118216
-0.862692441488422
-0.877069488457458
-0.937274957945821
-0.91958943896537
-0.820614123840174
-0.912185929459194
-1.057237425824
-0.941041016486579
-0.898309259172033
-0.971249253866807
-0.825370930239572
-0.829732209367615
-0.876258609230481
-0.885039419262915
-0.905562392248609
-0.902170435158148
-0.658487422406277
-0.886801544012069
-0.816303143497657
-0.821507062873526
-0.852907156232447
-0.92818832773399
-0.828312511723193
-0.781077084256795
-0.852398999257584
-0.762571503323093
-0.914958826407257
-0.817213587569183
-0.741642669449723
-0.853001765757364
-0.837927055990675
-0.762820774433236
-0.862575198815346
-0.832251687198766
-0.715616032903276
-0.762521724235718
-0.715488648850502
-0.835693355865323
-0.725720344947681
-0.756346945931117
-0.696911613390378
-0.711737120933458
-0.894737279066228
-0.638691601887228
-0.71025670231575
-0.748217757714827
-0.812232460537181
-0.812773108058954
-0.875420244276739
-0.767950694069177
-0.809724539037912
-0.856467207244383
-0.831642663344618
-0.868525917942768
-0.578605142960784
-0.775189170218482
-0.745337277090811
-0.772421577117955
-0.867100136471723
-0.83144390039464
-0.600502251890543
-0.4829200690974
-0.664949724350713
-0.705527114101138
-0.750123631421678
-0.775969341228836
-0.811291558757793
-0.763401629816202
-0.723469383361632
-0.730750203168572
-0.714243662643095
-0.654527561205855
-0.794019315438537
-0.782963147827145
-0.831547463028206
-0.567947459806317
-0.688691463575333
-0.651839452003755
-0.723464511302952
-0.691057530526003
-0.675697761393608
-0.632396306970701
-0.761895822459612
-0.813358064962367
-0.77453492329054
-0.646758445296838
-0.589328972735268
-0.575089292762043
-0.652317054866468
-0.658915036341962
-0.585667707344356
-0.729953117372719
-0.70204137212851
-0.825055336860248
-0.781803853172823
-0.5742958914555
-0.673929307755358
-0.683795220810027
-0.692202579440131
-0.796890144502052
-0.794503166328126
-0.699108252488561
-0.807625420354949
-0.612477834078918
-0.551412066070392
-0.680721583149386
-0.532385490336815
-0.633389813380701
-0.64850315931742
-0.653677199960466
-0.607105994436008
-0.620916693210357
-0.680227097041729
-0.514012945481173
-0.585719318431526
-0.548002830256186
-0.735586458610078
-0.691104372284442
-0.684962064972776
-0.638614595893268
-0.592762375692277
-0.57563861700202
-0.625988879125052
-0.661468106136324
-0.678982659898876
-0.56024509771684
-0.710713281356267
-0.604344964735137
-0.601970056365478
-0.621890042414418
-0.456511309231884
-0.596246870243625
-0.626618420974716
-0.613852513084771
-0.631624887378905
-0.680595016668196
-0.538026945142051
-0.573243933818897
-0.59807818095998
-0.637617621231416
-0.616199689999025
-0.474524787958769
-0.634386602998044
-0.559573100304554
-0.581070708101525
-0.432349054138157
-0.545161030947555
-0.608049905379634
-0.512470877499484
-0.454881061866016
-0.497222328598199
-0.569679627365716
-0.505602601163855
-0.363224423124558
-0.569956806076124
-0.570151558104826
-0.492808421498434
-0.586242657793038
-0.551756131245211
-0.707324384830452
-0.551064336884803
-0.56896297588918
-0.433854309180951
-0.463220584889936
-0.666033962908915
-0.459132312652006
-0.551401386833711
-0.562932321317095
-0.622708526207221
-0.436527981337354
-0.567370618213592
-0.538640705485983
-0.527672589259335
-0.360089258926635
-0.445454898219289
-0.522002621980772
-0.527605221040031
-0.500439177949491
-0.543898003372493
-0.675559259766673
-0.545947828085813
-0.442488174021641
-0.694181020786579
-0.293567577031979
-0.584886587869992
-0.494227000460077
-0.537316112338162
-0.409088408775043
-0.656453888029685
-0.341860280936002
-0.70242378731876
-0.613665310420786
-0.463148315882971
-0.494091695318099
-0.533229863900259
-0.478192297765116
-0.49892285236219
-0.422695855627325
-0.511333745801527
-0.473124939872507
-0.295213052084562
-0.523486381085496
-0.625183306468921
-0.438642308538608
-0.399643351502123
-0.502533061429905
-0.47472811390592
-0.317154607146944
-0.367994927110122
-0.552645002454373
-0.583429605132168
-0.335703801978455
-0.359460080849441
-0.367918491476465
-0.407240628399411
-0.593309453687802
-0.497611461480924
-0.561039995660855
-0.308622138676404
-0.564707375743678
-0.393778333972521
-0.362250906902936
-0.320884137798734
-0.316542391293228
-0.621461204025197
-0.369431928250344
-0.515804563114594
-0.674307829704703
-0.339279503595072
-0.549967015236311
-0.454475236416047
-0.438347605493327
-0.410235225727206
-0.406858531405378
-0.45215873020877
-0.411367639712086
-0.307886990354219
-0.333923725351789
-0.542105981477211
-0.423465185059616
-0.493008454615576
-0.51608290353063
-0.387206126143117
-0.350796445196109
-0.305258870133359
-0.441042724300822
-0.318629175651028
-0.448879949674376
-0.41658471546688
-0.34782876355766
-0.414488856955645
-0.30943178682302
-0.46722527138569
-0.214341680602423
-0.253618621660779
-0.320505951927981
-0.466845364133899
-0.334190705721177
-0.448796943062982
-0.414976778928595
-0.347444966437838
-0.475833169753514
-0.320645367301919
-0.244098352633222
-0.323322598661744
-0.400627688646401
-0.321764111526154
-0.361648406734768
-0.317476682590038
-0.293623344498673
-0.125575985275666
-0.415527544809352
-0.30407468500719
-0.321595096703802
-0.394718757367626
-0.547256181212941
-0.350975082667379
-0.437273175048527
-0.172942299320025
-0.310474039736434
-0.346152870700665
-0.214446556165874
-0.130411228462975
-0.333472426435803
-0.169109734585462
-0.386219883702306
-0.286205890751569
-0.277742085706203
-0.412887707047218
-0.0819495536719753
-0.223978401416565
-0.327295453350977
-0.314061255176917
-0.329463673222309
-0.339786965176701
-0.338975497986099
-0.340242862190286
-0.255955667410683
-0.406785857079995
0.0295182149359141
-0.425467371770807
-0.1902309736897
-0.320357463316611
-0.315970317343117
-0.101931402712415
-0.330126821974733
-0.321114657951154
-0.277095521462055
-0.118105852473909
-0.181168353952098
-0.163842565088982
-0.180780972646128
-0.193938192306238
-0.21389423937597
-0.256346023402473
-0.248935388456371
-0.456085985124651
-0.228231042890175
-0.284223601655076
-0.200972746304379
-0.0799314126911356
-0.31915847074919
-0.218839015006559
-0.338274176365818
-0.259999972661085
-0.291540202233165
-0.318803702842377
-0.27352556143208
-0.0788312682748101
-0.0875542905424467
-0.184824545119563
-0.248953986015122
-0.169663478957905
-0.255565929045924
-0.328849292308365
-0.201480155683488
-0.27046331672223
-0.183838271693088
-0.269974994524958
-0.144351148494219
-0.36858950253287
-0.176724879069973
-0.208017602380797
-0.294841836375035
-0.145498061966704
-0.22533832279898
-0.134883077399705
-0.161521621196866
-0.0891253670696699
-0.0296724673897256
-0.175406737919396
-0.137005844277028
-0.0256251409578255
-0.220818824761266
-0.219094368512387
-0.187832880589369
-0.170560139636145
-0.0775060959668864
-0.241806186903134
-0.159285842018059
-0.0929332470104334
-0.249667661994631
-0.203422636489744
-0.0722075001657587
-0.0575527488759749
-0.164389144899167
-0.127703136361331
-0.129799764647089
-0.171701132405668
-0.290285637724176
-0.0956021874249319
-0.0860412499736693
-0.182370001255046
-0.209641769653225
0.00779295993909552
-0.171208976370501
-0.166107530414793
-0.114392325028154
-0.0831451948562085
-0.0425272049041254
0.00113207464249661
-0.137780123192809
-0.168534713234199
0.173072364070512
-0.00094216626369941
-0.0723543956042559
-0.292396064544701
-0.196112269784732
-0.217021304607561
-0.126202242266448
-0.166489048768224
-0.073886542924942
-0.151262209029864
-0.0467251189080041
-0.0951014178199824
-0.135080871744134
-0.109978373142944
-0.0633483054350528
-0.0279742623336583
-0.138943984627175
-0.159693522010881
-0.125572535141512
-0.000682372828123664
-0.0175526274562604
-0.0945995559660202
-0.000138373381898444
-0.0980188108272296
-0.00744253536537211
-0.0545016142859344
-0.146386959557485
0.0564242246144204
-0.0641693542001388
-0.108518592343064
-0.0504826627823245
-0.0206713908295348
0.0440633981524295
-0.127137687286239
0.0629014722052134
0.1502709580213
-0.107189863608198
0.100656456906455
-0.0542965481634169
-0.0108854628471042
-0.0651243865867853
-0.00264012351945255
-0.0518054913029143
-0.145383269827351
-0.00112389187905418
-0.0631866714970813
-0.0519298999512566
-0.0220212041993443
0.100433257891457
0.0804558251059183
-0.0130604603992921
-0.0765661424070096
-0.0464791159175596
-0.0899588130299657
0.0180973286592515
0.0951288130051783
0.000743713943495047
-0.0201221517076997
-0.132538870184973
0.194472507558859
-0.10231141345375
-0.185645261057029
0.0748057281697619
0.00193232563381626
0.0484233901321454
0.100853643082228
0.0518369313295549
-0.00264948545533273
0.0569960211674349
0.058659661062543
0.0923583461532856
0.102607855477039
0.0865714465599601
0.0398879343121694
0.0707772450942226
0.0828173221250856
-0.118083585863004
0.18825141033929
0.0409347314593772
0.0169318235087378
0.145036458123977
0.0986368021798495
0.0440605540875188
0.00748090973873319
0.122565685872464
0.110209768555243
0.1022964923534
0.0858389597500229
0.202800224854338
0.0394815566964071
0.0607292499782309
0.00886692540014726
0.131960241089115
0.153355045102111
0.104108256304581
0.247734053345447
0.10710419491822
0.016861065786925
0.0809161037744613
0.145821808439112
0.0722614803142831
0.0429630453087707
0.0434000743050552
0.0524289074007122
0.126908052767117
-0.0138612810373036
0.0816049896014257
-0.00354269964487481
0.194238691056079
-0.046689411920512
0.170591008578948
0.160682540699701
0.111445586143792
0.262246843453244
0.303675674923186
0.217697135103854
0.142213768324997
0.115343456639536
0.0525088639037165
0.177653716519478
0.0805195799518163
0.0577212252308306
0.187689038025305
0.00609408954505389
0.174123293721903
0.148904539989427
0.0621814632727307
0.129070926298733
0.177573278366288
0.0621556642042653
0.249320080640508
0.249798168042456
0.122233733423845
0.101175301593416
0.112967749267059
0.0888846788943975
0.22298190784328
0.200400735417344
0.162037669863125
0.241666863503133
0.0594963735479846
0.355900780112415
0.244553170509678
0.165199675159691
0.180283963678037
0.100627384576967
0.197115740726853
0.291545256242992
0.0464700296021833
0.242563906812126
0.169756145980879
0.0319662491399676
0.172977591478273
0.104346466008592
0.246380362819275
0.156862681632306
0.283283754241497
0.259076338920605
0.142515457917815
0.398603235736584
0.306119328694943
0.0778766863296361
0.153452617446915
0.119932110112543
0.235293222163767
0.276097972351042
0.235317325509565
0.314756175183992
0.32628569002038
0.275599622229572
0.271298314524644
0.304842193418326
0.277147703837733
0.138410349568503
0.163683520386092
0.240355679316884
0.185159400123109
0.312608042090757
0.269119997952106
0.334168948986297
0.261003990290362
0.273169749481163
0.254998609637664
0.31613020499186
0.291328231898157
0.327695401993935
0.290226574795131
0.305383650216054
0.300596848696607
0.236969810249062
0.316428758186136
0.360883854045967
0.259652904903371
0.204382940737798
0.26631781662067
0.329353795081853
0.364303491290295
0.432157430872522
0.274404684658814
0.252611924889743
0.298040348151972
0.368670784469772
0.308713727179239
0.15091205207758
0.335305973868893
0.18394319781508
0.274996463375686
0.267546721184553
0.251544885518554
0.365758367009354
0.360294237789977
0.441390031858251
0.215174211085233
0.325127111048004
0.261884237133531
0.309719845724535
0.269419417834737
0.264303141227988
0.208512983765122
0.405359938208963
0.405648931231862
0.206760369715502
0.344239037539003
0.227671150146029
0.220796053662189
0.196223052396519
0.282587002802752
0.422176323448607
0.37880759045001
0.360130809500028
0.311869850608707
0.256343325320648
0.477986873220705
0.440409314147981
0.573134932467343
0.506531375576084
0.299357984920251
0.400018914175975
0.465409631734325
0.357457469617951
0.422181855820958
0.524345777624984
0.290505729147311
0.363254873828904
0.467382702163295
0.364448092936032
0.337149783938334
0.483325579941302
0.391772197906813
0.269294402127947
0.252699622035593
0.453870451594998
0.303318510705124
0.293635942333928
0.364342769018453
0.31025030790728
0.442295780379507
0.423141264356155
0.326198175587688
0.397855816794497
0.27419060592907
0.405594879999574
0.32984532818607
0.528084013230558
0.452554941684314
0.521628664364886
0.404684452192477
0.371157102054532
0.294234643569278
0.440629934985452
0.541533686201798
0.382288600873597
0.36823482420997
0.463393208555352
0.482161306762857
0.477386305953546
0.361483434274608
0.485294023282691
0.506325730226693
0.483503481476082
0.285886543340813
0.433050124797624
0.411877490513762
0.580214887523841
0.559639031821239
0.391282293580578
0.410949747025312
0.490729108123865
0.439969843704603
0.495318089104319
0.375240149932891
0.452170833856544
0.469510791149974
0.588080540377898
0.533257521307424
0.592567885680468
0.435190695833841
0.558829160985941
0.544480183732551
0.542252536117479
0.478916145511124
0.609504422312426
0.552331512257508
0.504560525630843
0.366349932821003
0.331760161510219
0.482264418728766
0.41952064325347
0.583266124653294
0.438715989929341
0.592118593438708
0.526121861239727
0.480531277375483
0.698826287248818
0.630327711077496
0.631388296530087
0.470983605398514
0.548406901594822
0.420682375853337
0.565957285306152
0.53026212476314
0.506055233042221
0.611274387222095
0.563386051628186
0.547152623185149
0.495408856007666
0.644362490274672
0.606656567722969
0.528230743767057
0.503654392101664
0.633859157332511
0.605939837975116
0.634685763203233
0.375611407388083
0.505168795866677
0.70608725801198
0.537335382854738
0.668962680023498
0.602946171765203
0.631512374061306
0.599409060565882
0.699190699864821
0.595943055448326
0.633952315655788
0.712438861535259
0.539371417854315
0.536720694532703
0.579698674774789
0.500786818670343
0.532411598381143
0.541656181483315
0.622267855007979
0.6668737944584
0.512789496344097
0.613711111766467
0.500516299191549
0.680017664936001
0.645874521123209
0.541616912922965
0.589376395995421
0.472764504816222
0.535974178813125
0.64413838144541
0.634826719980861
0.587011165749831
0.650276652189567
0.563442427381599
0.699834219762607
0.771662343672433
0.418112949001746
0.492709606882154
0.523593639864982
0.658450782379054
0.614635735387734
0.561036110553498
0.599311959860715
0.62482679845249
0.642399689260908
0.663758764379365
0.756530375531235
0.609758619431388
0.751627277444829
0.485220848848148
0.609350653856191
0.705061656952745
0.710782346145103
0.620418363840742
0.573133410439469
0.736186280242653
0.830887252809048
0.615745421106369
0.824531947019385
0.768098624202763
0.624720672133915
0.681134367042225
0.830103075914611
0.754695512864725
0.630899194121394
0.667794165065826
0.662111391992773
0.651069317742243
0.661201577705951
0.582566202326896
0.70682356671732
0.520354099245405
0.786967328683185
0.83019922241504
0.674196458311093
0.580273986633924
0.670384670037076
0.708627616953116
0.663807241238979
0.666493261713738
0.630930680621296
0.675098369400497
0.599003159802538
0.777305161708859
0.70605666622188
0.661759315460285
0.725092847329953
0.61797915631022
0.553704549303942
0.725103727486389
0.834790956705129
0.81201038375068
0.762426910897026
0.610415382758406
0.784542780490475
0.536115688483886
0.871136185947302
0.747486251004445
0.779673884183318
0.645150292012665
0.644706308468478
0.594994413918371
0.862188310794395
0.660292445140486
0.88465963962822
0.786341259675625
0.720469523169572
0.777904190866481
0.654120819203388
0.744960730349173
0.786581353056896
0.734668501659244
0.689144821798959
0.768201207863722
0.749219112209898
0.738957323009667
0.793498758894992
0.830236152467558
0.802663679268155
0.912731576168314
0.833205971580323
0.861279765562522
0.84882722396574
0.848568394449085
0.787949437066036
0.754169970149134
0.623165869341859
0.917447419364943
0.869475846663658
0.894295591088339
1.03322378080139
0.878709219629759
0.852587212597689
0.783134382254656
0.813238753137687
0.915270271504537
0.745260983468044
0.788374894048965
0.864788292033736
0.985783294893407
0.838412257262934
0.82270541256094
0.736410486101969
0.833747304740852
0.871859567869975
0.877621107166781
0.897081861540671
0.725196531888296
0.724815313918947
0.873502138563195
0.847890678055028
0.96126265784603
0.823983991980333
0.916630552830055
0.861252048910712
0.914643934818034
0.83291187764995
1.00090106320797
0.84223633296384
1.06914529273931
0.763005624268303
0.822297121398338
1.03090360877206
0.82778999253268
0.984716719547595
0.908760418511585
0.83575055157915
0.790728758509297
0.929097293665521
1.07146037649557
0.77796939728026
0.925200728173719
0.889674100286222
0.844469469241542
0.962016675211751
0.980301447492235
0.913781067911875
0.876836558938216
0.890595560740088
1.02353165632037
0.863551167877234
0.816517928424971
0.937233746155694
0.931840349046918
0.839377097979673
0.926789473273704
1.02477910133839
0.944496440022776
1.03519386354576
0.870601490759932
0.834469343369365
0.844199657172884
1.03060257682557
0.975493840174619
0.829504894222497
0.923395038985497
0.937860063208842
0.909230845698029
0.908347118710203
0.923604492157515
0.894962106270448
1.0783680160969
1.08255033549304
0.876141020475227
1.00161586158676
1.01659296209489
0.923159280379056
1.09027290424842
1.00559571255722
1.06853473988967
0.982760061587897
1.0536474517481
1.05561090104512
0.895021832138219
0.950324366654375
1.0435953019374
1.01470073780617
0.944234106965521
1.05969443152553
0.947648633247612
0.923995719800711
