"x"
-0.937830241169772
-0.859576341074763
-1.08408647435804
-0.859588835135142
-0.87113804717736
-1.03432507442243
-1.11586045436322
-0.95579945064634
-0.939069865560686
-0.913514733423262
-0.977691113648722
-0.99758798670031
-0.954059513376672
-1.1725890103886
-1.01015575597239
-1.00121334050457
-0.991919885342137
-1.00347591886345
-1.04728863661503
-1.02758458054881
-0.963139355166549
-0.858147521286875
-0.97922245513492
-0.847074608529375
-0.988709732013109
-0.938308456908872
-1.06244275976231
-1.04262903745767
-0.963058248373455
-0.887531061603514
-0.95309611946872
-0.832950710313695
-0.865580265116788
-0.902508489426794
-0.792875821104723
-0.852313379621117
-0.745675707376236
-0.995554076620282
-0.87790043814829
-0.886986279181915
-0.894153263359189
-0.887141715371359
-0.875958863840392
-0.882152767903405
-0.840665034649641
-0.837762740418972
-0.91647074604421
-0.958335712236571
-1.01575592301662
-0.796778896198809
-0.883143672212696
-0.878468685712114
-0.758820431487955
-0.865189674718254
-0.814368264304097
-0.979681540823117
-0.868124187516671
-0.991717061071789
-0.836596903178532
-0.887477288311218
-0.790799088060069
-0.928753277982834
-0.822501764701695
-0.923717125193631
-0.937763065575501
-0.908935053740872
-0.841576144573141
-0.901137928341182
-0.900881462369023
-0.90669583199991
-0.780813658898823
-0.81291100416605
-0.971596492202049
-0.816313585945782
-0.740827073170873
-0.8367915369954
-0.827046753528528
-0.776529697329031
-0.704058288520782
-0.865883166956835
-0.816851758492934
-0.708641310998479
-0.923784100012487
-0.78002132986772
-0.82282610600591
-0.862062962233487
-0.869523958906062
-0.836229086150996
-0.813787781739198
-0.845623978411429
-0.728946902995777
-0.883561820016819
-0.916951263833466
-0.728203468324503
-0.905326229534909
-0.735423064321117
-0.738677162183906
-0.658843687767241
-0.756558623425263
-0.88011244010364
-0.826395035259268
-1.05708225659769
-0.740095222918078
-0.78954795358299
-0.549483128848441
-0.773358131848363
-0.849042848827848
-0.817461524688864
-0.741267645485638
-0.78474670538124
-0.74787558556542
-0.789006512005417
-0.797898609125651
-0.688018232168651
-0.801148286892677
-0.834790722361774
-0.728551317409568
-0.754593314177749
-0.646716271891752
-0.862133466317695
-0.622077995800646
-0.842068014390884
-0.886989394118528
-0.672182387138817
-0.904435923414718
-0.758146380904834
-0.794333659061715
-0.606703167510287
-0.869771798834117
-0.650606210850873
-0.716931703935243
-0.696756009711999
-0.712799118347517
-0.677141496200428
-0.709474257510993
-0.681412270108189
-0.717760924534824
-0.783796673368859
-0.690591298222881
-0.855836206345998
-0.784568395937608
-0.777763352713328
-0.694385236874507
-0.819082884589003
-0.698123292913754
-0.421598454486389
-0.671002277962681
-0.736743036987465
-0.791288979209563
-0.690970713572588
-0.740769223614275
-0.634444035463227
-0.768610234953938
-0.675937521964988
-0.718032657547729
-0.686320522737515
-0.744487527960547
-0.707401809918537
-0.79582578686648
-0.775545447052606
-0.76746558362028
-0.714806920005719
-0.599429011701973
-0.643558003910962
-0.558860451832883
-0.762064327257143
-0.622116539868131
-0.674759854843848
-0.643784020325071
-0.648129795983678
-0.644462548112588
-0.693621303321411
-0.665675477054482
-0.741814038431976
-0.726838949506206
-0.63155753907228
-0.665496512372191
-0.610662107184429
-0.72163040511784
-0.660255966440724
-0.778625916613085
-0.639781106281421
-0.702929472854415
-0.552123966301389
-0.704745238489043
-0.661513277826338
-0.608036877576119
-0.516514148571675
-0.65076688298605
-0.56387601779536
-0.579600357905277
-0.486697218258649
-0.609024475218299
-0.446824881958097
-0.683985069665923
-0.532860342879613
-0.624889425545739
-0.700757799726064
-0.536462134606379
-0.519420941467666
-0.554735813999966
-0.547085121035032
-0.68332731246548
-0.624527665588414
-0.620461111750959
-0.660566712000478
-0.541362207753857
-0.689183245105174
-0.694547498599627
-0.567984495897124
-0.559546060855042
-0.570992618719132
-0.454398245965271
-0.510316651845519
-0.575712573801167
-0.447383298450343
-0.615724738393205
-0.53701143769121
-0.601189859546813
-0.476179549513176
-0.671964747629379
-0.585195170672486
-0.649555001923165
-0.470175011553777
-0.515429684354482
-0.586225415848004
-0.594386638093387
-0.486422594899666
-0.614963272480232
-0.555702735513315
-0.573758799791241
-0.497230145317768
-0.402310232801368
-0.535626963931515
-0.539753095119196
-0.526195091625988
-0.431405747569688
-0.477566552015019
-0.511877060567034
-0.443161370709782
-0.473617559735246
-0.555925126784279
-0.511857246485549
-0.656941803089542
-0.525153603646283
-0.480915071049623
-0.556163264134328
-0.480379021363608
-0.556946836988323
-0.443732647763388
-0.548334357429001
-0.433665147415956
-0.422933164677806
-0.334887031717724
-0.594305300299565
-0.404727551065039
-0.498872242299277
-0.557365708110761
-0.46887038369538
-0.450317817765428
-0.52104280496874
-0.506806173742617
-0.328668627903232
-0.64581198133452
-0.540142527155462
-0.481499220982064
-0.541983432720101
-0.401727415275826
-0.492286974657645
-0.397871804785109
-0.394465462377076
-0.536840349982168
-0.554696449675059
-0.353645367771585
-0.387156744022738
-0.515423697343047
-0.456102622407951
-0.415720777250061
-0.321927421244288
-0.486873378098584
-0.426602660462672
-0.282657261264474
-0.432202033251383
-0.405068189229178
-0.440313099459172
-0.42912862775164
-0.498314204658455
-0.500223668825597
-0.505823281622744
-0.390323984188607
-0.539003874549515
-0.431353677150654
-0.276979351344144
-0.538273984396026
-0.422605331432913
-0.417092851445404
-0.500839943336091
-0.285589238245646
-0.478266747415016
-0.406348977497601
-0.424210946769876
-0.485811040357369
-0.491500474891822
-0.3267099350006
-0.432231804268269
-0.406951922126839
-0.499358447797084
-0.433942055381325
-0.38812549665043
-0.519886922276967
-0.435069249029588
-0.375623544911666
-0.491449401109992
-0.383802002663756
-0.606915165280475
-0.334779358421501
-0.262514039573376
-0.307327708076512
-0.350512775744615
-0.456780157024255
-0.331075844300723
-0.306980397871036
-0.440694194941289
-0.269642860187174
-0.439910230657679
-0.373567121951483
-0.45034261038568
-0.345259052034029
-0.203965658860374
-0.261872020613839
-0.32721628664951
-0.367556096567979
-0.326230975862836
-0.420317514646237
-0.247631220410471
-0.393996406192262
-0.315649287893094
-0.265047859584221
-0.35325400725584
-0.323138478780815
-0.265001149101566
-0.368774179191225
-0.252619054219167
-0.206555900949549
-0.282853268903953
-0.382153012806991
-0.188136018208641
-0.257736178748446
-0.432165478494415
-0.32035828198718
-0.259065039608108
-0.334207225660076
-0.349381783300788
-0.337317473613291
-0.177200129683411
-0.193511014447335
-0.163576125693157
-0.146093733452314
-0.23047928813447
-0.483463430579697
-0.321448678591429
-0.190405423476189
-0.294468788113947
-0.275108781804805
-0.306646383386802
-0.262235939503685
-0.291868316947062
-0.0984481639207355
-0.190399294399188
-0.231189696823026
-0.423694336055477
-0.249956148782316
-0.113899881537658
-0.250004178560133
-0.358738372581863
-0.235550962368979
-0.41879056696702
-0.171788126919913
-0.252570921448448
-0.0933279483279617
-0.123448052476842
-0.178319274271695
-0.217712265327908
-0.221971317604926
-0.241361036993896
-0.341308781245534
-0.220307175070972
-0.154974545110717
-0.112800921583305
-0.271611582773022
-0.163385525222217
-0.192206425742017
-0.0134551228390954
-0.322785271355778
-0.12676550392197
-0.238637065211606
-0.0871217947757398
-0.11356716276529
-0.196704199130969
-0.0771218660792236
-0.23312349715624
-0.306808275793639
-0.255632243675799
-0.0986141398626641
-0.154098888215276
-0.122657616020881
-0.140847988680298
-0.109103544003949
-0.321047954172858
-0.215636297358565
-0.248080424579989
-0.233395344368918
-0.0422222372090405
-0.107615755831951
-0.235244719502727
-0.0807100817531006
-0.131584019445554
-0.0896878515745302
-0.201489141590821
-0.153835654090496
-0.199803733978011
-0.321395273654744
-0.247317313751138
-0.178014930717407
-0.296033037724704
-0.12721161328928
-0.0872839951128781
-0.13910605104374
-0.0471845956374393
-0.124606742992085
-0.180393105593347
-0.0799533702421903
-0.160225082341554
-0.0669492731029301
-0.168323777162823
-0.122022122037844
-0.0304321900214076
-0.200242436259357
-0.166670176901777
-0.0622650701213806
-0.13060884081757
-0.111952882442756
-0.136131849454792
-0.00940672655275485
-0.0508039795020692
-0.0738016543498075
-0.218805213318562
-0.047195460004726
-0.0474849862190782
0.00822859339149923
-0.119993513674458
-0.0571276600080016
-0.0975376283549875
-0.0872562152354592
-0.124764961996562
-0.111040068313638
-0.215008623093721
0.0587543646451757
-0.0300900251428222
-0.00698433177190495
-0.118477659411359
-0.00317031667811458
0.096206373276014
-0.0131699788814672
-0.065956445041916
0.0251678792489894
0.0702648877610644
-0.0997844651505013
-0.161485997886056
-0.0585088850684807
-0.196945270791107
-0.0147662213720146
-0.129105059199305
-0.02394544281418
-0.0242282024414817
-0.0470940732858612
-0.0281455601812193
0.121452776409255
0.038326107472136
-0.0783633758382181
-0.0320960868499528
-0.00985772759354224
-0.116854858715229
-0.00600720614378004
-0.094780571881303
-0.0919304021453436
-0.00353399430015426
-0.126410880215286
-0.0591183204247717
-0.187429887300003
0.0124855342265864
-0.0777719454592275
-0.0218707879314704
0.0160492254243951
0.0805726443297846
-0.0675595277355561
0.00207255847422218
0.00203535829543726
-0.0130221016853476
0.0571992476889314
-0.0978464636648079
-0.080227180562917
0.0280866321279828
-0.0106822001950036
0.0212195196378117
0.0299132299889935
-0.048979457690018
0.0270943461981492
0.232990854497136
0.0444140669958329
0.0089686395668478
0.0565010777722431
0.0389095499009364
0.0495558964269669
-0.0993996923120416
0.098994330061599
-0.0176511397680113
0.0770796874998217
-0.0656181476664288
-0.0767828255753142
-0.0283040551151707
0.0955526239406517
0.301198168311926
0.00181603143073898
0.107275574130963
0.0236731977546197
0.0428663826172979
0.15906769258799
0.0899334955224492
0.0370601148809164
0.00366572961253901
0.174125299487357
-0.00737236511842373
0.185991019474113
0.070172766480514
0.212786407707265
0.208709355718692
0.060455507259712
0.0500060900340836
0.0954658302952078
0.0756411490316472
0.0272953760559845
0.141787367249889
0.170056903734751
0.160568358230664
0.05420629361345
0.106129410040784
0.00796363617306763
-0.0584066446057792
0.0838248163229848
0.133499930963885
0.0799522088656111
0.130059290397284
0.204240883236719
0.164458455639128
0.097399148951853
0.119525656824754
0.085701923398606
-0.0158649423219522
0.169387454152039
0.153004417655238
0.185339316349083
0.0233780577698792
0.145865722222126
0.316063770724848
0.0660334196404402
0.139304083684772
-0.000584483641405742
0.102574000656765
0.145974674763823
0.129795490956479
0.13959879974878
0.24901353193651
0.0866624374675476
0.156590332469567
0.199114640973879
0.236898872701785
0.15700678626102
0.112590474147921
0.291287820612803
0.06180551302575
0.228853152179954
0.20350427052957
0.111370488154868
0.168669654745297
0.298746471958756
0.248072350471991
0.195757232015262
0.137952440836141
0.161098094547434
0.0663324036937875
0.149391408351011
0.131397079394266
0.19994236900835
0.231563546013964
0.230655134325146
0.165402198958783
0.240998213384142
0.243071086360603
0.237796738179294
0.267228797410565
0.203654485378337
0.177521509584993
0.150168880483762
0.213961453115457
0.183586173010765
0.225518810996892
0.292518022202265
0.197013763616735
0.145786277040604
0.221993991133732
0.179526122906736
0.194963349669043
0.220896753023177
0.265345022382056
0.175744035064349
0.216173884052271
0.142160878456297
0.172239868736588
0.272139620889012
0.184956634216528
0.231935389868377
0.273862169162507
0.395406384166658
0.472864256399359
0.276221827553741
0.21638846150618
0.190340497476814
0.205418562568716
0.218313517764657
0.210914966839154
0.157817454608213
0.315337631651349
0.142597884773178
0.358652305821344
0.418191115170214
0.181596467990025
0.251152179164864
0.155715608766
0.391781135901059
0.248797643458497
0.185073237618339
0.271586435408755
0.311255726506835
0.137948449340901
0.280548705061236
0.331084365019023
0.400631174412502
0.146510691920538
0.326913271704197
0.438108002082862
0.279501930509364
0.264549922112043
0.363142542221332
0.160406975570062
0.422703731899821
0.376236118477183
0.354296614897907
0.475672157413837
0.408441854971441
0.27168181186985
0.293109648147119
0.3557921402295
0.208325420266928
0.389403034396214
0.211869787109471
0.249975289985489
0.366498783376161
0.333468362508946
0.249603473345624
0.398338612783354
0.557231895869949
0.452048079426247
0.270198240260404
0.237047297187965
0.447927973481697
0.398604810478979
0.365934389908874
0.311051339619946
0.404403081305398
0.383494897426636
0.415171973111471
0.34919163526959
0.234636960055071
0.381005456152442
0.38560053721477
0.356775801769517
0.306656154056088
0.432283041242407
0.369172673643674
0.402680512643542
0.33610516663764
0.442205453210428
0.286612530796738
0.341016178399587
0.262973727215232
0.208755922897241
0.477558244745299
0.419674135327097
0.410550959974623
0.318885677921672
0.438159005919847
0.435997148776463
0.492171872130527
0.405505443586275
0.350144231829167
0.451227857562693
0.430176441035403
0.49047211191796
0.437792908110403
0.34422591857445
0.591090463448801
0.44518341471862
0.569780111807948
0.509691907771914
0.49925104289223
0.52605830248988
0.443880779550209
0.441241978425894
0.530106618440174
0.507312622358886
0.407942727524179
0.509272691829334
0.476252647840188
0.476698134590913
0.434194113212338
0.401047622070532
0.287294657980748
0.330677796313919
0.408342894303011
0.407949820715024
0.435945251429294
0.426125112825082
0.525745488976497
0.431151246246881
0.472548535221537
0.474649978500061
0.481108453153558
0.528377154205437
0.53424890716178
0.376129077613291
0.587704353943589
0.54406937561548
0.385291977995807
0.409432331253889
0.383641725801271
0.511508543129358
0.351159206905465
0.594977821344147
0.56747788097573
0.414550020317515
0.518571098005595
0.603637411527323
0.541598038455415
0.554363538191795
0.584560601995335
0.413818291870432
0.426627366804168
0.531224148322035
0.572497259244819
0.407296263284256
0.377807461358726
0.629669496922968
0.548306332819924
0.532733183425055
0.582106734567297
0.570775340512331
0.529349702482756
0.523838093778963
0.577516432950427
0.466869320328338
0.575762387389855
0.542089441775357
0.427389376583516
0.651979344504597
0.592262358278954
0.647042211708475
0.473677888433852
0.490936570598855
0.476539137901119
0.672131744384104
0.527211408744727
0.583004103883149
0.60813341762111
0.529187096115815
0.625304173127955
0.627667460308782
0.621524829634783
0.685353063719345
0.608684559826641
0.699415920297608
0.520320782830686
0.567565165926217
0.345870850882253
0.538821584287329
0.514946381822274
0.523278620929881
0.663176220072064
0.58392694521976
0.670580481448255
0.508815587552723
0.490285548108422
0.609309842732839
0.757659653449393
0.683201519213185
0.627032965706976
0.45911607854788
0.584807801037195
0.639779537321163
0.589531410255502
0.718392403719362
0.626969051760208
0.478674077967272
0.623736806325816
0.667312939352662
0.581588523095561
0.71137198318909
0.762248197818975
0.475599646625867
0.75510691056923
0.554588147591947
0.749589056397154
0.469205472564328
0.578257623611937
0.689701707970208
0.624623029587543
0.502218178832293
0.647213644344463
0.551571344369867
0.726104003513704
0.697162655644696
0.675480578636149
0.567475025397964
0.797469642810417
0.74978920240879
0.513772224427919
0.659142313954967
0.807243880681052
0.783925494616416
0.634115126970447
0.825288435760385
0.559273235773593
0.643624033621834
0.745009375195996
0.607372761537751
0.653072728098229
0.742880634862032
0.693984064616546
0.764090703611999
0.666763097293554
0.661061255748672
0.741472887982331
0.609898736113414
0.745056704985421
0.647834220287653
0.789675741954218
0.692037181559818
0.777707258533763
0.544462987182868
0.839359726813312
0.729712480667069
0.759337287984311
0.707508621882356
0.744840497676494
0.650362971860418
0.703435015781777
0.799169857577298
0.797983598638188
0.743924423453088
0.676116062125795
0.573214219792597
0.580271823306512
0.801843804324311
0.780385821581945
0.712378290445147
0.807139127046851
0.728672424899225
0.657747441681466
0.850676398614132
0.876912028219034
0.70678705363418
0.772850060262936
0.792015714982364
0.708176191646368
0.782952794356762
0.818003222978369
0.849278751552438
0.866000457828244
0.813954665510126
0.763856757816567
0.604729246901333
0.811532155438437
0.538101820426351
0.866087280359531
0.837446156781264
0.878136029034169
0.798272479107831
0.691092377911987
0.766297198916945
0.762196636358373
0.74351089483918
0.780254457269773
0.850475984041198
0.792848309411772
0.747854282432509
0.632974329794779
0.973427979358251
0.723247622396605
0.826575061714437
0.725116550708479
0.822947223039725
0.820183700256704
0.976184306288731
0.860589072400281
0.747829549218264
0.884348829015569
0.714359097974459
0.748672456135351
0.824088821170558
0.815659982137593
0.767827407119347
0.876579563430046
0.801177623553298
0.914808951552536
0.757011921172007
0.942249632932811
0.901651879632753
0.723517705286425
1.0022818129474
0.803633955590765
0.859693229524367
0.777188144391078
0.833442170125664
0.909111473727106
0.817164987717693
0.833944128877865
0.882270933034405
0.858856688296548
0.922619267140831
0.915666946994048
0.900455274927954
0.924598786135803
0.838994026476207
0.858481805894034
0.848323924354086
0.912390061436616
0.832085056553089
0.737580735156302
0.905993144962123
0.91539315259855
0.967276389634811
0.714197601173076
0.872402730480884
0.915820128484308
0.822287000509118
0.740083143227201
0.768421958269765
0.808894677653738
0.866063429783502
0.79869331055747
0.89183061870212
0.908638845293439
0.984571402846387
1.00451826800681
0.986420485167064
0.767087104687389
1.02569311208252
1.01034470813565
0.967707858116843
0.919200179070387
1.06449246654089
0.954833203842485
0.879660292245708
0.98816070130894
0.915783239543845
1.11403667018579
1.03379342563802
1.01397992260427
0.789847140516569
0.925824975762352
1.00030981348877
1.09156484464214
0.959600158457112
0.987796229884594
0.932445249331773
0.936094532052739
1.06988215645858
1.06858094968988
0.981535724934695
0.990501002345193
1.02031296121926
1.11080161683898
1.05439268267096
1.03410855123867
0.94008883984112
1.01359907491964
1.0414556592817
1.01044912060302
0.890686738008391
1.0044128248614
