"x"
-1.20866203177747
-1.09205937731993
-1.13265120391856
-0.892648047970462
-0.930193017088925
-0.951431218371258
-1.01351479997299
-0.92337012811099
-1.12521971116584
-1.01280798699645
-0.99615590105872
-0.989515882634277
-0.922192193448392
-0.847940527628684
-0.943583956578633
-0.977773892782324
-1.00312142043518
-0.97007263129143
-0.965609436158962
-0.887451846792029
-0.926909979987659
-0.983873611241452
-0.849524195217198
-0.917729938240205
-0.962630480394886
-0.819930339225628
-0.931468479359235
-0.873335944665156
-0.933741761630403
-0.972697566765217
-0.983269701894506
-1.03062124349853
-0.905170462253284
-0.925933795930542
-1.03411658719153
-0.950032707343765
-0.913472890280664
-0.918427678133088
-0.823435898529764
-0.857327169555392
-0.902567345296548
-0.792826424639131
-0.786086252249491
-0.79355954128212
-0.999472234088623
-0.90009287126527
-0.902786689313207
-0.945548354694934
-0.901094579924334
-0.864770188101916
-0.809612339039183
-0.972500833952222
-0.860379429540494
-0.8709760127435
-0.889298101106437
-1.03718636055135
-0.915017652816904
-0.899427898429612
-0.949958783022675
-0.919011892260357
-0.712792154151524
-0.931313311950928
-0.901501115776158
-0.765728859473394
-0.815327389584354
-0.688996266382594
-0.902540992846576
-0.834379956259454
-0.828890099101416
-0.823066148588724
-0.854938302918053
-0.837619859550097
-1.05835514437949
-0.966669752729902
-0.925098721921742
-0.929919891594306
-0.852966970995741
-0.721201244724921
-0.758375318232687
-0.825335348135877
-0.836731754427224
-0.843787777645954
-0.85601874103479
-0.829079850577387
-0.807102771499625
-0.72338678784799
-0.811664867238053
-0.902782505472526
-0.857668161908058
-0.800284987762564
-0.726419914660983
-0.718867828831154
-0.772292313119075
-0.659011120384101
-0.795805113797054
-0.915846749862515
-0.867021717946945
-0.703006128161269
-0.785151379251823
-0.72558444277928
-0.884091223373047
-0.782706983377925
-0.815507827987393
-0.865451197158644
-0.835301493464718
-0.86680562101954
-0.763425779320222
-0.813638898461284
-0.814430663657711
-0.781467828616524
-0.803351075859049
-0.795813347590031
-0.793652624915007
-0.633033090919314
-0.787317628600897
-0.882151578646006
-0.640430090816621
-0.713334226912363
-0.628265909574345
-0.677471967339777
-0.655323799120376
-0.775490287474098
-0.715731261380835
-0.805110670390985
-0.704567067314219
-0.690058427142796
-0.709357962599073
-0.565753727154899
-0.677395892725384
-0.787911876656254
-0.674163903090205
-0.872872374617412
-0.613525382667345
-0.626383235455237
-0.751072370057167
-0.780040453715439
-0.766406512782762
-0.72432117130319
-0.665304529274526
-0.782241037222972
-0.691242630199466
-0.777859836992084
-0.782010515808279
-0.859228583342592
-0.604709814145777
-0.752360957131564
-0.627705598545233
-0.761751321061755
-0.750882805237261
-0.724826225020034
-0.545088441518397
-0.654703271111364
-0.768925702204185
-0.593594779977598
-0.7518427319666
-0.713100249493292
-0.597672767872527
-0.709477882058559
-0.764894417056399
-0.750044969610217
-0.683950128504449
-0.776708237904938
-0.589832975772306
-0.612234374201792
-0.67939338216072
-0.577162396348705
-0.559892289054855
-0.707330774740024
-0.560346779682222
-0.765338374205638
-0.726888187476756
-0.663941104523065
-0.75180457674721
-0.558977108984021
-0.711813098409072
-0.650358634493168
-0.664372722486889
-0.613588734062281
-0.692938949774271
-0.650870567092997
-0.691503239380307
-0.629146302531372
-0.61035279480484
-0.573863331177107
-0.668856641662534
-0.619102133384689
-0.581660745916929
-0.663827199464712
-0.647763484870851
-0.836360037102487
-0.528311261273531
-0.697894632615596
-0.644327880159967
-0.639936788894133
-0.633006454234267
-0.672542342809492
-0.54667088163829
-0.744576534804922
-0.572743660300383
-0.58704486998889
-0.583921080779729
-0.689919658487079
-0.63857643790876
-0.659773098748975
-0.625401005805433
-0.684360562429569
-0.44012913924465
-0.530091491352087
-0.762890344003088
-0.66532987020957
-0.570905622037833
-0.475858800586417
-0.508211207663687
-0.511651739382185
-0.710223480016687
-0.438529104282177
-0.39579193153661
-0.717516954878422
-0.591448631212788
-0.544293860240612
-0.533198823396867
-0.507794198611312
-0.637684452679367
-0.431159009739279
-0.47702538935373
-0.636821040603625
-0.698546410165948
-0.472567540695591
-0.402362953387901
-0.428821694005406
-0.611477839576316
-0.545595739091004
-0.378724902406675
-0.573441141628249
-0.509675080268163
-0.568030014530954
-0.600737650305918
-0.430940720719176
-0.558962615550907
-0.527069829121876
-0.570485455511853
-0.402050261751295
-0.56533322270911
-0.479970623653668
-0.377958634337061
-0.511093112773409
-0.573626845914865
-0.549887762007926
-0.440276257589987
-0.474391871545214
-0.566192701128285
-0.532182484617675
-0.538748879559832
-0.533883941172026
-0.655838512574865
-0.47760529357655
-0.427560623851827
-0.364964477512089
-0.472910085011552
-0.551638112683608
-0.466773365163001
-0.421130287061958
-0.530048297256992
-0.390105681494944
-0.476374639264485
-0.436945859216782
-0.468213389161382
-0.48280098963628
-0.363948883626183
-0.3423586126547
-0.487383019718281
-0.542926439163307
-0.457066770685925
-0.303595077693397
-0.464475724850076
-0.431580522377593
-0.389737752271111
-0.508780884207677
-0.548293785861856
-0.481046456539645
-0.328001201741907
-0.393164482644457
-0.529042196662751
-0.410789149613493
-0.378651098811281
-0.356945381089976
-0.470698292868501
-0.462561662008254
-0.327742078584298
-0.332378077192835
-0.411244222219524
-0.575085004411877
-0.397338641796304
-0.411866738508046
-0.418197058850547
-0.309568816385887
-0.553265999010464
-0.362505678143615
-0.484243886549194
-0.490524834256664
-0.343020686343119
-0.382422692414253
-0.355567296797504
-0.383933045950667
-0.211536309402633
-0.242546831186627
-0.375887493229976
-0.43681931021383
-0.301980882609169
-0.495038815321853
-0.309855043825173
-0.584092227676356
-0.482913904054791
-0.246470402691486
-0.40097214918915
-0.278387652428387
-0.397074981477628
-0.544141059186531
-0.276689039045069
-0.290789540335951
-0.294607222219013
-0.345234002392892
-0.238718660714773
-0.220007155936088
-0.329258744421455
-0.346592533376957
-0.365428893478425
-0.305355909728215
-0.476972971886041
-0.338754581900384
-0.344902166647958
-0.325331013574415
-0.144624750127316
-0.419627955402427
-0.441367988905767
-0.42386317870435
-0.332949164395583
-0.389598821894051
-0.305815178639409
-0.39740796817885
-0.290789082590007
-0.396969325427723
-0.309497239891659
-0.270259123135656
-0.330944074833275
-0.263852332666225
-0.414868668897226
-0.291548256483594
-0.267566754507396
-0.28436550184687
-0.47928531144381
-0.361166201693565
-0.255552009312001
-0.20882337885818
-0.284589317897694
-0.345760351921492
-0.309323957845222
-0.369032516565102
-0.187255693685448
-0.32500872949642
-0.242457053931986
-0.40257939395867
-0.31994609560264
-0.32863520744869
-0.254728458890982
-0.406686782767299
-0.285731935977863
-0.236478129102776
-0.144466986082374
-0.132992217471183
-0.150368215639463
-0.313394617173806
-0.30659206454139
-0.204266702214506
-0.306635090549721
-0.154612208177106
-0.277752040547058
-0.044436478776412
-0.275186477806989
-0.452943193745863
-0.326222782017421
-0.221729365088118
-0.156424890039699
-0.398429595776208
-0.378169034251159
-0.253093952378131
-0.171949147518166
-0.140426866359424
-0.238772825638207
-0.176244452996166
-0.303629943384302
-0.138491211144304
-0.132696607297817
-0.362468110011107
-0.168386231229071
-0.302539499245182
-0.200037711599313
-0.172814522166767
-0.186130482560082
-0.1990759417923
-0.0981040201499194
-0.198613569350428
-0.321942304287064
-0.211055883242777
-0.0700155802244169
-0.337187053036132
-0.172066445204889
-0.224013272406651
-0.00979172308216172
-0.20494560649467
-0.169760415285557
-0.113275489227019
-0.238498667358295
-0.206018867271148
-0.152010022437807
-0.347555754846851
-0.110737150752312
-0.309171171447768
-0.15413921468438
-0.0765743353660728
-0.246462377886227
-0.143483275355194
-0.201809126512454
-0.24558490481916
-0.262765181360379
-0.114630717669892
-0.134569171050839
-0.0147991344474854
-0.17805524078065
-0.0576511792958856
-0.23055780415976
-0.287896560284714
-0.226567027030389
-0.171222194951529
-0.227928712723137
-0.0734461410153411
-0.152942767885035
-0.0247373448166854
-0.0888534260578035
0.0558173837990022
0.000687390129726706
-0.114771428261798
0.0252925739577549
-0.181777382516086
-0.175407350542236
-0.135550564845322
-0.105256293700983
-0.0457743357800216
-0.194857387067583
-0.0826272206200289
-0.11912616051936
-0.0197047363939161
-0.168120548513294
-0.187576661162061
-0.173602791682207
-0.0665411825786438
-0.0807157476536329
-0.0336073067878785
-0.199775868068849
-0.195471448576341
-0.132001675932476
-0.0409114597754772
-0.186629555577739
-0.187413734137937
-0.170097260207451
0.0463641545627202
-0.0718682664813964
-0.0332272148803921
-0.135295622621814
-0.175486745825132
-0.154831459895072
-0.158054113029143
-0.20756402417501
-0.135705610745518
-0.092914861073327
-0.123117565560114
0.0966974106399733
-0.00238384983493966
-0.154448253895922
-0.114141196657961
-0.132428203101974
-0.0269403675172644
-0.101443041620748
-0.184674496416673
0.0644553721708298
0.116742169054462
0.0513444727642845
0.0414178509333606
-0.196649665209189
-0.0613981726615845
-0.0380895253846875
-0.0525559722908298
-0.0080709354205283
0.0453432616635684
0.0554191982661712
-0.125994371161107
-0.173379670236241
0.101824915689709
-0.100427065982445
-0.032738880373393
0.0498450735971722
-0.110583917171509
0.0518190229753852
0.0480757789235266
0.0373965814692605
0.038507658986635
-0.0864985706065503
-0.203223116954203
0.0971487201837285
-0.126653766979523
-0.054062337993367
-0.0281295011922856
0.06139167676955
-0.0920707797346496
0.0418655943376832
0.181703465785503
-0.0430799199214342
0.0399529604183021
0.111023348258812
0.0778411127260526
-0.000631882484002688
0.119251937647775
-0.00759725892486671
0.0292024102639869
-0.00876695759709758
0.193404166310013
0.146862167351099
0.137453838364737
0.0454574561557277
0.0776086823093534
0.104973901968387
0.0469429780470871
0.023723178820383
0.123460313381488
0.0628241094265062
0.119170302130808
0.0440940369819897
0.0265342916485241
0.0959709045314481
-0.00265557260910288
-0.0253565156575596
0.150768610114112
0.103085496039738
0.0258755755709903
-0.0575314554123183
-0.0192562697028766
0.183432255554446
-0.0209353553725168
0.161413991270184
-0.00262477435044929
0.0432729550929153
0.0805823570935118
0.0302511463035114
0.164680057005392
0.0927151567796945
0.251782434673418
0.0439140020238153
0.190067515277139
0.0162538256550897
0.156626068303456
0.0237057381119301
-0.103239965476256
0.110166753021799
0.0913871614049171
0.22316884089667
0.226647087755403
0.242465025523089
0.0226221170118049
0.108465524007238
0.25061797805884
0.136176805256729
0.0963767228803095
0.0978837869998263
0.110078603933508
0.142515418511408
0.137356139971818
0.0215048929988685
0.130073586009958
0.186496565063687
0.0807240065958985
0.346770050030891
0.0487059713796735
0.200454982755026
0.210467109753226
0.177202939908275
0.112907985620631
0.22862109271212
0.121068245300917
0.151220619651967
0.318475007565172
0.293077209258608
0.26845546693261
0.122169319944336
0.094238216452684
0.112556718038085
0.186589479055963
0.101966361035605
0.220574421209242
0.150778212407908
0.292929935389919
0.104412735369541
0.0778377905852572
0.188936931544893
0.182365160555452
0.348846015307362
0.309809918035016
0.191861260911919
0.372825962703009
0.236973506569949
0.210385166348248
0.271455413380164
0.23914720616167
0.219895855781182
0.146032364169091
0.253451049744806
0.311657754709787
0.26870229038639
0.213602690112174
0.357905363758567
0.246575691081595
0.350173786974383
0.221469831406901
0.140998346049422
0.253114194892979
0.266485868442341
0.26967377103805
0.163374453454212
0.345630725295413
0.237376008928283
0.297299092889047
0.268862437169251
0.117608735379153
0.0757795542663208
0.19080771062229
0.404756667308517
0.26837675508834
0.260128364990085
0.306199179953237
0.359517070832744
0.234999851296045
0.0865230597373796
0.371126648200857
0.300913969487774
0.233954200708599
0.353139740998214
0.0815452539707475
0.329245507654208
0.203936535517447
0.246867823729112
0.263310679741516
0.271283599677848
0.270661442693958
0.376990516540919
0.343288562156414
0.411989244921966
0.389595379083697
0.424592801977561
0.215736451724899
0.382904736997874
0.281529274202349
0.337953082539334
0.203453034981776
0.381618612474533
0.222879090446776
0.516271389316181
0.464282035797921
0.300288907932331
0.341729666222248
0.375335118923755
0.372041431245441
0.260507718749573
0.269725983801442
0.292665341455859
0.333241877648476
0.414183832333796
0.379477706013385
0.274061764846498
0.457113174989912
0.473023181600727
0.415613960228724
0.483899429897427
0.475341114303667
0.32856255513897
0.399198228326494
0.539162448834732
0.197438114990437
0.347907745790431
0.428201714134101
0.272520581696877
0.299324415151459
0.243751282447839
0.532162753504469
0.412806290923347
0.328561635409031
0.481980187480071
0.414118079826542
0.372975017236211
0.39055893728883
0.436722860253024
0.365423308609108
0.480367639983037
0.424941265186031
0.449167372326162
0.379138130705693
0.440237527686281
0.350086362808515
0.381162432964415
0.446333069376169
0.403168744287138
0.413378425663667
0.425379631429988
0.282868940674732
0.386099207093065
0.394839820412416
0.495346749632196
0.381894911147873
0.485771185343163
0.374002586355942
0.441427389335274
0.445190952724467
0.283238030074693
0.416795915548404
0.545695745891203
0.481647302720419
0.563443508508453
0.613885645826504
0.435533898729954
0.465797730460681
0.320916490369365
0.52562973176331
0.473246975435534
0.348750166328855
0.559133138721056
0.511520523773458
0.454772441763966
0.60025239022098
0.431451350276931
0.504243175273253
0.527021007347796
0.581136248549655
0.46167726525005
0.552675128088854
0.418138441206564
0.556764783423334
0.424043857067368
0.375755113043763
0.447617350684678
0.727796283376522
0.513769353255587
0.516165082628385
0.424746865022156
0.495823997914271
0.560855733469057
0.569975796159283
0.374079118784716
0.57142633633023
0.68092267064606
0.434193599486365
0.446000854896403
0.445629744208191
0.373741425377634
0.554958954239195
0.558636324782916
0.490891295598215
0.52271854532855
0.503521209870818
0.444160320412449
0.446831251735074
0.539117339370854
0.538335464269342
0.599482872704916
0.642106433037594
0.631343472664457
0.376025324628229
0.507854919216919
0.578060910277933
0.583463161444398
0.582074969494675
0.422561408643828
0.563050341160345
0.619533544422589
0.604147326019342
0.543756584376134
0.649767909290321
0.574264307932738
0.523409915339512
0.628275766729486
0.556279000124681
0.658035927109761
0.548034827287491
0.594904428511595
0.368884118966071
0.471379910934558
0.592091490606823
0.533837648219914
0.613442111841105
0.529371075769921
0.555201735200915
0.54790069573548
0.555905862998322
0.609389267164599
0.5712148388884
0.449520172046995
0.840329579905483
0.668393250316969
0.57624749264722
0.593589031534879
0.714443840238863
0.514693098957527
0.699927314774656
0.58196457677386
0.586370295852877
0.613576553464627
0.644493525405265
0.620447737079475
0.626174248997318
0.729650783208698
0.572197931209444
0.746871362333732
0.551112238058547
0.596991545160996
0.691127169381572
0.599092156968844
0.591593672562499
0.767696210791183
0.730674377269467
0.614268074702561
0.664606786537262
0.674535726033771
0.72134695461319
0.713234447391163
0.672151501626291
0.761511947737913
0.787536226253731
0.725375787256045
0.558859256035167
0.587585651347655
0.703505155239719
0.723798468671391
0.742856033775135
0.674498883766888
0.527405091964187
0.625382401842514
0.779437377305868
0.608987140075193
0.721677004878963
0.712092404336292
0.805193887986775
0.664026266879013
0.637234365248226
0.566733418831137
0.775561892538071
0.750823565005973
0.609149850662614
0.682655773965079
0.688233886346601
0.694322339495254
0.703927793619162
0.677355921711782
0.720431105530604
0.590794197621051
0.870826884681221
0.63643830220666
0.533286905799873
0.780260456244226
0.732661176928913
0.747549203755236
0.694918104158905
0.828544969543851
0.709686895009301
0.748509346207782
0.710164270698812
0.726839026725449
0.720451185703922
0.826794798858415
0.88632254770659
0.876947110051504
0.742556187951001
0.680293468199783
0.549586707940194
0.715511836720512
0.722419809139069
0.818720118939136
0.75418812939062
0.697733272272832
0.872090546762409
0.706750678323367
0.860957969824268
0.77297382131124
0.688154026741704
0.845387915084728
0.70219925222587
0.941391804699719
0.756657842160963
0.657407131159951
0.824188773306668
0.842742805572166
0.696978641699322
0.770398801564148
0.747866427038015
0.84938670122434
0.766013501717433
0.806470829185665
0.683452943576849
0.661753944181978
0.87678335450445
0.824440124019171
0.800643718304384
0.854897421462768
0.853293687916417
0.920970669125701
0.8262136322081
0.787423353025735
0.897411945484068
0.940514132173238
0.785326494161377
0.930384830347704
0.665691748699556
0.744351283188087
0.85782760252252
1.00799622360156
0.741711631677501
0.856254587142804
0.831085632210162
0.685442223737454
0.840806463123935
0.934506158262065
0.781086824458405
0.762437553904317
0.886655135183497
0.871823437137685
1.00714351330545
0.890975327753892
0.903650003848563
0.915179586618914
1.01249993791934
0.810940338086197
0.845073528414695
0.960448907887227
0.743399896108254
0.979931234601434
0.953106511600189
0.66814841434918
0.888085612336727
1.03553608479357
0.898526646133875
0.73635912238582
0.944499278322906
0.79136149785465
0.912320580177137
0.879024881786813
0.754554518102128
0.859255988227518
1.06994913545369
0.829041274412494
0.837608139142618
0.982117459572065
0.948076989576009
0.872292058147656
0.953178400313461
0.885640894414065
0.893400483733377
0.934284262597503
1.0266812196344
1.03068326906896
0.8478049099278
0.907265292581087
1.08909561646715
1.06942984971133
1.01543937176442
0.976499304708453
0.953579586867904
0.82593855919582
1.04698023882512
0.975605208863297
0.883440328782099
0.805283322087443
1.02689462636734
0.993080364537384
0.783146486222793
0.7693627493954
0.831326085248376
0.958739676650135
0.846305017384024
0.959828243758278
0.820812289432044
0.97970544911339
1.00799029836466
1.07621534512689
1.02502613590367
0.99139217379434
1.00084703860567
0.974214548127531
1.02243066106116
1.0468112880352
0.985109834361187
1.0521141170975
1.29039499534077
1.12611660677725
1.00229889314702
