"x"
-0.950274783409065
-0.842829953841899
-1.10223781778296
-0.855622976320177
-0.885006047831582
-1.03039284093317
-1.1053159089193
-0.930391452537607
-0.923525273869769
-0.90960207712598
-0.995955158201395
-0.994576165784911
-0.948973420636883
-1.1794798887342
-1.01713427023581
-1.00884590638986
-1.00022567146651
-1.04166076560277
-1.03150360909141
-1.0387746873569
-0.971849276837507
-0.849770877025312
-0.97926590020604
-0.853726741281674
-1.01490758314131
-0.933017459029663
-1.07318263310795
-0.998592031634155
-0.99218532900499
-0.90788757397339
-0.973601048712675
-0.824835238328942
-0.856862985899636
-0.891911204506687
-0.800341338362953
-0.848056733287055
-0.728847057599365
-1.00100977715596
-0.869033126898276
-0.905020395027248
-0.906282268703997
-0.885611501514853
-0.886409893234321
-0.875492510591879
-0.827437594671259
-0.810541993016962
-0.911242907546768
-0.950479745170429
-0.997328385965783
-0.788224093429702
-0.8959101261413
-0.883347039084083
-0.735189237024529
-0.851546720031882
-0.830317625397064
-0.998910750817933
-0.872144375852601
-1.00532033267717
-0.82964420328781
-0.890684742974546
-0.812788144845553
-0.929597336362125
-0.821306933686175
-0.915625060790219
-0.95892748026297
-0.910808923064629
-0.83479999551243
-0.89325602956994
-0.88792266609118
-0.894521105868305
-0.781800411399547
-0.816257734348152
-0.957959662505111
-0.817672539939569
-0.735045210183268
-0.833986757870061
-0.792815692846079
-0.737339388812626
-0.718732081142125
-0.862791573248819
-0.81995727751362
-0.687558070982664
-0.93289778806057
-0.785371490171856
-0.79650946196055
-0.872751775810762
-0.875737550047788
-0.847134823929821
-0.811142009918722
-0.849116075394997
-0.727026024318166
-0.879488831282846
-0.896554485675389
-0.728034147642867
-0.881152375076391
-0.751597442569626
-0.745133937294086
-0.674051328901979
-0.757955725220492
-0.891379164026705
-0.802781961479027
-1.06723413234498
-0.732641148944162
-0.795583324604959
-0.54817296300997
-0.767275254896099
-0.837869348868958
-0.825559343861647
-0.728194570727138
-0.812012518426604
-0.733847136009639
-0.793386645390695
-0.777691844519051
-0.691881345168686
-0.822397153760336
-0.798954942811255
-0.720551606312369
-0.774832295156744
-0.628406973974447
-0.856236906620057
-0.610958014373629
-0.844698468181119
-0.885497593651717
-0.684411715703456
-0.886719023278976
-0.746935576875552
-0.806341032166941
-0.619929175437638
-0.880384946366588
-0.654283208397435
-0.685724254652837
-0.675480579017466
-0.692201309186399
-0.669432187269644
-0.731472515134283
-0.674446855713854
-0.738445950322198
-0.790043054523843
-0.680879802384886
-0.852292092176004
-0.800051732003308
-0.784436473585953
-0.714601335267404
-0.797627625774023
-0.708467168110326
-0.424032023097583
-0.675857319894545
-0.744824378647081
-0.780252597183264
-0.687481907782134
-0.770820598309045
-0.624172248188782
-0.759645959031608
-0.673009563431464
-0.748980571100492
-0.687183312167785
-0.747181430721722
-0.686886282299403
-0.797721354962506
-0.760416099037605
-0.770827912314694
-0.736654208292377
-0.591692166788484
-0.666207976415368
-0.561884884354341
-0.789527707640043
-0.627128286559311
-0.657381523391548
-0.651496239993569
-0.643189452332278
-0.631396242473036
-0.69993054053571
-0.678543601530024
-0.722032885068732
-0.740989405981429
-0.646947370427983
-0.671065181097169
-0.579463961163996
-0.732690611501446
-0.665603680628172
-0.783385043410961
-0.667297360184132
-0.684529438092009
-0.565197758142791
-0.693732431470177
-0.640985031290287
-0.599347102821231
-0.515567792329615
-0.636179928432237
-0.564677101850749
-0.584663595675629
-0.478227927765925
-0.612934918396835
-0.467988846135077
-0.71667039897179
-0.542044870317437
-0.62599837337342
-0.710112834917825
-0.524057522500906
-0.527495912272135
-0.554389364560464
-0.530348537373793
-0.686744629497194
-0.597363957468248
-0.630387109044425
-0.673072056510291
-0.524654008931404
-0.685480556349494
-0.706586792166342
-0.567986537454693
-0.553539181343962
-0.576655824321733
-0.459740115163791
-0.510536061269685
-0.585062862739724
-0.461331477874043
-0.615788413979946
-0.53822591658142
-0.60743169192658
-0.488486583698362
-0.669602779819059
-0.572843779205884
-0.652165754900639
-0.459101577928434
-0.513445279326619
-0.587081440706293
-0.5979270033372
-0.504941810133137
-0.604484071372623
-0.572043243415877
-0.580758290339232
-0.507458383579969
-0.398845473581142
-0.53448825021338
-0.531823220423407
-0.506423822499958
-0.427991554118503
-0.48372573595309
-0.498758276394807
-0.46575870019569
-0.480858175025861
-0.556331904691962
-0.49183961723958
-0.631727803115865
-0.546463632714895
-0.467022973183658
-0.562094263079472
-0.469111764312919
-0.566301619976463
-0.423915327323039
-0.545844225415945
-0.452521737961011
-0.40299963121579
-0.325176561339647
-0.57967834510768
-0.397024352673822
-0.497880375616344
-0.5633842513743
-0.456844720579601
-0.431853665628951
-0.516770021393064
-0.502884881919878
-0.327700609828578
-0.692254890011377
-0.560503817237683
-0.483833172355285
-0.546307511515828
-0.391532029349256
-0.494078174048575
-0.393422549441495
-0.406262594390532
-0.545888183996274
-0.570650539957891
-0.355279789061336
-0.396117306069831
-0.509176469369227
-0.465986852061134
-0.38955742473496
-0.334408625255747
-0.48986528374204
-0.434764544560634
-0.294313587825336
-0.408741754655943
-0.408916685900683
-0.422195809526011
-0.426062959212335
-0.48709857097885
-0.500414706545047
-0.498271304955112
-0.406884232452289
-0.558800140163784
-0.41703977103652
-0.274699593401118
-0.519792152733964
-0.448786993119025
-0.417972862386142
-0.51009111540758
-0.29836333114401
-0.480383713736343
-0.415070544786267
-0.425142092534211
-0.469960495495663
-0.452849151722237
-0.34502069448525
-0.448417793815184
-0.39706124634439
-0.486504486937388
-0.437579319350264
-0.402231744458398
-0.533187523770088
-0.43389499006253
-0.367640783720544
-0.48997671750527
-0.394574103394183
-0.610728364016652
-0.338309555276673
-0.26258869391795
-0.317237889608366
-0.346970474321538
-0.477179697855496
-0.31905400920719
-0.325518433429715
-0.427102084514879
-0.246181672636887
-0.441381668383043
-0.355778625004679
-0.433311759583687
-0.338693248382382
-0.20562337372528
-0.265776743295737
-0.33268887652705
-0.36257813398318
-0.339581841629035
-0.419728760617482
-0.256612733146801
-0.383077497112061
-0.334737825311059
-0.283057594399483
-0.363039972942705
-0.325712761441557
-0.292493492040119
-0.363288383559595
-0.243957978924297
-0.210575290573004
-0.260151011353105
-0.365501968068907
-0.186672959877124
-0.254042785624608
-0.432153013332188
-0.347438462304843
-0.276603181110315
-0.319596850858609
-0.363273411922139
-0.334695774796809
-0.167897596428531
-0.206418907369764
-0.184165115297058
-0.151475663376809
-0.244799404879392
-0.473264681540032
-0.331279221739942
-0.196890827789707
-0.275918044175971
-0.293451959213033
-0.307763558194341
-0.270601616967995
-0.2873359769588
-0.12508130888079
-0.180947058181965
-0.223242524343283
-0.402787430245938
-0.253230700897569
-0.118220607297326
-0.237212317946727
-0.379817986942157
-0.255384845177153
-0.432133156940993
-0.174193458981677
-0.235595121816286
-0.0867635238012015
-0.139519042125392
-0.167252374837157
-0.208647929105258
-0.22754131062995
-0.241052040772546
-0.328163650954476
-0.205119375167334
-0.139546090254212
-0.103830807671365
-0.26501950074812
-0.152374320225719
-0.220069814098609
-0.0114465280384394
-0.313096100721184
-0.120435384054942
-0.250241442176181
-0.0771560286261247
-0.125380770841549
-0.196597650875649
-0.0635044486684502
-0.252127683471677
-0.289278449182226
-0.259459252787588
-0.0908349499175516
-0.166942111330783
-0.11006175016546
-0.12276817007556
-0.112485717190949
-0.331690671112801
-0.22928729434583
-0.239410161598654
-0.236312485093205
-0.0592387117799246
-0.115235179119178
-0.238971633419064
-0.0587893480774782
-0.115353575062555
-0.107079468515562
-0.225924769526657
-0.166259228702639
-0.201441714037505
-0.310346542061777
-0.241097830333455
-0.18416032327213
-0.310673580256513
-0.126419130863963
-0.0847729511956957
-0.122244291395596
-0.0562844982746437
-0.121722909032088
-0.182335535707098
-0.0737621466533167
-0.153848673407405
-0.0562904883129758
-0.193863539993357
-0.114045962539142
-0.0367879887051057
-0.200913573116388
-0.13225330630745
-0.062526280503377
-0.125048445009005
-0.104686719033393
-0.122872171493813
-0.0383539740305366
-0.0328794178668221
-0.091147933847365
-0.214132217434448
-0.0282310761874118
-0.0618473526394065
0.0229132487667626
-0.113690597188034
-0.0273262363645891
-0.0709780969434474
-0.0881776814492069
-0.118991705960961
-0.128740160200999
-0.205249195530591
0.080268365054961
-0.0421252063595463
-0.0228118663410919
-0.110631534928758
0.00117650990811535
0.063646574896456
-0.000362654973092823
-0.101906707988952
0.018244914301202
0.0579257706017258
-0.119676245347417
-0.154168230971279
-0.0550227694627022
-0.211986793160352
-0.00274891346152357
-0.111209713542979
-0.0246276227322174
-0.00383744623011382
-0.0543690769261771
-0.0267131384786802
0.11970680242045
0.0521610599100715
-0.0859879957680977
-0.0499180105448426
-0.0221876852247182
-0.104038919165161
0.00587009585372022
-0.0906887234812373
-0.0866182306643816
-0.0153447044265758
-0.123624193453317
-0.0611405549232094
-0.185335357988104
0.0141222277185741
-0.0582954098923098
-0.0322420273742722
0.0182941955007091
0.106955444932491
-0.0575860216674801
0.00212801567404169
-0.00278306066257503
-0.0346237290915064
0.0360206642949808
-0.100220050017753
-0.0868324737831122
0.0718615072296485
0.00616757453777529
0.00132224123125264
0.0257144317350326
-0.0557048597099989
0.0116059237296224
0.239751283392387
0.0633355722299003
0.0128960039885034
0.0720303825942596
0.0347638894145087
0.057121285522775
-0.0766993420249406
0.107358902240257
-0.0356800837910415
0.0636243803737353
-0.050589322160537
-0.0623216310025999
-0.0191046478794074
0.104309531278658
0.291442617952687
0.027772842295565
0.0956979880150989
0.0313756198969203
0.0568930670469341
0.169504341773639
0.0933817824203571
0.0434773984088067
-0.00277994560150412
0.153631301443625
0.00851124753697621
0.194253746166968
0.0667738043183314
0.212306768615377
0.192409907036429
0.0810806493139432
0.0482857911552068
0.0911527845003683
0.0841658521534487
0.0438142613973578
0.136568011088432
0.162374590151793
0.134676767259213
0.0455318915719697
0.105029709913642
0.00344403955259442
-0.0685216722431124
0.0893824477149265
0.153523341359027
0.0721839531523575
0.11832837397085
0.220725652640507
0.144974006683639
0.0547756078254374
0.123377179734869
0.0951720131686717
-0.0439233859145589
0.156224664117927
0.122081986339777
0.185175166618681
0.0176281646023672
0.167785339130146
0.317659748449901
0.0651868441188162
0.145173605482417
-0.0254851923838282
0.0879226840394004
0.149928157621982
0.112032618435588
0.142356824305277
0.253436761188403
0.0533110402072783
0.155568648662802
0.205471562490876
0.224994473886345
0.15131882381645
0.102830649559482
0.291306190622836
0.0560091848844091
0.245084384689643
0.208009394809533
0.105574242096781
0.169640703651789
0.308830071451743
0.217021394086241
0.205062379781053
0.126374915495389
0.162413520144154
0.0844884454006894
0.149533286847233
0.114431626985119
0.198322173273178
0.238692583690041
0.218745681754668
0.155668865026056
0.244546888965774
0.259478074567697
0.230888626082082
0.260104756677692
0.207086719447948
0.171483573150846
0.155413215918641
0.22693903656449
0.196181418843335
0.225154852533036
0.280453249474814
0.183165749417679
0.130196717809511
0.200227903589317
0.167399308432667
0.228832604474613
0.190767193186995
0.280881380347065
0.166597878560845
0.20294639219754
0.144563255671511
0.164203503243559
0.255998296108372
0.19267603872989
0.252994371315324
0.275832811417154
0.370517892929016
0.474629282802729
0.261259570899198
0.20812682037129
0.203732721725466
0.227030138383761
0.226377481403215
0.206872853124191
0.173916480796412
0.29494734123942
0.130334264162453
0.338901287729726
0.41395977609247
0.193516572032269
0.255912104648755
0.163695351497377
0.39388203886327
0.240781324620466
0.200530215154561
0.304568061092548
0.319711194117493
0.142835732164239
0.284476439423422
0.315771460641715
0.408742331897068
0.170182661456984
0.323421177192527
0.419857749469572
0.278658226147209
0.249632040319219
0.358078985542838
0.145479500759067
0.43308923505548
0.367338179538951
0.343076763059605
0.477834138495425
0.418729777293724
0.298965542682302
0.302198962332645
0.331518100240228
0.202274280018163
0.383306050793476
0.210383732789839
0.235413158025671
0.348803668406075
0.305147606713682
0.256670482459289
0.409340103689964
0.557407702937385
0.464813381379486
0.281612758973259
0.230583368559781
0.453345645629395
0.404144665857126
0.350469746023257
0.302658734286973
0.415721555997961
0.393473640277642
0.424039831502834
0.335883653888861
0.254744358023597
0.371345525292668
0.407994242863493
0.345927138485594
0.321062350422973
0.42869943113048
0.36948411404139
0.433602612670142
0.339935074680017
0.459472917197204
0.281898145955412
0.340345591303447
0.26232274057369
0.192107079404583
0.458020497740875
0.439381178352221
0.412737907014417
0.324651411816264
0.422256248194183
0.462531138591277
0.526474547310237
0.415485006915404
0.36243049458593
0.441474568563025
0.417301585348291
0.481701984729361
0.438849907819584
0.361964307638485
0.599033169834744
0.432538666025812
0.568590054311747
0.487710756075158
0.498616325311107
0.516740790658379
0.434065267621418
0.461458063258586
0.538999168938408
0.51086437488625
0.433361691111018
0.534138448093312
0.452373995612746
0.48167526949301
0.425907864031554
0.40954223401422
0.311925216408521
0.307627750665265
0.419974045619021
0.393500959035576
0.425495907789916
0.432069179715628
0.526697757532563
0.416429725240592
0.470284087957592
0.471963889932522
0.479645198106511
0.506648781337976
0.525444367892843
0.365458010646515
0.585476174035237
0.515364500308741
0.401830118672716
0.406443885928106
0.39209620402201
0.510440131327474
0.353558050371783
0.596693220711307
0.569358404164164
0.433047577237773
0.504938798979551
0.63434612515056
0.541651330765552
0.552433679939277
0.580330065579787
0.406921243441645
0.388318845544721
0.557807316965895
0.556040472936219
0.430204041770196
0.393070376499782
0.630151811880956
0.554777069138753
0.533818968476876
0.553213341420394
0.565368591950682
0.536402508289044
0.501867111255908
0.603864435136255
0.467653843108286
0.591399320364292
0.549080424800771
0.420433818008362
0.643870531243767
0.583284466423733
0.637031800933411
0.478296801817518
0.498788415723362
0.476270565973583
0.65967512547174
0.512141792034431
0.612133837925013
0.593015045562316
0.530542766055279
0.630457884741781
0.639656420781607
0.605793074083026
0.700776341020436
0.592788480975103
0.694922904485462
0.549121974195795
0.573288570048239
0.372776948593795
0.531680117125263
0.50816459308932
0.507212514091909
0.658267624994938
0.575790523739429
0.688402316880542
0.505136369911948
0.495964942242086
0.636118113466481
0.762195773201251
0.66145316318599
0.660911241851691
0.466675301825362
0.601100889662534
0.627326777014438
0.588433871252592
0.702913295298842
0.645208263968459
0.473496249397947
0.616049520071871
0.677296760100837
0.581021626522445
0.708733909690682
0.75212936452125
0.46403860759131
0.787239249935059
0.559886432750911
0.761789902541796
0.444385546237049
0.579998167025803
0.70382212756289
0.6504948025042
0.510381515719093
0.651972639636128
0.561968958457251
0.725595283810289
0.713195601378932
0.689144480170023
0.566570677461581
0.810256671749383
0.752105339677866
0.521849666451731
0.653743429416231
0.794910132181728
0.789125728331324
0.60630289542794
0.811389818575578
0.554905380863058
0.655808587621608
0.743260178835299
0.620828947125667
0.658622611044171
0.767916668900417
0.691080949879002
0.740705377015103
0.655980312945645
0.665491155958384
0.733608289772999
0.592883153548075
0.755225112716676
0.641758831316501
0.786982100817876
0.686946903806193
0.759126816124074
0.53525137374009
0.838724518529885
0.72946512610529
0.749817725027523
0.697076438761149
0.737168782445499
0.639204342884158
0.688165765870504
0.808539304042832
0.789422589153498
0.758098637253782
0.665713029803582
0.552300176040454
0.570985384318164
0.806716579811707
0.757990668058891
0.69012407041651
0.78474469887282
0.725120312977618
0.684495399688944
0.857956078537326
0.886994440304682
0.709809124386013
0.759170481033539
0.783163333968905
0.695284093941806
0.803364026349943
0.82101235031828
0.845825546331767
0.853287742177587
0.793516512435125
0.769792196487472
0.601188862962568
0.816036393290811
0.531622876704199
0.885402341035672
0.825985907939921
0.864028032449266
0.794229632342941
0.689186401503214
0.786185363819488
0.781270422349982
0.725967729495734
0.760781841081668
0.842499311120891
0.79592443317591
0.744550688854577
0.651412406698724
0.996574761295495
0.734527747975523
0.786710221765546
0.694871691053643
0.813301310349879
0.846664944946234
0.939613544277224
0.854444793838597
0.742108846390225
0.881535323237594
0.72518396999633
0.754878500597824
0.823550909668835
0.804458719270899
0.771298015236645
0.863283329124093
0.804002898873576
0.936029323896575
0.737925951176296
0.941963009800007
0.89699818423151
0.736311231419022
1.00619478932067
0.814010896336143
0.876301816517122
0.789253173105166
0.833622397851476
0.926656586001812
0.806040733179714
0.846327876099096
0.899703195809834
0.844300721210971
0.911366912820005
0.924552130223569
0.911245849268895
0.913941750251374
0.867260118566229
0.879907039779213
0.851265506467885
0.912080205772299
0.824910286163067
0.75417603496824
0.888633501213807
0.901825095303432
0.995038957290812
0.736265505004987
0.859534426619913
0.899908785806836
0.821493941376161
0.741981566342613
0.781185883892118
0.800964949874441
0.864588759750403
0.798564915383238
0.878930694927975
0.885258249847209
0.954209538390004
1.00009830884022
0.988360602388632
0.788072987861115
1.02744955449999
1.02081798492682
0.953595358574109
0.911811006275411
1.05775591288559
0.945291816418182
0.892242412350789
0.993634721371006
0.928317701260608
1.10289605712865
1.03622528775988
1.01134140601043
0.796136563665905
0.927994927742789
0.99778874297693
1.06708980061292
0.961401685065217
0.99911142479697
0.904621283049302
0.944494799244715
1.06621921761283
1.06204669345839
0.966753173016111
1.00122579244745
1.04122673306487
1.12061303297016
1.04533301938215
1.04741297237973
0.950993960930576
1.02347309848652
1.04916416511814
1.00174442217248
0.88317202943041
1.00540984826703
