"x"
-1.05393359604798
-1.14240461804785
-1.03236563974389
-0.927140107106469
-1.02335721327535
-1.00082215168909
-1.07767802095818
-0.965451319806569
-1.16243250528513
-0.997976929504191
-0.952594431337915
-1.01818863740008
-1.00614445104369
-1.12845225622605
-1.12135728026972
-0.989663024736032
-1.03176946118846
-1.11040111742603
-0.847384149101316
-1.0253003467091
-0.988267317646656
-0.880323236991195
-0.931071711973768
-0.966676405141857
-0.892358138541009
-0.859849329195076
-1.01628228351923
-0.852762524477756
-0.933570894101425
-0.887550512050798
-0.923120372564119
-0.906034653075158
-1.000326908879
-0.837863606239108
-0.868332652962898
-1.05653123489981
-1.02497672065363
-0.940853948480484
-0.891985158209432
-0.974018298329223
-1.04610697453455
-0.796516520052587
-0.972811728798075
-0.983971066430219
-0.935176267609943
-0.933063471874216
-0.98669718986346
-0.955111001663469
-0.874000705616242
-0.974712435480972
-0.906863956126753
-0.946591410696504
-0.899052239230234
-1.05646464727163
-0.875452092411964
-1.01326027558315
-0.947607394479189
-0.736697533278313
-0.789364856601092
-0.896414402273014
-0.877842887236541
-0.873230986669956
-0.696345534325781
-0.871097915966614
-0.932965167514458
-0.860091666071333
-0.930204863299569
-0.982305694704955
-0.982462387080552
-0.826160568380033
-0.776623041678495
-0.875789415135686
-0.827911696119648
-0.826929345092468
-0.959415795402682
-0.86651890746714
-0.903468645104177
-0.643892125878667
-0.842819974484589
-0.741310457469873
-0.712681461666302
-0.754422387656534
-0.881082686352959
-0.880926650236802
-0.987154093813552
-0.800956365597368
-0.793631119299218
-0.892917450432092
-0.793544158734138
-0.867075237619906
-0.773645809991477
-0.850484188041397
-0.936605256389188
-0.815584906821034
-0.789123246211097
-0.696449657141351
-0.723557193921471
-0.732885345288423
-0.715289688679103
-0.715246434508637
-0.877007161956652
-0.736931699531105
-0.612286919778215
-0.866323317719638
-0.808803448783244
-0.818932307725607
-0.87276311418804
-0.788521321854584
-0.744703489455076
-0.694100006127789
-0.695391595578264
-0.791975322886388
-0.703792895366099
-0.881207489748796
-0.702931214591189
-0.907485312665329
-0.711128387342014
-0.921476265816403
-0.667845280887806
-0.884203696242835
-0.742820651353262
-0.816454304526592
-0.820993196203752
-0.949447611179288
-0.751329296077496
-0.841621702228555
-0.735950165221791
-0.641130523515239
-0.696567551494833
-0.680381275650469
-0.676270096031111
-0.788047084096367
-0.815042995849363
-0.878294931646818
-0.898213432227137
-0.799360934753271
-0.621671135867656
-0.62685018126787
-0.739791646071433
-0.69300593098102
-0.799009900952303
-0.464388788435584
-0.680984640629223
-0.756655852372653
-0.633195874998475
-0.543488962750336
-0.887832499380093
-0.556299182222654
-0.69790742353677
-0.619213165211775
-0.795680274019193
-0.676578122385869
-0.805590514526086
-0.735254914044448
-0.617523262827182
-0.647175249863291
-0.591480654570462
-0.622919363617315
-0.611589433727409
-0.683741226621526
-0.621061998032705
-0.71383117802874
-0.619385085934418
-0.530242132762157
-0.66937967711223
-0.62920981878476
-0.723882938227171
-0.588858545927015
-0.581583148285299
-0.695159187356621
-0.754398192396835
-0.615981113736911
-0.651220886581052
-0.635927918624589
-0.589365023049876
-0.511752135507748
-0.550479427991877
-0.589953037627502
-0.641204415696281
-0.667781247645266
-0.734199084405174
-0.686720277245953
-0.430425586233477
-0.590761293100565
-0.622471027223536
-0.695808674384303
-0.560224118588991
-0.575008846940984
-0.726165116375191
-0.602169721720977
-0.698400918348634
-0.612744322839931
-0.730170729540583
-0.705775339342447
-0.49940716193738
-0.644114819883189
-0.638926415563898
-0.65308106114574
-0.721632392055219
-0.495385685973676
-0.668194392797489
-0.634116893941049
-0.648268111578856
-0.609110522450869
-0.60244428494056
-0.506800134709355
-0.658632721176773
-0.590105458964811
-0.637515675773739
-0.517577700356006
-0.487534969256964
-0.489169568542929
-0.567772389430367
-0.497333688753403
-0.527441864990103
-0.541268785636534
-0.462186686459437
-0.497829791056647
-0.607381574189859
-0.598777021281876
-0.553076005325278
-0.58955979066932
-0.626200510435608
-0.541259613241434
-0.430655862927672
-0.559344035401982
-0.489771004502879
-0.600381601145941
-0.526045419921824
-0.472840845801963
-0.439118899898735
-0.606988930237338
-0.496545552077734
-0.542072065365863
-0.525577358715196
-0.46606116198678
-0.540985608950717
-0.548982145817607
-0.566786550026279
-0.536645252225979
-0.593254299391983
-0.568474585105472
-0.489826784965444
-0.638060993643759
-0.521405416038286
-0.517415562854611
-0.50076788842806
-0.562259888769364
-0.472064892753065
-0.532145161053763
-0.511067521676872
-0.613842925069567
-0.387815462880123
-0.615826137147561
-0.50513421984529
-0.583575972737629
-0.518181571182758
-0.529908327320507
-0.460150796038105
-0.494154204432541
-0.620204409773613
-0.626932547769264
-0.35842936800721
-0.567852262843648
-0.411677903464322
-0.491438209776282
-0.433720022584441
-0.533268198218332
-0.414323985280691
-0.402216793199779
-0.336733999496185
-0.457907887213542
-0.585716558750398
-0.440960438572019
-0.41822723593282
-0.352868429232402
-0.460560169131595
-0.484005638625364
-0.516931673872152
-0.43469820242818
-0.473306089660992
-0.540808032815333
-0.325863674788899
-0.42425178697195
-0.419113523598788
-0.399023887267425
-0.387572281587625
-0.362068184938044
-0.326121954595989
-0.34405953333718
-0.433093596862321
-0.262643495080385
-0.306007337709456
-0.537277510573335
-0.379332783181216
-0.401560221995428
-0.446545497941975
-0.216320858535058
-0.446496584398577
-0.42677850701439
-0.410742542420779
-0.368866332479241
-0.375338606140159
-0.489024560711452
-0.332501279438728
-0.391257057201774
-0.379979071082114
-0.473093624139572
-0.478137136293106
-0.360791581028378
-0.42773521138892
-0.3242780850396
-0.305248430913507
-0.398359045805592
-0.347573266100014
-0.306769152494918
-0.439294198695653
-0.165898453099596
-0.441296842818097
-0.248871089630445
-0.369051608696314
-0.400741684414929
-0.398605365652384
-0.401275536523728
-0.357927127518326
-0.455012844977793
-0.133913091425801
-0.345726830620779
-0.360073273854965
-0.17062923567664
-0.33035178707023
-0.258741364280829
-0.362442676338329
-0.325418452973875
-0.337253580113286
-0.428292796200144
-0.345189217184428
-0.411987810738446
-0.408002307536851
-0.232687321545334
-0.340907659764491
-0.371177493250517
-0.241072733108955
-0.418636081164248
-0.382793935292401
-0.236530269259393
-0.373482450999523
-0.475781003529527
-0.424299591015939
-0.195738912933142
-0.303736251829022
-0.287507466870618
-0.199559918622726
-0.287522556402291
-0.20760643790218
-0.251066238707646
-0.330957684722957
-0.275793706902613
-0.426048301358262
-0.211250705373067
-0.37330127329648
-0.378486833005857
-0.299839055717386
-0.270339883591486
-0.1729497953849
-0.404566585649656
-0.309647711537811
-0.32471748403856
-0.171569679053653
-0.18349078466037
-0.239100927128802
-0.311500151784348
-0.298203872828733
-0.392775037636778
-0.250411707933326
-0.21746738956958
-0.323458000245643
-0.273055507804506
-0.311910089224617
-0.378756520556205
-0.28678327805418
-0.243217118899832
-0.370924792773149
-0.229290172456943
-0.339822113673078
-0.315436361560652
-0.371645664219851
-0.174773475746324
-0.231460594805559
-0.221799937760284
-0.171463232897474
-0.156932674097253
-0.270071790642551
-0.0647602628954801
-0.360104785632725
-0.21932178901103
-0.214696083443266
-0.138766417000072
-0.28096141189068
-0.312180899595425
-0.262907059588907
-0.107312684120146
-0.204269883743362
-0.274190079667375
-0.334890876318735
-0.0432488298613249
-0.0685429062822153
-0.357068524813486
-0.227435532260262
-0.214687673003269
-0.271012821336013
-0.0447432101609968
-0.174019881630417
-0.253121575509735
-0.204697347502179
-0.170316809547763
-0.240217859051722
-0.1767033048898
-0.0746925666247824
-0.157958986033314
-0.0987588711451134
-0.195337660837744
-0.15619484985517
-0.192945299173713
-0.205827585822377
-0.067631029785373
-0.0972999130762262
-0.1916435139584
-0.0844343093748909
-0.00767991450373122
-0.106762609854404
-0.0831292243293796
-0.244343939933563
-0.15496628569848
-0.0559089835678091
-0.0573452876241579
-0.0684466060615098
-0.0546529662473316
0.072326725524913
0.0311248314676926
-0.212084374274726
-0.143344726569139
-0.0576401298579914
0.0867614393791851
-0.13557933290061
-0.0498197535666511
-0.141430308210397
-0.0618192162573611
-0.0622977766035032
-0.271404216265108
-0.14532450507951
-0.126249808051075
-0.129934012782815
-0.217455187453892
-0.00909658690206617
-0.093444241216755
-0.039585994802734
-0.028550645442329
-0.0534315078281177
-0.124899250247312
-0.0725916109880574
-0.00237122547642501
-0.0374401032520876
-0.0387371146902197
-0.176982651657825
-0.115305182194152
-0.0470831957464042
-0.127207625953331
-0.147906344945759
-0.1414862702044
-0.0993879089010234
0.167372706751676
0.0915601067559091
-0.127588264624257
-0.01417507884953
-0.0254040618401357
0.0548553954692114
0.125675795007748
-0.00596747876607423
-0.0644272856921067
0.0345711795206505
0.0957399986904071
-0.00435940369099545
-0.00337977715912956
-0.0174465954431742
0.0183061498403268
0.0321307406416827
-0.106326429366517
-0.0545881729341865
0.00588138198383169
-0.00228377978680466
0.0153372622411276
-0.117982966079502
0.120282743501615
-0.033310714365812
0.0690480735030753
-0.0164440262988776
0.0186649259970691
-0.0934877353855228
-0.0222259391646218
0.0106856789359466
0.143461224329949
0.037359062686076
-0.0186039127737549
-0.104101641861939
0.177451005496683
-0.0131195534122516
-0.0384474429795582
0.107985138837508
0.139834805778501
-0.0251394838322492
-0.0258424610270375
-0.103218750989331
-0.00818222534230267
0.117118173860278
0.0653315101927539
0.135268272541942
0.062489432769388
-0.0342984635227621
0.194928951014967
0.123044883062261
-0.0699173714756019
-0.0794970651098691
-0.0362660649298387
-0.068983560021775
0.0556723526752438
0.0872442295040498
0.174836544478557
0.146644061291835
0.0490147991100788
0.0545780246416565
0.0494702720377373
0.0541458710274098
0.133645225800314
0.327071246773112
0.123978754288953
0.075346998412717
-0.0288088721204787
0.0630924489158276
0.0612071312153046
0.140723036854722
0.148065718033805
-0.0320087449044895
0.0655150233760006
0.211816611423847
0.064466351594502
-0.03423833850206
0.12588274616468
0.0429302882039706
0.103142823130304
0.102524996599699
0.11535090189674
0.169025254011805
0.0761776437641814
0.0586344124745039
0.106320311088081
0.0463682124112013
0.122521192244966
0.13757451690877
0.128545807791369
0.20467791254028
-0.0591726422391885
0.0982755844162679
0.161357641101695
0.241178228340754
0.0407607894342094
0.0272774844933879
0.183591778377322
-0.00736796120533523
0.184931046598734
0.015395995882906
0.271511032903512
0.185538042866056
0.150462509197562
0.119860122832394
0.079534501181994
0.260363396248646
0.0709659575023363
0.226555611955886
0.00975521765898992
0.270924201726293
0.204135145762499
0.126809347674521
0.0868097816806684
0.337840901368827
0.249004922983283
0.224161560053287
0.167812711336597
0.0640070648603644
0.0637043895419235
0.11397175266224
0.0332567066586549
0.241352342809967
0.301529426681516
-0.0367803299230019
0.266356580370708
0.293880755203788
0.225275170723568
0.244133932748185
0.185949561428338
0.124920994768152
0.16409537678883
0.298786109830189
0.0985349903038307
0.337286863151005
0.309702779366309
0.175556746587177
0.227916566945501
0.23250850174769
0.252690348271858
0.289536052857278
0.0833837348578011
0.210540214277999
0.261112299258501
0.252575405746284
0.383000641899352
0.272885858886509
0.230167748271053
0.265578841871849
0.251172289730093
0.136011117151659
0.261382938924338
0.306323607422601
0.06448021094375
0.190110922664061
0.244619261183899
0.388361596904027
0.153199306276027
0.375133731609752
0.376010209868786
0.266762736734498
0.148631165449619
0.285966502440151
0.259463255071752
0.335011727771356
0.19423653075528
0.389459113733942
0.422245743874773
0.288055332551834
0.255089784053371
0.271903809039354
0.222067772460425
0.402259196648883
0.447047884395568
0.327321052908557
0.19692099251777
0.130499996288042
0.437036836690125
0.290430566041144
0.225960416020915
0.331361445930923
0.262464968546995
0.407483640068329
0.281220395983095
0.283693131119251
0.268814794258527
0.245848483504489
0.390524249469008
0.288047549708325
0.475050201815054
0.288270943488506
0.342155335925885
0.369628609438871
0.383785257339625
0.310790490370531
0.251013316903642
0.417219353611122
0.338581713076554
0.437589156929986
0.312063338929371
0.450459067199362
0.334615924121141
0.291578314403676
0.344148219410305
0.46523689030476
0.455229109742099
0.39223779849224
0.356645657353908
0.359889479281144
0.304104829370129
0.170024438608924
0.440882578419803
0.189676705700754
0.213054615205041
0.414305941189222
0.426364475845295
0.41625923717618
0.352949460207747
0.342257303430567
0.3501872035512
0.37860293050879
0.371795076440934
0.33712841476344
0.35043772698694
0.387107249194291
0.336075631484927
0.284686577346556
0.375520814056911
0.45268891904469
0.362262142424213
0.4274301825194
0.332110672179088
0.343785209763869
0.317196866348124
0.2213390580067
0.571077507470622
0.470045649669431
0.350638766144132
0.43439636972198
0.513510297508905
0.437889051676955
0.456646372374481
0.339242233539339
0.356874947505533
0.427868010303211
0.357297978876067
0.306720116420294
0.405338791124126
0.307583190588776
0.419895664178495
0.50526197140772
0.488845984497105
0.479171882840691
0.487994059587085
0.5363496690016
0.438129980526566
0.505771473548355
0.38465782301299
0.620955970128261
0.365529539930849
0.553720672472433
0.404018286244052
0.429355822724856
0.512362107773916
0.412722077431708
0.53356227490293
0.522593210767301
0.333307468471595
0.374581041470247
0.421461704589952
0.386545683713016
0.592759334776707
0.620306470266904
0.674109289702405
0.457817172010014
0.476334141213691
0.591085843471657
0.484294709489364
0.423746560424368
0.48563164705299
0.485491864113891
0.555167802199632
0.491435407014331
0.63544890735466
0.353045239755127
0.607549571151019
0.573668239621326
0.465247752307165
0.632432677304164
0.553342256831642
0.590594804759638
0.666316537565706
0.534418788750903
0.458890792947275
0.475069822580614
0.607175594132852
0.47828426146747
0.482908596069873
0.580400985166383
0.578693925538357
0.524576211955464
0.562655909252368
0.50857902730398
0.734403903805494
0.710995882832352
0.405627167198098
0.459645909658522
0.555581142774271
0.559105930514471
0.49686557807899
0.356408606880453
0.471323831959775
0.547626165765944
0.589326744809016
0.587919460095095
0.46544483584264
0.686398050157637
0.646813046278238
0.58323154253278
0.559162621549599
0.69419043591493
0.418366929108104
0.371686881791214
0.547967153124389
0.533918148539141
0.55349054869654
0.472178166023514
0.422458821724737
0.591112971417646
0.566211950168731
0.832999203410885
0.667280371043603
0.588572832146954
0.607503642929687
0.700636693516045
0.643213987847541
0.663905817290486
0.633507314559663
0.58508881084161
0.588238572716517
0.559078056142675
0.696898363613235
0.520490453653247
0.689845580756994
0.681540122306613
0.686210077599717
0.753843086987844
0.583561812573591
0.689770168224736
0.626502737164297
0.687672564572425
0.607131514512477
0.727843183710986
0.836289391723778
0.83504206673999
0.660808248140246
0.619060668856025
0.651835614018691
0.805290842737512
0.64654082710279
0.702191133259744
0.719297338671843
0.656221222803566
0.567053617991412
0.59964667744478
0.639212069819584
0.571801612803526
0.771134978178732
0.590167016718881
0.631117582011808
0.502989140501001
0.606363904263746
0.65894507979906
0.50911183150391
0.682428662998965
0.636266883963813
0.737833062998577
0.617927214377604
0.737184736264257
0.67876805721921
0.538130235612663
0.598572806822206
0.744568115571075
0.79830550008527
0.831561399952901
0.701283262546498
0.725541234870792
0.774622272653007
0.62844667800792
0.592661773847179
0.759972684515916
0.730186579511732
0.727549953008902
0.748769579096898
0.801970949529547
0.675639917794814
0.787195590401061
0.807248136743982
0.646429947363974
0.65166106958309
0.690028739040552
0.710232719795705
0.854811410078443
0.828647514730892
0.600907733365994
0.710554659137015
0.888683918003615
0.773934287186215
0.810429115337083
0.657498027445166
0.855139751905875
0.772143210622822
0.810260170635295
0.765623719701207
0.803651087100512
0.910834715839887
0.640136110801902
0.841735932086515
0.807364983330138
0.782336012341115
0.746163273040046
0.798033727935817
0.885608248001559
0.800162290309763
0.816292570951312
0.781817767836226
0.794150078058983
0.742093287685304
0.768983582812231
0.841757015031847
0.701207519732722
0.598870218794476
0.982751425849187
0.684866068954357
0.874846733526733
0.863275086905642
0.85921199002868
0.704121175005888
0.842777398624498
0.908909060018043
0.745381237959001
0.816189953440006
0.837245539285287
0.888864682495283
1.01997731023656
0.841256694834251
0.664485749144377
0.741477673776349
0.809335095547258
0.887411957046909
0.779372728835318
0.859854969601649
0.867093806812789
0.833935743095315
0.712585664631883
0.890820584256256
0.836150658329908
0.96515626971996
0.906966825572508
0.749501269487761
0.943380123584113
0.848216826979616
0.803242783939006
0.734573820202414
0.848606974372465
0.813166347759111
0.856204380309661
0.938928018468561
0.877695050973299
1.04793296154797
0.866916993190394
0.882219373301962
0.676789857665501
0.95855701901983
0.959965940522923
0.933136780947708
0.853938245636365
0.913786836418161
0.839722736092303
0.81326264587912
0.837710211193454
1.01055702529874
0.945977714371973
0.874822799123505
0.91591792144341
0.889969035223103
0.903641459448469
0.932427123307168
0.932157085583902
1.02250632804111
1.01701212769875
0.898320185094059
0.808020858943615
0.836658072032604
0.887928762119666
1.02388153587895
0.918778075892902
1.01790968274282
1.03939517066587
1.00632110898065
0.866859579809399
0.818372778564171
0.896771900140841
1.01795464184345
0.861185474527764
0.931921450152359
0.965541570635797
0.922493558683532
0.84648870596512
1.07527526245307
0.89586676582867
0.76587842086085
0.895975245264512
0.894219423361527
1.0329929195982
1.01701590000951
1.05763017334078
0.940659988512968
1.03601053508935
1.10527365645556
0.997820359912791
1.04982574507877
0.965522626201343
1.07003093312669
0.97896298357875
1.00871227349099
1.01893462703279
0.920590599618079
0.942150339871929
1.13701418121575
