"x"
-1.10930347639108
-1.02823644297999
-1.04816995338364
-1.0102719469446
-0.912117960065999
-1.01655098069726
-0.925205598051159
-0.962716376663608
-1.09640653601002
-1.09254440126207
-1.02289253799255
-0.957046680724423
-0.926470173291033
-1.06414050472812
-0.881619010423595
-0.977919942298414
-0.921797781869462
-0.994718006612965
-1.00013423217817
-0.891380210544293
-1.11315316407243
-0.98400350984746
-0.876175718034898
-0.857747315926937
-1.0325696028416
-0.916394527270586
-0.906766594678222
-1.01143788792934
-0.971318768342709
-0.942761024322563
-1.07949256613621
-0.880936230009901
-0.886882325122644
-0.812056850367649
-0.85091906350612
-0.896927310098425
-0.803226660515584
-0.930024454231645
-0.882338289123617
-0.948222533462355
-0.872009315474186
-1.07641287302748
-1.076923334585
-0.974025585983778
-0.836973062924469
-0.935844077320229
-1.00854659055415
-0.849617210104739
-0.793336941626573
-0.906679490103855
-0.879077333370341
-0.887990283533854
-0.872006602778029
-0.853380418749865
-0.886319005246856
-0.825958087967647
-0.894435032528412
-0.838211058572792
-0.977142682538937
-0.968813653797564
-0.838266034207581
-0.888215312306187
-0.901066566696576
-0.839877026868154
-0.882740101866577
-0.947065719475582
-0.9084202032456
-0.804586940498704
-0.899434112906218
-1.06631054590553
-0.937201302894343
-0.910841457307629
-0.967814774969755
-0.787241261961647
-0.835202982888954
-0.872180403398528
-0.898544063972858
-0.904796608991347
-0.857413917646016
-0.66217000958242
-0.878642464085883
-0.83012466658811
-0.814934739528201
-0.867205141907902
-0.899200081156555
-0.830832031114263
-0.781780500756867
-0.874382351078051
-0.790342569554225
-0.93505691290567
-0.79518823903472
-0.730037650598275
-0.854632027483468
-0.832159239015019
-0.76525214204985
-0.871065551536531
-0.846342546460133
-0.718959252804641
-0.788436872421709
-0.697412748151984
-0.847814028986105
-0.739567719728888
-0.742802402874473
-0.689756635266128
-0.735845522063782
-0.918965938822876
-0.625133161162984
-0.720518399769808
-0.742364919984636
-0.808537045615641
-0.850825486398644
-0.863966800205046
-0.784755867802754
-0.815830392844372
-0.850850883051207
-0.820218546681376
-0.874064871906159
-0.59744311846263
-0.787774740001202
-0.77007880093672
-0.768537145698283
-0.872037949630094
-0.807067069486862
-0.585912595850164
-0.485433853666478
-0.653953352938985
-0.704470845222623
-0.743955632857418
-0.7484186756314
-0.832862036816404
-0.760799019158911
-0.747320093119294
-0.736158804544872
-0.696722508431788
-0.640192765063809
-0.809139673458814
-0.81438308284014
-0.829162794163301
-0.580276831417475
-0.673586164699011
-0.644219603724459
-0.74724252302183
-0.688715897364568
-0.703859558944775
-0.623450226730126
-0.745323416467858
-0.783438922067283
-0.762791461491441
-0.65084981994382
-0.594571685831666
-0.562218477804473
-0.662172314813872
-0.667467026690673
-0.598866823621977
-0.729477094211157
-0.692335151694239
-0.810829677174807
-0.770698620841231
-0.554664550355857
-0.640977178791737
-0.694052844944926
-0.685950465439293
-0.783215512707075
-0.779461046220963
-0.711572076606412
-0.822989466127451
-0.609857311009278
-0.56207023852546
-0.685215256408865
-0.545847479850795
-0.655842969099703
-0.626750570777202
-0.666037491181216
-0.596555161955721
-0.637252743873525
-0.655493921182698
-0.493825677559192
-0.585641255996472
-0.563277627593198
-0.747244954938807
-0.694859364775013
-0.703870696725134
-0.640440850859104
-0.619052423295863
-0.581549546664188
-0.597480505045408
-0.642708189672573
-0.686859437483817
-0.568358001947821
-0.697972687734205
-0.613254272687177
-0.605054678883657
-0.60883875171185
-0.4602182166092
-0.577528539994677
-0.641468936489093
-0.61504888708013
-0.641941838417597
-0.670744075989965
-0.549028391817399
-0.559960252591238
-0.587895197783468
-0.666816501867721
-0.592685195255399
-0.492830033828377
-0.626022114875536
-0.527522489773846
-0.567436032289422
-0.442432002299278
-0.538955378723961
-0.609763732623789
-0.515605514509521
-0.437134412993472
-0.500991452376035
-0.549548948772766
-0.505388445259348
-0.360712447851787
-0.537940387194262
-0.552011261753369
-0.482949663531534
-0.576131060184699
-0.565969311669513
-0.708148565609999
-0.548927416672571
-0.56846030927768
-0.424573093768492
-0.470069846895003
-0.676024511607446
-0.455665686614837
-0.563741084896315
-0.544105052076402
-0.619578043699347
-0.448747053460768
-0.574557981661245
-0.525274670003817
-0.52638940061121
-0.362192448719025
-0.42548680496137
-0.523532067701793
-0.531793433238474
-0.501270198850368
-0.521009517164133
-0.690432770062721
-0.563624663732884
-0.424985191976851
-0.66664715662587
-0.321942117628555
-0.593049983615247
-0.515135429677018
-0.54801659792006
-0.387316050523455
-0.648146362939413
-0.341979416824599
-0.698397727822866
-0.582512881017487
-0.449129860201807
-0.487082296866393
-0.530164242253371
-0.471362169362802
-0.493616125924127
-0.400719920922935
-0.507017735432384
-0.475373000230088
-0.294045736370033
-0.507810997139819
-0.617880831616237
-0.441532167886219
-0.416929324504953
-0.493708488405588
-0.463883211772127
-0.322762891060263
-0.381690889568146
-0.550679355150748
-0.554724163249188
-0.336418736862502
-0.368407819636009
-0.366759332264934
-0.430190909435664
-0.591152242183593
-0.495572451036961
-0.544162066922452
-0.314885367632241
-0.556326394452714
-0.369780100052702
-0.356023065544309
-0.306022430497241
-0.328050812846201
-0.625313531905823
-0.360351994442602
-0.534010280354659
-0.659185011341066
-0.315578776786365
-0.551869518558546
-0.459242866864465
-0.453126066464101
-0.391789349141544
-0.385430182021033
-0.449523664875865
-0.427329841362018
-0.301832259731833
-0.330012219064449
-0.532577225689222
-0.424815921931476
-0.500140371508511
-0.492210667063993
-0.396427552027441
-0.352417593847933
-0.314852820318578
-0.454232489147666
-0.296325936167752
-0.448832540115426
-0.392031072702869
-0.372069527995133
-0.421929748616328
-0.311667746803919
-0.454431916728135
-0.215658586279746
-0.229829246804108
-0.299129468820137
-0.479798946521309
-0.327887748981937
-0.43461151661432
-0.41875865871
-0.338579017056376
-0.46796108068136
-0.294906007827025
-0.238123605386507
-0.302643178468032
-0.420994064843365
-0.3231586366186
-0.355840857395032
-0.330527785618298
-0.29855224964608
-0.124875812969323
-0.395849905437865
-0.310080556646781
-0.323762879505064
-0.40489924905259
-0.535771938639461
-0.347796661247006
-0.419500002278411
-0.174243147034991
-0.320598570907729
-0.336039760405431
-0.204931709357654
-0.123464451382513
-0.361471388445355
-0.144695473297228
-0.393593524854699
-0.302283326737128
-0.29647567464619
-0.402769042339769
-0.0983039425845415
-0.197186201840211
-0.349839478522237
-0.327469156681742
-0.330688416141728
-0.366344388073791
-0.300080725403812
-0.323321094573638
-0.259274078089067
-0.421999158084744
0.0214770632053735
-0.417968999981694
-0.209957747018813
-0.323099415018662
-0.296761813117819
-0.0929547442183969
-0.367732248717224
-0.31181540036614
-0.277291627305879
-0.109181352631523
-0.200347124098497
-0.1467534804803
-0.186535480869013
-0.202464408210725
-0.194236247330306
-0.242104901069089
-0.265425185023984
-0.449782691650298
-0.257556194149597
-0.302394281722211
-0.198362364796871
-0.0763692454398086
-0.324434377152786
-0.199278880167509
-0.329276045289972
-0.236759864057074
-0.292431878677852
-0.300455326995168
-0.25657553325826
-0.0836570705789969
-0.106579622229897
-0.191645740813276
-0.246952805995183
-0.169985811496738
-0.259174493233838
-0.323159033618982
-0.203139024302791
-0.270146984234247
-0.184466939924966
-0.30073797528296
-0.135728838843295
-0.35208881784127
-0.200489974702885
-0.208111554494019
-0.267762645887316
-0.147946657534986
-0.20955850492125
-0.131058455617588
-0.160402310251183
-0.0998611777660821
-0.0398850172625328
-0.182648711063651
-0.1204021205975
-0.0242496991899819
-0.237581014974994
-0.224091752747776
-0.18298363742525
-0.179521480094118
-0.0891090356390038
-0.224679770267867
-0.154983027081853
-0.0943267450900285
-0.248210464011118
-0.196443890599739
-0.0973243322013027
-0.0514399097508828
-0.153969742494589
-0.147497232734074
-0.130902479334343
-0.172486021899076
-0.266746580103013
-0.100613413002255
-0.105686544497069
-0.161004990469778
-0.205486970244307
0.0164371911740243
-0.202466937139453
-0.179306592794596
-0.10943080740697
-0.0943555051043833
-0.0238228204216801
-0.00655949074541906
-0.147186287127502
-0.178151376546838
0.186794562008654
0.0175440859432779
-0.0587753442211117
-0.283394863846498
-0.215137921997117
-0.245148527226116
-0.120439036881578
-0.160731130898364
-0.0765873116931819
-0.138090520152609
-0.0472488825581735
-0.0960790635982798
-0.135455257277606
-0.119040179832037
-0.0476738945782184
-0.00903289574885819
-0.122904620993258
-0.15288818700964
-0.132267792059929
-0.0290331349182745
-0.0120356185702371
-0.0729925738459286
0.00156967834716581
-0.105683125662306
-0.0337754847321805
-0.0589367856201329
-0.154569611526026
0.0528273979028376
-0.0507113809766542
-0.102026555718007
-0.0379525062220338
-0.0283193644313752
0.0101551813552781
-0.126294467037932
0.0753217675439016
0.136081126180087
-0.0939478321849678
0.10354444783764
-0.074289627231307
-0.0108688604265007
-0.0740556506754445
-0.0324530170944128
-0.0433581127319256
-0.132517845169336
-0.00854133906223813
-0.0616515783842069
-0.0516364492666821
-0.023506549155999
0.0993983314665835
0.0877908014795638
0.00222442740622322
-0.0797266779441728
-0.043927714587164
-0.107853046741498
0.0235722576871334
0.113673383515665
-0.0251626315120842
-0.0193357659942661
-0.130265414254912
0.196697596749282
-0.0914887132535441
-0.172756543225429
0.105926334062571
-0.0232738808960932
0.0647058663029111
0.0957337679808273
0.0241274456135582
-0.0152115138038126
0.0488740336404483
0.0511384892826039
0.104129567070897
0.10453747074639
0.0921890059301846
0.0396639160845634
0.0756054706985013
0.0897423256165438
-0.124384464403886
0.175871853592557
0.0580839925286856
0.0334135435429846
0.133892193141881
0.106013152459121
0.0298589824768265
0.00182298829385027
0.116692499236415
0.0986942603421266
0.110705837260957
0.0921169775368587
0.196951743312335
0.0190977320574923
0.0274798237761792
0.00905597753613546
0.134578043510216
0.146604086286815
0.106940023415476
0.22398716050224
0.115102163455372
0.029442713387828
0.0788497460727097
0.162439437054985
0.0800204596336498
0.0375789893500482
0.0274936863311755
0.0541865673803614
0.13983677738143
-0.0185765477291238
0.0918304474125705
-0.0144699133332094
0.190816392817944
-0.0502447324237165
0.153435101853937
0.151549616705098
0.097362372806494
0.264844829384544
0.293275639901275
0.222230719992599
0.155143600679244
0.139187144894814
0.0463940728083159
0.180981902918116
0.0751845665200776
0.0511241854285356
0.17561704379203
0.0211382445379647
0.166118748027227
0.154050754957683
0.0802230001907563
0.126961854586264
0.177326229138624
0.0792794277187036
0.287922138728305
0.263196551322993
0.114789094070618
0.101450378424416
0.104371482703283
0.104684595091637
0.211099721222553
0.176638723964011
0.157587606977977
0.250098298062394
0.0687441608063162
0.360629142684184
0.237730250354259
0.140688391717172
0.209381011773588
0.128582592790278
0.190562843755508
0.28843664583318
0.0566499374039816
0.233785081518717
0.171128384196694
0.029119210103766
0.158091006194114
0.107898750690587
0.239860850946227
0.114787053535854
0.268507760798016
0.270198655609853
0.12848601869465
0.410502673237585
0.287326068736474
0.0787573980823113
0.160185571508296
0.0995747494472426
0.245933117969638
0.289848080244911
0.245574887760467
0.305270320918601
0.309700165885326
0.275842660955738
0.250960473112528
0.321185042456686
0.263417847713543
0.154759723534905
0.184288255580537
0.270006727624697
0.197963776829313
0.307699664914372
0.299019490545826
0.324844393966317
0.267207927618079
0.273699883657784
0.253021268846913
0.317129642870516
0.2941456330032
0.323091924291144
0.296452129924751
0.309946419691657
0.296206727852834
0.245281609089624
0.337715443607489
0.339399525044905
0.258897352117232
0.201556015268655
0.288428186519905
0.330588721598208
0.380460190098457
0.44636549235034
0.267349255533305
0.269881475356321
0.31390836491304
0.37778918807416
0.294673876195013
0.153409455684976
0.338834981348912
0.180289047482613
0.262898010883914
0.277437058259501
0.253515809338821
0.365198478766341
0.381916625494514
0.436846544391492
0.233557653819123
0.340146954145904
0.305170293291751
0.313023851794371
0.262690748311687
0.255707277320528
0.236781312464609
0.402326379845495
0.423403126618419
0.202329362475572
0.30940919154529
0.231488242615289
0.251150054043105
0.197009625837123
0.2507693767357
0.405375459764578
0.372861188229696
0.359552493373272
0.307426635325205
0.25258273508891
0.467414799627545
0.439953707399506
0.556053558321908
0.518454370890792
0.289593400110543
0.393857029587183
0.451989431776527
0.357418656177125
0.418344183490177
0.527434768404933
0.284127388276585
0.341166024256784
0.451979363122027
0.366018158408598
0.342457265448239
0.520982575912283
0.394334083168695
0.297528970141118
0.242645010812479
0.440652898714048
0.296889468117008
0.300753493381491
0.357659587805692
0.313715432034228
0.411732201325618
0.435703591844332
0.314389654785883
0.402735451086101
0.255803229974449
0.375506763962871
0.346409538663631
0.525633670174501
0.463984856723198
0.493273000434517
0.407601318150142
0.392078711493867
0.275878693132546
0.419501862954181
0.524222352456553
0.38767605215264
0.365490721098978
0.456037955623754
0.477190764598148
0.462597838542136
0.371517678713006
0.482092473080229
0.526072338159615
0.511691483384132
0.277251664702649
0.433373265251274
0.407629446232319
0.570901577186876
0.536247868669402
0.395643257652897
0.405471390489021
0.449600109772629
0.457382205723426
0.488483348066832
0.386642265269279
0.437880838925504
0.463134107725269
0.603800734605569
0.517285968688049
0.574809205016749
0.413069895957812
0.55060634100771
0.516257956636851
0.521688863937879
0.503500669948536
0.607937665000859
0.572076167577803
0.496182982629414
0.356139143000666
0.361936262539455
0.472798896447164
0.422483458360428
0.564167160084875
0.446996478781002
0.587550031158791
0.515359795042553
0.488837606408148
0.694039212857658
0.634832479544244
0.630181662184044
0.47942384905449
0.555030643442762
0.4204181240557
0.57907016165564
0.531227430477798
0.5119284534013
0.620696229350291
0.599695090640927
0.549020616860176
0.503912645590677
0.667490233306375
0.589222180754654
0.526155289713348
0.500240803646986
0.620336290726107
0.596831385000714
0.645419384301045
0.358247910060101
0.500058630714005
0.692314804852281
0.533994507056844
0.637086180527706
0.589468464096573
0.626580372493073
0.617281461787873
0.698841581006328
0.593511660034624
0.653515615409143
0.700293956171317
0.518726933634605
0.54633793207694
0.561074269599669
0.510175280938362
0.520974228652404
0.543213814709039
0.633491887436863
0.641107752556157
0.500611642524693
0.603906865592356
0.498068093827011
0.668647209823707
0.641140695679473
0.528232428256672
0.584955988759127
0.484287521824457
0.53982767127551
0.660958861926639
0.639239056559705
0.569359895045727
0.648542540110203
0.54452221670279
0.701077693925833
0.776913738707024
0.420443988143602
0.493766985680969
0.522133997091797
0.650259030132935
0.622310973314299
0.566989002842343
0.577092778928888
0.639110566661644
0.653818028624579
0.660657480930678
0.740974860171638
0.613653944487203
0.735870658143318
0.488877594103062
0.616020391570097
0.711507290199438
0.699536180079865
0.627637912352334
0.554741929586764
0.732395961741927
0.833937930096241
0.593919449319699
0.825815109465402
0.77130279786014
0.607078003322088
0.695875799148669
0.822624844494625
0.768450376551634
0.607938919842692
0.654044706192607
0.656961077895405
0.643354757642249
0.661623664779431
0.583624350682036
0.734139830157701
0.539245222658429
0.791774301557441
0.841239308366121
0.657589104460791
0.610168595510899
0.658573175295537
0.71529615430947
0.655547316228261
0.665696732040762
0.637497309443915
0.672432764524252
0.614858943520146
0.78064037793351
0.699900372572299
0.674860946588366
0.713968114595728
0.602683316843629
0.552525645588816
0.729061992830317
0.818446652511651
0.780006262894666
0.776594096877351
0.646549535810239
0.791752903181656
0.524895234462446
0.866592024189156
0.737026324247703
0.768651508610859
0.644920565632859
0.625058081785978
0.6207282012007
0.863540517795645
0.652888608705004
0.882877792529616
0.752521780221608
0.728720205873544
0.784052293058723
0.655370060903273
0.749523736212551
0.787807449184163
0.71596757779898
0.699871750503837
0.779026273513515
0.755677478692113
0.744158108747706
0.781908117014964
0.826858958714377
0.816137450549781
0.923020694082878
0.807044901547015
0.860723821143444
0.848342167592201
0.835518121327956
0.788357781645281
0.736728398418142
0.619559521083817
0.907996834770665
0.873500454825475
0.883309397820682
1.06507939392481
0.904290768001012
0.835093120111221
0.768158016114333
0.808483978636606
0.934433163447046
0.76365766646427
0.801240599041725
0.86699905012404
0.972051104785211
0.842210385521411
0.843539858661391
0.75417270378648
0.852481912122203
0.860931160159185
0.859350132278905
0.883975089108256
0.725070981171151
0.734390703450001
0.883197081950036
0.864942118971924
0.959521969047301
0.823272035640738
0.944876569374967
0.86794345290237
0.917858256605087
0.808505158292733
1.00341365995285
0.847905518210291
1.04347973807609
0.762737028323601
0.827919634691684
1.02585902761107
0.839863331038334
0.989588560886407
0.910997648933544
0.831238471655723
0.790619272793932
0.94434999433109
1.06773629323056
0.791496996349268
0.969276714839758
0.871274427218569
0.845482126917372
0.976759682165498
0.97584781782263
0.901586328736904
0.881582509423761
0.891906485440928
1.00196677187709
0.855580957009049
0.825771540344749
0.92028147316173
0.926237868425645
0.826197339514868
0.941653225291454
1.01049084141733
0.941308286663235
1.01492036399768
0.893140970612824
0.846222137661917
0.836220472491592
1.00295048939258
0.991346632819807
0.850197463399372
0.934643088504031
0.937301397467507
0.929716394083112
0.90145876079936
0.91699052200583
0.909405905583572
1.08669250649971
1.07087454866404
0.879138133868348
1.00075832791205
1.02566256905683
0.905081062093914
1.11127997523945
1.02806627841054
1.06440307041928
0.986885753596189
1.0605604489366
1.03951216083226
0.917346275780371
0.936834813980671
1.01742188242225
1.01975559863164
0.949412634359311
1.0585802067131
0.960117848834493
0.908113997723582
