"x"
-1.11696989200881
-1.03123224903319
-1.04796024530298
-1.03491341065347
-0.923660843870578
-1.02470276865746
-0.903970490712641
-0.946863985245807
-1.07749841140896
-1.09916914291878
-1.01014924962106
-0.981224200858359
-0.924626565760063
-1.02680038881424
-0.886189829849629
-0.976880484046091
-0.902155989022819
-1.01108988610712
-1.00519122826751
-0.892238890377784
-1.07726212678632
-0.982311754550918
-0.885442034417957
-0.862761183282424
-1.04365535948489
-0.910702165696895
-0.887811675328568
-1.03687025274522
-0.973801305130041
-0.941891941635217
-1.04557229181504
-0.883632554815709
-0.898035832687149
-0.813658905244171
-0.852488354951253
-0.901957385112163
-0.822265536812349
-0.923350275125981
-0.885513792702352
-0.975459158828704
-0.902530122712352
-1.05978666266849
-1.08521033227952
-0.961161215900527
-0.837339466061116
-0.924546355092758
-1.01140758150887
-0.862446621052279
-0.782475761133133
-0.897624832644121
-0.880606992117927
-0.872817840647888
-0.82299845775312
-0.836864831474123
-0.85236757711249
-0.844970059265224
-0.915345350993833
-0.834717045874989
-0.975903719329771
-0.965544954387979
-0.843697074933868
-0.86413473772924
-0.908704524026847
-0.82076245353234
-0.878234509510752
-0.938071758028111
-0.917049971236816
-0.836578268920138
-0.894493508024228
-1.05297345173081
-0.945062388933706
-0.89728990429377
-0.973179572623892
-0.795190398837135
-0.838280532562787
-0.871840484451387
-0.90326572199053
-0.904025919117472
-0.886947633429727
-0.677579956033457
-0.877949969942819
-0.837270850827413
-0.823098519980976
-0.842460711390026
-0.899906339846478
-0.820847125345136
-0.771635600929193
-0.878001866404939
-0.795230946906269
-0.927648087492395
-0.802806713182938
-0.731650685818802
-0.862898384254068
-0.840339752426322
-0.785561480155139
-0.870363376842311
-0.839132047903756
-0.72298410932487
-0.799628145764209
-0.706028582444407
-0.863074851626347
-0.75409690750893
-0.742055953470881
-0.691490089147631
-0.737809128418176
-0.900959464837547
-0.627017541987013
-0.709729735563152
-0.729411474173782
-0.821632237856693
-0.853266075315157
-0.870100871772134
-0.781383915788744
-0.82415669296204
-0.875750449271886
-0.823024345444104
-0.867049427939741
-0.597360994962888
-0.780552240378785
-0.739268758640941
-0.76728072417969
-0.886550345370758
-0.791380395470326
-0.56829122543197
-0.455478139111389
-0.677676047706317
-0.721598336748366
-0.760019153229848
-0.760198648459232
-0.810257912749427
-0.755518427025116
-0.741669897537969
-0.743478962290702
-0.689176010885904
-0.64192644620241
-0.795982818186763
-0.803581131449835
-0.828347788733484
-0.557688519955258
-0.677801676790967
-0.654007222633149
-0.726073852092495
-0.698104801341502
-0.675518778568524
-0.627705574307808
-0.747111220000434
-0.793585857227245
-0.757061631483728
-0.631028481988781
-0.57807366877633
-0.573397448078784
-0.640344584550037
-0.677701352194301
-0.60544959981502
-0.713230634784332
-0.681401431157458
-0.843610482829084
-0.760109583876154
-0.558005629439181
-0.671022860671526
-0.688796736613332
-0.693143161981379
-0.778686970623874
-0.78516395254188
-0.689305766223136
-0.811859488116782
-0.603955317845693
-0.539810689663423
-0.680089781441523
-0.53215861180335
-0.640554117516786
-0.627475298744335
-0.649586476329194
-0.602830970163114
-0.645441979304814
-0.664492316183086
-0.521600823257496
-0.589737149308522
-0.564345415205355
-0.737616547670147
-0.697622078022619
-0.695461546127847
-0.634238561730181
-0.628951214269391
-0.566653010217836
-0.595623320602886
-0.637687969687631
-0.667379382715699
-0.553062458571202
-0.690948360379513
-0.614512670645599
-0.582826612923746
-0.611283820011071
-0.470484768503349
-0.58474137316121
-0.625388498502932
-0.586985763279987
-0.636930582955785
-0.669702242336044
-0.528716836997976
-0.576413872720222
-0.582432806117628
-0.679246452921636
-0.62441171579406
-0.492312149002194
-0.662203233226653
-0.557808683476521
-0.564973321141543
-0.436296091947131
-0.554719482718244
-0.601932230346921
-0.535728515090324
-0.442604735537549
-0.495957814419243
-0.574992712308269
-0.514956799324667
-0.373917503866572
-0.54995550458156
-0.5638910297382
-0.494946601918078
-0.604211004060863
-0.541395427824222
-0.700692160002779
-0.543265508192052
-0.556807729820547
-0.431655810135153
-0.470716211300776
-0.676733106753822
-0.431824917490746
-0.544177006365336
-0.545522628185606
-0.602973026028528
-0.466656620462434
-0.563186170271002
-0.547540251345589
-0.527780162222949
-0.379092803165966
-0.424363929110601
-0.496969257739294
-0.52127618396061
-0.495586156380117
-0.554064400888799
-0.688018523319383
-0.57533434424239
-0.413990852593604
-0.688280535086061
-0.313419878444351
-0.58852366894053
-0.495760259576137
-0.547296964345355
-0.402398674105565
-0.624294054075049
-0.331756578230615
-0.684795409885994
-0.601980871996611
-0.437995196225622
-0.485387663393827
-0.519412610426534
-0.468506673218069
-0.494928782603556
-0.413469071730302
-0.508581702758818
-0.481701781563245
-0.280103363236973
-0.50914651753745
-0.637880627661842
-0.443553358129798
-0.424615051301578
-0.490986844475426
-0.488909752279502
-0.325617194404563
-0.390694383995204
-0.551004503312625
-0.554382952462087
-0.361946280782003
-0.354062781488933
-0.333068564354275
-0.42032695017305
-0.601792910600087
-0.507658057100423
-0.550111348115447
-0.320676831957463
-0.54600596130469
-0.384385091770842
-0.367179009168456
-0.316954506804522
-0.31983639523311
-0.623420005665611
-0.379854102478111
-0.530384339265294
-0.662136668451194
-0.334033291561472
-0.541056501101865
-0.461740737504251
-0.414120975218487
-0.405000269604694
-0.399951600546176
-0.466464701188181
-0.411676454618648
-0.30270862322625
-0.341281014874389
-0.519319589427759
-0.426516126700334
-0.516412589707512
-0.492771059575142
-0.390088347485425
-0.378224110779477
-0.2999389842165
-0.451763850083215
-0.314775048428292
-0.437524962103603
-0.379649150369308
-0.349532578645806
-0.410817645434287
-0.322598037913106
-0.470197512365891
-0.217006158017628
-0.247547656435274
-0.315962287728324
-0.459821223069056
-0.337741896097904
-0.452074780084814
-0.41860756528035
-0.367299593098143
-0.478533845565281
-0.313753973921877
-0.241926908094284
-0.318655326369324
-0.394385139901164
-0.313640891892751
-0.351110325668082
-0.340768259963052
-0.310165627604442
-0.141471336434017
-0.418021720048043
-0.296783287963467
-0.328236843298282
-0.397173764400458
-0.545318204912774
-0.353385793799855
-0.440605768241469
-0.186868676721376
-0.309896136547733
-0.328208743911117
-0.210361114624314
-0.140468158218418
-0.335944158899047
-0.145949249592254
-0.390376315894184
-0.285585864173254
-0.292632486085943
-0.418179100347449
-0.0891848184972938
-0.203761236973212
-0.346295847871012
-0.334680476015429
-0.319471556716463
-0.361663340308304
-0.318028466453548
-0.317052793675082
-0.265485102857056
-0.410770150923059
0.0212349677441602
-0.415289096208931
-0.195091586367481
-0.330650013580638
-0.294383276395797
-0.0909191400020871
-0.371233438417242
-0.31586768561743
-0.281048781624736
-0.110560107987128
-0.194546982705318
-0.127062325696677
-0.207085467647342
-0.195477895258501
-0.203313049979616
-0.236314949203103
-0.238521357783245
-0.44391001870394
-0.223696050397739
-0.28043834498748
-0.186906199441818
-0.0638417379064706
-0.315021553353417
-0.208179333276886
-0.342616532074477
-0.270556962398796
-0.293873155626596
-0.300462537108918
-0.273062682717744
-0.0849555560595882
-0.0850519903655425
-0.1826637642583
-0.256800699013251
-0.166775729631578
-0.252133041085178
-0.320005005051406
-0.200396708295694
-0.257977957129231
-0.190066262398106
-0.30075012059967
-0.139635523312282
-0.359449362858778
-0.190587296942162
-0.208624683921639
-0.268359952969487
-0.150664085725425
-0.188427171224301
-0.139200253057502
-0.159529152525074
-0.0896166959615808
-0.0178901096260511
-0.159948481385712
-0.127458534538353
-0.0149306453827202
-0.207342962640034
-0.230110900657383
-0.185452352249471
-0.192006621473729
-0.0803410690671314
-0.245549298281654
-0.144049997585891
-0.0756693211838853
-0.260068538306001
-0.201788006171156
-0.0694948253335378
-0.0623031739056952
-0.150359448707101
-0.142481737122202
-0.142237868379191
-0.163951797631815
-0.283417487312924
-0.0928987733047191
-0.0742903028544109
-0.172553620925578
-0.216493636525092
0.00515413478967006
-0.183057417380381
-0.180872710199942
-0.0972880259812161
-0.0965283201816287
-0.0401406548596346
-0.0216017463383333
-0.140558216981473
-0.164152079453601
0.194486983420784
0.0114998977161803
-0.0501682784721587
-0.296403012088056
-0.208041674595319
-0.226582419442323
-0.130075057392957
-0.152918662112615
-0.0667129141787132
-0.140967976032167
-0.0577373901398161
-0.0965144859959297
-0.112041631960591
-0.11465878334636
-0.0565742254701584
-0.0228367574354441
-0.14472014641995
-0.149373659556231
-0.135623642910777
-0.0249668383228475
-0.0189509473634565
-0.0774707433396195
0.0138350471636115
-0.110513123894854
-0.0146087037870323
-0.0671664894100792
-0.138571260430764
0.0501520036061687
-0.0644747100625874
-0.120327870439067
-0.0563180772379366
-0.0378236421333716
0.022561614987567
-0.134842157827109
0.0664627071808659
0.133959873277777
-0.103712602632033
0.096698654619837
-0.0643786464326917
0.000602024026297682
-0.0827634493936492
0.0121677669521625
-0.0328927973023045
-0.148584103240764
-0.0176846753871573
-0.0702143345108835
-0.0437332079836938
-0.0196151206932028
0.0978971953916254
0.0884495836686269
-0.000761296178193877
-0.0811161653452942
-0.0366229036926827
-0.108579852305141
0.0123698572662167
0.130911687949423
-0.00330351644329824
-0.0185577324533537
-0.137616873205994
0.198155599324803
-0.0985253225942247
-0.183541072708665
0.100958934359421
0.0107262275995426
0.05831764846319
0.0782357902150523
0.0406552438215385
0.0114745970545215
0.0571658587156331
0.0345597308744
0.101611071268238
0.123569036352347
0.100556048629177
0.0524511077870016
0.0736951772363832
0.0797612922105698
-0.136135467770279
0.176321041193006
0.0637907803705753
0.00971257743504763
0.144226240103692
0.0985895945580507
0.04399809411297
-0.0205045948121342
0.0984505209441998
0.101012321861378
0.100137910667585
0.0638400818161445
0.190446566951272
0.0149873549508291
0.042093270144875
0.0227264006783866
0.137047276526706
0.147593807946287
0.103758834789176
0.234005007225321
0.130341585348762
0.0121442770585984
0.0842085400326219
0.155825296617828
0.072976084570984
0.0445738524172076
0.0245503568601245
0.0633209060218032
0.107662771007904
-0.0154864834015714
0.0935156426501222
-0.00335135481119448
0.195172414942832
-0.05236530359771
0.160129277781261
0.163404306673666
0.102008500304926
0.259487720290736
0.291413658625382
0.211019099183094
0.134751732096963
0.129138935284825
0.0448648200274975
0.197304146443052
0.0685912830042481
0.0597274209092124
0.195893542345172
0.0157821561983548
0.168097153506526
0.148905604469295
0.0759418947451183
0.137653226899756
0.176203208256719
0.0613926293040982
0.254550424844973
0.280544036473937
0.137446555455159
0.112200363293809
0.0809502721034811
0.12445640273583
0.225647931932967
0.194271779419494
0.151827632660439
0.217687564403807
0.0493122248756575
0.344697747429474
0.217074286742356
0.158999686833668
0.205662017684155
0.103500497884899
0.207087918476051
0.279933035448683
0.0611901959909945
0.253585389751556
0.189980868501229
0.036662519870846
0.157182421600389
0.125494790658429
0.240605291012255
0.151128917020232
0.289684188825898
0.264350788289185
0.133792969144316
0.412411326681086
0.295116229517817
0.0856652294030346
0.152277082639622
0.118619686156932
0.228480625145719
0.271919375043992
0.23637873508739
0.313014124159281
0.326057580033597
0.234005075454755
0.280556763611726
0.325985396357708
0.265696886094669
0.138034139347973
0.18611997685362
0.249564644066933
0.179852967437804
0.308989322885388
0.282141326336364
0.327952151886655
0.251802931635411
0.270151542238386
0.24843333274177
0.33971376406671
0.272836945848549
0.312391290502882
0.28099689166774
0.284460324175229
0.291295270324431
0.237768338531945
0.309427689622046
0.350856879745921
0.266897648298911
0.2036194361671
0.281854443985251
0.329561171916887
0.391392504946639
0.422711263761329
0.274631359227837
0.24874545614155
0.300391984514575
0.386326811330481
0.298044185141941
0.14911006704555
0.342503076479829
0.182477676421611
0.295757262566679
0.268922543052106
0.241826477745353
0.373696464660995
0.379718570064659
0.455810923417135
0.217451351891163
0.35336639694835
0.288475055817546
0.317999820512541
0.262674289503862
0.257671962151302
0.234509137420234
0.399217652538929
0.389937995072051
0.181540372906532
0.346052008151539
0.233191663736647
0.246594618530289
0.180720560511502
0.291324245314435
0.403571266149104
0.360788462093636
0.352392578909867
0.320056466256468
0.266920819119857
0.453904151441211
0.436551475262404
0.565658814695392
0.508403394328811
0.288150996320055
0.397988766039934
0.473526717186504
0.34746323798217
0.432259334047929
0.529911993191622
0.286505915130305
0.346830895999961
0.443072002071253
0.359020226591616
0.336873424209079
0.5048945499558
0.391744431561791
0.270386042583174
0.251865319260884
0.429701208134579
0.308688266979609
0.296058116805023
0.353473538190727
0.315191092974365
0.427846748538123
0.450317597681793
0.338449389781292
0.40367110156608
0.251318144014081
0.391397262028294
0.33418551202138
0.531443682924241
0.439793347693344
0.514614459417313
0.398873353753395
0.379759510512092
0.267492566566697
0.427576002459344
0.526510222139632
0.394581056552886
0.358713198048755
0.450373517701463
0.469807143584014
0.460686472651549
0.3579496986674
0.485867233559077
0.519441037659845
0.466452709991673
0.264613245237332
0.420937967394313
0.400371499849769
0.560147684549548
0.522634371442078
0.37481686541831
0.405165375035338
0.481213700230287
0.431667645748666
0.496216518704699
0.371019269089956
0.440684533091889
0.469881780419568
0.617496739826704
0.538962602941407
0.590689102614839
0.404263919319082
0.56079885041483
0.511524176238173
0.538240550791971
0.483021036097743
0.613866315072748
0.559726635702833
0.495720840756348
0.373989630693994
0.330265379546225
0.472931076665002
0.399759587451912
0.577909467271714
0.427698352056412
0.597379905639948
0.525905548910568
0.488399395059599
0.686299693269178
0.634550631774407
0.641182469704785
0.491581106674564
0.542702336632973
0.419813871644121
0.558135195609474
0.51460858225635
0.517413531727368
0.639151014379354
0.570441356052537
0.528934985300858
0.507086702440087
0.670509616180766
0.594326674799737
0.530127875695803
0.509872549065352
0.651262557260893
0.604868569869821
0.631608779972799
0.353111102197148
0.506918644357389
0.691947259799263
0.535771797179065
0.647783010034642
0.591942985646536
0.628710137145223
0.621254485512978
0.710174189223174
0.612545591381217
0.63705378109043
0.702021218889931
0.540900014810329
0.541408816081657
0.571308663152806
0.513079644502751
0.526131841212719
0.537141211169171
0.634220090689817
0.645306998308778
0.488097229955231
0.603787228909848
0.488534467423769
0.684897552476268
0.646661174927199
0.541767803398961
0.568001816132628
0.48636804826184
0.535863519888625
0.639724972827228
0.647284386881997
0.56345679261512
0.649424973570669
0.560815713164872
0.690859296885941
0.759837614170451
0.421629472143694
0.536945840506502
0.548961678771691
0.655930784855086
0.614567481972885
0.552601454130707
0.587081889224506
0.615458992369219
0.668633538965785
0.688177437867688
0.762131962297246
0.601999708683199
0.74549137161464
0.501616634643552
0.617045220549443
0.729524882452989
0.697760469303946
0.613890327933111
0.545873822541537
0.734825817483548
0.831252714461687
0.595705584671496
0.825881179943601
0.770480935461457
0.625736691481381
0.687096505507799
0.819286574945861
0.76285079662601
0.629860204769499
0.651894578785817
0.682216674412336
0.658156762959231
0.64311717650791
0.595500040971485
0.727921191426142
0.527384406341087
0.779366070618006
0.837124452961328
0.668417583449737
0.595633274409944
0.660883465108395
0.702866852172668
0.660258140446626
0.643770116463014
0.619985105044072
0.673043534490064
0.59176383750671
0.787522530378809
0.684951186444373
0.673352732497816
0.722834085549803
0.605847947366883
0.554748326640099
0.721744750963146
0.829075380381887
0.7946357102158
0.771228418396738
0.639871138631386
0.778863235043446
0.506490066995141
0.888203937165954
0.763894955023191
0.798672365999511
0.634359375405192
0.65389394768204
0.613584825892782
0.864149413220851
0.650648773116282
0.875303007588341
0.776351978528165
0.719309646983464
0.783489081119122
0.665439156014279
0.749982394511638
0.800343612292354
0.714795369524654
0.705572407809501
0.792013150391767
0.740887224617117
0.733872876218942
0.787585680611721
0.837109502390157
0.812115792914826
0.913487098815934
0.794270361738455
0.86259242755814
0.844476614185071
0.842934282564412
0.796790102305389
0.742767292534498
0.638608570154749
0.904853017630601
0.869262977387264
0.887994826776194
1.05203906443253
0.907769579751017
0.848646974387836
0.793076530815943
0.823882359629032
0.927169506355202
0.751710457054412
0.780884363825049
0.84913651533298
0.977968818649852
0.830939816560955
0.818234099948753
0.742470860582343
0.859836457233497
0.887934100145478
0.862070298590423
0.896803311025408
0.715943924608817
0.730217848509177
0.860338850006403
0.877535462722817
0.957688894306004
0.817737880729651
0.958261900742864
0.85560688662698
0.897492250335891
0.810742810380721
0.979119871054926
0.852291415133782
1.05915925149049
0.75514542082358
0.830749891672091
1.03208509462762
0.842548490943242
0.986845135040738
0.916851062732853
0.855513699136235
0.774626062626738
0.959836276841141
1.07901475285136
0.774987869440675
0.925242490359504
0.881883815656529
0.835990300773978
0.98718229468258
1.00668512145886
0.93166958191399
0.883947163024227
0.908552261849704
1.01201227351703
0.855589913320537
0.845261880661044
0.911410256329543
0.943410906346534
0.819569267827268
0.938301442215856
1.03029219005778
0.947195916395191
1.01036161497936
0.888802070375444
0.839956544308412
0.852163620238805
1.02821030702691
1.01396187104364
0.819697989550528
0.92604341721045
0.93262240490056
0.90209375600179
0.917826540422857
0.925706272531053
0.907613309963871
1.07625906708756
1.07551034485808
0.892105985239492
0.972869581552518
1.03396948267348
0.900899992613132
1.1011630843478
1.00055270153343
1.07330368346484
0.979205351369972
1.07690835414517
1.03304056786976
0.901669500062006
0.964728943214793
1.03124858767194
1.01791060428991
0.955778120754861
1.04004641498919
0.959200935548498
0.921724436061492
