"x"
-1.12505072161133
-1.02717066295006
-1.03251779715396
-1.01188317885074
-0.930395362616445
-1.01124801309307
-0.915003620749673
-0.95164030542071
-1.09025093512253
-1.08980191903507
-0.994302253347804
-0.970596100300764
-0.932399420574936
-1.05356493478945
-0.874548128838159
-0.971845927304118
-0.895106377994842
-1.00947892156591
-1.00995549091041
-0.914370327224011
-1.10623997327031
-0.983112023204303
-0.889491044953677
-0.857685288457053
-1.03455997394959
-0.910465834322717
-0.902915545065397
-1.01706094264692
-0.963236110861047
-0.926472308254689
-1.05783575716003
-0.870109936784311
-0.898827928143292
-0.799998820845956
-0.842394293707067
-0.905797825689174
-0.78204833530698
-0.914444705552699
-0.890926560989624
-0.978114947394962
-0.871760257495114
-1.06091648345984
-1.06664048319897
-0.976730724152935
-0.839057085007105
-0.932176806443597
-1.00048979428158
-0.847055436117622
-0.792299791250478
-0.909282386399138
-0.865371078206292
-0.897044518203934
-0.819965589875342
-0.853503914698862
-0.863879680655357
-0.822287689544334
-0.912290826672797
-0.826036370397001
-0.977832114554787
-0.945102817667039
-0.848859561514058
-0.866948987308225
-0.903008545484625
-0.845318226780325
-0.914522337383924
-0.947738170684608
-0.907070667134039
-0.795604315907504
-0.918954549281208
-1.01936517022606
-0.952727292080015
-0.866036048713241
-0.975308994185706
-0.809808909618014
-0.838560729543342
-0.868969912837363
-0.911112413154699
-0.880497893906005
-0.890929741187677
-0.662144556607607
-0.887942181994294
-0.831882297900479
-0.839149223547209
-0.865088366031484
-0.933053691630524
-0.844803119602013
-0.788492092434825
-0.877792938747941
-0.785910134987669
-0.931011600784081
-0.80112208874873
-0.729623779875244
-0.840553395115667
-0.851227424004118
-0.777674878691808
-0.859008620242603
-0.836592846217178
-0.727158783233706
-0.78000621592323
-0.707929264227042
-0.829997951971563
-0.753847255395994
-0.733507080732737
-0.680689749767921
-0.740058758122597
-0.90700482003167
-0.650318675068139
-0.694632407188849
-0.736933506328415
-0.791837167351488
-0.828299416203689
-0.880748819670632
-0.782028320007722
-0.811430751956792
-0.859140961879171
-0.829133742191691
-0.888111240925865
-0.584195866028771
-0.776107896781615
-0.740379400152564
-0.753849544513174
-0.883601411708048
-0.835226806361841
-0.588608886207631
-0.481393810767362
-0.666968276265468
-0.694029107033671
-0.771432696355503
-0.785088233153352
-0.828420784122352
-0.750008988024214
-0.725491844381253
-0.758461652824572
-0.715456378873262
-0.633781083139122
-0.783341821588839
-0.802807800586532
-0.835730164936642
-0.558452902949638
-0.701780134005849
-0.649691191461408
-0.744737033086273
-0.683445932262037
-0.698697715077953
-0.631474129479121
-0.735452853040735
-0.820485059399493
-0.758669865936192
-0.654187006635987
-0.573449639243815
-0.554623262761874
-0.647619917862263
-0.6571795816505
-0.595492304596902
-0.719352678210801
-0.675045442416406
-0.836501748404294
-0.760155797140109
-0.560658964662142
-0.656598640677992
-0.685431857525304
-0.680005999623843
-0.784629741993778
-0.788825413540144
-0.688273541242265
-0.815036693765587
-0.603755509158165
-0.535412526664542
-0.66572257706309
-0.533686955981851
-0.634210220224114
-0.625177515646223
-0.664945156476367
-0.631819803671206
-0.657758356255324
-0.663598968033617
-0.548068237338977
-0.603912419433588
-0.54418136549185
-0.75028493121436
-0.689816863897793
-0.671880990324046
-0.632120066894126
-0.62188252176375
-0.584166425013525
-0.595818958669001
-0.640142778539542
-0.671708932632942
-0.559551599070201
-0.689096093325004
-0.620887348973365
-0.598644519245713
-0.62499159454253
-0.45720322575338
-0.594222075176552
-0.618675991396874
-0.590562120892262
-0.639768083614105
-0.662307875185872
-0.53850854849471
-0.547324736145414
-0.580255561888603
-0.649706452801909
-0.626427105755111
-0.479481168801408
-0.648007420945624
-0.548721976642004
-0.551637791605227
-0.435813019740955
-0.54159634143229
-0.601590559016081
-0.528402802905494
-0.443100970900094
-0.515393251259206
-0.538817961564601
-0.487291273972477
-0.349897099474605
-0.547700401489794
-0.548367222407142
-0.488936417128604
-0.58575777635322
-0.53622493733202
-0.707158409680246
-0.536176046737373
-0.577113245619118
-0.44061360598865
-0.457464693337146
-0.677313643767607
-0.441015164522373
-0.55604922442546
-0.534505592369058
-0.603767174173092
-0.436515601880826
-0.56832075646994
-0.553607788952288
-0.532750493005867
-0.391327912894228
-0.453142177445299
-0.51228628188755
-0.540420246619212
-0.482423851481402
-0.55701716088229
-0.663541963555149
-0.568360690733579
-0.442608317478512
-0.697163130860243
-0.312402611053147
-0.584891286735873
-0.514729499445573
-0.53739776689247
-0.39348347043131
-0.627061992325516
-0.342854676972165
-0.692892162006314
-0.59711174038831
-0.462618912745975
-0.490226649002234
-0.533198727444691
-0.450155518761639
-0.506246713923665
-0.409209940954228
-0.481656377211749
-0.487407688760555
-0.275475542933845
-0.507019891203092
-0.624948736950523
-0.451143422039752
-0.418283175758995
-0.488482523679764
-0.465449922695088
-0.319734412373695
-0.387494891775869
-0.567727580069349
-0.57207048050699
-0.345761020479346
-0.355334606248393
-0.355527390352693
-0.40962158720748
-0.574850359001566
-0.50420035605924
-0.542804759145176
-0.293927905174415
-0.553315351958633
-0.379570031622698
-0.358750220841666
-0.324727156970175
-0.316614532248111
-0.630459813655521
-0.363313551176293
-0.531175577801016
-0.677032026847057
-0.341392828044952
-0.568598789448567
-0.438119317282508
-0.436093927523571
-0.400362929714068
-0.403520475359122
-0.452496807468605
-0.432522077955616
-0.294529285206311
-0.343957085362238
-0.551713636343759
-0.436928091563954
-0.506832770412945
-0.496604677819007
-0.392506518942297
-0.357015335806097
-0.319517191833288
-0.460939332678736
-0.304543476368971
-0.4473696636017
-0.390607904175616
-0.352808189711653
-0.427892560618249
-0.304502826628584
-0.462622625388539
-0.235360166771382
-0.234424812885109
-0.313666885124746
-0.471982058311438
-0.34667285891261
-0.447802351228749
-0.420428664584347
-0.359543288232046
-0.481014074079594
-0.289911978278826
-0.235063227195918
-0.316117478069973
-0.39180205179347
-0.316935122044822
-0.360078842233602
-0.334196630517195
-0.300483559543037
-0.121574205952134
-0.405567122788374
-0.297053354812913
-0.319140636059477
-0.38878600010244
-0.553307477567589
-0.357208175736739
-0.425291454100277
-0.167202087697643
-0.323415656118829
-0.332872901711273
-0.184765942948959
-0.132762278074848
-0.32993522239614
-0.149630720576651
-0.387999652885915
-0.291923750026478
-0.293688174681185
-0.399299599201458
-0.0757522226691358
-0.192863700384947
-0.341012255255767
-0.313675440872525
-0.318104162524361
-0.340749840673715
-0.316462349167947
-0.325348386819027
-0.262026717944246
-0.406600169584404
0.0138279808436458
-0.412390083047286
-0.197443659062152
-0.326400476682891
-0.30979660651321
-0.0945237206210651
-0.353855382134078
-0.304310747128046
-0.291832264852789
-0.125567310551896
-0.197902157768084
-0.135437494055401
-0.203074020450343
-0.206153792354209
-0.210888497068668
-0.245740470103261
-0.234119667481907
-0.429123984919232
-0.227870632808613
-0.296492824095311
-0.210972897527864
-0.0560556359670743
-0.332398597522914
-0.221645281814301
-0.345559403676236
-0.25256520517902
-0.276454418036043
-0.289814294296241
-0.263755065610419
-0.0710352309806644
-0.0943246034630335
-0.188974940435228
-0.238415791190465
-0.175672727536326
-0.261431760293567
-0.33147292604287
-0.190210674250431
-0.261762626221216
-0.199423511383709
-0.291123810841732
-0.13383581861699
-0.370189763991156
-0.194336188331826
-0.221313948323688
-0.269021649291717
-0.17060963872745
-0.194490896356511
-0.12732457306643
-0.155702775940474
-0.0757394232241919
-0.0152955883546119
-0.174958158351816
-0.112301134501704
-0.0321813610483511
-0.234495602371025
-0.23102871708372
-0.170265118427047
-0.197036745714959
-0.0695813684301141
-0.251350524813788
-0.149418678199186
-0.0599979594185399
-0.260483200814347
-0.182726261756324
-0.0639496762460799
-0.0545007128670743
-0.142527183846097
-0.134486398772697
-0.144457913801128
-0.169093635785103
-0.280691093419275
-0.103410015593634
-0.0983626692890544
-0.168325967397744
-0.212340498719357
0.0181139493654289
-0.187369884088306
-0.163992887438819
-0.113563883120914
-0.0892782845436476
-0.0345858334359263
-0.0259062966058527
-0.164738879755963
-0.169166754764531
0.183962898758305
0.000627148462588961
-0.0619975989651029
-0.29598249788893
-0.207655771323455
-0.242177568754108
-0.122044867473776
-0.156996714160764
-0.0893994683905407
-0.160082209199987
-0.0349263165519525
-0.122664652716031
-0.120726666301539
-0.115038210883254
-0.059114642051545
-0.00970702151812393
-0.133057403157265
-0.149833866243668
-0.1291263705815
-0.0214043971878904
-0.020230603760998
-0.0875927309212262
0.00812982361020589
-0.102890958002542
-0.0316085143164587
-0.0764209459048172
-0.150534460913397
0.0613947193153243
-0.056002720611649
-0.129318611108921
-0.0418757585684215
-0.0413237084655859
0.0487386209609067
-0.11510218486028
0.0705387227100474
0.135562131405967
-0.097001777381649
0.0956349900376256
-0.0493534215021772
-0.00338282256293367
-0.0871912968218467
0.0108764247785007
-0.0205583195836635
-0.13148862727534
0.00607772665377114
-0.0860956782168666
-0.0138381582015768
0.00910774931624666
0.119168990781855
0.0862002232802409
-0.0113255160617855
-0.064757542049308
-0.0406173390833357
-0.106879797108662
0.0285875573897776
0.122408597388278
-0.010029748886298
0.0046810891449653
-0.115206228402802
0.226714875332239
-0.116086312222253
-0.176554416460568
0.0846457352398678
-0.00247809589355238
0.0531122077906162
0.0993398946874979
0.052336532770283
-0.00430379427026183
0.0397565571252612
0.0349089286750668
0.0902970633274803
0.12243131906238
0.0685152718748176
0.0478531060072555
0.0854369752046105
0.0820187411963339
-0.121278823683917
0.192062614057685
0.061447370321466
0.0267688144339006
0.154376279792036
0.101562242799945
0.0477983163846498
0.0234480885563628
0.11881505645043
0.117863207594304
0.127272831437376
0.0754932427363198
0.206067095290026
0.00821384731407925
0.0509694970838667
0.00754755658168865
0.13488356014774
0.155548074305118
0.108372591710732
0.248445708869457
0.126110504507627
0.0133254026877105
0.085988980620884
0.155426335025588
0.0732123079638027
0.0651300380444333
0.00745366743425315
0.0426735994583222
0.12980167350465
-0.00289696514724494
0.113079204071841
-0.00525166093951788
0.163051378403537
-0.0176326083551557
0.156803912635292
0.134269447715417
0.106642755295023
0.288051395162589
0.286943781301968
0.211182885827697
0.165617922451242
0.131921410730747
0.0516466369522204
0.191428522280927
0.061861840002246
0.05416700723308
0.187886451475686
0.0281242427268448
0.180050531667498
0.159475376884426
0.0480657503849633
0.12868509503786
0.207678609413004
0.0719302600048025
0.248008561339314
0.261203580471321
0.0949054529987534
0.110443303141283
0.0926480173116014
0.0873162242273661
0.209619704416755
0.191654949566045
0.167349998675426
0.243771178512118
0.0720362776697418
0.34105961972215
0.238561410711571
0.156448511243023
0.181355678239116
0.119111818278106
0.189218160640174
0.267189843578865
0.0602776849666475
0.259958429832517
0.179471155854893
0.0349761089248474
0.16855384878907
0.105800101218746
0.225750157800689
0.157106750558881
0.292820505647009
0.261181868076452
0.126107996096236
0.396470345205394
0.294478118331716
0.0641703992060451
0.190440538345954
0.126217256225912
0.22477891924471
0.274838826222734
0.232921040047752
0.309487123434347
0.308747641470463
0.264264411343506
0.260538556829006
0.320889901815959
0.275698470225301
0.137825579820461
0.188436993166318
0.25927631899562
0.190918130207525
0.29785061167076
0.285971616670975
0.317253772039718
0.277364793226319
0.265990530417361
0.255922105191356
0.339079199652134
0.272851346315124
0.316541533722537
0.277054029731153
0.318665702100538
0.316437858529632
0.243212666634149
0.332376372164817
0.349378155780817
0.257550101552831
0.204278188326218
0.29346528439511
0.352005333060815
0.393361326161476
0.428275212996901
0.270496920494969
0.273077502872684
0.287038072537929
0.388687446895475
0.298431518300299
0.144910789627479
0.355261857991453
0.183449965408162
0.301314142169369
0.258376159822918
0.249061492405273
0.37575771247701
0.378361304362857
0.452611207638736
0.221959994486928
0.334419651999356
0.286725198469182
0.299550033346317
0.258111891052048
0.266093178516457
0.228888218054437
0.38533994906266
0.424844273445868
0.210365039014846
0.333801320739642
0.231573369248492
0.226844668188403
0.201302358784528
0.257545759700623
0.423161788710462
0.385850259240605
0.353224511775516
0.297166122102374
0.252415565587618
0.470819457963088
0.440709531313005
0.577056790658136
0.493394479643152
0.290806814867786
0.397639875054245
0.46917139103075
0.361288584394681
0.413311430159801
0.533143852834469
0.300734518150723
0.337226129083853
0.429181270049631
0.361507908136644
0.344152790056398
0.514362640355327
0.402644937933821
0.299879087332917
0.254289582734963
0.446089839098785
0.300410192411985
0.300128965913756
0.351560336667373
0.319328735954854
0.436922047642984
0.440343720520043
0.344015576828965
0.414748213122622
0.252017963002776
0.387614456136468
0.349573293594708
0.531782097037104
0.444218817133704
0.494684103102214
0.405382899341851
0.38308414438656
0.27430734718962
0.435953845937647
0.520912587293318
0.389450682146507
0.362455074572213
0.455850665913351
0.472430749313453
0.465193054449853
0.365030596914696
0.478231484613585
0.513597214843766
0.465231365374727
0.27971687443691
0.435812887048101
0.44659007534136
0.58604989314624
0.539968630160814
0.396737666715723
0.412869762401223
0.456661694806662
0.436335037568401
0.490421240513001
0.365351137626455
0.451854006008393
0.468216179883684
0.615957870580029
0.537617925850212
0.585743361286095
0.409376517455781
0.557159998248036
0.533670684427378
0.537821319119696
0.505030833598836
0.596889387931975
0.543502561375002
0.500107392686424
0.371347682415453
0.366476861292418
0.461230490487302
0.39391006523472
0.564701513837186
0.449056998200558
0.596565924577908
0.514869980371272
0.49423404619331
0.71720582143581
0.641296768967937
0.648046604496123
0.472184420018175
0.523686142288216
0.413969787742862
0.5544765909759
0.533570229987622
0.523744874540093
0.631106919522138
0.594468294180252
0.536249114624237
0.485266647984163
0.651884297311836
0.599018225158254
0.523505656518765
0.503773739643601
0.626792383446627
0.603569029793891
0.623550167664604
0.384755618947297
0.503404065699995
0.694567103035442
0.518905831231535
0.647943376242787
0.585906985245112
0.629415613285128
0.630390715684881
0.713695807460668
0.587850435737964
0.647730786198637
0.698658370861434
0.547087991438514
0.542765643698627
0.568337172841693
0.496911551896168
0.531741717107995
0.543432686268268
0.600331871300348
0.658997180019473
0.476399051801804
0.618954830656899
0.502537106459384
0.683963873753552
0.639840655261475
0.536677756964906
0.579438315388663
0.479695861229746
0.54069588431933
0.651549131049938
0.649018663691304
0.565164698826083
0.635712940733668
0.537007871875908
0.692051607498908
0.764577252015976
0.437713739319193
0.487814251867121
0.543639803990183
0.63709145655294
0.641739484161458
0.577404580658195
0.584208397793243
0.616254186647497
0.638862369616907
0.670025150693409
0.736533075774577
0.602569858451389
0.741347791661821
0.487983581854619
0.625815017547573
0.727659274447687
0.704094457639466
0.628966768097135
0.554304604592887
0.747789280461339
0.838145408814651
0.608022739876419
0.821031449531805
0.774557344606503
0.631646801215845
0.703369150130482
0.842985188935873
0.759411677320001
0.638671235624087
0.660745796952794
0.668786120297302
0.655622763049488
0.648057642320517
0.571632102203194
0.715142698549327
0.527411902860746
0.788937071799107
0.832732337369524
0.673644689834915
0.587051870915307
0.653005160352688
0.695071869749972
0.662028515636271
0.664548526109865
0.615960266435917
0.681849697072236
0.620189924121855
0.797392899939165
0.713567735542618
0.681175053029524
0.700036450136699
0.598687961425737
0.552745786751941
0.722971492445038
0.830430617985537
0.78466287126466
0.760523478327507
0.59731290431247
0.778448923485453
0.507016818592957
0.875554830373194
0.762017065953243
0.760916881204709
0.634197844862416
0.624258492319612
0.615036833687966
0.867532894445152
0.643635785124952
0.882100243665145
0.77240939102008
0.711502639782335
0.789536978313485
0.664190980354833
0.74437698013055
0.788758064637935
0.719090802627092
0.688572411433417
0.792099788671083
0.7344096460168
0.741906578522785
0.806266800806312
0.804243459401589
0.80449898195093
0.904061624095397
0.795149174951066
0.853667044825699
0.860242994375597
0.838866846715829
0.806739139869414
0.758473042209996
0.61279205577812
0.913210310604336
0.864694755637092
0.900989324683462
1.04515688514194
0.921573177669863
0.852833446867987
0.762684557684681
0.804460299085727
0.925202519667302
0.771998932150173
0.78601873960317
0.878212544749157
0.976204456826977
0.83222399493455
0.827642546044856
0.752645591228317
0.846654858097393
0.875101450450262
0.863716692806615
0.903158573948589
0.723515020205649
0.732191460309236
0.881972513412521
0.875795532767225
0.960201154482539
0.816240217309222
0.962921608111073
0.854843892975667
0.941837820874591
0.810573357741941
0.986917404338255
0.832675838589268
1.05323827366629
0.777396313376847
0.819602850508315
1.02846891202532
0.83835561878832
0.992885674465181
0.900433294111937
0.844035793465261
0.780602963945003
0.987236947662549
1.06232612514438
0.795764637150052
0.951772828026107
0.876924551343454
0.817532754651805
0.989746167436898
0.992151075476826
0.911627523392096
0.878188777265881
0.883633111118761
1.00248937889106
0.856990380813683
0.819525324725581
0.940815880950696
0.939001830996806
0.838195442375314
0.937066377309514
1.02332476094167
0.954486681496607
1.01212818901633
0.885319998612054
0.842279668905446
0.8468288715843
1.02170363079098
0.982533659412304
0.85043920162075
0.92035408497717
0.924516904573967
0.904206659079903
0.897408753648587
0.933582090285411
0.923182418590645
1.08048990763039
1.08056379514692
0.887504640529333
0.989154177127545
1.03381505638046
0.919341007111891
1.08583183323456
1.02034236035602
1.09380735020218
0.989050036464023
1.05157011079951
1.03288118763414
0.918003143971079
0.948750022253545
1.04062564940172
1.00454492439014
0.942618808800349
1.04208391992203
0.9534089758073
0.921513174857215
