"x"
-0.930508809595366
-0.849698111401872
-1.09955452278211
-0.859060718018349
-0.892669251314542
-1.05651748355004
-1.11376699662785
-0.964709837611075
-0.958959647405226
-0.924209103622296
-0.98522185261545
-0.976591923177623
-0.953519582398846
-1.16241472988592
-1.01295737939807
-0.989896737748574
-0.995750735745231
-1.00768802542019
-1.0303236032805
-1.02419884981605
-0.958118234906898
-0.86280554965848
-0.974377649082661
-0.862411889503162
-1.0044458205063
-0.92435699137065
-1.05329783944851
-1.02121407250896
-0.971928954432598
-0.907260450012285
-0.959344608189287
-0.816992320295662
-0.856596854034054
-0.896564431793542
-0.799856819904704
-0.854505063052117
-0.726957830283526
-1.00540055995255
-0.897483897965119
-0.892025447903689
-0.900422434498142
-0.868111309241461
-0.878755246060311
-0.894203708570002
-0.851445426586575
-0.840613352709039
-0.914102039770408
-0.949482384623609
-0.988775644757902
-0.806013760496514
-0.873621738501848
-0.890403779060519
-0.749099709239984
-0.855719004327162
-0.821593040270792
-1.00916344284574
-0.87972454778003
-0.982980729395145
-0.83349967348703
-0.903462496653413
-0.772436081445523
-0.918816937020976
-0.816939706952821
-0.92055758820187
-0.959127917080091
-0.912953633223205
-0.832454038914401
-0.917020176612403
-0.912902439880006
-0.89141463348947
-0.791771998976464
-0.822515355061406
-0.953288362877916
-0.815753074504909
-0.717610857514739
-0.85133963878134
-0.803239428310067
-0.792731496609857
-0.702244594256321
-0.864636493349422
-0.829722600638985
-0.719674490430009
-0.909200946226276
-0.779472783599228
-0.830793908808343
-0.872629999782954
-0.854046973225904
-0.853259261357057
-0.816831207870725
-0.85273969407452
-0.73802484131097
-0.897323763539676
-0.895501453618826
-0.730402298355615
-0.87550035111314
-0.753887121981079
-0.741383918137035
-0.654943315757173
-0.733681732545338
-0.889186651593625
-0.847822184309936
-1.07226476620577
-0.723698635042614
-0.779952250431638
-0.531647198268338
-0.762903790646567
-0.823671453245084
-0.839597102115606
-0.72151176288029
-0.790550751243744
-0.727140857399307
-0.79324463997111
-0.78871463096327
-0.689043117961861
-0.803378323109446
-0.824234278932441
-0.743292355614543
-0.763032843217876
-0.670321961726541
-0.843241122436365
-0.621173859764418
-0.850824276171223
-0.882656535886464
-0.675142247828895
-0.857986160392253
-0.752722447705762
-0.784403524024819
-0.583626882562136
-0.864199146381979
-0.662745712642648
-0.698432566437928
-0.682524311769626
-0.688344605911124
-0.666788697809919
-0.706355257738135
-0.683088022914826
-0.707125006003458
-0.777472369579702
-0.706885150901347
-0.843333159612223
-0.773777220025676
-0.770807983156268
-0.697838789737423
-0.817092741532587
-0.703996076227922
-0.420276757204932
-0.686952931185021
-0.732086551671751
-0.805540421407164
-0.685376722733615
-0.746074881008245
-0.624375133465055
-0.76534479365725
-0.692510189238764
-0.743895655812161
-0.680758456903517
-0.75482978269494
-0.713204004529196
-0.798185578621385
-0.764949481047002
-0.759215382924816
-0.729644318718664
-0.596084617805461
-0.618204473279391
-0.556050000279926
-0.749606609594075
-0.598142811637123
-0.665292531660111
-0.669671003294803
-0.678260081158268
-0.660950935762875
-0.704362402295362
-0.658062229862943
-0.716110887941379
-0.728137754231345
-0.633550945185548
-0.672270395816824
-0.595057966262989
-0.736556944270863
-0.670576846738041
-0.793906137876772
-0.647696262174538
-0.704840815711829
-0.55817450419702
-0.70836576606294
-0.661666554643534
-0.601966680063597
-0.524179654424559
-0.64976829603424
-0.560314834292237
-0.575619970082094
-0.463673834613745
-0.611698127349067
-0.446308612222302
-0.709411202506769
-0.528397655295042
-0.616569296484694
-0.711328665181593
-0.522069168177318
-0.528850636171591
-0.574935815025838
-0.548023783189477
-0.673072554498936
-0.593837110392179
-0.629535199632991
-0.665859945217238
-0.519192123514782
-0.683803294627403
-0.696122313141851
-0.552930178585674
-0.559019195316676
-0.575825021240607
-0.448158590016887
-0.515040914790089
-0.58932312395188
-0.433794014188209
-0.607853687169473
-0.528746492119583
-0.594223586481905
-0.496843549706834
-0.697073628332509
-0.558542681368535
-0.654418180959921
-0.47580188114036
-0.526213135863906
-0.58682917670542
-0.596548261138189
-0.514505526155538
-0.612053307627303
-0.543215733966764
-0.571034044043085
-0.496964523762025
-0.397011155757785
-0.518468767670567
-0.520186048000591
-0.519518554718666
-0.431798657253952
-0.488083291099211
-0.504120409317852
-0.46846400099273
-0.504686273436338
-0.554477842008312
-0.507940401590554
-0.666355763291707
-0.533739419798824
-0.44249844725484
-0.556192402282391
-0.488274933399993
-0.55642157801394
-0.427895643400454
-0.547089495640902
-0.445659839181857
-0.401490563888519
-0.336998243343934
-0.5722664213078
-0.405205169750623
-0.513676425019039
-0.540836900221407
-0.480999420129727
-0.416304534240076
-0.51791246423507
-0.490454526985764
-0.342843149785402
-0.653107383963181
-0.560136039923445
-0.46798151214827
-0.540325607578195
-0.412763942456131
-0.499301849109377
-0.397038157427045
-0.381862086222591
-0.537569402088903
-0.548626394919035
-0.360874928617996
-0.407074254403096
-0.509531819196462
-0.460090973021117
-0.41351450886254
-0.331031730391853
-0.475639281921618
-0.429754624973497
-0.281229306456859
-0.416964995125611
-0.413166211869149
-0.436797022283651
-0.436801468932872
-0.488381752387159
-0.493209987865103
-0.492203254635883
-0.40906066446865
-0.530697983377214
-0.414811874464282
-0.305811449206248
-0.529247450310024
-0.419634748195733
-0.41240480070507
-0.507925106075223
-0.275566794723384
-0.474482872201276
-0.414195066280691
-0.407789043384013
-0.463464139116612
-0.476516432466809
-0.339389834837202
-0.448970768940334
-0.404791899310745
-0.491314043872349
-0.440728835552435
-0.387858662930827
-0.499071107727969
-0.421138999740908
-0.357153081341413
-0.491313957232008
-0.391630177107729
-0.616709557691708
-0.332789675836328
-0.269720218316934
-0.305622502940054
-0.341856779094577
-0.469041323077357
-0.348319168747776
-0.310361971940281
-0.449499960547273
-0.267417010138042
-0.424575325775184
-0.348570024503815
-0.44046321179234
-0.368037458643575
-0.194344521058403
-0.253207150789746
-0.347088976442186
-0.357459399488526
-0.331858038425087
-0.419050923695992
-0.247255913958669
-0.379392871587238
-0.321132048548241
-0.286879369515028
-0.339656387191027
-0.318616504036462
-0.278569641241048
-0.367270458132155
-0.264885504612729
-0.199318972895139
-0.291976444396498
-0.370444390907098
-0.173726107009709
-0.262089656520943
-0.432867320803063
-0.318634334525833
-0.283441655039087
-0.314532845823971
-0.3508126935176
-0.329507499291197
-0.157903186589503
-0.189900631024906
-0.188655659490916
-0.133852907883684
-0.23702514157223
-0.466972279389346
-0.330543603367186
-0.185738260204885
-0.29443193314557
-0.287646810758191
-0.296713962586416
-0.265308553989195
-0.275540792609064
-0.105688053740387
-0.175332578963717
-0.216135512374134
-0.424908671439577
-0.247258540362351
-0.107259392081276
-0.242570259793701
-0.368460303032344
-0.240779279423878
-0.43803040755617
-0.173698114173565
-0.263437860627484
-0.0941001213582277
-0.121479925539098
-0.156405761094143
-0.243916948631681
-0.232547881124074
-0.251394296883805
-0.338456609038414
-0.205055467696235
-0.153000836112122
-0.110143554987856
-0.272346130873177
-0.164672974368547
-0.192636254083778
-0.00418672427807698
-0.316875359765624
-0.11192622244717
-0.244226607842957
-0.0976464688301067
-0.107946643799343
-0.191498512879494
-0.053972062342883
-0.237226984491454
-0.31657934858518
-0.253742179542252
-0.100584808255448
-0.156123288446097
-0.112019454840618
-0.117375497936642
-0.123038664212105
-0.327314793393521
-0.231357140061339
-0.25903355400297
-0.240583398280453
-0.0739120600764824
-0.107315366849852
-0.22692959146235
-0.0726860080497433
-0.112440809647684
-0.0925146963346628
-0.196990835679672
-0.169688656793592
-0.200103557784109
-0.311937540010097
-0.251028689016412
-0.16755449836522
-0.312292596643759
-0.114408838228948
-0.0792612162968536
-0.113736240227352
-0.053200518986629
-0.129526199444589
-0.167093356108533
-0.087086242512306
-0.164793324305654
-0.059559854900432
-0.189631485429695
-0.107545499085596
-0.0425541346209197
-0.208232012910839
-0.157968488222353
-0.0404588702770125
-0.141431565394106
-0.110486511532723
-0.129406333703805
-0.0455330997713381
-0.0493528267668942
-0.0892626167111891
-0.197717745019719
-0.0620116803321262
-0.0490447032044339
0.0116420229632634
-0.127551345071253
-0.0411413662772296
-0.0798839229867551
-0.0933940738697068
-0.122686993570018
-0.144076954112475
-0.187846491742139
0.094313511555183
-0.0314950188570852
-0.0135823817906325
-0.127819983864499
-0.00777352257337191
0.07665753039156
-0.00971550093421316
-0.0728920236312708
-0.00425061533547307
0.0597157194717076
-0.0957667081520939
-0.160075337007494
-0.0687726330602332
-0.198573805002829
-0.0329654927456158
-0.10111713544604
-0.0449651789039731
-0.0158768082353861
-0.0484108591331658
-0.0340236333583343
0.117481643838065
0.0342353121691446
-0.101555997691659
-0.0638630426038142
-0.0373338744428318
-0.117013650343511
0.00168840283706311
-0.0931355681184149
-0.0911028821836531
-0.0157089312999977
-0.13186380622475
-0.0817059888155203
-0.183341567875924
0.020873444479753
-0.0521978638196778
-0.0324164419089811
0.0177400615157725
0.0804855787331601
-0.0553054241472101
0.00224569988377056
-0.00264171754640787
-0.0355214176947501
0.0398819587195508
-0.10077611136197
-0.0604788844179871
0.0313660854365704
-0.00214546558531569
0.0233612791618804
0.0450315422056029
-0.0526323252589234
0.0188523320076363
0.230819888485153
0.0368629497569475
0.00653395566538385
0.0613840235669353
0.0415551963839794
0.0321661059286328
-0.0751477334817446
0.0921452520155135
-0.0236061259089597
0.0245326257269574
-0.0590827551786265
-0.0557089765375518
-0.0331494361446004
0.0875945813539303
0.28113640634175
-0.00656551750903788
0.113761664780173
0.0242800870501599
0.0431241178768734
0.175402403396166
0.107169619151934
0.0438950266416498
-0.019904706283722
0.179836710400811
-0.00126969264826787
0.191696097998278
0.0746515620789959
0.225163262513429
0.221600089296534
0.0778871317789227
0.0386513036315786
0.0930965429962114
0.099989190643243
0.0171940844717383
0.147727713070766
0.167099690656677
0.166796159724077
0.0594269415490379
0.113588316658913
0.00644177715127002
-0.0659866466171987
0.0873439856564099
0.143651804961666
0.0933262300499081
0.117928991377059
0.217530702336806
0.170265012499266
0.0880110200749562
0.103952445522987
0.0989020633966094
-0.0353671211237803
0.152802118122176
0.136972360518136
0.178632905612857
0.0207184677389107
0.141609238418802
0.331424553528075
0.0617360134569973
0.113495785067484
-0.0135412764305159
0.0811642043134915
0.148116215585671
0.136675223255433
0.151953195687988
0.271502503962087
0.0725346399257085
0.140331598667574
0.191688517966266
0.218847844440843
0.139026567925849
0.10451103091032
0.28084513737766
0.05993462728502
0.222157187417299
0.1998980864032
0.092439535883611
0.170380255662182
0.316339807440955
0.252361134650677
0.196461638495039
0.125796998219279
0.169459888734002
0.0449444333142884
0.165352596904778
0.125409003585531
0.206612345722045
0.22208098482514
0.243459023344104
0.141957930165046
0.240522839949133
0.264556827490299
0.213947509155174
0.266472947023923
0.213716395560451
0.204134544978504
0.138182704495001
0.214417268301902
0.215225127221608
0.253314586513176
0.286936537200974
0.165177550380574
0.123210735758702
0.217400339326317
0.155277875667015
0.205678232068015
0.205008252019238
0.277592817442908
0.156722208844926
0.216471011948156
0.130772155976687
0.157839901604036
0.246480045481087
0.199143818648133
0.234003391194903
0.26952965587087
0.381717271344168
0.476188773313163
0.274514223943347
0.207591142456003
0.204958531517052
0.228461466464196
0.224090241909807
0.232666265233782
0.167777930366792
0.3254742784604
0.122308457411199
0.37086053768107
0.426248223072846
0.179062453159742
0.240020366987014
0.179958884337312
0.388704218021768
0.258689568421457
0.174598197194033
0.292881122819484
0.293161250248759
0.155012399639
0.289525800274496
0.345400866046304
0.400827786305725
0.159810814729305
0.329122255341988
0.428275134578991
0.301087984826229
0.245881224969223
0.365410021478374
0.16420387623308
0.397383919406193
0.373383868719453
0.339518299711526
0.47037328193756
0.431252167230708
0.283798376214481
0.297865739123874
0.352076935493582
0.203208205551575
0.363551052020326
0.21816391005666
0.248202342809599
0.369152229310957
0.315505774558459
0.250972222969017
0.404825692497578
0.570449473082058
0.482877393589772
0.273620715226374
0.233653261060587
0.462000403078324
0.374515753701431
0.340371015140548
0.31766242830231
0.385271573278461
0.392214154288709
0.40056927958682
0.340443025908011
0.232302931540021
0.402139547224846
0.389208826934762
0.341193810753018
0.313163745321705
0.405350018984506
0.373952406850289
0.419232137328824
0.356758436068917
0.46801172685112
0.270989903619104
0.344421733942053
0.251278116570503
0.211556350920299
0.455982852331987
0.442712917698158
0.409935040594652
0.341810955056096
0.410584128001243
0.470456535188778
0.507638711892527
0.425563705381217
0.337958985577552
0.440731499827386
0.402928243718507
0.485470034808396
0.448923336118435
0.348330529734881
0.599180771923335
0.419924697041192
0.557777237199029
0.507364680007267
0.490035622285206
0.523395468379255
0.43932794525525
0.462707430485134
0.54167070808021
0.492262096278659
0.399989980653136
0.517749005006765
0.468764083662689
0.479645839414698
0.415574501855909
0.404882202757773
0.303013288289543
0.320001800694606
0.413064411076138
0.389029259683902
0.427464386524264
0.421756519831102
0.495694665899209
0.438404548387197
0.458166238821325
0.464491957001075
0.501910012328129
0.503069344105333
0.543956194521522
0.36642965523819
0.593746557039655
0.535737920485134
0.37261336862677
0.409803077784833
0.392414428265442
0.516813128850112
0.336526382873272
0.586974898712436
0.561791085672145
0.43255490627701
0.51660333136758
0.626839018042958
0.550770424515133
0.537417253528498
0.585928795270525
0.410323609147679
0.427454225447673
0.54038081465231
0.569961169013506
0.429206717636749
0.373202021403824
0.637907334741266
0.556065895881307
0.538077534097802
0.572813321937263
0.565512814203218
0.538046772767128
0.508046233817223
0.594711547961689
0.463376688438143
0.580831173239784
0.549596563875105
0.440405012200449
0.662308862973346
0.572605674020361
0.650708365669201
0.471845904843607
0.50562287932017
0.474815843058889
0.653942243051211
0.51668839780782
0.578661993761452
0.588142921487404
0.528056320106447
0.617603040191287
0.638730358642875
0.596962217480128
0.681553637713995
0.617621474833959
0.699844050985737
0.537623723762185
0.574761877816426
0.365656476363388
0.526643861092982
0.525152727848725
0.536301129295783
0.643234032858891
0.578447179078983
0.670077676581277
0.513774409310314
0.474850729757718
0.623064046476432
0.763253914849934
0.681282845901521
0.633391929096988
0.452620892929413
0.600692102879487
0.64154445647026
0.584281322001919
0.695348838674666
0.644694104418619
0.468874851257883
0.620499567278338
0.656784773384587
0.563112765168485
0.694143484927864
0.75552000192481
0.453989659125149
0.760026848550271
0.561464297318042
0.756769870201177
0.454074323427469
0.578356655377718
0.688727671657598
0.639725542932226
0.502608167368213
0.643389286526945
0.55165185327035
0.727675287657459
0.71813118145987
0.687536985930665
0.563804138957422
0.800702678321237
0.732616954577077
0.537449451686718
0.659069407506429
0.809228680251437
0.783151326242129
0.635223955412764
0.826010429844809
0.578879473999024
0.655321315673753
0.734215451202523
0.620749015497958
0.651669009289231
0.75017262998693
0.691865538524678
0.752678940940636
0.661659015022139
0.659455219653629
0.746791794871079
0.613485177934843
0.72913393658346
0.646957414515335
0.799177285596467
0.68478317234541
0.765290918068999
0.531232447821358
0.834680731533959
0.737829777910951
0.750264998370991
0.71564395700138
0.738753620899188
0.647776678897629
0.712807674648294
0.800868859575958
0.796613404613787
0.737481403369953
0.668043423864801
0.564551446774137
0.583484189922717
0.809085807720846
0.757434940797134
0.682839769635897
0.795383850333684
0.692595534640358
0.688154790958696
0.830368986989086
0.885167406908534
0.691131552265878
0.779862569788894
0.798158456714219
0.702757555109107
0.800060974344885
0.807728620186981
0.837558027392021
0.854445985260744
0.803857830819114
0.775614466988256
0.621073732401849
0.811329278028825
0.538464378962705
0.870974543282721
0.854721066140722
0.879028802412669
0.799546084105943
0.698486091260256
0.774721269553055
0.775075134190729
0.737366334473742
0.775765476164925
0.849934005157025
0.773796633986864
0.746698784140028
0.668526530412463
0.976819192124774
0.712636830798675
0.841680901055505
0.733908253770136
0.810173508306251
0.845761414576008
0.965079781074122
0.846938045463942
0.740148431242295
0.906931445799925
0.733942952089529
0.734891951198959
0.838390821126413
0.832343195977629
0.768764471527512
0.861223522709625
0.800440668558529
0.955057124468274
0.769087911607594
0.951944487304553
0.914042428024671
0.710841514756211
0.98015114651346
0.811686956564717
0.88142698972873
0.778426871832172
0.838718180975034
0.913819395543479
0.81892942993918
0.843437371982589
0.914785538815044
0.866067224564619
0.909218302744128
0.909956805535402
0.904422159175854
0.935614983866445
0.842057675101842
0.863461582812688
0.845041647121967
0.889822924328902
0.837598401802549
0.732312355170551
0.895843453437331
0.905803044369875
0.9431440611166
0.736870479503845
0.867528797897888
0.93029626119519
0.815477078577331
0.74792389937601
0.784299355573622
0.805834703502769
0.862757681336637
0.812020614099961
0.857942995813035
0.912268790807456
0.962714018832917
0.991864582079595
0.996778465014362
0.772524116277661
1.01319390967133
1.02423620921915
0.955173953491364
0.935325170042859
1.06046889532859
0.972299626212597
0.867598106278473
0.969610005235809
0.905308214052711
1.08939480419086
1.01863746265824
1.00863496164072
0.795128001510813
0.921620752691475
1.00617131953733
1.07215453557428
0.968986867902703
0.98412088424437
0.885601410650183
0.922970836462516
1.06323669782086
1.06191710802425
0.947551526543365
0.995689220659907
1.03209513555217
1.13669698030878
1.0418048465874
1.04281959484476
0.960636275701783
1.01284660714278
1.04392536376593
1.00583982238998
0.912532629136668
1.01057469005518
