"x"
-0.947574663258905
-1.01129074534485
-1.13249226321772
-1.0954736699466
-1.05602704201213
-1.01373507954032
-0.925173722840299
-0.88926519343479
-1.04930668022391
-0.950889616280291
-0.944017126707871
-1.10086812445409
-0.905564508319304
-0.854489411937704
-0.794995309453866
-1.04114130137122
-1.07512656671794
-0.922887661265397
-1.02154110751164
-0.79681249998704
-0.839467136195466
-0.879546785657893
-0.963679469121521
-0.974039255927762
-0.813506943839678
-1.09633101931452
-0.97937154494907
-1.11866166411525
-0.937648467653949
-1.03334123225576
-0.919644827456962
-0.867136021230146
-0.958078123129488
-1.02793921154348
-0.883438060384654
-0.99588773043377
-0.906695196136712
-1.07498919653104
-0.86792587219669
-0.91521053543986
-0.982454528683204
-1.0331467347993
-0.956710898035276
-0.974190425294123
-0.885371216858285
-0.95334147227488
-0.888996466659659
-0.688435031958694
-0.875867499825072
-0.949116187203789
-0.991530696950124
-0.890702934204937
-0.828193353215942
-0.806043350541022
-0.90225694228362
-0.924040041474774
-0.842966558201502
-0.895434715268112
-0.889900311788422
-0.784108115426036
-0.876343547620883
-1.02198301234061
-0.890467190170971
-0.830567915987401
-0.898251821040493
-0.889196404737782
-0.794650034911557
-0.882692037785042
-0.852207105343657
-0.945628348984742
-0.712214469269312
-0.736629106936324
-0.995508587768363
-0.893995174825983
-0.7628893131707
-0.86338078035495
-0.964988401712742
-0.7540604260455
-0.888744088125021
-0.764453485262657
-0.815066360653546
-0.761642486000396
-0.970273847818366
-0.752801149497292
-1.02766993001787
-0.810985016544335
-0.994883167409817
-0.836163032131514
-0.741330328833955
-0.735179980539598
-0.776130439926616
-0.827970672163323
-0.818121274064497
-0.820724377359374
-0.790466562520388
-0.791325567045065
-0.776028542784697
-0.675283992087211
-0.904084683168053
-0.727531365358779
-0.764407355418577
-0.822220457479494
-0.608137781661744
-0.685759663237452
-0.771434563014885
-0.800206122240673
-0.730161098186436
-0.686352387609902
-0.836920402054774
-0.737559781246381
-0.587529546816994
-0.837711976167138
-0.851771177364861
-0.763086886312379
-0.861187982216607
-0.853765535793138
-0.745195157307911
-0.770144219642187
-0.616990874223587
-0.747401860035412
-0.645627495705745
-0.902118670038827
-0.822242422487737
-0.841240287593526
-0.854975455357536
-0.710319051163475
-0.84887719105309
-0.740367698803127
-0.819112981573002
-0.675293206034614
-0.704865533871588
-0.71833168846528
-0.650194434061287
-0.842142381254459
-0.739921979607867
-0.753698715272108
-0.672878649295113
-0.790161992393203
-0.651339156712146
-0.637233889357391
-0.64235373096778
-0.581409430890363
-0.875638162117385
-0.550294876081198
-0.66377873932383
-0.783010681994969
-0.777268989882244
-0.692138193884735
-0.669680424830936
-0.647210418016921
-0.573884944737591
-0.585135680517347
-0.637719494876749
-0.774626171616427
-0.746243418804289
-0.627460474077047
-0.688417438030541
-0.627556905861477
-0.675165547796903
-0.646511443795169
-0.763906158703578
-0.629813037553056
-0.651312205955451
-0.561850586041662
-0.593489637026399
-0.747567915603944
-0.738168063134416
-0.62927426304442
-0.741567874928538
-0.7265915402641
-0.587352441975784
-0.648542064201539
-0.542809242122503
-0.691763494030317
-0.697063277340723
-0.642171412785442
-0.725015484914114
-0.639736824496383
-0.800304283248
-0.633558839791028
-0.729847967122549
-0.588739147813413
-0.642058891600833
-0.692457493288099
-0.684096570079071
-0.600876604314195
-0.635045080070911
-0.593458639166983
-0.60266132288915
-0.749033918505262
-0.618857575197746
-0.759080256375423
-0.516458252136869
-0.635856744032379
-0.659301248662148
-0.587680688438312
-0.670745739333743
-0.577187780715496
-0.627939961708328
-0.701474692296898
-0.706782288097194
-0.519964371754861
-0.544896829907703
-0.532438522015995
-0.6711758218435
-0.645201871226919
-0.404941999779121
-0.611282963106846
-0.476501031572389
-0.313300470322221
-0.517893467015441
-0.516729760807308
-0.656741889018798
-0.525278880070473
-0.622611134978538
-0.522767757063461
-0.349760822528955
-0.5142873658362
-0.727699932557063
-0.715721027957514
-0.631842215517335
-0.598414066656756
-0.405678417322577
-0.796967367845604
-0.68555203315327
-0.62008659059061
-0.451142950631769
-0.507363573067147
-0.387248555135153
-0.579615425047271
-0.656883267778982
-0.664525204939404
-0.600641573085775
-0.595339896570827
-0.53175099699636
-0.465235316558931
-0.720849157068545
-0.456912877267625
-0.53295413772859
-0.490579441252894
-0.523607205189791
-0.58681089559533
-0.518896078150159
-0.601581671574952
-0.586353061150723
-0.36005964563145
-0.528064045939619
-0.421466622631886
-0.424301660486315
-0.656850124641348
-0.390258601144628
-0.504553962933883
-0.431891521618922
-0.387559250685081
-0.631332804508354
-0.504838017403639
-0.499773876302721
-0.475686526287561
-0.450125040060168
-0.384726780538559
-0.601027401480008
-0.534138010722532
-0.24414169375034
-0.544693846706848
-0.606839202287349
-0.558563353923978
-0.41935003735789
-0.541552888302757
-0.54161524453443
-0.466743787764225
-0.491446674443351
-0.347375674997332
-0.404383817311928
-0.416272798709532
-0.436786847331904
-0.658909169668067
-0.473385406767256
-0.483408809986993
-0.436098086539522
-0.460577642139955
-0.421183658852356
-0.44873713820309
-0.498897341270544
-0.416479285035346
-0.452983914830836
-0.481521472440831
-0.364564323330746
-0.415183413922711
-0.338386573661513
-0.623316305427849
-0.461799952240317
-0.392317364138209
-0.596543797097413
-0.457620974833698
-0.36891603454475
-0.443632238154977
-0.429554335551944
-0.465886149008798
-0.294086981655366
-0.550081119145543
-0.469013331784197
-0.448867427073507
-0.326831321816447
-0.414046809673278
-0.233889730839743
-0.381216022977178
-0.539466291365455
-0.189504861545618
-0.315913069380078
-0.332211581206802
-0.331974562878279
-0.315442748813683
-0.39793328686034
-0.229527969399058
-0.417106145775158
-0.349020472366933
-0.340063586233763
-0.179749707115277
-0.433156422935783
-0.403678713479989
-0.313697330152047
-0.353971026309417
-0.312257257780491
-0.42555138393851
-0.409690957472215
-0.432355435095432
-0.182117330119192
-0.290887231278948
-0.387852256828925
-0.482816367547605
-0.196745739608017
-0.226510049105842
-0.293337626539668
-0.291386522390188
-0.298224125194013
-0.351306743771077
-0.275589065084748
-0.249507198109705
-0.338419019533305
-0.240977167942105
-0.280182231514453
-0.248449426223061
-0.352279048945142
-0.21869529827803
-0.354953000200109
-0.35325237523779
-0.30060900658728
-0.383254799783843
-0.275864122754383
-0.415503612700021
-0.196883558273365
-0.309677329741275
-0.298328961237938
-0.163759337764816
-0.418632674068161
-0.306985561936556
-0.261581801773342
-0.310980342286806
-0.26880590739006
-0.260140607304352
-0.272229955757128
-0.353726847235867
-0.27414863666124
-0.140847525855896
-0.193284318520753
-0.268640606341748
-0.325015651908371
-0.235660203652933
-0.202540242186133
-0.276196067248042
-0.216906020423863
-0.272204580415268
-0.147843294213535
-0.161106360822683
-0.276808026471361
-0.300933968662686
-0.17729290852095
-0.343845942774141
-0.181744024592207
-0.230714396355548
-0.252934322365117
-0.31817553699999
-0.164008615525318
-0.19736899802111
-0.192017573066792
-0.27286170045249
-0.294822997083914
-0.241810416276192
-0.27165163983178
-0.178725415704337
-0.299789530837899
-0.131634551718896
-0.220814083864845
-0.268951676365593
-0.277834774600334
-0.224325800180968
-0.0541186077554777
-0.329564169879434
-0.242157317256728
-0.02912907625036
-0.129892326456826
-0.327043740568015
-0.0681558400790951
-0.161829785579132
-0.291058091190763
-0.261465295995187
0.0149165654815976
-0.326102886425431
-0.234061589122118
-0.0923284320584962
-0.204741705766435
-0.0994778671783013
-0.191292110245732
-0.178823942713628
-0.132048971330953
-0.126871545413442
0.120623113655985
-0.050138052910334
-0.0940493636964942
-0.190087148830259
-0.131320754143402
-0.132442334318703
-0.140647247341664
-0.133680318994774
-0.12634362049299
-0.20514430684503
-0.0072105931092085
-0.0546485378152462
-0.0327335225445995
-0.194492423754787
-0.237030239438309
-0.17425221383683
-0.0962361601251333
-0.0690444991727121
-0.117444513878746
-0.126933668837967
0.0564349674645074
-0.0551139550323611
-0.11344583617492
-0.117424505358024
-0.0949422030957954
-0.189107735779988
-0.249095761163396
-0.175585541631145
-0.165168861694658
-0.223059382465405
-0.172463262928866
-0.270559907530826
-0.211420513712106
-0.10526781371329
0.0668537886790526
-0.0679176998359925
-0.0127030666087654
-0.124076243925821
-0.0413083987877666
-0.119675312437881
0.0178041393650578
-0.108720984557164
-0.144498847936763
-0.155005721309765
-0.0705532080332914
-0.0309882549531143
-0.0857925085709321
-0.0707813977482087
-0.153052579672899
-0.188821570799748
-0.123226680417575
-0.0164696563445244
-0.0442451270601563
0.0245637196419641
-0.0854559038604548
-0.128932034268736
-0.00410432399761709
-0.0189004924282899
-0.309413110398751
-0.120097594134961
-0.249159874083914
0.00452907234845207
-0.0661724312939232
-0.0335314786980607
0.0011759187557226
-0.103888813236245
0.0474643005456894
0.0363071913349278
-0.0647312502760751
0.00392485305206153
-0.177955614697155
-0.0170233606445271
-0.0909513649897107
-0.205815048588897
-0.01825690345404
0.132568974769296
-0.0158592187291276
-0.144900703467214
0.0560389226343395
-0.137724242908729
-0.158657246229456
0.0235153578895695
0.0210806550315538
0.0144778054856458
-0.0264081700271204
-0.00788124032001964
0.0295029912161603
-0.0290042461898338
-0.0652128067644669
0.242077757730179
-0.156681564045202
-0.0239486625598734
-0.033532365564372
0.048786542979263
0.0306439095432817
-0.0710759966977761
0.0328858219714367
-0.142633110735407
-0.0112542897174933
-0.0345418561234094
0.0368269767259821
-0.0261243209332991
-0.00423976796756255
0.1588079877562
-0.0993245480751918
-0.0428740997982752
0.030010015067043
-0.0871884499365265
0.00274952228117387
-0.0450470447635538
0.191971926531905
0.0890083110093224
0.0603738961775278
0.207473536133583
0.0419505104512545
0.0298718745331438
0.148650541682587
0.115804925965888
0.102265828504276
0.205318443258348
0.105550789376572
0.0762366573197745
0.173991556562823
0.111896243048005
-0.0663797977781
0.124789159426577
0.0848415738286213
0.0596614387180554
0.0172406545308753
0.100902935545865
0.0887002420401725
0.134076413298329
0.0111791605488267
0.0749583246566222
-0.0185895348477279
0.184689445051777
0.11644306473851
0.134457064507957
0.187893849199907
0.0357557024781438
0.14177196059595
0.161453242433391
0.121837013643908
0.214842367735704
-0.00951393227249329
0.023881939789832
0.0563539060982488
0.0473438836379645
0.360597259198697
0.247935796554025
0.235556658523913
0.0362747468733079
0.18251927865589
0.00957713997292369
0.138408534737374
0.242485811261288
-0.0157200849839923
-0.0137228473504598
0.117246388007102
0.192487528352855
0.15602002583392
0.147961980222559
0.186631055969777
0.230779306075592
0.180377939203031
0.221425402349626
0.0836126688686157
0.169855536705055
0.0862169567219194
-0.0413093085225049
0.123428333263416
0.0916292686055653
0.192801677441146
0.253351843397741
0.214605053329883
0.190203657621475
0.270723540487223
0.167042807638957
0.168788923737127
0.19532981034822
0.244560444321797
0.212440211659241
0.152096379425396
0.11313682163379
0.207604373605605
0.234811636164365
0.207438488953788
0.357793141457926
0.249408659647397
0.0289362050864939
0.229715635840935
0.217679450441085
0.368330371860354
0.145106804477132
0.261757093371084
0.265194685198679
0.144290814120214
0.372850775620349
0.272929027008845
0.228245081122636
0.257837730143952
0.154498213192382
0.296021851460598
0.450947442319183
0.34185552974991
0.17521409180394
0.260009392633865
0.258255788241539
0.328784532606333
0.291081608265913
0.388611078704037
0.18738388222097
0.309113938325137
0.33982756778336
0.193106508333627
0.207724696909854
0.25672808654015
0.353217499042139
0.238365370625907
0.387828662983652
0.287450941814627
0.449266761393262
0.258407515836063
0.266449935223716
0.281289065350323
0.287507230881861
0.221341339880125
0.260682787186201
0.210483102452877
0.378066231298079
0.403519040720888
0.348107648850472
0.234582742762453
0.445342914946083
0.524871035381481
0.395480633545017
0.366027323604363
0.347535151232104
0.0791024770139908
0.358297738482706
0.383168699955273
0.176282245104254
0.43629868008476
0.343722216080082
0.337590722605527
0.371470308213563
0.332192276771203
0.38934496014417
0.302179335816283
0.35113232393686
0.286014052300689
0.279144441930311
0.390273294790515
0.313908321452384
0.372532757778083
0.363738008157902
0.272147781964756
0.427639011016265
0.346563211118951
0.27611453060783
0.328665746813835
0.371680656982031
0.394091124807336
0.470804350227447
0.322229567991135
0.392180117519571
0.382196307161657
0.499542184931624
0.426132505767218
0.393265926976363
0.392834624936172
0.427817817708682
0.350599987121723
0.398722449142998
0.488193280578885
0.295260949905205
0.487909688233738
0.38704730674918
0.38246228388983
0.387605656005396
0.389779914653192
0.458215615974082
0.423790766127837
0.498064459492849
0.328941954171742
0.278420113081286
0.392876048079165
0.595041347719819
0.394042894465729
0.543956703024122
0.339606224495614
0.289039831630647
0.354328229453377
0.440722985888992
0.418934942562887
0.387850177023297
0.356642381335428
0.476903613702057
0.453214272643651
0.640257686277633
0.477381635205088
0.500398856809038
0.476819845039524
0.406431693076123
0.507858821177415
0.443743974729389
0.35265581102722
0.549579141030839
0.615762823674265
0.273181968896187
0.5134402093566
0.449779422851773
0.608765793123267
0.334924110715355
0.392720618562245
0.538083502143548
0.428092305884254
0.506578038048363
0.515994248456131
0.404454589610368
0.555345946512103
0.557832057753641
0.555699636256573
0.252644946657464
0.460528611804182
0.429391566708793
0.330332592962346
0.567972987214174
0.408816763802425
0.49190081862501
0.523477652226478
0.407125312199948
0.34581293428904
0.606495463575962
0.452457104749162
0.378295121554023
0.54838580419357
0.49297854625769
0.501051877425221
0.341627476964862
0.463671637399726
0.571651903623367
0.492086968025751
0.557367066434494
0.537178174549489
0.442621896452232
0.440158004469101
0.577133994464126
0.422820907848432
0.557911363494965
0.532288272709827
0.590155633003591
0.512244695373603
0.468383965812801
0.487794194189055
0.399800428872337
0.531794109139767
0.547837174378828
0.636148338526524
0.656400638755915
0.588873775135018
0.379726172898754
0.560930670223979
0.505445816755046
0.621913470548509
0.483582088273718
0.487231999434594
0.610290076021645
0.604993429455048
0.438925711106136
0.559666662498997
0.516968818530411
0.650405504397221
0.539464074813131
0.466689962690685
0.731860351808384
0.633360186648494
0.615377713722642
0.588751486959035
0.624830539255232
0.521089164466731
0.589107487238396
0.439203175242299
0.669657110895919
0.532314833867129
0.563018529098631
0.638722585298325
0.782480766475646
0.635097733893482
0.718457755337179
0.566474176382947
0.56885012593272
0.67180196967996
0.659506035683886
0.789100197358363
0.725427260962764
0.573870251420486
0.639708521880771
0.709717169199181
0.517004504523443
0.654758099970642
0.535032501771371
0.59623477521254
0.536526869828325
0.541209997699376
0.625674502375665
0.522483383367597
0.6622457420732
0.787009618460293
0.58656406795317
0.726360137907618
0.765706476918078
0.677606031793016
0.668469061745308
0.609102541951672
0.61087732825997
0.673390397596472
0.800677160531851
0.642098983890767
0.554080252249894
0.684854123839189
0.602484748660554
0.505531842863393
0.624343898345544
0.609077312702083
0.758195978885221
0.707249488123457
0.604030332687292
0.549362325522309
0.610592804657308
0.701190432994458
0.67406114140097
0.757863764640131
0.689538107409458
0.720923679692707
0.878855834604473
0.840524767151957
0.551517246373723
0.805602768329608
0.720364670963579
0.778280771327717
0.645587646617438
0.715765109106157
0.790268642086786
0.740419349668937
0.760443638457235
0.73693472607935
0.680394840537616
0.72273129765499
0.781017650071741
0.699274197069495
0.675940055388955
0.718845263751043
0.651646941013585
0.715436138162227
0.744197514492274
0.676993122876145
0.697212715159739
0.671334131918005
0.827685598772404
0.685642173584151
0.660862119619176
0.733306349981021
0.613127919815926
0.660424232223504
0.74517048225735
0.714651879032211
0.771965900612394
0.628040893171691
0.657845096064434
0.640022175190529
0.777588301413687
0.734314250486619
0.873419774736567
0.783772840969589
0.758879056204843
0.876165636252655
0.682618854897263
0.747210216242764
0.770316020080655
0.774158991203948
0.787497918510721
0.899993542021662
0.77570845012729
0.813812111269597
0.767046895447747
0.809271494855821
0.999798124456447
0.929996625548203
0.833521194734385
0.840074220907308
0.943284892746106
0.774867195747412
0.802902995437074
0.814993867246429
0.822319014969645
0.951903132648276
0.766071071544078
0.771573646130827
0.839480928208703
1.00758678797981
0.643115415212276
0.821550131655623
0.798093872228619
0.847292929544575
0.82304266466881
0.840031022121607
0.792132829559277
0.929488575924645
0.625938188919759
0.923865784640295
0.868393842840217
0.66626199507038
0.919399519805766
0.927540435049246
0.959622571871037
0.854363350211926
0.945489162643517
0.770064622715709
0.804832853850441
0.877527515393359
0.980843595914517
0.910145719678146
0.857910159158456
0.994701230712512
0.84161357588769
0.782818719948547
0.968802714143231
0.940050088996499
0.826631044508694
0.849618479230789
0.889958328553814
0.962935840451956
0.928699884467207
1.00683077529214
1.00422921514535
1.03816414896528
0.945392443710745
0.827583940841928
0.918072350204766
0.943930809596816
1.04524707147364
0.91968698392704
0.927937009351408
0.973070182606342
0.930759570537211
1.01092767132061
1.06588522699152
0.924777232203854
0.879884141754988
0.825193599538453
1.01254702707019
0.952519773416194
0.920259790803602
0.883609868580744
1.08358354467856
0.961010798513389
0.949465884472223
0.916837328760181
0.923363705261023
0.877354159720823
0.941738257975041
1.04398256295564
1.03422675417208
0.852106112712389
1.05703837264585
0.98342485882343
0.824683600772362
0.919854784213647
0.918528039237604
1.10946950354293
0.960400270796896
1.08050696411748
1.03953272940227
0.907238136617714
0.787193860669716
1.00285722490053
1.11751137065943
1.13342323830366
1.08470304235741
0.930744921856421
1.07239785222809
1.03118353656822
1.00119895538913
