"x"
-1.20686851473309
-1.09629241879625
-1.1095960033621
-0.872144802130508
-0.942923675122472
-0.938522150482114
-1.01735857800378
-0.919239368718438
-1.15728454380271
-1.010649747648
-1.00146015670062
-1.00170158351585
-0.897598096098392
-0.846020650229384
-0.899910816840272
-0.984912790374842
-0.984545194655521
-0.967971017944782
-0.935227705500012
-0.898836061190295
-0.911099923017567
-0.98850641338506
-0.846217278586204
-0.917143788517337
-0.982185697878105
-0.837878229681978
-0.923508890111406
-0.889786252783775
-0.938655846684781
-0.97368749591221
-0.980896623228935
-1.03086814444228
-0.900782652098271
-0.920738804326492
-1.04129032284966
-0.937004269077198
-0.900890072133802
-0.926839608576406
-0.802967933360711
-0.839181273347131
-0.891159341126723
-0.803574888264497
-0.788385638084378
-0.802113500443824
-0.992408626301058
-0.889557222139746
-0.904398768405719
-0.96780395952914
-0.889641069787103
-0.862631816415015
-0.805672281203934
-0.97813093978291
-0.876198360425747
-0.8712895927179
-0.903131235609783
-1.03738007656981
-0.913426253175724
-0.937280452877323
-0.970385249413704
-0.907478791812759
-0.700935726192186
-0.946258210316732
-0.885481778882881
-0.766403338428398
-0.804879630632317
-0.701643579745209
-0.89356319742598
-0.829704475185758
-0.816233761866168
-0.813115808252106
-0.859387215466294
-0.840209038620577
-1.07389610814967
-0.959647543270121
-0.945377170703807
-0.936526731203097
-0.836878399610908
-0.697190697231301
-0.75374039438252
-0.836689453645707
-0.835412811064107
-0.834551258821192
-0.862223140551934
-0.821504632012232
-0.810644427967781
-0.736264187095315
-0.805979009556893
-0.868331175277155
-0.864828607677981
-0.786251669162693
-0.72550119991218
-0.711152876961325
-0.741446920304249
-0.645986509293695
-0.81289403858266
-0.904275357790299
-0.83748637001578
-0.717857867865246
-0.769243360082576
-0.723922946485786
-0.868618306661769
-0.784048137750158
-0.841431598201767
-0.868094725956365
-0.839927617774323
-0.868029858949749
-0.76797768792153
-0.793716910860626
-0.821831764656047
-0.782672641732375
-0.799416457480101
-0.806002571878173
-0.7693294218186
-0.620638322417303
-0.784887710378152
-0.879820895951058
-0.647114151027309
-0.703401402441307
-0.65094567449879
-0.675142497654284
-0.660377028361931
-0.769548667740824
-0.708973691990228
-0.801343257455367
-0.714302552570343
-0.709961670158673
-0.71578879647011
-0.588481947892368
-0.683261726215286
-0.769496151889827
-0.683069317972595
-0.866099189532357
-0.606025520741483
-0.62593256199253
-0.724543936981911
-0.789754318532021
-0.753712920086541
-0.711203360165373
-0.66927529910616
-0.766974092588699
-0.675927105042408
-0.764001647427392
-0.801535407394374
-0.848406366335263
-0.631249866158174
-0.767601725462814
-0.61117882645416
-0.774597146351795
-0.777356521121575
-0.722370713415723
-0.556662648473991
-0.654022715613041
-0.775838416260587
-0.613507153564378
-0.773383804192343
-0.719970146325531
-0.576524393792214
-0.720180456370525
-0.773493724259766
-0.751787505027216
-0.693933882494209
-0.776760186107761
-0.596123366392845
-0.590330242181398
-0.67399122049015
-0.566081151738927
-0.548606310577108
-0.709939071743556
-0.549435587310939
-0.757324379384183
-0.72589864235274
-0.655872586247114
-0.729519534358723
-0.555462486892367
-0.717250498672556
-0.65586112008504
-0.676392193376608
-0.627022858183737
-0.686622040909569
-0.676994935626453
-0.688529246237821
-0.621302188890648
-0.599372717909672
-0.566715260831997
-0.661293266257411
-0.6104006584738
-0.589678684987755
-0.672750077465249
-0.647835303298533
-0.841306787483897
-0.50078302815546
-0.660355540213639
-0.629067468593744
-0.648909165851564
-0.632443043277452
-0.673003955430305
-0.557676351482381
-0.725774721494708
-0.548965526847079
-0.581009647137326
-0.588683574107251
-0.703671391499516
-0.634970871890766
-0.639187803592144
-0.619567930728523
-0.636386318499442
-0.434856203910871
-0.51628601616313
-0.760398981491112
-0.653981745983401
-0.54970582991061
-0.45699955129545
-0.54357022873082
-0.499659325837184
-0.715765742317273
-0.415726711611575
-0.398396649655701
-0.710656912717659
-0.618704091021432
-0.553185494568174
-0.534154276198705
-0.507490924930278
-0.648961828087011
-0.422590408461392
-0.478360274888838
-0.642358683987749
-0.6725148806173
-0.453893841127286
-0.39337929063678
-0.438923542792411
-0.644756558021747
-0.570317141965379
-0.370912319764711
-0.579864659105623
-0.492212141120161
-0.557156727979484
-0.597523273313268
-0.433510877985953
-0.577176091318656
-0.522804767467181
-0.553552249606181
-0.40355826968813
-0.589899992724387
-0.487427622346225
-0.377480407760443
-0.542849812568038
-0.582977805432352
-0.58350750986316
-0.436016364517601
-0.470645953234784
-0.559873272741976
-0.539158157992774
-0.533394127757081
-0.555588333840458
-0.663432146363007
-0.460785935267833
-0.426645031998464
-0.3737016782414
-0.461074773352473
-0.524686073555734
-0.460310976776979
-0.416411435669119
-0.537866966129402
-0.40088802604719
-0.487230955013412
-0.442236420349369
-0.471128579151007
-0.481342201862877
-0.365883617680863
-0.337568826582028
-0.475045076149542
-0.560520406563189
-0.493729089078662
-0.300181865685648
-0.448076917175041
-0.403472625972168
-0.378717938797831
-0.523209217194074
-0.577257396859478
-0.443353612609608
-0.31748758595492
-0.390306619625322
-0.516804667462908
-0.432894569458471
-0.397615275479987
-0.355223674925778
-0.452224551532943
-0.461483739636861
-0.314582044557713
-0.359102478872317
-0.420192888010466
-0.566316227066109
-0.389267571820069
-0.411589964126589
-0.420344605983654
-0.309765368865102
-0.540269666075851
-0.361708107764831
-0.48218819343561
-0.485746780697772
-0.358798362687308
-0.385929906081089
-0.35515723808208
-0.379664511562905
-0.222008047618439
-0.242325534541307
-0.389050482834227
-0.436402938896397
-0.314274291507378
-0.47260184930573
-0.316961938007783
-0.572115675618109
-0.464557201406322
-0.254324424051827
-0.41061408137206
-0.290912536564278
-0.397514006330509
-0.535443907566149
-0.265057277188958
-0.298456673671593
-0.288616267881984
-0.344669756150589
-0.228359987252244
-0.208227518960826
-0.330560819406825
-0.323315377137808
-0.357863085477144
-0.300286967673567
-0.468459846325391
-0.348585389720111
-0.333591493227814
-0.297950319233984
-0.142223387364096
-0.410687550198041
-0.440911892339912
-0.428184472116179
-0.33685184208937
-0.371793626018514
-0.297761589270436
-0.390485155924187
-0.274314043851975
-0.397423385575918
-0.331859862442302
-0.272332936680616
-0.328790230649207
-0.262699075660343
-0.429600746647738
-0.293941801098579
-0.254640938469833
-0.29054020829954
-0.488036513388758
-0.360580291913938
-0.264813386958367
-0.232824097204536
-0.305619050802554
-0.337873138941662
-0.290214643641005
-0.362487790301204
-0.200160815096573
-0.311765268171624
-0.242761389176641
-0.384841348506
-0.34880778103029
-0.353499235705043
-0.25075636749894
-0.360593753692824
-0.295460798194198
-0.238540858756934
-0.141703937437172
-0.107009187700789
-0.141959013786137
-0.296554074009879
-0.298596176328679
-0.231317697929075
-0.309722736102113
-0.158919817469054
-0.266393721784916
-0.0598112924040369
-0.286953503650487
-0.459783139451432
-0.336969102959822
-0.236018246177877
-0.180293542532891
-0.39126888604851
-0.367861180256975
-0.281170678109078
-0.161695803272683
-0.144899075330549
-0.249775475120017
-0.174929905150385
-0.278473545442456
-0.151648480343727
-0.143435780755633
-0.366146232372416
-0.17515866929021
-0.29838802778334
-0.212575528773088
-0.171937844650442
-0.173295703589285
-0.222139668127801
-0.105785013262494
-0.19014330538573
-0.323792372827513
-0.207043728966822
-0.0681207182513119
-0.33527536539516
-0.182339736762767
-0.195517917850009
-0.0191399285430139
-0.203799878696991
-0.165685355394296
-0.0948891389798451
-0.240700197080314
-0.195255712210559
-0.167927114757211
-0.348571604890942
-0.0978275475729858
-0.326354203979196
-0.139098528997484
-0.0692597451529559
-0.261621011486509
-0.146126958258236
-0.19416678521828
-0.247082147417684
-0.254407755868955
-0.0972491110623203
-0.143463890289951
-0.0294344018874973
-0.158332464798294
-0.0633170819468092
-0.217761180418333
-0.285556661898
-0.217770990529683
-0.179669306968829
-0.24722569078016
-0.0700598256559768
-0.174709319582294
-0.0126561998526316
-0.0752353184360847
0.0502110969936126
-0.0234009504723859
-0.0865657341727065
0.00567152807063161
-0.18762311519736
-0.181082592841961
-0.121532909562906
-0.10117703300714
-0.0354251177198029
-0.174142922234981
-0.0769529168914746
-0.135577909478811
-0.00859103589161036
-0.182722381907331
-0.188030285223222
-0.146830910088986
-0.0938811161211806
-0.0880105462740135
-0.00600766788811565
-0.181896068235079
-0.220685308898294
-0.13343544670233
-0.0346790550235566
-0.187621489685009
-0.184445334113817
-0.167587776696738
0.0458668258836221
-0.0877276775515746
-0.0313155526042116
-0.152509848615948
-0.184936703311624
-0.167062829025668
-0.133122665416401
-0.211012839631972
-0.118663163755511
-0.0732046374651966
-0.102826618664252
0.0766334496785734
0.0169173193955514
-0.141634735784745
-0.107973465684855
-0.126036938728366
-0.0101160631948283
-0.0928393381157172
-0.179190423090518
0.0862819426341125
0.098354591660117
0.0645354490994461
0.0376980337338491
-0.199107418065318
-0.0708897135628783
-0.0306542678198212
-0.0215751684989612
-0.0367564336677255
0.0318347350109602
0.0386657353330022
-0.139965489875308
-0.166585005174402
0.104116894614198
-0.0736401094856646
-0.0147637360219233
0.0423629227882496
-0.104390252287998
0.0506544496150148
0.0465752860228567
0.0412484153034831
0.050061407763505
-0.105011581280912
-0.198861912956001
0.107455168459145
-0.110859886261317
-0.0429640387688844
-0.00850433310675095
0.0376084409930248
-0.100513546446625
0.0315523009027575
0.180228815556435
-0.0348345581180077
0.0573383697403374
0.13185706296196
0.0858734352551397
-0.00514627678109206
0.118828349914911
0.00225591323774999
0.0379896615656615
0.00192979095688735
0.219152433849255
0.149281085181692
0.1399030391351
0.0559043441830332
0.0950192514923238
0.0955447441080878
0.0338524454811507
0.0388126243389054
0.126209604616475
0.0308378984351386
0.13115771106891
0.032326880133397
0.0307416727223105
0.119927427320518
0.0179498081649687
-0.0242806969101633
0.123001004665144
0.0658305212062555
0.0184145270046901
-0.0448667821400433
-0.00485269090415787
0.175663904678047
-0.0339476072239078
0.154577969969445
0.00655885342303099
0.0380679009409595
0.0939696147804634
0.0011585178713348
0.188190634199134
0.0884505000604146
0.236997057385209
0.0373093322125489
0.183818109066274
0.0110459564553001
0.143053803793061
0.0447689695582236
-0.0993004569888171
0.108590470158321
0.0910720105685993
0.204471060547035
0.233334329536341
0.246881803181132
0.0154821779216276
0.11381308873356
0.242824990152295
0.143574821971921
0.100237475645669
0.129822786452686
0.0916882564360464
0.146735022953653
0.142216865418075
0.0174774797661426
0.124427248966934
0.175365181559708
0.0787828752187506
0.320930890494569
0.039605852882908
0.227014376736935
0.191097036772121
0.155986708633386
0.135992224193787
0.232369342744074
0.112471037619542
0.139759799851545
0.309936639560414
0.318864355160059
0.262629843543374
0.126094824092807
0.0935270048133093
0.142474548869999
0.197513357211825
0.121462107465135
0.209347727306463
0.150547795328403
0.29106546958522
0.0989906449093682
0.0611690205343655
0.200748819075002
0.181559929826319
0.367870993531318
0.324051988107019
0.202236621111367
0.354442338446158
0.240596369967936
0.231476587873636
0.266897256932848
0.232625853046402
0.196426608653025
0.141627992675398
0.272594911859779
0.307813956223914
0.297092799864678
0.228140102686307
0.364946372323038
0.246738264437927
0.354048084942369
0.203153252152012
0.159164128235771
0.23815798817465
0.269269043247918
0.300347668075717
0.15761084858438
0.350333590249381
0.223958145766149
0.300608007217572
0.284827867493354
0.112408887159719
0.0840155350067962
0.195271968462756
0.397439952076273
0.256217165044716
0.249154041582707
0.317397132978434
0.354960344683822
0.217678556729174
0.0905284423474518
0.370596954866308
0.314404495983067
0.221277409191394
0.380598105243699
0.0724792597276333
0.320152300933434
0.190607199639258
0.246716706329954
0.279625901956977
0.274613837736916
0.255147023585669
0.373587506421863
0.311473636471887
0.417589786691916
0.398492512125826
0.447543198994962
0.203968096697825
0.41112434358948
0.272317789391048
0.335797382161189
0.204347045479128
0.372679122247976
0.205918423300494
0.531896875218229
0.458233903856268
0.286602344676462
0.312962829395096
0.385944160496632
0.37112080411425
0.240993067475845
0.275443856238418
0.30882863091241
0.353533314507915
0.418690735093569
0.391038437191434
0.283399992025474
0.465810536535822
0.458494479430037
0.404856359709023
0.472863768259516
0.490811619380044
0.330649292401696
0.402934390441225
0.528812337568004
0.165506460510922
0.362720940109723
0.426472966003114
0.272349051096914
0.309332733148508
0.234463740944952
0.5321523712207
0.390141349202639
0.327556808953983
0.501559647151017
0.407516080648541
0.401150494833585
0.378139902785872
0.415306063562813
0.342077287138596
0.506480853481238
0.417760293172849
0.439808191958658
0.381155548790898
0.434072107519948
0.354009044465902
0.379890504454431
0.455999951411861
0.393378866090986
0.393057538018688
0.426403214323989
0.278927349930569
0.405166449960848
0.407026264289663
0.486516560203307
0.384617993043336
0.463228529705266
0.353250161209435
0.417646875311728
0.417233653238869
0.29111356040759
0.394604571277118
0.542206656115575
0.475854162608845
0.546696778980103
0.605441790405808
0.431534144061071
0.459776083317296
0.324369090129898
0.554994760969446
0.470185590715389
0.365258915011591
0.567062244474956
0.519281056568821
0.467326835991402
0.571645998160493
0.43075814615867
0.528021785728623
0.533658310278137
0.566143329118371
0.451996297154738
0.579851511001959
0.417219248459942
0.548523076427447
0.411016869330137
0.383604598338122
0.432635878276
0.725073553717584
0.523732675107943
0.498102720401366
0.424096945897954
0.519740473341279
0.563748796459251
0.556904016921855
0.395526734903782
0.571916354954974
0.69360464805412
0.464465637015305
0.454624170842733
0.459459858466362
0.376522353143545
0.531451568639741
0.548522921379529
0.48231762292097
0.539545693813229
0.517571334062338
0.438901392708931
0.44978006907766
0.517383119142712
0.528743536377832
0.611715031549902
0.647506434814983
0.615021956547924
0.384137674610543
0.487160605704369
0.593723354192499
0.593611593103893
0.582045724638917
0.427062456525919
0.541183486999762
0.639526497495268
0.602370366761221
0.551102428539751
0.636458854769867
0.570793069483665
0.532432803272104
0.615651365794789
0.56875146514125
0.652125826518148
0.563626105775989
0.581758425679305
0.370659777406506
0.448262734548014
0.594659825499459
0.540854184031897
0.616714972442363
0.53368811014753
0.57670348412201
0.536067405043199
0.550801695580352
0.603137847455099
0.572672958835565
0.458701319585624
0.841107592989909
0.669540139050006
0.577419484101521
0.60399157840179
0.708134585890474
0.526461322693464
0.701452278626325
0.609617653863986
0.591654733391827
0.600419081550394
0.60587734630116
0.605533186151518
0.626619080085563
0.737879924094273
0.57807606615997
0.729698144310047
0.559066160198225
0.592177515933758
0.700776460404424
0.5841996220641
0.609302791762813
0.756205368788853
0.754893190107149
0.591779196729334
0.661236999136232
0.670070349112188
0.707599076374668
0.703358422377344
0.673841094682564
0.75952384307223
0.776382683066442
0.732334483488756
0.580826928763933
0.588279873503945
0.706092858565819
0.745907382704897
0.723935515450634
0.66683352293012
0.505713536705644
0.615050641370882
0.764954440856939
0.606597026931204
0.702303345364465
0.711155659670005
0.817536321569906
0.661980215868605
0.638817854074887
0.588469930317532
0.783970158161145
0.753659864243966
0.605257920901317
0.664208805035451
0.666777493771568
0.708688006670899
0.701776523296033
0.663342371898852
0.738201799965258
0.597637572431574
0.870938648994893
0.61549055233871
0.537777078935446
0.77202919740941
0.750573133881558
0.762889473150153
0.699840495326731
0.843596438875655
0.695646350666563
0.733526796046143
0.729375887472694
0.727575738966919
0.707044582163118
0.829654979121357
0.883362334700344
0.869121540680291
0.754554384704468
0.657874586830701
0.560372364252506
0.713442811641511
0.728833571678959
0.83812794452735
0.761510635580881
0.691313377205359
0.907560286157517
0.70171263176571
0.850435213756836
0.76741321717603
0.680341423684527
0.853880422076613
0.71959903780373
0.94083739568194
0.762967028436302
0.676037959013927
0.81341048222791
0.824310827993113
0.693944202228637
0.769902119040237
0.760689992162791
0.848538209483124
0.766937298106916
0.815882233879562
0.677314108921248
0.64724411356307
0.851693936566393
0.829071591116348
0.821678696614608
0.852426165832209
0.838400539441711
0.93715887753312
0.817759669217004
0.79905712719787
0.907649032120382
0.955475631238157
0.764839254053226
0.903203883783572
0.692518344354096
0.739249786387492
0.830179633363263
1.03248237177696
0.758106373270177
0.883934572096913
0.816685584659665
0.686030895291
0.846562299287676
0.926082458285349
0.795364365763261
0.774528082061269
0.886753511252836
0.87511890463597
1.00926767035913
0.887388103951133
0.900453576877801
0.899296739447846
1.00226510228381
0.820750480185198
0.826536925400558
0.941336296795603
0.752824373939852
0.954244411624613
0.934597425602702
0.693738688723351
0.883068107629003
1.02190611824895
0.908151319630936
0.765979424635514
0.960595063403171
0.803260697543609
0.909353880599789
0.8692760236265
0.775203849190914
0.8631672627302
1.06136161248333
0.838982581219895
0.796516415498931
0.992403304417116
0.941721321453286
0.866150192803125
0.964061912186541
0.882186977967073
0.868532407803032
0.903703696978552
1.0102117764179
1.0355124571201
0.830675971677469
0.898919881677846
1.07692494522123
1.06312014317606
1.01412417970156
0.971613328922725
0.962713992819826
0.816257534463853
1.04389359180268
0.984566465941858
0.890100355090398
0.80152326004192
1.02357504477183
0.993639218184201
0.794332900920688
0.764007472338811
0.802717146057665
0.978757478647574
0.833868432180889
0.952824560059494
0.843133165275597
0.970978571025422
1.00626230462248
1.06976681542255
0.993529438965665
0.982510024555175
1.00525470839199
0.964823786320793
1.00194483240636
1.0328426939961
0.979028782541855
1.06929837317442
1.26659517557421
1.13296015529793
1.01176952311874
