"x"
-0.947459351688943
-1.02590288431014
-1.12856208506494
-1.09042538380617
-1.07300770949827
-0.99555810087373
-0.936648367215562
-0.897433679820036
-1.04862101719983
-0.962111046384708
-0.923340724547834
-1.09193226626926
-0.921152089145406
-0.844940851375162
-0.808262067287745
-1.04432441691431
-1.06185794255559
-0.914088023198529
-0.983482588553937
-0.812091388407905
-0.826485425801958
-0.880533887490323
-0.9644264990274
-0.961566901381364
-0.843958635612075
-1.10463724965708
-0.961142349177006
-1.11391199861297
-0.94921236457685
-1.02946691711526
-0.930278722781939
-0.88838110720581
-0.955207712475508
-1.01194317344882
-0.878519073834403
-0.989785082287571
-0.882950030656573
-1.08037771730899
-0.868355757464721
-0.918903322478238
-0.976298553163993
-1.03021677887992
-0.964246536404166
-0.96012168600826
-0.896049620043874
-0.944752541451006
-0.888331595012606
-0.668694462436263
-0.874113879649921
-0.942518360381513
-1.01148574324033
-0.885718819880904
-0.819824710091962
-0.804511329606806
-0.918026992980948
-0.905880906750887
-0.839898251804398
-0.890127055716344
-0.888443119853753
-0.78505986816139
-0.869982172890252
-1.02984228121254
-0.91146724169595
-0.840520093045089
-0.912512705451382
-0.870263643463052
-0.798419725502625
-0.877298971409931
-0.84571432941783
-0.950596633895997
-0.708301230975526
-0.747778174642829
-1.0054366426614
-0.89440778183867
-0.784457165272042
-0.866560362872617
-0.950195504075248
-0.74581497134346
-0.900018852989651
-0.792561839657155
-0.825675033028938
-0.771167457551935
-0.985739500348344
-0.760153110172538
-1.03403114385342
-0.828638318213997
-0.999015755178264
-0.832715994047798
-0.751166067746613
-0.743552925112355
-0.794261423193205
-0.817436916421975
-0.836999617916723
-0.814562849904985
-0.79804275699637
-0.781556792515314
-0.756939846456227
-0.687338899471448
-0.87427289617434
-0.724278747999597
-0.743787173091331
-0.815614122594665
-0.589041519391578
-0.687289089813534
-0.787823781851642
-0.799777927754538
-0.750562207731574
-0.703698414959784
-0.81744704173566
-0.748244164213875
-0.612344780857236
-0.812618238253171
-0.847359941752631
-0.765171516255843
-0.861095235678986
-0.855454938412149
-0.735460753681731
-0.759327745010645
-0.617205859069622
-0.781602097403588
-0.639545627598548
-0.886777345752163
-0.821447404832592
-0.842076564121619
-0.837641759628686
-0.704793926441221
-0.847995237474155
-0.7332816917454
-0.807113597995559
-0.692580306717739
-0.699968685260822
-0.726643354287494
-0.66637554077023
-0.843685560530781
-0.734578609650795
-0.77760073952875
-0.666534591650664
-0.784245165918723
-0.657942783277456
-0.646865653247351
-0.628928647222255
-0.586615408442985
-0.882951020639961
-0.560030807095498
-0.685300911684554
-0.768964767006347
-0.767024005265119
-0.687701730999773
-0.684550540069399
-0.657172983530417
-0.573086043289035
-0.583539808558739
-0.664803401113481
-0.773157318587634
-0.738100015066291
-0.647103678753672
-0.713781743029568
-0.611574323880522
-0.689620321613127
-0.653019227726563
-0.786621895566963
-0.635817178244464
-0.668024291775344
-0.562589989582512
-0.608540972738895
-0.738433942658649
-0.759491580982097
-0.613587803776271
-0.760251319043917
-0.712134793204323
-0.571911759151853
-0.622368434464673
-0.527130796839479
-0.701504909223476
-0.676383965639896
-0.641974795150811
-0.717905792806426
-0.625122107651119
-0.810595537305801
-0.627209939325467
-0.735596089134662
-0.602085793368614
-0.661394456768347
-0.692132280936835
-0.693181055319524
-0.591545185361467
-0.64228086533676
-0.589928554733735
-0.635676326522862
-0.734200820732148
-0.641407642509111
-0.743831948961843
-0.503050268372055
-0.635916884934171
-0.661819949398253
-0.599582760297722
-0.670363737567634
-0.56781279712185
-0.619941089593356
-0.698468752497181
-0.701658935505742
-0.524908280453488
-0.551430838347427
-0.529736825583664
-0.667047202298328
-0.633229187878582
-0.382619504735047
-0.594687317317663
-0.485495831666283
-0.321114192041243
-0.500585410420483
-0.518493022720935
-0.638163951578049
-0.507453479377429
-0.628519634864706
-0.522350616205623
-0.328128413663921
-0.517955923134191
-0.698711426209095
-0.73663455842902
-0.624681199699892
-0.589451717316477
-0.406116856530806
-0.78518643238344
-0.695422304198719
-0.597698910070723
-0.456343826773398
-0.509436454350479
-0.384653940518807
-0.547484280228827
-0.663136165818418
-0.661092396748456
-0.597484876555122
-0.599060104436422
-0.549086029551412
-0.453963739834637
-0.717642316931324
-0.436764142860282
-0.54140587991922
-0.481029437725291
-0.519109861902524
-0.587978505549157
-0.508247869538661
-0.603313943639538
-0.573875240425542
-0.352243620184313
-0.533501529282621
-0.42326923737534
-0.436084937960891
-0.668708140215025
-0.398095288237393
-0.475779177088705
-0.417370630654499
-0.383043185926734
-0.625121791201544
-0.471654293495427
-0.498751601221591
-0.48362738005041
-0.483564605961016
-0.377842521472798
-0.56933897886239
-0.511154388217726
-0.260129040530904
-0.518831257040185
-0.634427281200216
-0.568278552248242
-0.413607334853311
-0.538871436819669
-0.557424281707693
-0.456520897954659
-0.488961347354877
-0.340967834167316
-0.410378891483522
-0.408830353519299
-0.407112509533555
-0.659454528120763
-0.459727778708947
-0.470799666642611
-0.451497763863768
-0.445415623956804
-0.43545530349914
-0.450833979166535
-0.492374610392949
-0.441140374081721
-0.47000946755997
-0.478184641302807
-0.365712345841624
-0.418276418684074
-0.332269317262618
-0.632943486438413
-0.484014075671827
-0.390504828673677
-0.593436009291701
-0.462721868776537
-0.376144708093695
-0.440436824973392
-0.428616865542159
-0.456951429433365
-0.311137771496488
-0.553845336554047
-0.472488248124299
-0.462428604606799
-0.354490760022011
-0.413570761614172
-0.252263922545319
-0.373899852779723
-0.526596326846086
-0.194907166248834
-0.329525580840979
-0.309567541378036
-0.331244455876998
-0.330197091720781
-0.389498943050578
-0.23628832674627
-0.420505790852456
-0.360077417713342
-0.334869568667149
-0.179619546125914
-0.467476170973872
-0.407638660723638
-0.296412590901292
-0.379074601644963
-0.323557476521617
-0.442741141472597
-0.430903930787259
-0.416292412998474
-0.203071111708453
-0.297066983460148
-0.384776971987278
-0.462115364768255
-0.181964995945136
-0.208923492171393
-0.290072898688913
-0.291218703970831
-0.298694406232131
-0.358993806576989
-0.275791275646547
-0.262538428583619
-0.329000593425795
-0.238694722664238
-0.292935659226075
-0.261081057366685
-0.341256991083572
-0.230674525337478
-0.341633586592335
-0.377042440977107
-0.283465224343489
-0.371816312737724
-0.275287929608738
-0.424150586468902
-0.219598026928546
-0.295364076838678
-0.295907378445791
-0.138584017985308
-0.437762042868718
-0.303091580960499
-0.267428342331628
-0.306939833458415
-0.250690851958734
-0.268281740218174
-0.254441285542094
-0.348278699594197
-0.266836155492343
-0.138928227014369
-0.18001303198559
-0.277392345126838
-0.307902022033879
-0.22109502155479
-0.194940541109065
-0.280982872663176
-0.232298140130121
-0.286336813662009
-0.133244211166423
-0.142837484803643
-0.27290617612281
-0.294115109259376
-0.177637877036117
-0.346809087429102
-0.167079607577271
-0.242361861793953
-0.230857087716171
-0.324808972705315
-0.181065449511571
-0.210762019295387
-0.191863436615772
-0.277863484443196
-0.277972156800844
-0.235812362555983
-0.271891188875677
-0.185581542096498
-0.279109903400462
-0.146941868987682
-0.221647255709678
-0.273806670941464
-0.271185247860713
-0.241364707850831
-0.0368916665865521
-0.340390246571748
-0.265182034052731
-0.0196375856640791
-0.161367748300979
-0.326924070181168
-0.0693172026751603
-0.174643964282358
-0.285728715325427
-0.266756011218724
0.012262438394512
-0.318753737061579
-0.224108164927957
-0.0769961089176162
-0.189285458601263
-0.0988463628222108
-0.179909780516538
-0.19305546904395
-0.13842102743677
-0.125168916379869
0.102001404826124
-0.0270561738889696
-0.0923688556253306
-0.180277186915809
-0.145995476924619
-0.13193942279909
-0.131377872605612
-0.118281213911756
-0.131511663950023
-0.192325413675257
0.00427051830820068
-0.0492186165164318
-0.0366684357766217
-0.199821369060843
-0.235524851401079
-0.170764706520875
-0.0743587832284483
-0.0876141472839175
-0.123897244597383
-0.112407315679295
0.0288867165253658
-0.0605881860273047
-0.11182981555178
-0.0864361674809579
-0.109928658183128
-0.201734726236689
-0.251573856661143
-0.204216788505286
-0.166023719102123
-0.221003166754941
-0.162063355209989
-0.27865761924753
-0.195981298833202
-0.126308599399505
0.0561424680600334
-0.0779231553639177
-0.0276370097824868
-0.136263003625205
-0.0448169522777128
-0.13505959302427
-0.0174009756021656
-0.107499260080384
-0.139661754431498
-0.156726298527143
-0.0827706171311923
-0.0099964993491373
-0.0916408159423091
-0.0748841733999731
-0.135454047569209
-0.184204272597986
-0.12565243956624
-0.00511648209790421
-0.0270972824261532
0.00557647934038537
-0.0881281764705006
-0.116274797647385
-0.0204537140384648
-4.52080577076883e-05
-0.321695281779423
-0.129407843762278
-0.255293854907671
0.0285908147990192
-0.0548458010440272
-0.0545774843388558
-0.0124731480948414
-0.0899495032007056
0.0554566484914402
0.0158790948512034
-0.0422260690126715
-0.01040055033693
-0.18574513626117
-0.0284933293793619
-0.087225258092035
-0.181256605305089
0.014189884838668
0.115368325881292
-0.0184224843375383
-0.148453514513664
0.0554805266265415
-0.131115190079335
-0.178637211993745
0.0350755993798713
0.0104408631842497
0.0520608145511876
-0.0352463893523116
-0.0338678160403253
0.033205200120229
-0.0381574336314806
-0.0869188599889563
0.230283448508051
-0.149935665629272
-0.0317423918933115
-0.0354369977910246
0.0694777331246151
0.0295069573478648
-0.0574426433356677
0.0135249449943276
-0.128033134847456
-0.0197504433825704
-0.0312060888915686
0.0568978515411408
-0.000124896258239305
-0.00665149052802517
0.204773168388264
-0.0966710242122874
-0.0520820557032721
0.0310543058542114
-0.0677215781788616
-0.0161999756732089
-0.037731992971502
0.178327108534942
0.0900898305382431
0.0692164064533322
0.196566528896084
0.0367454671379695
0.0233867766578102
0.141978047344855
0.157895150064413
0.112382267313865
0.197251959290732
0.118109606406938
0.0874704325282446
0.158954571124729
0.12206400569177
-0.0551037888004073
0.11761717312754
0.106598819254359
0.0564882475120403
0.0162639314084608
0.0918689047346533
0.101822527816183
0.106540410641154
0.00733421049349054
0.0859981997599683
-0.0150721995138817
0.187435894414066
0.114425934261014
0.13384682268591
0.182537918847669
0.0285179138032328
0.13323336874622
0.143012490110294
0.127310740455254
0.197004355033954
-0.0095963741725705
0.00365785167246287
0.0664218360689777
0.0663688114861698
0.376221154238871
0.250988550183279
0.234350195804051
0.025314267433274
0.177804768025065
0.0243724085921148
0.140936769053183
0.25932145572504
-0.0132680030057763
-0.00507988011504388
0.10672382909638
0.199911872751062
0.151282948502422
0.137272217278953
0.204712529214522
0.240964228244831
0.161812494175843
0.21361159526258
0.0652660415238995
0.17224689451936
0.109268121779177
-0.0171168811851158
0.13261416007235
0.0781439949445633
0.184421585288094
0.260161249594079
0.208904641980618
0.192720726841018
0.26783350104083
0.182922512112416
0.157823501751555
0.185278325668609
0.237781292413171
0.196172635972788
0.155471299123537
0.11097750892542
0.215093227415168
0.219913280536918
0.218046266533051
0.375430569839463
0.231433472962266
0.020754618560378
0.235260129446946
0.222683918723097
0.373053203978475
0.157710385187451
0.248545800602301
0.270236948637128
0.152236418065256
0.373430335936651
0.266320108900171
0.210588256910743
0.24492303168186
0.144145320094345
0.297958660348152
0.436014477271046
0.342155660627242
0.155705158864687
0.259767091315055
0.233944388053786
0.314400223537194
0.305915537444958
0.384441467687755
0.172248191424241
0.313227126963838
0.329781228881268
0.206443951140704
0.191085989073286
0.263565869566443
0.343164655365242
0.233565969975243
0.400771478424953
0.292369880380124
0.444637116030792
0.238388600753297
0.283368041881757
0.281885024225134
0.288154737247066
0.20485270648857
0.239998316424815
0.212107847334053
0.369736334993988
0.392774068880464
0.341237393352371
0.235427824613448
0.455071051841366
0.529654963387754
0.411303395598645
0.375088333076611
0.362653334691227
0.0834414607805332
0.360030258770446
0.38620505130193
0.181187330256953
0.41622214447293
0.325400788532708
0.315183073981854
0.36790461449232
0.31331543456023
0.407424145742734
0.308877632810825
0.345133202304159
0.303459613409429
0.308586777493163
0.392101915278822
0.320405672830595
0.365619012550974
0.341302202508251
0.261211760220314
0.445592046209867
0.348158617201551
0.263198271012656
0.314607327925062
0.369154568656544
0.373636778909035
0.470073462544753
0.313618647714681
0.369247790803276
0.372681421682979
0.490738900742605
0.422151546766837
0.40471003962653
0.361029390053742
0.410046534943967
0.349257438580657
0.394979568715771
0.468925995172233
0.290114788292006
0.493141232173168
0.371298703566454
0.388323808556082
0.352238801497666
0.370160138168925
0.462510586676218
0.45368420899502
0.490500790375853
0.325448895626834
0.275839351358951
0.382212111341894
0.605599651614635
0.380943907270783
0.572165175283398
0.341067017515149
0.312336713405159
0.328239208570901
0.430310762684656
0.408856939928931
0.386782799096781
0.340916231310258
0.458925441111465
0.438652840270061
0.637910224730599
0.473598957834069
0.510338745582585
0.490460594667616
0.380059290684823
0.495975037386128
0.431701711060801
0.361961201293163
0.559296257786602
0.608510981050465
0.257709700790519
0.518384821753367
0.453308150075821
0.600147756586013
0.317112137582193
0.414954333644095
0.534758530766556
0.463691186334454
0.506941316620359
0.509244916201809
0.390247126477578
0.547407710975895
0.529439518969097
0.542494898366409
0.25582036498493
0.438097814784974
0.40188746648914
0.33597209749405
0.571360483800376
0.429093301403022
0.49688209655369
0.572398354990044
0.431147152216859
0.346378548627887
0.583598172707985
0.458717762112406
0.396351294447928
0.565507825835817
0.464419410775639
0.480239307654658
0.320585257762377
0.477134291722576
0.570008606202403
0.470687404412687
0.544391191023278
0.525463373466242
0.466511209612377
0.445167878376438
0.569622145998487
0.437492616626926
0.547077098695908
0.544570935067495
0.566599391475406
0.501171849655362
0.490016094821128
0.471087033107618
0.390943457859799
0.538931816770352
0.555330198803056
0.632133229872016
0.636069894106945
0.588092272688905
0.3633351436088
0.55307940397145
0.509218396684481
0.60425778604261
0.488453890810469
0.461129926263617
0.589962443707973
0.598607072295795
0.432853103298923
0.560505501183315
0.491962316393094
0.608686226453696
0.539654273570483
0.46899678186497
0.71527890631862
0.623716717602754
0.622152829485581
0.578729611251864
0.632404203653549
0.521241901606751
0.59853926852759
0.409237464941315
0.668505756492415
0.548561269720085
0.559246974322267
0.643068512068838
0.783463356019691
0.631056733995239
0.719247645355525
0.570210328426538
0.57732913083381
0.675928959894698
0.651798665455807
0.748831738756038
0.723423875903848
0.593132293699858
0.657145240923226
0.702219127401836
0.501458878781907
0.659563155945319
0.544348575281902
0.596195815463942
0.523702408285176
0.52417008835182
0.628354699345604
0.510545586374658
0.651976806345542
0.778022961940454
0.566952832447711
0.724734315830656
0.778232975960673
0.671735656915733
0.651259582883596
0.619684842296245
0.632738420731173
0.667447374293835
0.823342186539069
0.663949560281514
0.549706577339551
0.711069174880174
0.580779738792939
0.508629130981284
0.621878005856719
0.600711387566306
0.765619398293382
0.681805627992871
0.612283457320878
0.554764100855085
0.609971638149845
0.713981742276948
0.664807908593175
0.74993106168902
0.697765268571856
0.73548877026667
0.852212177710632
0.828826604387003
0.551201787351182
0.808901000498594
0.71903358038992
0.787897375254096
0.652788072970282
0.709814709261589
0.799031904998456
0.737832383977634
0.746616918517797
0.745735097985426
0.68902461013884
0.703990647153056
0.767232688969118
0.714971643039719
0.708391551263554
0.73660529847266
0.64480568905862
0.72978359441027
0.756631480348134
0.693368309513974
0.696574064812723
0.64819848210769
0.839097446195685
0.701573396854901
0.666098092225965
0.744186878748984
0.601012823024284
0.663924935550866
0.727583384994164
0.728645100492796
0.771715567813865
0.631911008033018
0.64422886556859
0.647253029458823
0.789086173826398
0.72691500631156
0.843745804284909
0.782042697094799
0.762008018797073
0.884006884921573
0.679848775387582
0.749177176859026
0.791684515188797
0.784119968617416
0.785797610045924
0.898135717620177
0.754612389857164
0.828210564085089
0.753585939617568
0.80542941165023
0.98986744327413
0.906822533095514
0.838572553247285
0.837279338140753
0.935683944675732
0.786131900984693
0.805005164257461
0.815107927461577
0.812540004142921
0.950013849812792
0.776299155797514
0.812971149070153
0.834641055460919
0.994368924659754
0.646939268445607
0.827451567766624
0.781167254326618
0.861067262409152
0.819585668717959
0.824444746511757
0.796895144914907
0.934888086476448
0.616739358459074
0.923829579908074
0.846263786172783
0.673985531348194
0.910451877101496
0.936067004886072
0.962036341449271
0.859020930515409
0.956243415584659
0.774107026114711
0.810427360681019
0.863099138817597
0.995990759455811
0.90229089353849
0.838986535148817
1.00107627529468
0.833982238164075
0.76940701959808
0.9627426525618
0.948345720218351
0.828571738441312
0.824194227592583
0.894644092312776
0.957164012809411
0.927768023239709
0.990913491695792
1.00152683068447
1.03390299313001
0.925510945191235
0.818421541263635
0.928625468939504
0.95930927034034
1.04963796380156
0.923049059193913
0.937722773455881
0.986293186609532
0.925981310546313
0.998844828270789
1.06032188223407
0.921869525287416
0.912199993979628
0.843773064319899
1.01415971573378
0.940046209426564
0.924966948227981
0.876962393980272
1.07966309675126
0.968528804125174
0.957268329084545
0.902933587845638
0.933885892769156
0.875483394286749
0.922182049750933
1.04051960215656
1.04410301024591
0.859355943439156
1.05622923626074
0.988998778267294
0.826792268442353
0.932165503979305
0.933492969340965
1.10730904723579
0.947213181434555
1.09163603680416
1.02700367332794
0.904862108937833
0.789724925989836
0.998311821415016
1.1064834186825
1.1201295153161
1.076707378062
0.94380521272628
1.08423879133945
1.03146999529086
1.01008976909391
