"x"
-0.937890633651788
-0.851651675412062
-1.07819310354829
-0.847709486969553
-0.865183713617519
-1.05280562846645
-1.12286067697996
-0.9429968828815
-0.936001533593302
-0.914799489762187
-0.994154145137667
-0.981317453369212
-0.95755213716407
-1.16414020823529
-1.03024748355718
-1.01863551474686
-0.980971968679949
-1.03063118972963
-1.04541355868596
-1.02764850131936
-0.965835834924301
-0.850209480743547
-0.973734207373015
-0.881161255525987
-1.00298681062337
-0.910636991310924
-1.04063891410368
-1.0179541452498
-0.982525243895001
-0.896886621644787
-0.968235086148293
-0.811824600407405
-0.851560606591731
-0.897339878359958
-0.791824541196506
-0.860079591004903
-0.72516348618205
-1.00438588924249
-0.871947134894101
-0.918376109553194
-0.876881401661647
-0.869259142031981
-0.88848662561188
-0.879371342355554
-0.836500362780262
-0.848836732209458
-0.919392199165996
-0.963624333987815
-1.00863737255354
-0.780558063924973
-0.885878927749076
-0.877601437570867
-0.726940153221142
-0.855036769941978
-0.836776309770987
-1.00386691654465
-0.892749391716642
-1.00118217781269
-0.84933724577707
-0.895874216093266
-0.779530031429653
-0.907953889067933
-0.803320428569224
-0.927442335365136
-0.976572894954949
-0.937464885852605
-0.835910162248918
-0.927575419699078
-0.890467377760161
-0.903813826243772
-0.799966496830987
-0.827211402532835
-0.95259434215723
-0.801743692157464
-0.74073623795879
-0.840149144580782
-0.813990748418236
-0.767477862706282
-0.692335745057015
-0.889927461174817
-0.821235858459265
-0.699926026786546
-0.906313419882854
-0.78567067664949
-0.819984706790109
-0.875997427962449
-0.878523454268171
-0.843093889848701
-0.833827003080447
-0.855227670923311
-0.715139654611311
-0.878453475202753
-0.905543083773955
-0.723471130358622
-0.857229457046909
-0.76752890505082
-0.748675999210062
-0.657250795490206
-0.739581400826684
-0.862989569297617
-0.82188815034938
-1.05776831537413
-0.747071188924314
-0.801783983811921
-0.54931385994493
-0.755397845058596
-0.841815644664357
-0.808365108725767
-0.761365796011605
-0.807506105712445
-0.736982988132065
-0.768074801301541
-0.796100073651055
-0.690939507103712
-0.813026624546621
-0.834049465989213
-0.728334501746023
-0.782791987148402
-0.637908648412459
-0.839494108030649
-0.620133254390185
-0.848114741763096
-0.882092115484426
-0.684253976141492
-0.876872462289116
-0.760938192723171
-0.795366809525034
-0.608476543461441
-0.854609008932224
-0.667415934029395
-0.716690401797858
-0.701122772728671
-0.690050753971108
-0.676317990363725
-0.704926426650477
-0.680550469434438
-0.717845874812756
-0.786905886834214
-0.676570867320851
-0.854130840035807
-0.798856617226495
-0.765724079148716
-0.692737000364908
-0.789286493244467
-0.69139401531306
-0.432723949338718
-0.662726395988284
-0.752624048523424
-0.789508157378997
-0.673969896870876
-0.738064077019551
-0.612807224099945
-0.764131818751191
-0.68616283388269
-0.755326442863065
-0.686882830116898
-0.734600357229261
-0.706389864707934
-0.777534361310247
-0.767128161772032
-0.772314735153363
-0.724729906853797
-0.611633489832253
-0.645941650078362
-0.563542923234345
-0.768104060000073
-0.599949908156025
-0.659755433328384
-0.648836609649824
-0.643003463028038
-0.655442524415821
-0.687981729953008
-0.681857765105169
-0.733169017401695
-0.736669259862697
-0.651906827235853
-0.676479478218536
-0.575130711381912
-0.744603678337088
-0.667394659054824
-0.793800834910859
-0.66042920695375
-0.702888936427914
-0.571842437973016
-0.705509776988107
-0.665432523599893
-0.612396497094365
-0.522353535244192
-0.639855381656281
-0.580521187026267
-0.569200381446192
-0.505873217977512
-0.627361446231632
-0.438152025797762
-0.712698726109006
-0.566094023258487
-0.616605811908672
-0.710321186713062
-0.532652040413926
-0.520660723900928
-0.588324586402673
-0.539543535217927
-0.673490137252828
-0.606275673491497
-0.603229341954581
-0.671206755969156
-0.528097219558198
-0.686140383237987
-0.683585675938366
-0.573364443877777
-0.567044254519907
-0.556488015924043
-0.466140910387703
-0.517520931924011
-0.570107485478331
-0.459039678918704
-0.618856005552993
-0.530115760200843
-0.599174398643579
-0.464167329219234
-0.674514503679168
-0.565753451369088
-0.673721723086439
-0.45595381295186
-0.506860673508478
-0.588895141096749
-0.582175796709275
-0.493313167928151
-0.620626154056055
-0.549534578555646
-0.569032296345097
-0.498253926726455
-0.386229801447327
-0.519123424043944
-0.524527435315171
-0.516170409958881
-0.439165807175073
-0.489207454031444
-0.516749319870306
-0.462237574581923
-0.481532902200431
-0.553533709547274
-0.521367727374142
-0.634325326558052
-0.54041709135392
-0.472340727181702
-0.564260934915107
-0.488560853793539
-0.565542631359306
-0.426895124418763
-0.554702623429853
-0.457010555077911
-0.406981841508552
-0.350012377987314
-0.581893376298819
-0.393082398168982
-0.537046293410994
-0.555023517348423
-0.472451966288377
-0.440535268073573
-0.512539759847963
-0.491596306936559
-0.339924129062272
-0.658321051646287
-0.570963792284075
-0.511492348095522
-0.526915827977204
-0.390085811292949
-0.495754917549333
-0.374398306819585
-0.407130914772094
-0.549451799904209
-0.548795493870323
-0.33520736039132
-0.392232903268123
-0.505113824063618
-0.438697847851332
-0.406905917132027
-0.323968527827146
-0.48028685236442
-0.433725730966967
-0.295503557680418
-0.409193015548074
-0.399570493128889
-0.459118321300172
-0.43578780680633
-0.477867822097635
-0.502901360963508
-0.497595541715623
-0.389885569282038
-0.536445578914974
-0.418685728232086
-0.297970574994453
-0.510474097375948
-0.436482338317647
-0.41778237596849
-0.51940358585052
-0.309766155365373
-0.470785791405178
-0.408537232773322
-0.432125578675873
-0.467736935949722
-0.498822229058868
-0.341875476407437
-0.438085036574774
-0.419201075708946
-0.495957935685243
-0.437917400673338
-0.401714356479194
-0.523958751667816
-0.428401447324477
-0.377481058933177
-0.494194308764953
-0.406297609976605
-0.588966942518198
-0.345811724086186
-0.261114715647077
-0.311439660285789
-0.343291265082871
-0.469912357241151
-0.337321663214917
-0.322580369952175
-0.423326930733037
-0.258487664257257
-0.426488617658755
-0.342396364837409
-0.42880977785584
-0.340627089059644
-0.219547797018815
-0.300078993727156
-0.331177460686251
-0.351428539631309
-0.353689173992782
-0.414030295751258
-0.261153089068182
-0.389523420764309
-0.316808440188951
-0.275142878926768
-0.342974630739823
-0.31379098834511
-0.278671913752061
-0.365903775697397
-0.249628869113946
-0.193322146717461
-0.288207997179457
-0.383897843610679
-0.170870306055961
-0.257067994761938
-0.420210006245887
-0.331237705044538
-0.272660570799779
-0.320773419538424
-0.355417115073335
-0.316328102402993
-0.140294638532304
-0.211526463003197
-0.181408390548358
-0.141781304676897
-0.206196905141231
-0.477310931108586
-0.32435906439881
-0.193957699656968
-0.291651718747876
-0.28799414819222
-0.321678328387673
-0.281158167223673
-0.278725425659083
-0.104453885152052
-0.156364753890433
-0.216480585545176
-0.408534966579967
-0.25325721379953
-0.0900159826930906
-0.256318679247711
-0.376630483707834
-0.245137102719298
-0.41426918919956
-0.186794622356603
-0.244218450550522
-0.096871744980505
-0.115128761582893
-0.140230351376268
-0.224095925847002
-0.208856466703135
-0.26896717950976
-0.323700474878355
-0.205068494815425
-0.138998921869715
-0.107536331766197
-0.282097930683398
-0.173251121964312
-0.208689969175022
0.00271598046959302
-0.31985218508076
-0.135913769996862
-0.241066793552142
-0.0848341540301469
-0.101677669050979
-0.199632541999238
-0.0623115835174961
-0.224038236032788
-0.285034702632867
-0.282723720820199
-0.0775605206595331
-0.171235814424966
-0.119730971680929
-0.12522015862755
-0.106922279581784
-0.331129274431266
-0.21266903576951
-0.255975139877414
-0.253909084283506
-0.063243223392468
-0.122856151993475
-0.236647984719698
-0.0814426983505846
-0.132275532515143
-0.0963128251946981
-0.20397128262374
-0.169874133372648
-0.196427613829201
-0.322679908724518
-0.241745623646663
-0.160714601254066
-0.314577371199081
-0.115671491820812
-0.0841773262866721
-0.115418703048673
-0.0357650439003202
-0.135793741918442
-0.202016639119105
-0.0834424683458915
-0.157576171168379
-0.0678679097079479
-0.182185763990475
-0.121745095380323
-0.0311314578217876
-0.201749951068572
-0.128877809296487
-0.0714366362462671
-0.136196220922043
-0.103418524761614
-0.110875199649865
-0.0352142557220901
-0.056149089077053
-0.082449027200446
-0.212313959002616
-0.0486982534021919
-0.0422252454029134
0.00876411481633996
-0.12377621356875
-0.0494402734482316
-0.0745608424311623
-0.0906462392303555
-0.155599256377295
-0.114744491351473
-0.197251194588313
0.0634559338414898
-0.0393890072014403
-0.0239985312841404
-0.128151376409989
0.0150616377581857
0.0749873493603199
-0.00658879144403634
-0.0689281741881498
0.0178335542994678
0.0598403906631537
-0.120788894243301
-0.167958207861143
-0.0310875442309075
-0.213054259573818
-0.0144690633827177
-0.121857860484206
-0.0331347694578199
-0.0188213765562583
-0.0473443946830243
-0.0309295188368535
0.117572390546063
0.0399298989708336
-0.0956584724710782
-0.0372298877057078
-0.0242995237289436
-0.127980621538097
-0.00896002323625346
-0.0913244704306353
-0.0972285728264813
-0.0425849242803105
-0.140949781696625
-0.0579758746820455
-0.174574696174895
0.0137284699633303
-0.0584941718470519
-0.0188227007480469
0.0137628204280952
0.0770918638858025
-0.0602977637092871
0.0165474732768653
-0.00606371176813862
-0.0396058309521694
0.0448625542233972
-0.107715128247175
-0.0611253606493039
0.0435656687532323
-0.00357121174666058
0.0133929187571236
0.0359936806087694
-0.0557309923581255
0.0414589328676399
0.22964941671721
0.0440895436442972
0.00995750192469141
0.0745598609495784
0.0470147895413839
0.0686025025550545
-0.0728556472754427
0.103848777248547
-0.0421779054011152
0.0739444195483162
-0.0592321045444535
-0.0660069421716749
-0.0188582119852222
0.103461205815479
0.284391526821689
0.0121326955268621
0.107620774538433
0.0261384049852589
0.0425527345643027
0.154717546344128
0.104363729966252
0.0610210274542171
-0.00606683841043253
0.18186740801458
0.0166319664444282
0.200753954806352
0.0709439453037243
0.22395273911202
0.219065570485462
0.0570409060917505
0.0496210340967389
0.0844650721687938
0.0761170303941697
0.0352023070897566
0.146735759835263
0.161601429570711
0.16378978511315
0.0471834830171903
0.0892396116271109
0.0083649316707637
-0.0665955609887719
0.100463765516554
0.157006145523566
0.0922877255990715
0.11896160474469
0.234621466696698
0.130165239903884
0.0752008216564052
0.10002441813395
0.0900901466178586
-0.0223894966235843
0.138382597550161
0.130174504417963
0.181558671105732
0.0163121654422138
0.166453540965149
0.317418916256288
0.0783134359414897
0.13513075111686
-0.0069807812256726
0.0985543615234098
0.154285366793271
0.154277309180958
0.129785234850877
0.257130277887282
0.0752237336692141
0.148841808615273
0.216208046724872
0.226591215400507
0.153092942002886
0.0975245455447964
0.290950323657413
0.0439190700130267
0.222804694877467
0.207146813278304
0.120368031224191
0.197318227460716
0.311542726599514
0.243560898894825
0.220373084631654
0.122021895246457
0.172797632795686
0.0722660655330206
0.145445741670253
0.120242711120639
0.214024208199766
0.223266547854339
0.219086642983128
0.156450690369652
0.256948211026612
0.245424265633697
0.209299265844106
0.266129174426075
0.206575071669499
0.160144033289129
0.129523706753601
0.213809585682358
0.203656672275313
0.213348465049188
0.281087908334819
0.187628241636582
0.123051974860361
0.211555857501049
0.166112822704455
0.206080863610009
0.206531638281303
0.264800580607402
0.154476036498133
0.217917957125773
0.135497522176657
0.15856924913578
0.255678532851531
0.185109292612734
0.236681911108104
0.26675788566574
0.395264883266353
0.479857965308501
0.278190718413347
0.211782555009387
0.197839142910794
0.208499513840452
0.216535732242772
0.220073817433181
0.179724554655281
0.31396652853794
0.119879745808313
0.352156187036674
0.439549782623301
0.170337474562859
0.252749685034138
0.152395430484332
0.39876022331115
0.252504172674007
0.184771356942566
0.293663745047703
0.29460011090239
0.154014106598566
0.276355254710093
0.335857105690487
0.403464571850077
0.157413823998313
0.319178935915721
0.416037600401382
0.293172118973228
0.241297793703934
0.340610440878822
0.15772568075455
0.422222083901976
0.374203429079058
0.355809843510993
0.475672496138804
0.415613314609806
0.269917380941218
0.305229594752485
0.321863044615076
0.203625813831387
0.369243456433879
0.216165116367648
0.264039498121923
0.365297451636566
0.310813454560158
0.260413792707094
0.393174748094413
0.574313358212766
0.468082270953738
0.280972587658056
0.23201128569323
0.458660858775476
0.396375477559042
0.360825882987245
0.309615107397512
0.427222195887902
0.398385299525537
0.418501335906787
0.338865390988563
0.242712846492945
0.377555180582482
0.373044639647822
0.351836332181778
0.342825493339997
0.427046694665944
0.393285128288002
0.416499309281044
0.339607095359238
0.458784492846561
0.273009174623371
0.375130964596454
0.25342979283188
0.204352759056206
0.464065862438807
0.417903927426743
0.407665423982049
0.310991631065829
0.423287509901319
0.446024852009729
0.526164379674103
0.411455405819209
0.361831945586816
0.459655535695967
0.420470689171368
0.471433992279482
0.454096574617741
0.340695992521458
0.621129734599264
0.42485787350552
0.580573137462087
0.502157786708216
0.503478073233661
0.519261082401589
0.453344823743217
0.457408693888457
0.540966662370964
0.507924473543019
0.424761385716803
0.523645128069812
0.452729835729789
0.489439996752476
0.427623283447162
0.422569741679067
0.312118859669513
0.322504295016657
0.418811703828695
0.396124217389134
0.4317723741027
0.401807622386373
0.506791189206873
0.432196709582257
0.487595341049257
0.465271598427914
0.465967861973387
0.512368213679379
0.539438251942617
0.37738487976054
0.569456258224108
0.527869931788197
0.39102121286875
0.408787501599892
0.390943636053293
0.490629437889023
0.338632769697143
0.580620916175241
0.559734273704969
0.434420610531794
0.51051167646305
0.597612280420706
0.535920580393562
0.568000187812076
0.581683219444888
0.412103882978966
0.411374842653608
0.530704944299398
0.558423726993714
0.417407832454297
0.379702215653477
0.642341321994905
0.55708623244687
0.538219534345966
0.599369981999533
0.564477863156283
0.516875202503846
0.500706508928672
0.599193477972182
0.459649784170021
0.574596744207324
0.551005973154055
0.41140896376828
0.658377970983059
0.590030176406737
0.632076288430182
0.467800131458278
0.5123469298431
0.482792302622336
0.65710132892279
0.513177562389617
0.59260536679196
0.605702369382661
0.521820961776973
0.628066477135167
0.630186618768092
0.607591011709777
0.686496266057344
0.61144654036765
0.697635057799243
0.527873531756664
0.576610440763053
0.361341149582791
0.530852926638532
0.511508585941876
0.539023705369
0.648323211842953
0.594850392651839
0.681814078578485
0.513148562946217
0.487268313386654
0.618110575843559
0.764938089151168
0.66850109151648
0.645474500514874
0.464367567930062
0.586901177283321
0.611446549898178
0.608659280716714
0.707778538004881
0.636652325288835
0.475845926865493
0.631733521723482
0.673307872993802
0.559653821155403
0.708775902762301
0.752735725033914
0.435572843594143
0.768836313605713
0.552731214496134
0.747557651075298
0.466137164546341
0.581612297742263
0.698970850668045
0.646637659170659
0.507680069169482
0.660471507040006
0.540593368767027
0.716810483946368
0.72643552058337
0.662067222949756
0.571347912342152
0.806713366514861
0.742296149229044
0.521269588209729
0.665326340016205
0.800283168295841
0.77901217159652
0.626501769444493
0.803061625684942
0.560953205152659
0.666445384448051
0.743077669372279
0.603335719464508
0.663820011614196
0.74596618173033
0.699134267116141
0.760377855636621
0.664982489614608
0.66551709112398
0.748412239136715
0.597125481103422
0.748099443568975
0.640704454432232
0.785989576410365
0.682756414432123
0.772542574142343
0.529864424211346
0.838593173742626
0.739381492332642
0.742693607859214
0.700077018708178
0.734603560651964
0.651230180999379
0.717160338477291
0.819359259772353
0.771741965775824
0.758607391133598
0.683550956971198
0.564790888068368
0.577815246443876
0.812001467678583
0.76140467448968
0.689616321424708
0.779130511508351
0.718736140216364
0.67993018869714
0.849580287162717
0.87456220640152
0.708288856136132
0.765356571099965
0.784824249594973
0.693681728495791
0.784309926026482
0.821117632604291
0.852051191319899
0.856948609808677
0.796443924450469
0.771442748610862
0.58627196047351
0.798006534074225
0.539060017157399
0.882093193375595
0.842013948429726
0.861000821530982
0.796794861611266
0.6896504938675
0.773925859262688
0.772430379536786
0.730448434988455
0.74770442659168
0.852966413838281
0.790813737554516
0.752016755511439
0.648526199094196
0.970005960050607
0.750573543298457
0.842718516992486
0.721370403088504
0.800935591630675
0.840140981166967
0.963231194337698
0.855743779033053
0.752575535462601
0.884373016517158
0.703503651572503
0.739667965930621
0.843092731150584
0.825114443617405
0.765467780078031
0.866842883431644
0.776024754038513
0.926891470353906
0.754240989955261
0.946824360657287
0.889606166603816
0.715594909131158
1.00492922420305
0.789302050869011
0.893412435683373
0.785690903344625
0.828969004937873
0.939584545978223
0.82835382746231
0.845120938333489
0.903801159670889
0.86344541235794
0.908907593977685
0.925768393186112
0.915461748305919
0.930704046157686
0.841384180207038
0.878157126507346
0.841893458636532
0.880931900893386
0.840606832836698
0.736012622759709
0.903498690739274
0.897921294430082
0.957068847595994
0.719753097009243
0.875897835465234
0.918972929836148
0.826433227288823
0.747681309898448
0.778804308721948
0.76901851525561
0.869193361194161
0.81571127315083
0.875884383227402
0.90611996775242
0.986299380649413
0.992993145938537
0.999936810397688
0.76557027278074
1.04105547834648
1.00226792621674
0.975028565193825
0.930793751567626
1.0546382832219
0.953848305097266
0.885084908653129
0.979372590134623
0.904570489150355
1.10613239766273
1.0354868701381
1.01909666579304
0.811100566892864
0.923927821767833
0.988662548886336
1.07153329428623
0.978326474741732
0.977247618543564
0.898287706508935
0.942878283843733
1.0699657693468
1.06372131879749
0.984785279054096
1.01213136759639
1.04775310161236
1.12446582458905
1.06423865056944
1.05027844520847
0.948270674488732
1.02550039262914
1.05019956811251
1.00947356856176
0.904736209908329
1.01904861493092
