"x"
-0.942270387873188
-0.847170278438535
-1.07383210867387
-0.862280878186292
-0.880882926100015
-1.05219327025382
-1.10364429558486
-0.94053086839963
-0.95055624152663
-0.916264934620129
-0.985846546340736
-0.988710966822115
-0.961504284950733
-1.17599984293267
-1.02542474424095
-1.00473353210266
-0.999846126246281
-1.02477321300976
-1.05021975329413
-1.02910564519597
-0.964982543965981
-0.848077909140104
-0.985382174909182
-0.85441998076987
-1.02135024928469
-0.960711398203348
-1.0560292903385
-1.02099066341181
-0.98792983137979
-0.898504273316126
-0.967546563503741
-0.823889955883679
-0.854040055202021
-0.898476647409581
-0.796614009990333
-0.862675034203625
-0.735777855130155
-0.999515648542093
-0.861075214999351
-0.896021026615409
-0.911083860431013
-0.86797909798179
-0.890712342837667
-0.896921617637811
-0.843530914206916
-0.8260653822679
-0.911900338138561
-0.944276458992467
-0.989695169383221
-0.788024212723094
-0.889514338300062
-0.895821028746973
-0.733702117914288
-0.838527610659891
-0.847670421731741
-0.997652393504514
-0.854524950792149
-1.00094349139472
-0.840886854755515
-0.887137029287463
-0.787244607014021
-0.922074729598566
-0.813769498649057
-0.928270878089507
-0.961990276812692
-0.935956555006592
-0.819904811494333
-0.893821755721635
-0.915433706444642
-0.908548673510981
-0.774628822996713
-0.830967835385215
-0.957162611239274
-0.817501051853819
-0.758908515780534
-0.839524170204847
-0.806844532410363
-0.777022634619528
-0.711443044049845
-0.880965309507074
-0.811798168692444
-0.71141301964856
-0.927697413827884
-0.766430912383671
-0.819430806486388
-0.864710410186148
-0.86655454370722
-0.858929112273291
-0.828764897486111
-0.841648592746036
-0.708944743301152
-0.890698907591118
-0.903399914189069
-0.745275581894326
-0.858082944447227
-0.762518272828996
-0.745076786601779
-0.659002689990138
-0.772240484210998
-0.880999270798851
-0.81874047964412
-1.06700293619837
-0.725544201014278
-0.783317821038096
-0.538648923893727
-0.749239487181888
-0.864965966726872
-0.818492708116774
-0.733647769937131
-0.79710061891525
-0.72981684840943
-0.787898888176843
-0.795170435967261
-0.690655669795847
-0.801567330179513
-0.812626082372976
-0.728732063013265
-0.773573510370087
-0.639726649770315
-0.84026365154586
-0.624135095196059
-0.845625042714897
-0.880191144705711
-0.66231887788082
-0.874217225130187
-0.758424307084649
-0.798587175856825
-0.609847685599702
-0.848774843568575
-0.665077769613183
-0.711962664617816
-0.697456483389951
-0.68196177129243
-0.650454587703624
-0.70534514782733
-0.694495746474575
-0.719157098913617
-0.801133555399273
-0.688941749900087
-0.859900413214324
-0.780665985236951
-0.77747506866994
-0.683455100887821
-0.804918317918417
-0.694239423395733
-0.439336630915545
-0.670350005770663
-0.751924587501619
-0.791478886815547
-0.679763168520057
-0.743846616802446
-0.631863218354386
-0.776059409026155
-0.671957914126884
-0.745040772854636
-0.67592780812516
-0.742584003894737
-0.700355945483381
-0.805443732742316
-0.764180455070662
-0.746909231122573
-0.735312763953958
-0.611807958000507
-0.658254621326695
-0.540106995240456
-0.764204174220409
-0.60485594903318
-0.654330447920975
-0.649747326354942
-0.647244033866333
-0.636444963432366
-0.71320638268481
-0.678958692440106
-0.737416734520166
-0.729191487206223
-0.635463303867082
-0.668748980231638
-0.60282613473494
-0.725388142445411
-0.702706614254133
-0.778863441176346
-0.64110434144514
-0.697676380489044
-0.561209523558532
-0.688214826782683
-0.640590647157963
-0.60389994473115
-0.518123890957091
-0.654351516324042
-0.562796266611072
-0.579118401402487
-0.492589639709499
-0.62420257665975
-0.443801306941361
-0.697111567343569
-0.533949815370337
-0.647804403090427
-0.703732421320458
-0.510676474648009
-0.543278336250467
-0.568274911936794
-0.541746301040902
-0.690521742391168
-0.60663375182955
-0.624877777228482
-0.659615183731691
-0.52344203777515
-0.692700215299143
-0.690530164430269
-0.544725401843897
-0.553011360288848
-0.564368577713598
-0.451555888190096
-0.519006514732978
-0.576819408084076
-0.454784862002375
-0.611835989069118
-0.530028046595074
-0.602622977742766
-0.481323170840609
-0.681577060904728
-0.566763894048966
-0.661758536068466
-0.483710223303637
-0.505661633135762
-0.574225946957437
-0.604403692109259
-0.50443606516327
-0.621593184525342
-0.559135486735904
-0.566184688884526
-0.500930070571237
-0.404141544320354
-0.51650290660713
-0.538662279392411
-0.527054211391512
-0.420630083385369
-0.496984921130137
-0.518045761097099
-0.466430509304292
-0.482728305585549
-0.559608866986048
-0.511082654797885
-0.633326049534883
-0.528724812888618
-0.48205059762157
-0.583795121403769
-0.468313475507681
-0.567160195891793
-0.425903771472435
-0.532130528444758
-0.467588168404206
-0.402276419818072
-0.347972305738549
-0.58996678895798
-0.395873796293469
-0.527976560848853
-0.553477451484145
-0.48164855928949
-0.453674419239772
-0.503897438030563
-0.493270681852239
-0.326532515782919
-0.648373721690695
-0.556790331721633
-0.495801836548997
-0.554107116263071
-0.39148649777454
-0.504651383702139
-0.369970845353467
-0.384510884854838
-0.550969490119645
-0.553434927217524
-0.372755768593846
-0.408192765881272
-0.526912656122162
-0.462108956845952
-0.405975829364828
-0.326032714347378
-0.485112078316563
-0.414851491073158
-0.294258642712362
-0.425231112751192
-0.397312584986984
-0.438175872580501
-0.429080222711037
-0.468548898195484
-0.489247299595711
-0.507375697156511
-0.389772933589968
-0.551936244239505
-0.410951444811073
-0.277395438737479
-0.522648411091828
-0.445446619784412
-0.404672678464658
-0.511896638043455
-0.286516636755138
-0.483068941054065
-0.403402412795684
-0.402836465227216
-0.469712722242658
-0.483898241747479
-0.326558633195109
-0.428147372383584
-0.424558382935268
-0.497542429602368
-0.435758274391857
-0.407403304000223
-0.522792498366623
-0.426837383846347
-0.372703922069252
-0.464234095916214
-0.410847027014629
-0.582791748070952
-0.336765473939897
-0.262863452472195
-0.309873414573187
-0.35611101157538
-0.481547375826881
-0.327846909435813
-0.314239244961556
-0.432821583900379
-0.24847376055713
-0.426969074919339
-0.360734737920361
-0.454047315866075
-0.347710861080851
-0.226984644253991
-0.280147202813616
-0.346400792286596
-0.361760730077554
-0.331512486427555
-0.418226749666955
-0.264952486720697
-0.375906133360774
-0.317173829298892
-0.283905763787584
-0.353055685466797
-0.317506591366048
-0.300376453181901
-0.386860773681052
-0.244579470943792
-0.193915481988375
-0.264916908444667
-0.374545253857002
-0.185871585087764
-0.266520154337965
-0.422287216169626
-0.334409075762513
-0.269074384962066
-0.336255095748726
-0.371783647188894
-0.335008737280045
-0.158209260641963
-0.199666451190629
-0.161705174881645
-0.134506715755611
-0.226707290389555
-0.48497420947507
-0.330511592291061
-0.186154884372427
-0.293793878228516
-0.280968713748977
-0.298761668194617
-0.284719720081484
-0.290589903145794
-0.121459224297174
-0.177680136775908
-0.199429749258785
-0.405173099302079
-0.275775394210228
-0.124123691788106
-0.271829270729065
-0.392788888325207
-0.253396020270221
-0.425517211360772
-0.206979414514112
-0.247984661348879
-0.094321255785342
-0.13246407511866
-0.182063123278136
-0.226627819865238
-0.2152021369901
-0.253235352866204
-0.323150773804
-0.186102315057712
-0.136006980343451
-0.0840235940479391
-0.258843058890805
-0.163435345579499
-0.200840545951004
-0.000981297804882031
-0.316034839522233
-0.115343949286531
-0.252575316592033
-0.0780865441972335
-0.109537485468242
-0.201132112230524
-0.0417755256764281
-0.2267373394576
-0.310669159965275
-0.280510340565278
-0.0971303491624442
-0.159685220066017
-0.0978404453829057
-0.123527962819236
-0.0832004470334788
-0.347666310697157
-0.226217608240405
-0.238681632186873
-0.24461116198561
-0.0571480409757331
-0.111024958131179
-0.227446683848486
-0.0801320854473904
-0.132074065748649
-0.084429473924225
-0.20447451543804
-0.169630266355568
-0.184739446438526
-0.318189117250156
-0.241847122725454
-0.183946113192474
-0.270979198001911
-0.129796104192878
-0.0848822718656488
-0.118261714900856
-0.040733683849023
-0.116903516005573
-0.16546548259293
-0.0860733552328976
-0.158845855877638
-0.0474286567624084
-0.185941742993102
-0.113222397657708
-0.0525239540802139
-0.187832946703647
-0.149719675516248
-0.0764228978570555
-0.134241412880552
-0.102264511741247
-0.104288658309682
-0.0451882932436413
-0.0491192668849703
-0.0727647011853583
-0.235107144681093
-0.03587052456727
-0.0629715027925905
0.0140997106879438
-0.126007964303045
-0.0400621783722124
-0.0941011970880791
-0.106345428743109
-0.136164173675446
-0.133191570027383
-0.218794676846914
0.0855992443517043
-0.0347931698111206
-0.0335970038968107
-0.1230009134515
-0.0120464581135032
0.091350859418157
-0.00882246251698744
-0.0666978554779366
0.0067342277507325
0.0425781906034408
-0.113101043370518
-0.149096818450735
-0.0520258532113366
-0.18899988886806
-0.0362949771509607
-0.109045358908738
-0.0294847132757131
-0.017947518495113
-0.0535206172449877
-0.0246870154652474
0.123342421554093
0.0489326630401096
-0.0856381484096138
-0.0540374997951597
-0.0300245899641701
-0.126175344359712
0.00961871797699106
-0.106503449499798
-0.0963026097271927
-0.0389210941394113
-0.134996642842117
-0.0531087361270394
-0.179273378776731
0.0339950912058704
-0.0542010724629097
-0.0283413826671605
-0.00216257886872029
0.109635916987004
-0.0681847526167903
-0.0179262299790885
-0.00854454138658508
-0.0569631950408473
0.0559642176301133
-0.0969210733369059
-0.0811756501072905
0.0416609636044517
-0.0274161115085502
0.0213428772920153
0.0406768115735607
-0.0575356030219738
0.0229186373209073
0.238615522956352
0.0376989489858014
0.0232888936777976
0.0559982408217628
0.0537289732767775
0.073738194580604
-0.0698927648770401
0.0938639995190943
-0.0340758156273593
0.0596763831578525
-0.0569421850917627
-0.0515302559209558
-0.0296855686140639
0.0903799821373822
0.268593873131201
0.0200695460862821
0.109854887114219
0.0214346992541629
0.0571138979033822
0.16789257487624
0.103742700662262
0.0324739945355544
0.010752371185247
0.162739974138913
0.0165758038578945
0.185225759362007
0.0757858523554037
0.214536828385457
0.193818750151856
0.0661266481641361
0.0396285733468767
0.101020009010164
0.0907585078069731
0.0355906370866455
0.13418239643514
0.168123904375581
0.155655815428394
0.0526392791999723
0.117957652711014
0.0122518163984762
-0.0649146555036574
0.0920761756406209
0.146800421771813
0.0571817025809132
0.121934822845943
0.220465957257885
0.155651359594431
0.0906187553076654
0.107223240721688
0.0920269076402409
-0.0193498757403662
0.150190876959303
0.154202019609531
0.187357853292616
0.0123416120586184
0.162121408762334
0.338671611029048
0.0628610676580506
0.12705520701128
-0.00560609233873249
0.119592276477392
0.144169470133236
0.132936637279429
0.121882145439477
0.27064240996427
0.0600555449766838
0.146649757330015
0.184410257165018
0.22392998977365
0.14696613217384
0.115517535758296
0.297731171113488
0.0544011217353244
0.220538073416263
0.213706574760487
0.115173646062689
0.172297448797963
0.298991486059161
0.248757611857198
0.212659137775494
0.12298259697085
0.158142361215583
0.0603827483846952
0.131417459288479
0.107138903345217
0.220688473766421
0.222832980188731
0.215400592617769
0.160402079334355
0.23900174119898
0.239024305123863
0.231249783427735
0.259633100256648
0.19836953093204
0.175770350551001
0.139302307423319
0.21612589644799
0.200309276923067
0.229024499890377
0.277469789061725
0.190943123045876
0.131838875111546
0.220425496480701
0.176794699048625
0.207318082862283
0.224436577165783
0.268212760426577
0.161154477217476
0.205986330435825
0.152085686193421
0.16238249629415
0.238300805475482
0.173494148276862
0.229995554215206
0.281704271513659
0.394049590790654
0.490809782817636
0.275492347521806
0.206237965841031
0.203660455482086
0.214328368237624
0.229807348604589
0.200102243434662
0.177628049953689
0.315123295915726
0.11622774513272
0.365831734174245
0.416005800211899
0.172100249732776
0.25695405019593
0.161868529294328
0.390363366558635
0.246246469870977
0.177428520723449
0.308590095264809
0.297964505545369
0.150496256346667
0.276227999554192
0.342440936708255
0.379753325859313
0.163564096464845
0.336066570443539
0.429517019593859
0.264521224110072
0.231734298432867
0.357234487909177
0.171543065241938
0.426506034742201
0.381597151484933
0.332238585057416
0.496448600704872
0.418777635999748
0.288066052931582
0.300637465705923
0.351422372699269
0.200722652017923
0.382507854932252
0.207246374259869
0.271443276515175
0.363423242954328
0.308135838049319
0.283239444518323
0.409511414094191
0.562672147568124
0.47523110817731
0.283417118552915
0.226689768557004
0.448828712927779
0.387707644106955
0.378851379288025
0.331775990783455
0.407598136822937
0.409936283855796
0.410413563390312
0.336440339954861
0.236790683065027
0.386181493869818
0.38282483710631
0.35225642943555
0.321590078595472
0.436876476534497
0.37212561084093
0.418942606324664
0.341884551088263
0.466949698895272
0.305431734043329
0.35472782325728
0.2555613257428
0.209261304699437
0.455491399576607
0.435948893036925
0.409150290372729
0.353539678379579
0.423469755939985
0.453279825820873
0.499323561238784
0.412796771629557
0.356136629658688
0.423422105428066
0.430615973677947
0.467443389795859
0.449010148132343
0.342672496072448
0.61128257261157
0.436768710375803
0.569277823296537
0.53747843629617
0.507725445000387
0.509228294079936
0.430940458703736
0.461679632205737
0.528384741557649
0.504656616362441
0.402564399990221
0.526449714444975
0.479420621790173
0.488501954991469
0.445565217610399
0.39163876068221
0.305616968362822
0.327789015884946
0.415362017480042
0.406548491597035
0.436560687095028
0.430843428666311
0.51775665259441
0.429669039083472
0.478313583231556
0.485240891386227
0.480310934106041
0.507743713359897
0.53219483470642
0.373913093369961
0.569728364773897
0.535598434713451
0.376263718825663
0.414013762538583
0.396858348490463
0.527509853963705
0.359895895510122
0.574683743201354
0.548415308866065
0.407937438700001
0.520142747602306
0.610036254788133
0.53309874555495
0.553899684628861
0.582851832394754
0.429088485821934
0.398878277253256
0.543594294909739
0.560841023024205
0.425275105436529
0.375831803522312
0.636436894806519
0.53575734030311
0.533754248263702
0.580996046956939
0.552763772054833
0.527630944150727
0.510478800823592
0.584926086906022
0.459903278716857
0.598401939996366
0.555099310249565
0.435740304436425
0.636686990612508
0.579661664218186
0.653838358286122
0.462084209655915
0.487361333583834
0.487104344653429
0.678073187454088
0.509528254350109
0.59389906585641
0.592437505284771
0.524323639529497
0.632779194638455
0.640437920060392
0.613718807239414
0.694684178048546
0.615955744525135
0.706396839046269
0.527300303810236
0.561429115510732
0.349518801674929
0.509108056159536
0.521112845995971
0.513631681809578
0.643111459259298
0.553465907561686
0.681009215766101
0.509981782139136
0.462637468599962
0.613112970255071
0.752289235760139
0.681485077079397
0.640976762408791
0.469813626656046
0.595909941220891
0.642729318639358
0.597436944087535
0.697397101899835
0.66198339938677
0.487788063555212
0.607995515835378
0.662598322147708
0.596730541011246
0.706358087785622
0.76668534403294
0.450285203250283
0.759868588061618
0.552959367198405
0.746570572839367
0.444030990779492
0.59468915228486
0.712118589078807
0.641646958353819
0.49902112133869
0.68172702848055
0.545755611626178
0.719241219297487
0.692419504685113
0.675954486458584
0.567575024925151
0.789081753647077
0.743332889150774
0.50921342545337
0.660294651479193
0.791452481084865
0.762923580810772
0.637959983232001
0.811029390477182
0.571587592692964
0.64586524259797
0.745406608842202
0.615097903233546
0.663116179445296
0.746679903290878
0.699448013932511
0.75134447675956
0.653806839523119
0.644374291207244
0.75084803747517
0.602077906646876
0.759886116228323
0.651822604766138
0.801760066511877
0.700903379462429
0.770021970971747
0.525798669806792
0.845017356906049
0.743314692717976
0.754762114037139
0.701021962203955
0.737432425376614
0.638825326486774
0.715096323042772
0.816849880812864
0.79723227694439
0.740382412022608
0.671970707572229
0.554332944684453
0.57178416958154
0.814508818113411
0.751480146733427
0.683401779591195
0.767944545015517
0.701358026024609
0.696433758202012
0.819309995321951
0.901542602384555
0.716576954753837
0.769365298075946
0.770012231055766
0.671572388228673
0.788957279258487
0.806803360063451
0.866603065645245
0.858787466273835
0.799648096794427
0.767777568462186
0.606774803092898
0.812140097143277
0.520943996117383
0.881304380845768
0.825534014651628
0.867233049055538
0.793281651014905
0.685166090619406
0.785946100382021
0.777388945319364
0.741492663472902
0.765088308422286
0.845607503490514
0.776281994699869
0.755466398080211
0.659636488800371
0.987259513487182
0.723313496707971
0.832312660690358
0.741483578145767
0.815956762310921
0.851993000101067
0.957871214382098
0.850712124484578
0.734792443471548
0.888740336682473
0.725176636013994
0.741610317466798
0.81611404787382
0.814749089818644
0.793282248776895
0.869374372845608
0.806481224124054
0.961368420207954
0.770527243181343
0.940574178974261
0.913153057606564
0.723439586173644
0.997557557370078
0.822901943024092
0.880301432847897
0.785145231992475
0.8300944590189
0.917416133026646
0.808745550045399
0.833566325852628
0.902102679509685
0.84784403443274
0.929897956732121
0.928304491810527
0.896804753517143
0.932804062420366
0.865705599798329
0.863845599528907
0.851289813212999
0.91359506400254
0.839434582490906
0.742200727105467
0.910452364287697
0.913397096149991
0.979638278048749
0.719337932120714
0.882124577758898
0.934741000846638
0.818734147282903
0.761598152255832
0.743590916718026
0.797338031232291
0.871875378714275
0.80863978382905
0.869752134296643
0.913835754929946
0.973135418597672
0.994861402020137
0.985927396016919
0.786083851333736
1.02678351426106
1.02734803008902
0.957433260602465
0.920948301710249
1.05770116706823
0.945548190563484
0.901644183233866
1.00221934188417
0.924929256505225
1.12752115724863
1.02315907001956
1.01902943283319
0.822236950116714
0.933684314375786
1.00385457751382
1.06186654124828
0.976166671124918
0.974993827087593
0.925013165064431
0.940067344455799
1.05232337453201
1.05832085920709
1.00218589813111
0.998416260123445
1.05413676098345
1.14094999428082
1.05524401290871
1.04886496386288
0.956458155995485
1.0188890832579
1.0370638421279
1.00393577065396
0.887199378091123
0.992599411663772
