"x"
-0.938921154000664
-0.836702774782721
-1.07740842861184
-0.851246618051847
-0.864237567311861
-1.02446379561524
-1.1095666100564
-0.947015757654532
-0.928914154863561
-0.927583368245098
-0.978849153038052
-0.989794479392992
-0.952419742073292
-1.18291368805961
-1.01479730488316
-1.00761291634036
-1.00788536299517
-1.01285342448779
-1.04757694656675
-1.04151666377138
-0.977296934929916
-0.852382378763519
-1.00368348741129
-0.857786172728689
-1.01865112269355
-0.936085024141815
-1.08051284584978
-1.02973324850228
-0.987578986585543
-0.905260495691896
-0.957957359541126
-0.819239922934818
-0.848613489088543
-0.886675992080357
-0.806290236179965
-0.87519559557255
-0.739836993218199
-1.02845670914853
-0.876083133178804
-0.86690710174178
-0.900276163725861
-0.866354951484562
-0.866763322099674
-0.869814090919125
-0.828305289437081
-0.826283967346512
-0.914551602593508
-0.950030798744584
-0.989014644998138
-0.805518668792223
-0.867599527480453
-0.876837611259467
-0.729860010728255
-0.866963257732107
-0.831055774101728
-1.01876767771369
-0.86657151257357
-0.994800219223146
-0.856133142023111
-0.899439389955141
-0.791387013655745
-0.915846806758712
-0.810476690488327
-0.934645603832478
-0.956130435249365
-0.937036192940607
-0.821984478117406
-0.913250909487572
-0.8846629664387
-0.882400359193396
-0.807007210749766
-0.838111664293619
-0.978699399416669
-0.796292840309533
-0.737343765545591
-0.829872857519736
-0.803657711972733
-0.75479303227291
-0.713952961799387
-0.876725497352864
-0.821411689945475
-0.709745856823121
-0.916365870202155
-0.775012100827705
-0.820959730059343
-0.87006520816989
-0.867261625921891
-0.868004257089832
-0.814251594858506
-0.847732043205488
-0.718860809904238
-0.886465463311099
-0.91302843707531
-0.719127389518153
-0.898885102001358
-0.756204283280972
-0.760584996681018
-0.66817070635409
-0.746600774062597
-0.885590500160276
-0.826473123221579
-1.06425323394397
-0.749313454090962
-0.770150706382224
-0.538911617818687
-0.756423450095194
-0.831841938735342
-0.83914951215486
-0.752818864006227
-0.802762110829571
-0.726407867596288
-0.793057572048634
-0.79159312554976
-0.697947186031024
-0.812168320551202
-0.819716032695394
-0.738228643194207
-0.781686796208662
-0.641508925277651
-0.848359119005397
-0.6071825211032
-0.842995456525098
-0.88071558409117
-0.682953092127089
-0.887125926788574
-0.741260187815449
-0.795067579403388
-0.61273413953146
-0.873869019615356
-0.653972838723383
-0.698298505705078
-0.676735294785587
-0.687865112558221
-0.682436112358145
-0.707626469349279
-0.68263959941259
-0.706570822222926
-0.762907992149474
-0.674043740325703
-0.844892031330678
-0.773432316993141
-0.758949396674261
-0.689993843296442
-0.808865656474759
-0.7040517321716
-0.419523180502121
-0.662172857192742
-0.738803901781722
-0.766245936346894
-0.692531332428374
-0.760905354022787
-0.655224116788791
-0.785219378146959
-0.692222242933349
-0.736674592737417
-0.682451535312064
-0.765226382244885
-0.705484706755192
-0.800300899598106
-0.762540193312327
-0.775045122686078
-0.728746256218852
-0.610955044461172
-0.616026049825048
-0.565492435031514
-0.74820715252994
-0.618076669715775
-0.672531703099896
-0.662324794401368
-0.639567781894166
-0.6441372587711
-0.718211798631915
-0.661738428043977
-0.739717509793595
-0.747021738935881
-0.640752116988057
-0.682974917909018
-0.597469710548018
-0.729476708449025
-0.658099004759852
-0.793504280198016
-0.651510295077993
-0.684863298120064
-0.552098107179618
-0.6982076081079
-0.66014010279144
-0.607868925982277
-0.515261809280904
-0.642519648111739
-0.571831381138542
-0.582175958646188
-0.494576773554307
-0.606864779263312
-0.462260230552796
-0.691690412855586
-0.542165281473487
-0.624313122009046
-0.695083758898979
-0.519587500998578
-0.544464136487956
-0.559902882141633
-0.547607046065979
-0.676244847757093
-0.603221661988073
-0.614604825384104
-0.691090400841534
-0.499384266120869
-0.687823070797666
-0.708172557087397
-0.565683027360492
-0.564614169398533
-0.585319325476857
-0.448632955121817
-0.533064616485839
-0.564582600543272
-0.432976225406721
-0.622295811359751
-0.521755100223827
-0.604001168568534
-0.475699888448939
-0.686609719619874
-0.568279843402568
-0.664531908074384
-0.452873841805415
-0.522385514560602
-0.600768577249365
-0.565472669182197
-0.510151558578128
-0.629125181878952
-0.558166700123787
-0.564103498426501
-0.494477742011104
-0.37485482311395
-0.528603375065653
-0.513545837255
-0.512538258088533
-0.425651214007888
-0.504385724388233
-0.524391094872662
-0.456170665911252
-0.493498494834246
-0.5656875408673
-0.512043918934269
-0.626049546382215
-0.529740576449609
-0.477974258208728
-0.575928040988403
-0.487994328455276
-0.560008601942868
-0.426561376592078
-0.553603461679564
-0.465011955906603
-0.410995965493081
-0.344434940523305
-0.574711597737906
-0.402789150979996
-0.516979184739317
-0.569924210131598
-0.458544752233994
-0.427496909974229
-0.523553788912665
-0.486190060409586
-0.322780130809352
-0.653314156373475
-0.546049907630987
-0.466469816951155
-0.51831522644695
-0.405892646147825
-0.509717096181814
-0.371321599895983
-0.383408426102654
-0.528862935347829
-0.547069975811033
-0.366054412803408
-0.410408285137117
-0.510074972856892
-0.47798623639989
-0.423155639636067
-0.343633719489438
-0.488898615856299
-0.431352967142538
-0.281416227567895
-0.438394711020123
-0.402784324228862
-0.423677225376527
-0.419674530615177
-0.480840075876324
-0.494268080725428
-0.496013511456178
-0.390134086506244
-0.543643188374269
-0.4311351782097
-0.304962510553279
-0.539684095643242
-0.443236157743688
-0.421274462333123
-0.508305120700449
-0.310320613638962
-0.481880594382053
-0.416789785944122
-0.428998768295922
-0.469892283486416
-0.483001615108846
-0.360436835683278
-0.428783861764683
-0.394663551735657
-0.473107929897764
-0.434949553796368
-0.384394280398951
-0.512022742864154
-0.421649500601979
-0.379719217373403
-0.46907638941073
-0.394356109955469
-0.608742596872292
-0.338306791791192
-0.263512169242896
-0.303440386055204
-0.3608492199877
-0.472653986270686
-0.322209734656365
-0.323743485114181
-0.43344488909268
-0.268534485395065
-0.419995352768766
-0.342787074288431
-0.446012031183369
-0.363999618656761
-0.208669979617849
-0.290692731311121
-0.337662675056376
-0.362143883948736
-0.347154284622247
-0.415304934035279
-0.254505864399194
-0.392768193150962
-0.31649353210058
-0.291083177841336
-0.355580267992032
-0.312055590118116
-0.298696152339427
-0.357074268312272
-0.251742406042466
-0.194381495106106
-0.263542241803656
-0.386808797175938
-0.187785280705935
-0.250367225614963
-0.426577592090539
-0.332016744154544
-0.275029667173229
-0.335260264412817
-0.364504786757136
-0.333355740105464
-0.161789922994781
-0.205411718218231
-0.172614904777604
-0.162616300621406
-0.198907059559793
-0.477736680826337
-0.332773819440555
-0.195641786565992
-0.303658297439091
-0.296319773510726
-0.312976271728971
-0.278168641481071
-0.292684171924452
-0.0892214422783685
-0.18509801693958
-0.225419155386268
-0.411766089028928
-0.256675276239213
-0.125846763093808
-0.24821768602027
-0.39636786086819
-0.23309816682928
-0.433758550948325
-0.182818125144318
-0.253029378996
-0.101487435302179
-0.124097493822067
-0.183133192016666
-0.215609041402946
-0.198982732748679
-0.23892547094985
-0.328776148563195
-0.214847686625943
-0.141561239624495
-0.0950348955719837
-0.283384685035551
-0.148331135062141
-0.211229988670369
0.0101781063178398
-0.336638770747926
-0.120363184985139
-0.265422465336634
-0.0777935913746442
-0.114793312170038
-0.226444810569776
-0.0597372486385542
-0.232853936643534
-0.281470480945771
-0.249678879758782
-0.0865075794215776
-0.154243974868141
-0.11777738101239
-0.125727896249217
-0.127151529710967
-0.328053636520529
-0.226496603518828
-0.233420077931688
-0.237663815832419
-0.0686530842888622
-0.104840213031567
-0.266961948697762
-0.0644767651264503
-0.124621876906281
-0.104887090287146
-0.219816489619086
-0.160460029514762
-0.2184541436319
-0.304583503104164
-0.2443044631348
-0.161676900633536
-0.299488564456942
-0.12611443566361
-0.0985630033351257
-0.118418793655818
-0.0557249455423441
-0.109611253443635
-0.176762805867741
-0.10433145360128
-0.14775273419716
-0.052665170490082
-0.183694053374048
-0.104426228703293
-0.0518372018154145
-0.200629164618342
-0.14741391934865
-0.0510587007423482
-0.152998468933317
-0.12351437104785
-0.129976673664877
-0.0477230535358609
-0.0388872635465556
-0.112852034940378
-0.21679417485693
-0.0481793396771051
-0.0457971719553395
0.0206231381759259
-0.117166466129605
-0.0574405735235936
-0.0867913469552622
-0.0977705354242004
-0.130035619434984
-0.140676979686667
-0.197410630972372
0.0876394463181994
-0.0369888244727812
-0.0123080388289934
-0.132189599817609
-0.000230232120053797
0.0907263929839325
-0.0180304645926727
-0.0582867314423512
0.00630089023836177
0.0562396291305889
-0.115548371245249
-0.150099634418145
-0.0433630848063391
-0.192604413919599
-0.00952402549595217
-0.130618017389241
-0.017474056867515
-0.0165618171992257
-0.0475411113896066
-0.0223882637582365
0.117320623318764
0.0374818106754302
-0.0718085909494334
-0.0600618117799704
-0.0179319375779144
-0.103189125770654
-0.00285779991690403
-0.0864984808816655
-0.0837730531411765
-0.0180765106736555
-0.12293381371608
-0.0732573924445401
-0.187684563681666
0.0310342006342804
-0.0435328843247432
-0.0344095106906983
0.00436973763119019
0.0821946991811387
-0.0567817975827082
0.000710404487392149
-0.000303589644300069
-0.0268765761429981
0.0222959259192862
-0.0821271704507833
-0.0647174716585163
0.0379820845577431
-0.00589188782983799
0.0214233722384733
0.037251887843259
-0.0549898149826554
0.0290313804297703
0.225298184873044
0.0280658321191221
0.00255032190512354
0.069211989973474
0.0267613503167852
0.0683034088681942
-0.0705094488753853
0.11720456131976
-0.0309163544049594
0.0581600427477041
-0.0741005733650778
-0.0801545591388109
-0.0151065369277398
0.0878788932947869
0.296397730885156
0.027776933769775
0.0957817850868756
0.0396511053730399
0.0547730093183712
0.15295446420264
0.0998756266721913
0.0388027139751644
-0.0136866487835657
0.172187727339817
0.0289530260786444
0.197771525215128
0.0684319885811383
0.195507505529162
0.220128114104183
0.0491109723183163
0.0561921960022176
0.100908100621877
0.105486643577071
0.0294704159767422
0.148707126157454
0.163950275780764
0.162159808783628
0.0761917336496371
0.0975313153161227
0.0320085219266224
-0.0614041680503218
0.101072571601524
0.14396931671199
0.0873354977948502
0.10044643215408
0.223438073418334
0.138498088659722
0.0758290617503351
0.106548117696446
0.0866985467729317
-0.0271263850129867
0.148531825847515
0.128786343587109
0.195963873834161
0.0274135257159914
0.169196774610269
0.323232706330137
0.0651161874951423
0.135652713338286
-0.00198955867898017
0.0888802348453155
0.159299641347529
0.120469703912923
0.168203451107177
0.271556902278065
0.0753149867462307
0.1403932037483
0.184004223501332
0.23195342145908
0.150735258042199
0.105072593497404
0.293050844500723
0.0425059657826847
0.235733314055904
0.223249587829473
0.121661139100833
0.160943109548047
0.290307204702569
0.242840724896495
0.226938485909327
0.114486651592418
0.166532166824892
0.0806966644505672
0.144801033408408
0.128164702268075
0.22329608648685
0.24080087038257
0.231953334224783
0.147136553328711
0.24743480543386
0.254683143197345
0.217676889507304
0.263423408712991
0.202947733541508
0.188271286440908
0.164336695961498
0.21449553634714
0.214965923097152
0.235938811970892
0.274638351577775
0.171203729852055
0.124215873778292
0.218341672470676
0.167971530411523
0.209531599166944
0.204105968554064
0.261124616508659
0.16756087317218
0.191211567490281
0.135973699334782
0.178488784355546
0.282972363247876
0.193076233123326
0.235600591768477
0.264222504764416
0.379134091960253
0.47339766032835
0.241596891684354
0.201394483070859
0.216120496790614
0.218270123453886
0.213939674071508
0.209925347831672
0.157728707899023
0.319131816003225
0.117576611587585
0.33484224265852
0.409441362755982
0.179928783899268
0.244120451375096
0.169984477752389
0.408473363283532
0.243882345280082
0.187745328215438
0.310274148885398
0.31662824476194
0.131636732756566
0.286132311711523
0.316875434328443
0.403978847803892
0.139508140693468
0.332214922193903
0.419971593276397
0.295797682855164
0.249652228894125
0.36006826434392
0.157283084802292
0.422043855535098
0.370040415920099
0.343313192097712
0.477814609978247
0.40194836191767
0.269413676107528
0.303145554497808
0.32367252716973
0.201884994996636
0.360253039023043
0.221157536041315
0.246482133629529
0.359135626270851
0.324519837977984
0.251031107583002
0.408958106199765
0.552910836521867
0.473299662744107
0.280092256038754
0.222293909966225
0.452497394225991
0.381257045079489
0.380637825687834
0.329067160657415
0.408218905572961
0.400345558430227
0.400229442555894
0.333172432764593
0.241242178093429
0.37942858846812
0.372748278398106
0.340434315132885
0.318165981873736
0.431313902292125
0.367759972993259
0.426690594211427
0.323734722159532
0.461226386700555
0.281928683782589
0.356972664750039
0.246671381911689
0.219347039830594
0.449762004765482
0.424897144495804
0.40299172903351
0.319801140880337
0.423054575505752
0.453873012593025
0.497364719558181
0.423656085316767
0.346280951340194
0.45428342743981
0.428661588636088
0.466025788958856
0.450216933813611
0.369469074496822
0.603993534310779
0.442618131055834
0.558097844701569
0.502388852370454
0.485618137891703
0.507667419295774
0.438590770994365
0.464049274777119
0.533617865695676
0.514122622643837
0.424298745813541
0.512323183740502
0.462689637595297
0.494916359784122
0.432473496980683
0.409953409001277
0.310678800948129
0.317738072184369
0.409480326813936
0.399905181436861
0.432696262954964
0.408580533637341
0.491134439413948
0.435737806621137
0.477277634136985
0.453775535819653
0.486091494105984
0.516464667662165
0.517934976379941
0.376103352160785
0.569968989117957
0.525995812573524
0.374443664925239
0.414665872783678
0.387378762306101
0.507774153099638
0.345668788330896
0.599956130474275
0.564548401502831
0.424120495316905
0.507055094289446
0.595769051848773
0.536444210528223
0.556879924521885
0.566722785934031
0.39962496597592
0.397476866622444
0.525181589472844
0.568497591303092
0.422960336794732
0.374773579525097
0.619790567304298
0.549739617347141
0.538252680858027
0.586122196715866
0.57440068185796
0.547553373667659
0.514312495605716
0.576900017409267
0.458428137115482
0.579727835673699
0.53818012006737
0.442332618818984
0.65073665919365
0.568902890267949
0.627915177826721
0.483386409584249
0.490576272293238
0.473962650380273
0.669067381058019
0.525939730173203
0.618800346638308
0.622531541673973
0.529451139667451
0.641226176753582
0.616944441914259
0.630165275634726
0.69514357668852
0.60582963412841
0.715906144265143
0.519981656625777
0.564817339508805
0.348291807301985
0.549821229439632
0.510481967457122
0.51846875342084
0.641466209702107
0.56375669929341
0.661443480988272
0.524480765053976
0.480725528585914
0.633500144012687
0.779978339478352
0.681070443551525
0.635451423432756
0.466782252864082
0.613910272538704
0.648211338242768
0.607837155306406
0.684587089495387
0.64085375937242
0.495792181515598
0.622128197330195
0.644088230238658
0.577224497564222
0.684115567109006
0.776835504110761
0.454486683117636
0.771089054808591
0.551057520370573
0.751875065483178
0.463315480838726
0.571021459633991
0.695007494599718
0.633116049370004
0.502384882789725
0.644772003157028
0.553942328030791
0.735223579926869
0.724569679534202
0.695770435534999
0.564893625304032
0.805132526082346
0.748250265015606
0.538062694815411
0.648897200768436
0.790596064169386
0.778773290577369
0.616948537174135
0.813382878796773
0.572000057403384
0.659918738028857
0.726246224998886
0.627245906661862
0.66226858172255
0.751192871515919
0.696944561330116
0.758731419622811
0.645782988901511
0.656841945570244
0.745471602169079
0.598214932968618
0.764467551731816
0.645367956210131
0.787716992595462
0.704331974405578
0.768822756561336
0.52104394393835
0.823697335992618
0.744884864609109
0.761932031246367
0.690334550590073
0.744400381808229
0.648189786494058
0.716094813635518
0.805844351996556
0.783055727527094
0.758698383889676
0.660683230624136
0.564782732414636
0.560176765435281
0.81175452402653
0.782030830996188
0.690201617468552
0.77151698575244
0.726983003582627
0.68049716913119
0.827667538048482
0.890697850847367
0.715276631421051
0.771376637239689
0.767195531594208
0.698033353449341
0.797615213986471
0.811894453248221
0.850825299604268
0.863397724595483
0.806149462096195
0.776115514685078
0.598991125312061
0.827263564480016
0.511703844628402
0.869520302291181
0.819334195791041
0.845853912505883
0.787438286671594
0.691224281639223
0.777529298526749
0.779336626528399
0.752613789200731
0.765104016663531
0.846601519646021
0.797355629397746
0.759716097596943
0.641018990736956
0.96606876018483
0.732169842739174
0.817978681822657
0.711407925635439
0.80342680317471
0.810619837190118
0.979040778249841
0.855297609717045
0.743745688928811
0.884883358236717
0.73318505991682
0.759319322141614
0.835320061939657
0.815959551026873
0.786771898859027
0.868899926305557
0.780649374501152
0.949773040799303
0.762932865141699
0.96108893096615
0.910810583215151
0.709573435139522
0.982669820102203
0.814496357238673
0.894829172960767
0.783095410157513
0.840748793962884
0.915664449867032
0.807254729385181
0.8546869960715
0.896260990441727
0.872677724053579
0.918772724989993
0.925977621525734
0.916301573978861
0.922518279729622
0.870495449817617
0.859298759512302
0.842070147883794
0.899012464241546
0.830985294797597
0.735346755977513
0.910443138618823
0.910437988613858
0.965817079949904
0.720019607221448
0.839727425299942
0.906177233900351
0.811677995097122
0.755167562402676
0.767736185217322
0.801145646509989
0.864058822057725
0.809867153183469
0.862051471934682
0.892503046188905
0.980645460002361
0.998681123628247
0.988801942496942
0.767878155626457
1.02986267777743
1.01510668512461
0.962897673009096
0.923004979733862
1.04462204474329
0.96845139933111
0.872750123732028
0.982063159992409
0.928159574739251
1.11260989834711
1.0115561467278
1.01328170199991
0.799397833385207
0.925548681491166
0.990304673112509
1.07423075786558
0.982453991178511
0.979248273449839
0.912257101122728
0.91967128679449
1.06822995634413
1.05411982429693
0.997809640331056
0.992771802020552
1.02976148231988
1.09669078190153
1.03285418503959
1.05568185651117
0.948162098071202
0.996344057117477
1.05244557885815
1.01060407600594
0.902934061776759
1.00664607485803
