"x"
-1.19705786584244
-1.10645857935088
-1.11145183675721
-0.878479168416007
-0.930628143268177
-0.938214513411638
-1.00235307024897
-0.934713030111207
-1.15281549521098
-1.0270399204743
-0.996045002924877
-0.983814967373569
-0.895843890188838
-0.867912475330747
-0.905441010827188
-0.965906533038456
-1.01631164217622
-0.988074164735065
-0.943750702979921
-0.895473196650439
-0.906328721138314
-0.97831826424587
-0.836430528735099
-0.895481536708752
-0.982964158727784
-0.812116547471351
-0.946980733547887
-0.884064242577116
-0.935073497230176
-0.964949107468248
-0.972685453028678
-1.03431415579067
-0.893761896635363
-0.915735841403491
-1.0275763363937
-0.94155005000795
-0.933156035490619
-0.920190500058607
-0.811357101035669
-0.839945367812192
-0.909164840334247
-0.811871514249617
-0.784423595779202
-0.805263971233519
-0.995427343010324
-0.883363156109688
-0.897591507419551
-0.94150013283257
-0.890016921826838
-0.871074416354176
-0.794446458742469
-0.988307494561069
-0.866628473770861
-0.864261756071801
-0.903608252813702
-1.04575793034611
-0.908210818655791
-0.927925343052394
-0.957982869623879
-0.917995021060093
-0.715555022570984
-0.930339715362693
-0.901043840192877
-0.76511160468432
-0.799881295059113
-0.690800175568467
-0.899591658813041
-0.840803317535547
-0.830986599123716
-0.849808895062875
-0.855875964043883
-0.838507665260908
-1.07160900220986
-0.95366253184111
-0.931137892951416
-0.918185082290036
-0.826329948001267
-0.720660104229347
-0.755620207605348
-0.832866605398837
-0.824291855693502
-0.835793901501635
-0.866320237346088
-0.817989671328662
-0.795711625940953
-0.726205075460181
-0.814506211639983
-0.88616163631675
-0.863702010773731
-0.796917045623559
-0.730325484018188
-0.722477300865039
-0.753504364832099
-0.64177917829113
-0.813405277021327
-0.893746629702567
-0.841741096535729
-0.713223097262728
-0.780814973821159
-0.722560185406865
-0.87762276254499
-0.768347998482327
-0.826217274804723
-0.871130667979824
-0.816431918613598
-0.861595046028634
-0.771514417159455
-0.794023457386208
-0.816953534029092
-0.771164306789155
-0.793602953950601
-0.800324602175471
-0.775527499523935
-0.606428964239531
-0.786819467554356
-0.877176332995876
-0.668618988747863
-0.708079311123825
-0.63304873382578
-0.657462822822931
-0.648151032368229
-0.786061747065619
-0.685692614626584
-0.798650377201655
-0.713222777886458
-0.675826207159821
-0.728126369154695
-0.578662463353957
-0.654014300939696
-0.792726571727373
-0.690120083489093
-0.876138883702614
-0.608247726222242
-0.632616989478019
-0.7404999281095
-0.797277088225857
-0.774449084171203
-0.718146078109248
-0.65599122712965
-0.767542293107427
-0.659318671282609
-0.764183232975472
-0.795077524769664
-0.868047392466465
-0.623181269912211
-0.77082993604546
-0.629754534175634
-0.758209714871126
-0.75609477175722
-0.740492554278599
-0.548017056654151
-0.660241844875769
-0.7648761273761
-0.598341820648963
-0.750684241766951
-0.735270426838853
-0.601332394648527
-0.735514619978779
-0.761405674829227
-0.765841121668103
-0.678590626125447
-0.795779636460791
-0.606825956539042
-0.60158886074978
-0.693678907841089
-0.578297010002925
-0.562443737578783
-0.719403602819345
-0.560658483043898
-0.761165302756669
-0.714804171707783
-0.655995718040291
-0.763434096454325
-0.554664132446114
-0.716890621667792
-0.66250367088094
-0.675041420124864
-0.602312218233463
-0.667651536966898
-0.669977974529035
-0.713236462244291
-0.623079927523145
-0.59038985589105
-0.58142682955637
-0.682382810752794
-0.609895311277347
-0.591372129379267
-0.668938879591312
-0.667818799475066
-0.830421801349741
-0.535015959745845
-0.675099146021915
-0.642303641243836
-0.656430202849315
-0.632437445253974
-0.663283664871647
-0.565347157479187
-0.729352812256083
-0.564289512082396
-0.587635425389333
-0.587603133052913
-0.701173761049602
-0.658779589648805
-0.654944112610655
-0.607852916681069
-0.663742569539744
-0.39487317507259
-0.513790586433524
-0.755380540974133
-0.652377207361299
-0.56776120204753
-0.470530620885791
-0.529662371905843
-0.524546098042971
-0.700464154439202
-0.423046411090341
-0.413729131043533
-0.714283485649628
-0.606391825833776
-0.560353943346601
-0.519271839931893
-0.495649746041793
-0.657360352571265
-0.394530837887504
-0.497655358900426
-0.64925543916895
-0.695919712730218
-0.478448034522796
-0.384195442637827
-0.435647553691439
-0.617093840612852
-0.577565595023082
-0.372869684630093
-0.57423435761732
-0.532159515687197
-0.548354355202066
-0.586779744662536
-0.428938005250652
-0.584895324135455
-0.517456513023422
-0.575030700200392
-0.392214917691249
-0.602133790693851
-0.474820587796618
-0.39456449784879
-0.531039373286969
-0.587045130307874
-0.561661477523947
-0.44165225079585
-0.474427536600354
-0.566112812597331
-0.523540566656445
-0.529083766291941
-0.547975341653631
-0.663011211640804
-0.453455462097314
-0.418637429531906
-0.350793127267061
-0.473908184149889
-0.544026752957032
-0.474858072456275
-0.419041037467129
-0.557957310790857
-0.383440152666907
-0.488434332434305
-0.434816969947433
-0.463396784137605
-0.497704031442538
-0.360559908736298
-0.357672658529225
-0.488765074748451
-0.535746815363187
-0.4749409751164
-0.3234365996912
-0.459309481309133
-0.416886569550748
-0.398169416105308
-0.499436577368094
-0.566641072740017
-0.459754381468129
-0.321788064502992
-0.369986966688732
-0.530916585612738
-0.423899704171788
-0.379206692034257
-0.372728333317245
-0.462047718430106
-0.458784271316085
-0.304611343391224
-0.379114311820199
-0.401395887447973
-0.571341897500821
-0.40122894166775
-0.392773664210394
-0.422581009799821
-0.302806026531865
-0.548958688192873
-0.367318624196201
-0.482795733877572
-0.468491404411078
-0.345431112527528
-0.399576255933651
-0.366483358403507
-0.392939855808838
-0.226485959176208
-0.241081105964426
-0.370992745092547
-0.441677699720923
-0.289727915147135
-0.488329796722866
-0.325294458214173
-0.575553106172642
-0.485960282037353
-0.268362089181752
-0.390474166435052
-0.256575611606869
-0.374970726728259
-0.530661608275427
-0.23879276183422
-0.286251616906103
-0.290861939931777
-0.369657322022348
-0.244942261399359
-0.213891716462447
-0.338473781282756
-0.328481879316515
-0.353105390608949
-0.307889075800169
-0.472323317193999
-0.341411319868178
-0.34008773326482
-0.306625412125432
-0.137282769120461
-0.407150724593811
-0.445051416893402
-0.418579154422352
-0.333021986456952
-0.389250114656393
-0.294521469277982
-0.405120172399101
-0.284209991214173
-0.41033867989561
-0.331735599626693
-0.24661353319605
-0.324334224391852
-0.267284151746556
-0.433290721345324
-0.298713333740129
-0.247435495720641
-0.277272060066614
-0.492867257366384
-0.356204973037942
-0.245699827901057
-0.196057612067702
-0.301014097643226
-0.334614389549518
-0.299613874876179
-0.359994977569876
-0.201833772696487
-0.310816549870621
-0.225740598304386
-0.404061411816677
-0.352982917100877
-0.324338599235683
-0.269331990501493
-0.385906081220724
-0.287607355266416
-0.255041028846421
-0.128279238256342
-0.112748699239387
-0.154716596147093
-0.288590369481904
-0.306571087292471
-0.215422918823491
-0.310966109302485
-0.168038261162896
-0.260636868490384
-0.062337922687407
-0.2814196931329
-0.457777045017774
-0.330887937462159
-0.214990147209566
-0.178007078813596
-0.365109606325866
-0.382963333271822
-0.25462581842182
-0.161580050806842
-0.146127504186148
-0.237562200431655
-0.168790625567647
-0.28379777065498
-0.144338089352294
-0.139286359923943
-0.359448349291254
-0.173778323294308
-0.306528601127251
-0.180360695321818
-0.175852930408764
-0.178370504589835
-0.209310266089048
-0.105017859941553
-0.193870074762453
-0.323515125541306
-0.204025460168111
-0.0626889701120785
-0.323597477622264
-0.172306934956085
-0.191815000072385
-0.0138585825880884
-0.190956376921262
-0.170817576934553
-0.0981252531970632
-0.227154225009869
-0.207250834661901
-0.173902777908892
-0.362210580457128
-0.104504336214875
-0.288471166078402
-0.137535528710687
-0.1047113952764
-0.253255280017024
-0.137295251082902
-0.211032103955106
-0.261411423029368
-0.256065488435663
-0.103156982651276
-0.133348585271176
-0.0134476130311464
-0.180280159811725
-0.0534066475194945
-0.233243837209053
-0.277135209872322
-0.220387767411193
-0.179086558409369
-0.25680487215749
-0.0616995311132905
-0.181617601605108
-0.0054060426159432
-0.0602865169483078
0.0653180357320085
-0.0125877428798633
-0.101545188820039
0.010540510513151
-0.186125322314186
-0.183399361238707
-0.126312838371193
-0.105933561288452
-0.0250231139396792
-0.190337862656641
-0.0919138110693967
-0.125456838278116
-0.00701185065485045
-0.179616149282409
-0.181403446326976
-0.152397152102664
-0.0585389090622009
-0.0589657508006737
-0.0372569937520641
-0.193631931438586
-0.178285218145523
-0.130637657364265
-0.0438684449379621
-0.171688745689054
-0.166685619525115
-0.163662954814409
0.0588965240555415
-0.0943359619790876
-0.0425521769463145
-0.168004989385457
-0.156104911931208
-0.153575302173184
-0.173782394854141
-0.220660821236403
-0.123351611107134
-0.0672140013211606
-0.111442666061643
0.0897027652161749
0.00968623696275177
-0.130687564465387
-0.0989763134820788
-0.142402962581417
-0.00277648130539415
-0.112113133443891
-0.19101091206001
0.0842932287592144
0.137142956822841
0.0542390740626491
0.0255712024382679
-0.160997230113835
-0.0482187410772885
-0.0410638915615991
-0.0262504684117617
-0.0221433019800887
0.0400649182332792
0.0457346743086111
-0.161376156936269
-0.174686503538868
0.108095252463514
-0.087973240692282
-0.0124247875670066
0.0596083382678055
-0.111407227891273
0.0562496187105915
0.0494451558227202
0.0224078957456449
0.033373041195969
-0.0855342631557744
-0.180982102091552
0.114055856360643
-0.109192210728
-0.0163873691626774
-0.00476263598719322
0.0516833573521423
-0.0872447299262762
0.0433083740574367
0.206939657120469
-0.0240792139373107
0.0484574340276017
0.13039963883066
0.0701545128010159
-0.0180754674803167
0.114578909822735
0.0090552578840605
0.034140974762187
-0.0174469325861462
0.212359574664328
0.152460191758099
0.145091256250679
0.0466017486872099
0.0708587373944218
0.0830741500138219
0.0401775455117012
0.0376681362975856
0.123988793605575
0.0486074469512387
0.119884506269326
0.0275772936121312
0.0243719294425391
0.112347227463533
0.0018201261533048
-0.0285917570825595
0.16036824620163
0.0987184971108218
-0.00248835874657278
-0.0629292092024041
-0.0145405302166383
0.203098865866891
-0.0115362564049426
0.141005156928852
0.0172094980957632
0.018755819152939
0.0985344949567955
0.024953593935675
0.167717503487678
0.104224603607013
0.236455857030659
0.0299627035014742
0.184856532155019
0.0329885576305125
0.159050125427288
0.0398331193317893
-0.112022481080562
0.111635726532712
0.0893533773080951
0.210271589088279
0.255040567541154
0.242573999722186
0.0170627443977217
0.125603092970062
0.246660623627778
0.157617552767415
0.126229960929745
0.12997351110794
0.101599164499222
0.157770294546934
0.145516558690968
0.0380533737678769
0.131654865116674
0.20309610608297
0.0946831489370353
0.351480165003574
0.0396987747392216
0.193893218628453
0.214982010659891
0.179954777206438
0.0999114069927324
0.225723709263403
0.109701468116005
0.166355618052672
0.30704885630581
0.309192990455587
0.280547556336385
0.123145656998971
0.0727574043294147
0.125269703775089
0.181169330461011
0.121876869252319
0.230974403690216
0.153498268513153
0.299732425908153
0.109767174024602
0.0674466618143485
0.19575664874842
0.19777003953096
0.386273711574362
0.323308275190513
0.185405069777433
0.351654415405122
0.242052612348998
0.221381698641758
0.244620447927645
0.233261175467249
0.210761164655302
0.137846330291363
0.280331541541829
0.313122696417511
0.280100578059284
0.23988433174858
0.349946809563121
0.269124664935094
0.342348159658097
0.21852977884282
0.145226005408903
0.231072180490323
0.276194228850528
0.295552225287942
0.172254958939733
0.350073871534156
0.241722350615391
0.3089019758049
0.273974433414098
0.139130072406797
0.095495973637091
0.188059129529812
0.392146527890122
0.271659331715619
0.256316090248971
0.296724561418037
0.354285301543711
0.21335522195233
0.0740583999190873
0.387737657821405
0.3343404920152
0.218290121170159
0.343634859238165
0.061682242647355
0.324717937481296
0.202703884851835
0.247150259849074
0.281366251352876
0.252978675582317
0.255856135272953
0.367473918986189
0.311047503932999
0.409211947382546
0.397601375160547
0.455336928734013
0.237441170999696
0.396099218532654
0.278700467858657
0.335636990874548
0.20842864227495
0.388024805961715
0.21754877301945
0.541792691698615
0.481944234475993
0.286956831055691
0.334078034739718
0.382464772145055
0.367912669214816
0.267452563155399
0.269323809889366
0.31643325550289
0.333252387728227
0.386649842109919
0.385846380252246
0.277703344906035
0.479072500301741
0.433353970547517
0.401868417585917
0.484241040537511
0.496217315510195
0.343139405414255
0.384893614866558
0.523640857675791
0.183823517175669
0.349546398987169
0.422929280811384
0.268584744519966
0.290725749666822
0.244529352533664
0.520472656154546
0.397901272230144
0.313073215456531
0.503106333518523
0.388753171354093
0.408542570894817
0.379519289128282
0.445386491053055
0.360679477749951
0.517366181696643
0.413289307018544
0.440462889213993
0.377535565553252
0.446683657611317
0.354899912419538
0.402165314638406
0.454565269636666
0.378215280195202
0.393276188909391
0.421441791569071
0.289556159555846
0.390976904244718
0.396484571013335
0.488150264567821
0.378230397771309
0.451566314180946
0.373841372931817
0.4467190366646
0.43235429165446
0.293662986648444
0.409408086674185
0.554223697833728
0.483182709411777
0.546255463693407
0.62404564543833
0.442702877232774
0.475058447831218
0.336046937667992
0.553249029899468
0.454227125842216
0.352800712074886
0.574731247764836
0.49801444468844
0.471863716898871
0.586399697542406
0.434193024673824
0.54519274826373
0.549163152808885
0.550537272839919
0.436161416296939
0.558101363226059
0.445714039306309
0.537903848259252
0.417904555702038
0.380979558884607
0.430233115177441
0.752217847668578
0.527672160535228
0.503693703120993
0.429850223013204
0.505823494606254
0.580249314164793
0.54734904201506
0.417549315663018
0.564577188839163
0.682790372903669
0.442245927328266
0.439189046751115
0.438537593546255
0.392861794177865
0.523425851386686
0.561163940052306
0.474942501011764
0.534659250402399
0.51858856194061
0.454638509788244
0.440543510866707
0.541378990314373
0.538460421448132
0.610689880558872
0.640203376716893
0.633081824715355
0.372331216732168
0.496624690091887
0.566353843921153
0.607780024893045
0.594378195735331
0.437855939258041
0.573349622414117
0.622469284210236
0.596680124293248
0.547041945046603
0.654396711297788
0.549449239852989
0.536802320957075
0.63326610926846
0.571496968530604
0.662338503088563
0.55521771896573
0.598436966749727
0.377279854130312
0.454257737213216
0.592000272556505
0.546951311494712
0.617474622769968
0.528745155002713
0.55538223537095
0.544538951416502
0.567168644381912
0.616832395792729
0.570199599362169
0.441524172518443
0.834246425217689
0.648710504546221
0.578542644789055
0.599805921354449
0.709606050278
0.520222443084749
0.704834605038143
0.595085214296704
0.59860522495475
0.597798414618232
0.632356007269331
0.617186681380415
0.639674149844474
0.73942909218791
0.571294689483125
0.731986129212193
0.538906480702314
0.606147964397983
0.688981589534419
0.595151536902605
0.58021546397173
0.760752023522859
0.743622940150956
0.605841580413543
0.657785777851497
0.683038987761795
0.710027780470545
0.70429884981802
0.669746807938894
0.771644785679408
0.761147169463985
0.714922158920976
0.591462839246495
0.596681561846289
0.712662582953619
0.754666771386766
0.735379062574588
0.668429146297731
0.536094293688706
0.637910552187722
0.765802569199181
0.619434219652926
0.719383568003498
0.705635991747265
0.841167674743976
0.664193800503781
0.617754502562507
0.599657079557573
0.752896908580681
0.741861387568309
0.615577932079014
0.676122197626926
0.679448003975359
0.701641745452572
0.724163464771316
0.672338728102893
0.729962801087815
0.600006188898029
0.86983846443962
0.627052112651679
0.547147108908615
0.790310810464819
0.726564476305017
0.772386927956662
0.689054847244909
0.844710377203044
0.702403486308388
0.746022031116457
0.717269443173777
0.743958608326827
0.699123135870799
0.828945096699204
0.881850522350904
0.884053275767072
0.736571226325853
0.667582518581925
0.551485077616352
0.721604376337207
0.717122512621771
0.81631990791994
0.754815996292612
0.697115749181327
0.884620740041042
0.68365661198593
0.849591161635649
0.78748247542007
0.657323282141879
0.853959273199834
0.727724469456422
0.940313650620396
0.751681681921365
0.655147951486561
0.839796372118064
0.847471031027858
0.683855002420277
0.771273229812694
0.730093245668803
0.861844030891654
0.786288788834527
0.823018365932036
0.677599856069759
0.66944626510444
0.848620485468499
0.829763829532471
0.815420373697586
0.84766681071533
0.865823388558143
0.9297442640013
0.830365906174032
0.801619957277411
0.909140347473218
0.963828017237098
0.764902297477283
0.903120622090106
0.669130279861848
0.746502835633294
0.855993379046321
1.0279607201243
0.753955807634838
0.866703804098616
0.814079363017053
0.677882756273086
0.853701158932128
0.90964626468576
0.783438244909146
0.76241071156198
0.886424638028145
0.877694323621087
1.01161317176508
0.858797318169719
0.903010461937092
0.897259851222543
1.0136252675853
0.811162796807799
0.856739926930712
0.958820617524957
0.759190748912417
0.964645546742824
0.9419172953305
0.679333125647993
0.895764711821509
1.04222626449876
0.923006621961694
0.742567683958141
0.951477192376533
0.790398471644232
0.910901718722824
0.878333947835281
0.756908314693056
0.868131500651848
1.07760974913761
0.835856873529013
0.826732120712755
1.00841137128788
0.931603131970963
0.872598984574555
0.954435527290081
0.899304384769002
0.887785102809872
0.921294319404796
1.05263110753079
1.03091420927814
0.85759912707116
0.921943864289889
1.08013515802646
1.08575091727741
1.0202726004868
0.982234054509091
0.953947555903283
0.838408430631196
1.02561588710393
0.983819788415368
0.898945365767253
0.815804059906545
1.02790763344223
0.985428730542899
0.797506626531148
0.765949423715035
0.824362319637103
0.954530185610374
0.845905166315681
0.968940667085187
0.8286383142471
0.969185708622711
1.01223841731979
1.08906234165933
0.996219945310216
1.00187878127565
1.0105259750768
0.969662446080884
1.03350158686641
1.02933208391523
0.967428025386745
1.04725503894005
1.26044542895555
1.12411665695739
1.01665923388809
