"x"
-0.938818191391475
-0.843595443053229
-1.0918255446806
-0.848974843972605
-0.872429924917014
-1.03362851896703
-1.11495236785229
-0.931429464060489
-0.93434146875779
-0.924412525799899
-0.98710470631024
-0.988640088911596
-0.952981300264234
-1.17866457861636
-1.01334621436164
-0.998855267504089
-1.004619737055
-1.01933087817785
-1.05216706917457
-1.04856238856911
-0.954430019320443
-0.848169769009792
-0.989037511912663
-0.854382383834963
-1.00851506415955
-0.952259348804439
-1.06433600655047
-1.02004423031624
-0.98281478621969
-0.897352076819698
-0.966085862241723
-0.807978790089617
-0.845118656750149
-0.892780384952589
-0.793405663132801
-0.854603459762464
-0.736399723385552
-0.994108284195702
-0.863109237859895
-0.899944425691227
-0.889876816730568
-0.863615426749831
-0.883630761763023
-0.878887515548073
-0.843762383739599
-0.833747596559384
-0.927597668592193
-0.957287291771657
-1.00409975573394
-0.773956029274585
-0.893309184001036
-0.883771267349595
-0.744749779659837
-0.866905825240274
-0.838648002853907
-0.992631621972784
-0.864826166646816
-0.994473451443633
-0.827187759037976
-0.89702282277002
-0.767744515065379
-0.934731035163433
-0.821415179083186
-0.934253227127306
-0.963139246901407
-0.929054211202918
-0.826171400977418
-0.892399851949467
-0.890485720938799
-0.908145144714526
-0.773562144210052
-0.808711325899514
-0.944299203440269
-0.825984513282774
-0.739255676024084
-0.844578537336171
-0.82182847047422
-0.751740511149637
-0.71589147446507
-0.871729576053304
-0.838646495868282
-0.720606128324484
-0.922611585797485
-0.754608454359004
-0.80367338761631
-0.865039850860093
-0.871979872658634
-0.85119470405547
-0.822740238470907
-0.847556929429597
-0.702905544921221
-0.876447035741103
-0.882846131226848
-0.722664034027927
-0.887497009199967
-0.753009906900064
-0.757887694019509
-0.679161983003654
-0.733400460838875
-0.884734336290653
-0.831565049537135
-1.04421128289903
-0.746217143407186
-0.769581669778162
-0.550430698464704
-0.759238277083516
-0.830777430857818
-0.827623361129503
-0.734321174860896
-0.80409436310104
-0.731604200067054
-0.773492237056533
-0.775310837843514
-0.70411757990985
-0.787570500143822
-0.827151659490452
-0.755246535231764
-0.780117127026183
-0.637805486367633
-0.847748347276735
-0.62114354846214
-0.84364732139639
-0.874448061560769
-0.680737169554939
-0.884442401872037
-0.734233814632018
-0.770664995109061
-0.604353274213959
-0.871770894356988
-0.647602129672152
-0.71100848323062
-0.693679395109423
-0.675296456142028
-0.683208755938948
-0.701774351383208
-0.675488057215276
-0.730624052892269
-0.788264200367204
-0.710064638618774
-0.832329282525019
-0.796086123547064
-0.765324984421642
-0.690734656443178
-0.789705797327582
-0.70122529843635
-0.431629837678851
-0.683666454705386
-0.733195695524812
-0.783424839272888
-0.674306268424522
-0.745128567656385
-0.625969098665765
-0.766745585576623
-0.703922609001133
-0.744363361991879
-0.680662209597948
-0.745850088638947
-0.710265043293781
-0.800594376000745
-0.758294357600043
-0.760832937029612
-0.729057232021132
-0.610641308549138
-0.643596665440368
-0.577792878597513
-0.773247750877403
-0.594225892154196
-0.651672542474811
-0.640129431178087
-0.647048509117393
-0.652076836999536
-0.689250621255647
-0.665934222803321
-0.729024223638739
-0.725699774493867
-0.621664896147391
-0.676888746327428
-0.582917096821688
-0.726689034798588
-0.661794890189513
-0.77655091031116
-0.630799781608267
-0.697034575265376
-0.572157345376824
-0.698289392142837
-0.65240017038817
-0.601066617601519
-0.519863229993338
-0.668535433791666
-0.57031208458063
-0.583286460614767
-0.474064414843922
-0.610542508129628
-0.472855032285102
-0.690454743485464
-0.567973271876842
-0.629599180334792
-0.711926008435496
-0.527797540622775
-0.539687602584724
-0.578332794086299
-0.542965791514472
-0.690203455886358
-0.592528356862372
-0.627213356174751
-0.661026017838139
-0.529760718620866
-0.676890797690696
-0.693369458962933
-0.564740957943349
-0.547770843357185
-0.56402242034045
-0.432575000277594
-0.523689429571056
-0.563270570762167
-0.444767643950582
-0.627418829396662
-0.549915207625735
-0.608747562368525
-0.492540994392793
-0.6655482666314
-0.57251895589895
-0.662057789966487
-0.4776911875277
-0.519691726015159
-0.582569981994389
-0.58325888601183
-0.481283188217564
-0.618259274993462
-0.568117508268626
-0.57851797197951
-0.495913138181818
-0.386848438047765
-0.5255095802116
-0.528874577775776
-0.516112127288631
-0.407202062082034
-0.498770060139309
-0.515696216417885
-0.453514254760736
-0.484885082397182
-0.564982452248276
-0.512588169466314
-0.633299522073322
-0.5567046102604
-0.47502398932699
-0.557513628776246
-0.469603128558923
-0.544823493030891
-0.441497581812557
-0.560934715090082
-0.438955017904262
-0.438808805076819
-0.331145052063114
-0.584372341362385
-0.399233091805967
-0.52226480574243
-0.559881415378708
-0.454720533557396
-0.444975189935329
-0.504160274545201
-0.504718028844193
-0.337229924332296
-0.649294579830461
-0.567574802710958
-0.472432566598427
-0.53352497891229
-0.405625517647084
-0.486348960269446
-0.360735189252934
-0.401578080172968
-0.531280703788323
-0.5514367189625
-0.361242951958893
-0.384288069620196
-0.527429213007118
-0.462422609735883
-0.408723111140918
-0.31718419132827
-0.481722059939832
-0.421691815698221
-0.295106055835222
-0.430170857599766
-0.409448951121839
-0.421167739066166
-0.415144215048497
-0.475918975672893
-0.479675915588869
-0.487191629844873
-0.390889839094838
-0.544854014936681
-0.432694410471372
-0.270002529057502
-0.529054926128993
-0.419336214780817
-0.422849473390936
-0.513119963634855
-0.295648127353467
-0.468676775205089
-0.407566647764162
-0.396350393840188
-0.470421014046537
-0.480017648526849
-0.321905096825805
-0.429847596549242
-0.393646293123581
-0.497217499732749
-0.436132098773448
-0.390267653834121
-0.524914985492497
-0.431546700963853
-0.386232397969369
-0.476750968867104
-0.392543712386669
-0.607511732068094
-0.336649035740601
-0.27440119420677
-0.284783376203562
-0.368421776777914
-0.487078710906162
-0.340373745757635
-0.325753115895349
-0.443066135847846
-0.259779913833806
-0.417935689149539
-0.366169336964166
-0.444596487962257
-0.342407047965551
-0.212163547315494
-0.284709446942111
-0.32625360584773
-0.368270614639173
-0.326029808738136
-0.414383025066202
-0.235152795539974
-0.372609361183783
-0.322623010693522
-0.282701644245264
-0.365004224558434
-0.332335303358606
-0.288211905649757
-0.349951434692028
-0.246910737022191
-0.189723455528874
-0.271791832709711
-0.371884655999877
-0.193198889937413
-0.272340410666032
-0.424097543755429
-0.330365163940147
-0.281401234836684
-0.340652342957691
-0.367589114617075
-0.333261579429476
-0.172266127809619
-0.206712546033538
-0.160751073058007
-0.156415888963259
-0.228467132005495
-0.483551161744918
-0.341810090053831
-0.203325163324845
-0.283965932267659
-0.280715287371158
-0.306966562851702
-0.26005155144789
-0.299756690585135
-0.124713104228997
-0.175651087868696
-0.222476394216698
-0.415578682080725
-0.265069941573821
-0.12729783979585
-0.250674514684155
-0.376449415328186
-0.249203106621298
-0.420734784105265
-0.203804240880754
-0.243398548948393
-0.0923870494982577
-0.121125885766409
-0.185154330764913
-0.229079425957675
-0.212225430441953
-0.242965447420729
-0.329348339988791
-0.197807403647073
-0.150765767718026
-0.115513199198291
-0.277659481821334
-0.175791036394748
-0.195468887572938
-0.0081528450710933
-0.307458110487054
-0.135116735027189
-0.240493604079621
-0.0827004932009146
-0.109946591395188
-0.189402315677665
-0.0616642361147113
-0.237233592775639
-0.298875690499678
-0.263757650582412
-0.0996318476332771
-0.134683289504252
-0.132907787857568
-0.130841560563807
-0.108555829674105
-0.341921535923874
-0.213301093208709
-0.23581549773981
-0.257979450741208
-0.0600269969099457
-0.0938394605179345
-0.262482358252727
-0.0856581595293316
-0.129247721321031
-0.101780155373229
-0.226232241393986
-0.153135041905406
-0.203481779539696
-0.315793154413616
-0.25246357290853
-0.183011039065561
-0.302700399133523
-0.115649650722061
-0.0785540722462984
-0.132961890302927
-0.0608134563357329
-0.130764611178474
-0.196278174193209
-0.0941868044015246
-0.15940761146116
-0.0327795454811085
-0.155019573423296
-0.121050132795506
-0.0333490599977313
-0.208578833305995
-0.147940247232564
-0.0661372423830158
-0.152761799490546
-0.11757071533989
-0.121678701085435
-0.0348933959259046
-0.0247216864389142
-0.100609166912013
-0.21188976532011
-0.0495778657653577
-0.0427720397539943
0.00560848189504133
-0.119297209759004
-0.0313304404847432
-0.0867217432039912
-0.0900314171366786
-0.124773786846472
-0.141738015054769
-0.202395333743435
0.0635556882593911
-0.0498744256551693
-0.0169859662963305
-0.141406069560401
0.0166598854677832
0.084698182735731
-0.00925182913850912
-0.043514244565676
0.0104332606288097
0.0599235388505593
-0.108024460168216
-0.141779339128926
-0.0539775254070577
-0.21755374866008
-0.0218084924980441
-0.126542444507018
-0.0260692649814304
-0.0286715639797887
-0.0552125391234923
-0.0328594039920843
0.1157722491081
0.0367661110196896
-0.112869539336205
-0.0572756505231941
-0.0150837775704043
-0.10721902120017
-0.0013434342187904
-0.0972741048403743
-0.0935102958366754
-0.0450704657398952
-0.131802632474399
-0.0699647867668446
-0.174990871594399
0.0069053990216679
-0.0642464007463731
-0.0469376471576506
0.0135965037241056
0.0883880249637312
-0.0509814160563898
0.00413923096082666
0.00809518121912061
-0.0408008266422822
0.0473604738701279
-0.0796453553664603
-0.0525619932008241
0.0288825363750496
-0.0122362532963787
0.0272579973800721
0.0253566172277565
-0.0471459845124438
0.0286337446683728
0.223566974074373
0.0475191326481858
0.0129872872225237
0.0557081001014165
0.0344146429634418
0.055157263698359
-0.0767436405364629
0.115593023628233
-0.0179818767995434
0.0563358429741102
-0.072748229778089
-0.0742471001920679
-0.0225610026372897
0.107574651347488
0.288166612454204
0.0194710319803094
0.107315048307633
0.0251582148999191
0.0473471819844357
0.165559036395199
0.0818957413653073
0.059315663729754
-0.0109953821736084
0.183755956868488
-0.00633709327940152
0.194166644306349
0.086686955278525
0.221824009058175
0.216666874973711
0.0589193410810157
0.0435265366829541
0.0838481311225301
0.0708103491226642
0.0256244642019857
0.13835824766521
0.144680938690712
0.152239516686107
0.0759266834718229
0.117173437099846
0.0233075004109172
-0.0850918714553902
0.0931119462386047
0.143997877756393
0.0789723288089789
0.114552572716433
0.20866972221209
0.154360920565214
0.0989651138495016
0.118989527985313
0.0899831203305491
-0.0268594931929857
0.166059474729993
0.125434901555106
0.18404262650314
0.0246939537210613
0.166658546548683
0.320227399112908
0.065378949685456
0.137589356686516
0.0209542770042277
0.0990478828727017
0.144649463013416
0.154107472061585
0.131266583228206
0.272362295771725
0.0778635719303375
0.147818567238304
0.199093746705825
0.230298511505712
0.144161419003249
0.104255361959956
0.285827037667717
0.0422551215261122
0.227316290254649
0.225638633040048
0.115374325979923
0.174125309159517
0.304380280209956
0.234052206788545
0.208522615399755
0.119112805110337
0.180164351626082
0.0572968254193885
0.145548329163691
0.117702784279054
0.202374724948105
0.223146789394172
0.212901748124472
0.156522935308719
0.243628947563313
0.229674058421751
0.225839829519781
0.261786662793524
0.194453756645423
0.171331264793735
0.15649918943437
0.225615085120639
0.182581146994115
0.227911043550046
0.289632327303461
0.205477818215335
0.140804751090549
0.216731584942369
0.187800123410656
0.212593809693105
0.210652421294355
0.254264127333732
0.180871235065446
0.206336491907626
0.136484113394438
0.172202371292671
0.258220218211715
0.183243200949126
0.235531387960981
0.270006953301986
0.382464101123934
0.487282042498851
0.266260867037811
0.207583502856535
0.221449888216958
0.218999459212369
0.200840988613309
0.194344723152136
0.168641987332385
0.323149257675158
0.109843906072482
0.363054492025496
0.411475288296326
0.169540011290069
0.263451573526917
0.16853860073116
0.399658330396852
0.264183057481129
0.182346209801432
0.310940922816783
0.326625029416454
0.169940516048401
0.278707176839117
0.316054924388253
0.382322346171363
0.149796839820394
0.329017795894532
0.432478019697394
0.272561533847211
0.2256192271674
0.35570763293516
0.140525747700019
0.416721295749096
0.360111459619867
0.345617493537145
0.476501715322128
0.418366247855665
0.280169015836224
0.29432246474288
0.355345667660949
0.204310542563204
0.377924924300798
0.208680384687504
0.268371300519799
0.371180700634345
0.312000111496951
0.26415005281894
0.421453995766403
0.560759535900494
0.455134992353
0.274980029749809
0.219474279700525
0.443661487639159
0.385753927245333
0.356162078446796
0.310528454820054
0.394820937873458
0.39667519407171
0.392307434130089
0.349729436155752
0.248621985316092
0.373129301067606
0.37145599435815
0.347534130513869
0.303421783564617
0.411283674226028
0.363918485725837
0.411184318602733
0.343090019387734
0.452025764122821
0.286771103761994
0.359054257130987
0.265444665705673
0.19870852201535
0.441208658675063
0.419130968334905
0.410872755011804
0.317031885192841
0.418874528542561
0.451380502438776
0.513330284853799
0.427624215644352
0.347434385054993
0.434012741905006
0.437981360577663
0.486245256123001
0.44206223661701
0.354382198162525
0.618898232067086
0.451884427348153
0.57520083411377
0.526347446229198
0.487938809234689
0.524885495883494
0.432444018153613
0.468338444030731
0.522863100878557
0.512091654384697
0.404251787439401
0.545073476075146
0.461870730837766
0.483804000143395
0.434401492757567
0.39769062348426
0.300943951292013
0.306381408005221
0.413808820566248
0.398919847028907
0.427585049005011
0.418279308114587
0.492911857497467
0.42307589929184
0.492974394178313
0.442762661466573
0.476306431372642
0.508394668776776
0.531790517847113
0.374225467020305
0.564123841585715
0.532676050107281
0.374832899317331
0.410530295415397
0.388758981837939
0.503030595821528
0.340933797523903
0.597965988756602
0.539076067384652
0.446927027096916
0.519629435273697
0.607856280424195
0.548764997484631
0.559529702150303
0.593096645559007
0.418966979455683
0.419031593942096
0.531031841017735
0.549963676172757
0.430078011436792
0.37721049169698
0.632653929812209
0.548275074143011
0.544668405999455
0.582770452065186
0.557839009252662
0.517692781968401
0.511974367663415
0.577668365328854
0.454969826011289
0.578989989147797
0.55645521659429
0.417788886206908
0.656318539156274
0.587097018530535
0.64903849672926
0.493268683454955
0.502350881749603
0.473157192957219
0.669497904832595
0.495964932367031
0.60039608792051
0.599403593165054
0.521085702070774
0.627670311367256
0.634866018259966
0.619011714059536
0.674414327471178
0.598752945348891
0.700317437809182
0.52791875238909
0.56242487651626
0.371555569126106
0.542158324730375
0.528027690530816
0.519241072010784
0.659892767861949
0.575296598702315
0.676208523992914
0.51068603393323
0.475910089957726
0.617287384199404
0.753679703519242
0.695408885294744
0.634216975110251
0.463559124344823
0.587441134683208
0.64164239606463
0.586149589288109
0.703524822178858
0.645174819330364
0.470476471478018
0.613884703982707
0.662011304073152
0.558348391623683
0.698245260951025
0.771576122269236
0.451646591561023
0.761215126495792
0.544462984479272
0.759332999105861
0.473812149085353
0.603053757277545
0.699395554690011
0.637925756397211
0.49586073243675
0.633679373806086
0.559753631673765
0.716231182377335
0.709993648512739
0.680581742842925
0.58605174663039
0.823843880490151
0.756700566590539
0.529160720536103
0.654923818134249
0.785886250237053
0.780203397104159
0.630133804724297
0.817293321169216
0.556931477521529
0.666618815970685
0.74730779937073
0.600363884368837
0.668892217371012
0.743417572531898
0.697889772547534
0.753591855537777
0.659874088132127
0.670546890857555
0.759760929132333
0.594841564235295
0.739479160458904
0.636360359542264
0.794299333350956
0.692485337886658
0.75743018966456
0.521192332306879
0.840825527325229
0.745208354485693
0.762820182051337
0.713610119921809
0.746307165649615
0.636592601434842
0.686551986210545
0.814060123636392
0.781818614093133
0.761431295304959
0.667483665174231
0.563236998704407
0.572224589680705
0.788950923861856
0.799193154633705
0.68623592563028
0.776231987569619
0.725460318653259
0.69131577680412
0.839483872623145
0.868904873149201
0.710939935120763
0.77794895923995
0.757205563908509
0.706914180640773
0.781368036666832
0.816332845337952
0.826536248080027
0.85290614473711
0.795749989894681
0.765519955034238
0.614034154078073
0.794684055670292
0.53765879823156
0.887807578493147
0.812542890457451
0.859100881525103
0.799142211458582
0.699102223442366
0.785544548663289
0.776206356366094
0.760313311340425
0.775316993935358
0.84986436781801
0.794780316584114
0.752152502041974
0.638825111462763
0.983088500923651
0.737260917234387
0.843956417268254
0.731121324618201
0.800783342695641
0.850130654699125
0.983269463666825
0.852489799419877
0.753527811944374
0.892283766945667
0.737986220678214
0.741203607163629
0.823250802494094
0.810545469810681
0.774757190196797
0.874526102696836
0.805202921459209
0.937618906974205
0.772476943429823
0.94440320071407
0.908220420495244
0.734466007298274
1.02253525647453
0.789595928261163
0.893792196926024
0.782220894363884
0.841719960793617
0.946088929188085
0.839192923989513
0.830232066664457
0.891910997094979
0.865984560165946
0.907449420242458
0.917839700319977
0.907379227332564
0.923057728013749
0.86193784866988
0.867920808869308
0.836104263065823
0.897818690561449
0.847610544646555
0.747959520428114
0.902068836251276
0.902379671116134
0.971285890750775
0.709097344702085
0.84765161326187
0.931401114434315
0.826601929398485
0.745457618924008
0.767442574062004
0.786010390649585
0.867250634538234
0.81271381069001
0.887122266935781
0.893696532188023
0.981622557964643
1.01788040283621
0.998737204634357
0.800321413012057
1.02538915491087
1.0184972750637
0.95131290562916
0.920808385163783
1.07333599756937
0.944743549715082
0.888863597969098
1.00134706844868
0.913162971841084
1.10529838199785
1.03729356039425
1.01942867728722
0.82052929939064
0.929285336613324
0.989377030007722
1.07293405386205
0.962109914939814
0.993965138978874
0.902274577600018
0.926514368721465
1.06140664799307
1.06624743020237
0.980766712025668
0.994974041590431
1.03782101222127
1.10881938388145
1.0517713370694
1.05253120875078
0.932729176251917
1.02067970180887
1.02797115535432
1.02027036622712
0.901293877377533
1.00307372482806
