"x"
-1.10696115570924
-1.01720329858147
-1.04131892148313
-1.0206178916443
-0.911764488343373
-1.00761844551915
-0.922631111963483
-0.938183629722265
-1.08345125042053
-1.0859655484757
-1.02416721394262
-0.995625020943877
-0.925876173833071
-1.0424023485021
-0.874490081350656
-0.983502847106256
-0.914741910836026
-1.0004635139244
-1.01120801089164
-0.926962910903763
-1.10516227775004
-0.987055920491519
-0.913172190976383
-0.869479659359087
-1.04039747670997
-0.912678624134929
-0.920445733274016
-1.02001753759234
-0.964701922891477
-0.933449317875252
-1.0621632271107
-0.859298892012904
-0.893158405149093
-0.812789546398048
-0.836718643444892
-0.89467739659803
-0.804846852753342
-0.916240202465851
-0.883582723852862
-0.956397053256599
-0.894110345231547
-1.06481296226259
-1.08120834710242
-0.986216609927195
-0.820331597675748
-0.949712528390395
-1.0160614541964
-0.869643499172631
-0.785868337698831
-0.892425994243339
-0.872693341638088
-0.899224867062483
-0.850761196556606
-0.851022570554321
-0.855978815149656
-0.854652597838045
-0.916417158377446
-0.84446292492657
-0.968616311591061
-0.951892184992369
-0.829801953598253
-0.888174469083032
-0.905160683242523
-0.838325600369204
-0.876445965565388
-0.957859276822963
-0.905008432489868
-0.795402577303721
-0.902389838421581
-1.0400237058673
-0.944815466753957
-0.891895383581828
-0.967054853243529
-0.799443753517038
-0.838190213859298
-0.870466317361104
-0.902034966603553
-0.894280004679414
-0.868632531804628
-0.653469364954548
-0.883789683368448
-0.845094006118522
-0.814017807893812
-0.85222392743942
-0.912620975976214
-0.838604847494127
-0.778442352895862
-0.8900323801886
-0.796188827577788
-0.928909368931826
-0.808712048041498
-0.738542630315455
-0.864221804109253
-0.851787312249176
-0.781625734982327
-0.854611020389839
-0.851537197511351
-0.728417808730674
-0.776441515888736
-0.694485343897459
-0.834628768173434
-0.757612108375502
-0.74196667025513
-0.688763482969843
-0.734196405426404
-0.905320129751838
-0.628244853033023
-0.708760174564973
-0.73896434788942
-0.789730112913664
-0.843395200980261
-0.856623737224816
-0.784250356218204
-0.832024865666185
-0.846257999301004
-0.837301633558385
-0.882190128121965
-0.594622969249259
-0.768298439479457
-0.749124267992927
-0.767727363868389
-0.889805633294616
-0.81889684929326
-0.608917833113594
-0.454601697863944
-0.657392114920756
-0.715689116411829
-0.754633518546359
-0.755643546349658
-0.812386282397928
-0.768849521829332
-0.725564540331304
-0.749139567066111
-0.70133879698746
-0.649129915429474
-0.793590070473647
-0.804422646584314
-0.807756506666073
-0.563389022864499
-0.693009465329068
-0.663349746158842
-0.7312298856707
-0.708290531906788
-0.694775845940072
-0.621235787046643
-0.75076514816697
-0.793116805857387
-0.748739452119066
-0.649997369089813
-0.588214894557686
-0.539133951819486
-0.649928390821028
-0.69452434032184
-0.605078734761812
-0.73800274857378
-0.690985007672025
-0.830765901282017
-0.76811990760222
-0.571734914958302
-0.662373338762845
-0.698029334829541
-0.685532716296686
-0.799665045380707
-0.801125256930399
-0.703730641493868
-0.824724864609338
-0.603552510446325
-0.555574852824971
-0.676774651898635
-0.535674023259745
-0.623976922523483
-0.654933081406262
-0.636868130926591
-0.598253732608062
-0.643087667538669
-0.672998700610984
-0.531967348548187
-0.608686310210862
-0.534190562359071
-0.754393409653657
-0.699328271235352
-0.684791938145237
-0.632041549580142
-0.604003343200489
-0.596288559883041
-0.606501353300344
-0.641726058080934
-0.675265225616464
-0.546967163035929
-0.692674500069598
-0.630398700145919
-0.595420811066247
-0.609934982837391
-0.469339721147223
-0.586507931197188
-0.623285574477573
-0.60827398115519
-0.643344876612097
-0.683769249434755
-0.547208419641758
-0.56654326033459
-0.589122334420007
-0.66340551141315
-0.610616681003041
-0.487022739660384
-0.655671399976148
-0.537044635249135
-0.548568976840548
-0.420202127045012
-0.543608389417793
-0.585400433960055
-0.526346869634402
-0.43776303911043
-0.50167542394819
-0.567024290161158
-0.495073321495995
-0.3510757322887
-0.548513704644351
-0.561140943079978
-0.498525136075151
-0.582393927461986
-0.54587489222665
-0.702192588237291
-0.552433729570921
-0.588938917973364
-0.422208834009972
-0.461466803791606
-0.670188012284556
-0.428239807831015
-0.548118501175384
-0.541204867332237
-0.621963680882086
-0.443140890586232
-0.57618473154188
-0.551701366996315
-0.518372108749651
-0.381204036628609
-0.437847152576264
-0.520225181570931
-0.531347239360115
-0.516595997803494
-0.529739596955153
-0.683578374548309
-0.56827944779064
-0.424853889023706
-0.700285472502746
-0.319742984070404
-0.585662510433352
-0.504588961434754
-0.54999974148593
-0.411008307090838
-0.634312936273294
-0.329459083451588
-0.721615521055779
-0.607831148608237
-0.463545344959177
-0.470572347403163
-0.539797844951222
-0.485344651270497
-0.49945602089925
-0.411767054180812
-0.527785289052195
-0.484210111617184
-0.294324648437896
-0.522051002862926
-0.620207694260868
-0.433387855761247
-0.41243032789726
-0.496586664285744
-0.470572228753544
-0.302882992826795
-0.374959223889154
-0.544614939417615
-0.585490741833033
-0.366825543915187
-0.355872271540826
-0.373205906978553
-0.418515062811436
-0.599996223606679
-0.516799701323625
-0.56122613847961
-0.302961087472392
-0.548688054071992
-0.368017519235291
-0.365466168151044
-0.313431926025775
-0.312358383220125
-0.635786580308243
-0.383610331150626
-0.522043063177367
-0.662438212937605
-0.319598360773403
-0.560720168665823
-0.441971897251907
-0.431787551072895
-0.408709683330442
-0.404057593007026
-0.44484844310896
-0.428118024598045
-0.311768532531353
-0.33605932287919
-0.522332446338545
-0.424894108605476
-0.5122911469062
-0.482303110827675
-0.382295971538011
-0.351676789677006
-0.305777641453827
-0.441955274702653
-0.306589153556816
-0.461328690927786
-0.381717947864089
-0.354599796608132
-0.41452593064008
-0.301166661286231
-0.460383327437588
-0.220615454221712
-0.241200827399937
-0.323156047456952
-0.490233168085182
-0.326980345850548
-0.439836946793089
-0.427709343974595
-0.336632383919777
-0.467672402744329
-0.306160237528771
-0.217864633640588
-0.304080436948229
-0.391896115601868
-0.327341853577744
-0.369526272361913
-0.337749606933439
-0.305576935068777
-0.147442653649795
-0.410304929538548
-0.287556039132806
-0.325831916302963
-0.401142184038419
-0.540518284491799
-0.357073369506028
-0.430502039987989
-0.168069852810994
-0.321009062396154
-0.343015485698782
-0.21096317648154
-0.150128048734592
-0.330696777675195
-0.124638870038754
-0.382524584147353
-0.293331872438782
-0.26525946712626
-0.407755881135923
-0.0872417791479767
-0.181107283621227
-0.346027990032742
-0.310810235947616
-0.322586462070549
-0.355310653064832
-0.306565264160834
-0.336106847132547
-0.295868508921518
-0.423609877431177
0.00457612820607209
-0.415253777205518
-0.194229742606683
-0.332870761419388
-0.305392590256502
-0.100674664821127
-0.344237562231231
-0.320156944702252
-0.269758995338759
-0.126129172331048
-0.210673366761088
-0.143964852287997
-0.19964352912321
-0.196278428344203
-0.194699248318678
-0.247866534693711
-0.253136592547869
-0.456804737170038
-0.230632771252379
-0.293626168544829
-0.197401336485589
-0.0717065838622409
-0.334808766724315
-0.210028559178184
-0.338823141240372
-0.24346448551507
-0.285990691781392
-0.303475480938839
-0.255509339362019
-0.0793850938966668
-0.0930047087920466
-0.180299663413628
-0.268110417086043
-0.18363944275431
-0.262618383183686
-0.335343489545051
-0.19351081965672
-0.265609882201264
-0.196443038144693
-0.313441313805248
-0.152200710943518
-0.370306202877377
-0.200938527293056
-0.211266300276175
-0.254738476477352
-0.174429095407317
-0.211937697638323
-0.136617367548546
-0.166762452062058
-0.0818595200639935
-0.0165357359874359
-0.186503847016102
-0.137865192941193
0.000360479869759767
-0.235023873994891
-0.237902307712882
-0.181187076458633
-0.192388996596255
-0.0748936873866486
-0.248217985564527
-0.147043687654456
-0.0775403668619877
-0.240196207330189
-0.196624447097039
-0.0801402320003296
-0.0628447336728948
-0.1621310068689
-0.15091912398709
-0.146914546015906
-0.159791079961974
-0.263785667124904
-0.104138182419511
-0.0759030798316037
-0.183880623523097
-0.229160422123084
-0.00012360747819561
-0.185532454076545
-0.16932844259585
-0.116792738083914
-0.0903573380539126
-0.0362040615065881
0.00459539490379298
-0.137660520308116
-0.174033440700471
0.17462137709767
0.0255497270350585
-0.0766832789635782
-0.266346443932218
-0.199439463324793
-0.240224072406944
-0.129866267571443
-0.160136941279418
-0.0864223291164017
-0.174051629024876
-0.0489082983212349
-0.0909401011185391
-0.13667139233896
-0.118716770900865
-0.0455676026804604
0.00283628542500795
-0.130949492502994
-0.153451742813852
-0.107773761750506
-0.0131467060929882
-0.0168830677640086
-0.0709071140325493
0.0174559537877179
-0.0913501609107845
-0.00981181125864793
-0.0583198975557835
-0.155043315483221
0.0579550502682174
-0.0716302726088371
-0.110530643231829
-0.0342104727463016
-0.0315182758861063
0.0336130559584381
-0.121279119019567
0.086012973130399
0.132492169948688
-0.107731421824844
0.0995363898184847
-0.0654083187571685
-0.012918455919446
-0.0771809189515341
0.0140988228130443
-0.0397570246379573
-0.132473891764579
-7.58154255088465e-05
-0.0763178508507389
-0.048113667695528
-0.0341912479158904
0.106147780454391
0.0769346699444346
0.0100362159054932
-0.0877265116013333
-0.0442775346301991
-0.109916317272926
0.0173906210800937
0.124091895570566
-0.00734787130875466
-0.00591329171356966
-0.119061639905416
0.194808715118928
-0.100624076578338
-0.184789552434878
0.103183677802498
0.00612747113611575
0.0447901817070131
0.091479726554474
0.0471628740678711
-0.00470592505767617
0.0368458708727061
0.0291516141604272
0.102849749027182
0.120082377351422
0.0760359077451628
0.0529435972868597
0.052451406195997
0.084723272207205
-0.151224870802307
0.179020023647909
0.0559816360897332
0.0150802936167238
0.141429768017631
0.114357666427466
0.0428033365378545
0.0160072676573448
0.10790774320341
0.109356912751174
0.116971611852892
0.0844554684747733
0.187985858606741
0.0295940176958157
0.0403640305888941
0.021024166628831
0.150581582124912
0.153044373418983
0.101904228502864
0.242125983481354
0.115488361258282
0.0216446877236558
0.10716943176583
0.166415435037918
0.0966265633245448
0.04711981856676
0.018736980310827
0.0377907968461761
0.125704015091537
-0.00140109712108619
0.0868945326773941
-0.0255901062660844
0.184839031798224
-0.0448219583203422
0.135805005496638
0.173223381114221
0.116612030804229
0.273689111277856
0.310746166656202
0.209998679310741
0.150637801472075
0.141034838659145
0.0629190514833248
0.22043955128763
0.0471735503430036
0.0483535476068295
0.183629203612412
0.0214740661933034
0.17794139046209
0.132472484495907
0.0464809204727282
0.119365559751878
0.176980851827501
0.0847346717327969
0.265542781184475
0.270353594824723
0.1286988914199
0.108351654630432
0.0980543048755574
0.0893153544104572
0.209035207302988
0.202669089399783
0.138687866968075
0.256907937715797
0.0575372088880515
0.339213342989661
0.232921066443182
0.122462679388079
0.193519603315552
0.118165491979349
0.185416058035238
0.251386434713405
0.0648716845510608
0.234200017676341
0.186456319854796
0.0570145399341179
0.17772352014202
0.145025253156806
0.235948201735129
0.158429134108767
0.291490225616715
0.264326482654595
0.143842912472947
0.383073419071008
0.28965478433703
0.0888469641630318
0.175339037072457
0.119211723834792
0.241665128712205
0.265606014482962
0.220248781618362
0.31798993495318
0.315115265985372
0.266236018448879
0.26696870088084
0.304879489721971
0.259708990592205
0.127875206429669
0.171574954968721
0.257414673228734
0.196506768163091
0.314363173343828
0.27924008286211
0.317585264823066
0.272838447511254
0.281284993938093
0.254795510468494
0.32387752185341
0.292609809161392
0.316448327421465
0.282349533744315
0.299237576757127
0.306254200682086
0.238122344590445
0.328407725940841
0.338499660402978
0.273591550940254
0.211369341211265
0.276705282274589
0.331521797019392
0.380372724628995
0.427030021457597
0.283531841330277
0.2507820732193
0.275710196010851
0.382829266317547
0.305227658753735
0.158720742467302
0.357832062682449
0.186644131897065
0.279447478523274
0.260012766482838
0.257234883078838
0.373597262727278
0.383652152431647
0.451171123549426
0.221876383330499
0.319199215730979
0.304089198125284
0.295051134822478
0.25466222887884
0.241383298740525
0.215665648703157
0.408837330253276
0.40010696996809
0.201460892062775
0.343766339366503
0.216932630496561
0.250888634451052
0.169352747299382
0.248947579401561
0.410409022630339
0.389577447674875
0.348854909587766
0.310640748275159
0.251799900036927
0.48396654477033
0.457167481334674
0.554617964647351
0.525955847115293
0.320796650993084
0.385545968582552
0.473499997457019
0.376375427235771
0.416239014754974
0.514417925356109
0.315192351759682
0.338998426365533
0.46934699824607
0.352911877831164
0.342145580214641
0.512744685246167
0.393049874001158
0.293124187849277
0.229147440735035
0.473790577411029
0.290310399652706
0.277526193294751
0.362529074042931
0.334536036692466
0.438289818982413
0.417977298698956
0.319572974365601
0.410871983649814
0.249198844105842
0.398763024628311
0.345916452176823
0.534316966251395
0.463953436013668
0.512519194881099
0.401008838592838
0.358378365950023
0.265689472959603
0.418330000141696
0.526727929800613
0.384557933660415
0.368154896394608
0.447964970714973
0.476727466480813
0.490043960505616
0.386630263852111
0.470483766776009
0.526345071604665
0.459655835161604
0.302895115210837
0.440179580543916
0.433370004367383
0.582657509917888
0.547420030695501
0.401341882388941
0.41803162684399
0.47711894233939
0.431766236599439
0.471530869692852
0.369543776542355
0.451629066923009
0.470372806670592
0.61154855898162
0.522473606322726
0.591689030747251
0.411432457451409
0.548130741843424
0.499780157316381
0.522804824450978
0.496942143293629
0.625275060571123
0.558337650985099
0.512633254452984
0.35910147922866
0.341931250135582
0.485562207067143
0.407033596331266
0.576091996579945
0.449936404185519
0.612662463669392
0.519780010273328
0.486471967940686
0.688253709209079
0.635816132432669
0.639930609654211
0.482137148313204
0.532492010837287
0.419268590442171
0.561164548295063
0.533794777363168
0.515780336682215
0.623150966842317
0.593879562678332
0.535044684574479
0.485258167852733
0.674885597089757
0.601004118775646
0.538435146051404
0.488821973822549
0.642166601208397
0.589507376893575
0.655552278593064
0.353892940177618
0.523295201351985
0.691661306286412
0.521836284361735
0.668033842306143
0.582659086944666
0.639688432428443
0.610946933795327
0.717570187587997
0.608211359882731
0.61961897668282
0.699108087632256
0.539230959775896
0.534046332723403
0.573284707716355
0.49266619421526
0.497697455317387
0.524093142479917
0.635529323378218
0.647099330263181
0.500249339065
0.608724366574712
0.505159292377021
0.683749651752956
0.66450541850898
0.533359415259362
0.588674260024271
0.489869354236673
0.521019408960757
0.645993558215215
0.639133847877679
0.554737947435865
0.647971902753403
0.548363195648184
0.702951525281241
0.781146603817806
0.417797820380276
0.497904219861702
0.524731461089701
0.635383937626563
0.623146912411264
0.569728392576221
0.590164652434141
0.61565913145402
0.670625806001284
0.663254332614168
0.732559142531554
0.638967687304652
0.753412809180711
0.501912054501473
0.609096370859148
0.717268266006197
0.723013013410749
0.610759717158629
0.546333901801101
0.721817755526989
0.82228733720966
0.588413750974358
0.832588657242138
0.775517559776024
0.605798263601646
0.689941834443352
0.83304739542525
0.762474112277923
0.631343926672861
0.650078279545313
0.667661203349811
0.655405376742682
0.649516885610106
0.584752158691597
0.712447179124688
0.512056738576861
0.769999092495078
0.831135867040372
0.666794882472515
0.610398685573928
0.678726464081503
0.715630824285668
0.660387433495439
0.637999198741665
0.622573524498723
0.667517213219811
0.598620659695647
0.798454592419062
0.725224112716841
0.67338643571204
0.712239099213254
0.605329472711182
0.55179137720065
0.727868872492095
0.846665977215816
0.788319204056375
0.756422074779064
0.626141430714863
0.776551787511391
0.527052164062946
0.868246079030913
0.729455927738846
0.790139353296007
0.655994985846284
0.643288040180018
0.624732008802111
0.84948675105514
0.660790056199083
0.869655963676132
0.772399075522779
0.718575592164183
0.774706163429083
0.66022734670797
0.756028515339284
0.799095201489897
0.718681550317408
0.714661924647155
0.785608714057806
0.768252085812541
0.739813851283261
0.817053405368087
0.818020051786176
0.807630590394898
0.911724999186026
0.797243111581386
0.847809789981992
0.866831321571789
0.84199653437276
0.792537473733901
0.73017987302211
0.634328838467683
0.906678258439279
0.860380112853525
0.873712094282727
1.05663533265713
0.905978046415706
0.850470729562761
0.774051216580305
0.829667784256505
0.914166487642815
0.759128282152275
0.786690623426974
0.86330245310133
0.980288164496734
0.852618827300711
0.837274583486698
0.739246214324835
0.861830835294516
0.882536410477819
0.853034238474699
0.904992411621615
0.744042516276215
0.729435356865911
0.88345160709333
0.881415397676314
0.957192537822
0.822438771846007
0.943742139108577
0.864348800956809
0.924426740395337
0.805486896873748
1.00304945666582
0.867583531434054
1.02858132727505
0.772114552314215
0.81686857239697
1.03536563144787
0.840162604790988
0.992665038514384
0.918087983097004
0.839537877799203
0.773428730498107
0.970944666423853
1.04489298453739
0.778325012755075
0.935990474871346
0.86157715971279
0.826514741933277
0.977400548954721
0.978740951767037
0.915750073522881
0.870922238530657
0.884881406197541
0.981742824193003
0.838133893161798
0.838983976234686
0.915360480403991
0.92392345806627
0.821583469685997
0.916109424357251
1.02715606053373
0.935351410491769
1.03593931365434
0.878597422742662
0.82279405850182
0.848114742175307
1.01780987278906
0.985204545829683
0.847095904539221
0.951912643587303
0.935421785973675
0.887812482826005
0.911236555402091
0.922327727917202
0.902790134803558
1.08310177376048
1.08875886418097
0.880721717899821
1.00161782110357
1.02623699901049
0.912196389180028
1.1030152091675
0.998868071302895
1.06590931731594
0.976781098553119
1.0626999176767
1.01265806370142
0.924904026910578
0.946283775631169
1.0174442078435
1.00983915511586
0.949345281452887
1.0553071731922
0.955453346772062
0.913665832652245
