"x"
-1.1137675622836
-1.01749523871815
-1.04828223707272
-1.02350497186627
-0.910899487529507
-1.00306548802355
-0.910128913062994
-0.956389393314971
-1.08859014374333
-1.08420160191464
-1.02251001900604
-0.974710773209603
-0.914303213938842
-1.05610680922339
-0.89504772017476
-0.970811017521664
-0.919424412958148
-1.00007897854911
-1.01933651259795
-0.90214194419816
-1.07866840482786
-1.00514100513836
-0.896186690375551
-0.847730435751428
-1.01481597389578
-0.903350846698833
-0.902462069730407
-1.03904898162294
-0.963449201343026
-0.919582422411206
-1.0652699795671
-0.873365342967047
-0.886389073729944
-0.821656845242534
-0.843786928964246
-0.887769615546993
-0.78339579904245
-0.922435835290331
-0.858332355843516
-0.959840936245224
-0.901181197552709
-1.07522582748008
-1.09210644769294
-0.962021575842428
-0.842754024657333
-0.935188684112773
-0.998202361171484
-0.861998742213689
-0.780194285713486
-0.918159236481127
-0.868237007612667
-0.879808862668934
-0.853989316894445
-0.86105246490092
-0.871810955586295
-0.847090097262815
-0.901268014000947
-0.828879306782811
-0.983955636804452
-0.94852010749257
-0.848967712200448
-0.890947340094071
-0.908346082205
-0.822461061222716
-0.884301234654302
-0.934627359772756
-0.918855804443222
-0.81984313858262
-0.916134780040993
-1.02852948861228
-0.928076932786153
-0.899765354746489
-0.962978808841344
-0.794973614648907
-0.827984846777594
-0.856967033516151
-0.899289318268588
-0.897432040554594
-0.898626820977511
-0.682305475805084
-0.885693990168092
-0.84603926166957
-0.82310210578859
-0.86555841953259
-0.890181164425287
-0.815550486427121
-0.784587158235736
-0.87605338303951
-0.810749971194811
-0.92980995081942
-0.813078467538557
-0.729279854606525
-0.865488409344708
-0.814429277125471
-0.798010794581031
-0.852084920222623
-0.838407239851209
-0.715108149519591
-0.763076505207748
-0.70487425815218
-0.841154174400939
-0.757867382930356
-0.7124494823668
-0.689770711512143
-0.745931473915319
-0.906460350947169
-0.634061512429748
-0.70515340666222
-0.740454787158332
-0.782954458708161
-0.851931326299625
-0.870278172595397
-0.777264806220018
-0.805618735576984
-0.868457148536842
-0.834944857950206
-0.869143386005679
-0.572670195077689
-0.792334462302632
-0.739700475286237
-0.754296391368919
-0.865100710423063
-0.810948232125949
-0.598594373531559
-0.470214815244657
-0.661285150915969
-0.710760060506144
-0.744201516328712
-0.760939030769758
-0.824700297670018
-0.756990147601255
-0.732324074252278
-0.751977686551873
-0.697007763470165
-0.628733797452253
-0.801135437285355
-0.800550085062036
-0.841982535475938
-0.564052171454285
-0.674378367936837
-0.648378253361937
-0.723442087607207
-0.686030961194601
-0.680064608632734
-0.615956766197389
-0.752407530889019
-0.812588522445393
-0.780237994897153
-0.630879882385402
-0.578695904770347
-0.555914299684323
-0.650055671876549
-0.669566127282918
-0.611205569887501
-0.720924537867991
-0.67840890374506
-0.837238649124034
-0.766737348539284
-0.571678722843413
-0.678146599901598
-0.689888496360045
-0.696674229078059
-0.793200328886656
-0.77636308798785
-0.695534090165943
-0.798088637078492
-0.610441175850948
-0.567998109652017
-0.685224458822043
-0.527244685405686
-0.649450362191175
-0.63424607480507
-0.633379826398931
-0.603205659931973
-0.649080381694181
-0.675225891547667
-0.536204422005517
-0.582837581116347
-0.531952759436969
-0.734505126484778
-0.684148105254457
-0.703040085972648
-0.658615235822169
-0.605715429290157
-0.572737427770685
-0.601294660335522
-0.630652305405515
-0.67225128982003
-0.527066115229212
-0.705209156399353
-0.610843054748822
-0.604876960403376
-0.632340100115682
-0.482683273198551
-0.586459234554074
-0.634323416257314
-0.592976923719326
-0.640279357184934
-0.675598288485832
-0.518017284652903
-0.569288327997141
-0.585296359160471
-0.633297932515659
-0.631775106665295
-0.501196278119875
-0.650467596519838
-0.550673894986869
-0.552836869320269
-0.430780996537961
-0.559917496192751
-0.619940287951125
-0.519014424284578
-0.41755405694558
-0.511134565169075
-0.553506525403501
-0.505551424508918
-0.354498729532474
-0.563980164268794
-0.567816603587031
-0.477497359996745
-0.568361194007618
-0.551844050496275
-0.709606217192439
-0.556771246889664
-0.584593236782667
-0.421668051477423
-0.471048550313332
-0.660635249433839
-0.464468610504748
-0.555910068307357
-0.536862002100503
-0.62012087619155
-0.449130020932941
-0.573777289768086
-0.536163339352232
-0.517474496794072
-0.361844489436297
-0.449025155330347
-0.51818925832057
-0.559151014971796
-0.499890961558909
-0.525714898644449
-0.667768755804683
-0.569674878617426
-0.436265208738211
-0.706642899247553
-0.311467005100947
-0.586564286677165
-0.497263859324193
-0.546900798736504
-0.39859582879497
-0.631085946522497
-0.337417798020387
-0.695822972490535
-0.588324883012565
-0.461402969772438
-0.484184677870782
-0.512585510101192
-0.468156971338771
-0.514103532044041
-0.403686796048898
-0.50075671151195
-0.481019724563473
-0.282739887342583
-0.527724542095226
-0.612451027187766
-0.43476479420167
-0.39818846401646
-0.512430056063602
-0.484877759314744
-0.305474268393038
-0.379097219471661
-0.558818945444206
-0.581170561078804
-0.355575117238295
-0.352747124359723
-0.379527771647695
-0.426743383196172
-0.584518687388934
-0.51401717077059
-0.551147264979173
-0.296220100435086
-0.551954167606701
-0.385325862244787
-0.361309324565547
-0.309075929298806
-0.329213740389087
-0.647901668773264
-0.378914819315208
-0.521260742446645
-0.673301776488775
-0.330865674886011
-0.5398412706749
-0.456948102287937
-0.444222790397448
-0.405942441692883
-0.433269563104384
-0.432544105367032
-0.418749224198594
-0.301973584819371
-0.336629928118883
-0.534991293854572
-0.434446724597205
-0.479227258380333
-0.502143369834951
-0.398872773749462
-0.378970724970501
-0.315406552636746
-0.466666262985994
-0.299777700110866
-0.452214360997106
-0.398216222507167
-0.348610952175786
-0.426293079245333
-0.320265482951796
-0.463988121545347
-0.197423483169678
-0.230444379690962
-0.320695562674311
-0.466983790010565
-0.328803470429347
-0.465076474558614
-0.423250780097672
-0.372408484174053
-0.450258440121476
-0.33848255702484
-0.229212529614797
-0.303274020937653
-0.410681870474519
-0.319728294371119
-0.349480624514549
-0.355264742966581
-0.303983063755678
-0.138980449319394
-0.392891337235133
-0.283532397440613
-0.327283220954238
-0.389947736429263
-0.537294440027782
-0.358759221209404
-0.422292497575092
-0.172130739509532
-0.325021680498156
-0.350822077120753
-0.209576615594732
-0.129368812454723
-0.352795477263557
-0.166025460215683
-0.3957215618812
-0.301518595349512
-0.283504801718209
-0.404069308828085
-0.0992522500055493
-0.200452160845375
-0.32681871111422
-0.319044598360502
-0.32209500536841
-0.357192958359706
-0.300679717921392
-0.326350537224963
-0.289389739492471
-0.421384471217479
0.0102540092768962
-0.387129868155825
-0.207826842854472
-0.311707551448045
-0.310624999285665
-0.102177128656146
-0.333646957226951
-0.324230738075954
-0.283588562571075
-0.103583493987131
-0.204862924295829
-0.129205870621462
-0.19529206513472
-0.19103696143067
-0.212833808088186
-0.259903832678395
-0.265011634247812
-0.452791825985829
-0.233405363490194
-0.286018414381971
-0.183436376578168
-0.0623517131315176
-0.341331857337405
-0.183216215702481
-0.340834444468468
-0.245328300349339
-0.286423269244836
-0.308850953927458
-0.27058505914133
-0.0927852783198848
-0.0996392295787911
-0.185183083955341
-0.241342256269576
-0.188638752673765
-0.250591268927329
-0.342617903677899
-0.194507809962311
-0.27590584738225
-0.173429775824897
-0.28306069429796
-0.143126884299082
-0.332256385419237
-0.185040017845896
-0.199084337966516
-0.265681054074908
-0.162248772417024
-0.217592775150488
-0.152868085750184
-0.183749175794945
-0.0806522352939861
-0.0212488873648784
-0.18181845808213
-0.120488104176488
-0.0141851915243186
-0.249241275816206
-0.220565448391012
-0.172157191925152
-0.208866537548812
-0.0594464507119139
-0.245853124430255
-0.143104983830038
-0.0809304144832611
-0.234914697726118
-0.193573050018498
-0.0895424067323434
-0.058674273164019
-0.144923611788717
-0.147253294582851
-0.144074110795757
-0.138232873012027
-0.278022569712658
-0.0862588351650785
-0.0866128002404826
-0.18735471089703
-0.220624489296075
0.003083301733893
-0.180842226617641
-0.191319377155807
-0.105020392729152
-0.10423623877644
-0.00365643180930837
-0.0204695734607069
-0.157992266908279
-0.158730197473857
0.203499361581508
0.017735774186001
-0.0696682327921307
-0.282289137889086
-0.219555128632007
-0.258746455962338
-0.147196211388426
-0.171495146151483
-0.095609707083736
-0.14667502894371
-0.0519107678501792
-0.108365465548686
-0.121096425212302
-0.117420595607997
-0.0520155109538905
-0.0288563724293072
-0.145954292964383
-0.156760818801662
-0.136041272133889
-0.0387590234293904
-0.0249498705474845
-0.0740617246913972
0.00191240377925766
-0.0998770804286504
-0.0241595293813236
-0.0535958228200683
-0.157636311592026
0.0550690734477684
-0.050487232903534
-0.104759194662282
-0.0352492135859763
-0.0394828607474047
0.0416736233433353
-0.118149875267109
0.0786943951010824
0.124277230338143
-0.0993115864779
0.11570538031483
-0.0618361756899544
-0.0141038976426514
-0.0761145988339247
-0.000385357920153288
-0.0261070230317674
-0.152271713766966
-0.00263183345731703
-0.0864848424236554
-0.0426803672004644
-0.0305789309580716
0.0996046403740552
0.0880607793788645
0.0152288730588542
-0.0648222734031045
-0.0420342689524039
-0.100297009092076
0.0166966581369329
0.12542563766529
-0.00493150514586743
-0.00736999169966482
-0.126050725911364
0.221356726447979
-0.0887207979768583
-0.201553794962121
0.0920620639587857
0.017025746984755
0.0319099528585777
0.0807022503009471
0.0414718917797464
0.00030935271869642
0.0410407897587971
0.0298929859545479
0.0733106365423771
0.127888426956746
0.0947712580379836
0.030018485928409
0.0763088190402354
0.101326311776373
-0.117797720980089
0.171130986286401
0.0690667397398884
0.0303396157805129
0.127726162711089
0.105469487323589
0.0544662728017637
0.00213394040571774
0.111522724871648
0.122195370548909
0.104973666378071
0.0977405626080796
0.196217850311466
0.0242323143642586
0.0659303324212222
0.0412163618845602
0.129358431468534
0.134823256885976
0.11993480587207
0.245269035262837
0.132344289354289
0.0204076203277103
0.0529937035498941
0.159942017991737
0.0886532641232464
0.0340976691889901
0.00979168329160746
0.0532080533487296
0.139716179291335
-0.0157672275053041
0.074669777365587
-0.00429713499179521
0.18435978776139
-0.0449837455772984
0.158393372363267
0.180464860165446
0.101615565530548
0.272302005991991
0.303703680344059
0.216790131321833
0.147514474710032
0.142459892717296
0.0613573467400187
0.190973928969713
0.0676090623599654
0.033120709837527
0.160217091763288
0.0237792886135802
0.179241276313116
0.124852243267484
0.0643724508492138
0.123454863835904
0.177840673018437
0.0484475914272854
0.268819312601045
0.267844720595113
0.129851093031033
0.100411332143789
0.0973759448025939
0.10446601503955
0.1969415253966
0.182883763793718
0.148362867473171
0.258920444013587
0.0708710144255053
0.334170293540601
0.250970055233973
0.151370897414988
0.193327400678259
0.115136915543711
0.188398581862727
0.281703364549379
0.0409887220591815
0.248950044308534
0.182864580283052
0.051023508402585
0.168493478172207
0.124986762823032
0.24574212800631
0.150815114678368
0.308983458766248
0.263222270031272
0.125891742635555
0.394257876595812
0.293121911009524
0.0853200332766928
0.1604110845334
0.129582472320494
0.256706422833934
0.267423892096443
0.230354126459231
0.306685490763628
0.320128271790101
0.243926626864612
0.286356709870992
0.300238684190954
0.254677192482356
0.147000924853695
0.207631234845347
0.250037257260759
0.167076209244222
0.32393869477588
0.296011156341173
0.34406685555106
0.272089920678695
0.25468735440876
0.267334612843003
0.310983587522519
0.287702944664417
0.330817748027618
0.284002308752025
0.315384064724841
0.292466701622474
0.225587646382527
0.324975424681858
0.336552892648055
0.269638522358915
0.197716950595023
0.285705884268244
0.342857635885625
0.377458004832953
0.452643524417482
0.284241967178539
0.26452423683062
0.286614438852629
0.371157225656468
0.309906142897151
0.141234205623782
0.350136354632514
0.170422077338336
0.28792388468701
0.276642842861288
0.249613591058723
0.367135191038886
0.384468598939948
0.438149921658228
0.223656356029043
0.33496399397498
0.301808503883935
0.308584530014844
0.260389741920823
0.27436696043826
0.232423322662333
0.404483494690838
0.418608600250055
0.198753361451174
0.338404608722089
0.210835805634707
0.239235714824809
0.18574386989517
0.259768416908731
0.419567153492727
0.354990670507647
0.345728066928583
0.315742689173759
0.269676985550013
0.498950392371963
0.45314259650945
0.566303031196049
0.507398107555001
0.318543494930237
0.393057970471602
0.470592960764774
0.345163194650663
0.417490871828568
0.506164400044509
0.291111711224731
0.350503329126427
0.443442045200016
0.347086652548612
0.365664474904642
0.49891532490363
0.391875010471307
0.27005325520186
0.238717841323023
0.450885473899054
0.298157046958584
0.275490363815394
0.366122778868362
0.306737147873172
0.440765751357225
0.4481103725293
0.330627372007963
0.39583624495209
0.258710981263247
0.393320440986259
0.322613888518764
0.525891352415558
0.450820173445738
0.518828913550236
0.390574882582465
0.374781148741671
0.270186529550438
0.429630109889827
0.515702561812789
0.400151449732445
0.359272004539046
0.454574998758033
0.480764641453951
0.468589118016974
0.376392723169348
0.467798881346223
0.528448419574694
0.477421188807551
0.290763975290166
0.455741183525266
0.43007822638182
0.582604186450947
0.553920580787608
0.398562415730359
0.402154111048123
0.474479040098132
0.431134309451624
0.482338158596526
0.380489951971642
0.444233426514401
0.485267446241503
0.606821622001922
0.523412241590118
0.591135669295877
0.423807237452844
0.552523857988426
0.516308078005682
0.518535191426542
0.47586749039841
0.607912087788321
0.548704095492068
0.501794166887243
0.369542153667915
0.341070350775557
0.486845360483691
0.404909185571257
0.568738901263087
0.453456990868853
0.607542490818045
0.521946647071771
0.478153469178669
0.692890401128169
0.633128098381573
0.634559824421106
0.488108732114541
0.538216283454026
0.408166965556594
0.564910256967384
0.527057006362614
0.519667302525235
0.622985649617554
0.582302196921132
0.546368872199206
0.511813452147104
0.652987304880176
0.597512817652024
0.525479224091838
0.488693969424411
0.644959258409681
0.580801686027268
0.626730958505622
0.375479553771184
0.521076121080704
0.702400483094031
0.527805192706695
0.659992948467333
0.578125248751095
0.634669930062602
0.604950753052687
0.708366321387215
0.612444764514102
0.651074174866563
0.6983004745204
0.543636717226084
0.546685179888534
0.573049108981457
0.512613389844987
0.534787331734966
0.526350885349362
0.617126726532935
0.632668619067255
0.501237074614608
0.616128744029309
0.499935877923111
0.682278806195875
0.660888250805708
0.510189115024492
0.585134678064667
0.475178788330843
0.534822800985253
0.628457328823493
0.634633283299442
0.584029551648798
0.644843354072416
0.553652374996869
0.693467839285058
0.773347182740945
0.415691523897472
0.510020611697944
0.514852544477535
0.663791790037123
0.641627220374808
0.560525488225876
0.584537270286199
0.628032435419441
0.640891113385294
0.668015030839964
0.749626640041433
0.603883977128984
0.756866259486275
0.475053951470446
0.610802520414569
0.709515144607653
0.70390824145659
0.611863732502751
0.551131522363973
0.729666152304773
0.821535996589674
0.59776914409011
0.8238407546071
0.775616160476451
0.616136593377748
0.700629471124605
0.854379358827829
0.76131165244028
0.625395667214164
0.66812471346806
0.688149749603439
0.666689240271718
0.658054482862362
0.582884921108856
0.70009592493956
0.525042262190523
0.790859677805758
0.835900521758667
0.668579241146799
0.581118199613306
0.655970263844364
0.704249619671198
0.660287239616896
0.660395208575444
0.641219084273457
0.664246041086254
0.611225668399642
0.774885976951379
0.700492685914242
0.673753471499702
0.70591439727397
0.600070770008803
0.573818115602488
0.73415823342759
0.83071123752679
0.811960055046561
0.755697509242389
0.635278737540235
0.792938904894638
0.535708333299563
0.882483340362732
0.755721712156816
0.7686651282665
0.639409719260286
0.642348543767933
0.616727582646858
0.834860380927382
0.651701732197106
0.866191139815057
0.767249640509958
0.745442505507606
0.770939384066
0.665621674440701
0.748173146139724
0.777941086576912
0.724998246643326
0.70077555157062
0.776365984677209
0.754455076577294
0.74810711190461
0.793587857269488
0.815509105628014
0.79791096716837
0.910277246226515
0.814537923196503
0.871099574834705
0.853399604291627
0.831774882184224
0.790812864982075
0.752212822531526
0.613365892869547
0.905504911203588
0.856079625577093
0.903342755541443
1.05551931937373
0.878452128770319
0.844007551306175
0.773136327533201
0.796082038566668
0.932979947965129
0.759557741280528
0.800129873445272
0.847703813194804
0.982749368474794
0.864357590221117
0.832956158274336
0.742179146961058
0.859455987059263
0.900691855647227
0.871420765098227
0.905105767355606
0.720226033474913
0.722367108698527
0.8693036213486
0.864616127417305
0.946441188359975
0.819681033702444
0.949111702964839
0.853478056842065
0.909412205416656
0.819464948715128
1.00184610637906
0.848825746472574
1.03423403736289
0.744890731848252
0.817643108402913
1.04075457471163
0.833772015137837
0.981514607696454
0.910541529200712
0.832984177366232
0.796451652978815
0.940659718833487
1.05669175193956
0.767767510340063
0.943472929562604
0.874582269461399
0.827133249316256
0.968642118359115
0.981794517087915
0.914419227449714
0.849912982021422
0.89295287514335
1.01203036625303
0.861957581289408
0.8115446480719
0.913075871602817
0.920537277688556
0.818043854195222
0.939946745394588
1.02161067524258
0.945179584745084
1.01060063414679
0.882989511239954
0.82982945082351
0.828261448403189
1.00421543335478
0.988137429661361
0.840837311168876
0.94759897383483
0.957933401008717
0.905007023156241
0.903767055858152
0.937444220984781
0.910386704579877
1.07089098378142
1.09100884000834
0.871599796323831
1.00347508827038
1.02498942748251
0.899340754457141
1.10761133719926
1.01402017311186
1.08170646611649
0.997940967116569
1.06800086036926
1.03277234170936
0.920725860219796
0.946064644870417
1.03400762400054
1.01439896456375
0.943697668280343
1.05853956774692
0.953689630230761
0.894983533106765
