"x"
-1.19382264858787
-1.08638803055735
-1.13237993754711
-0.885263171958538
-0.937913250141349
-0.945254325755343
-0.997080722131745
-0.935593140075296
-1.13710206242903
-1.03029285813639
-1.00710062251942
-0.98797158913431
-0.916419850144216
-0.858330244881647
-0.93184960810551
-0.959683070852163
-1.01187091951259
-0.968159127152566
-0.952740120178062
-0.88640007848115
-0.947346375407929
-0.98578835358919
-0.87225698747085
-0.897264658724869
-0.984007389270048
-0.81951621705997
-0.939490715059102
-0.871780247145246
-0.942572761899104
-0.962390646238485
-0.969838628604823
-1.02308854914442
-0.920303378178174
-0.913876151706402
-1.03879915308807
-0.941749950995924
-0.905110911687894
-0.920847613718063
-0.837172044518268
-0.828194964940638
-0.895145135935901
-0.801211561223751
-0.796512501419961
-0.799144722992017
-1.00858290905697
-0.909441633135218
-0.890672707950688
-0.94161941239546
-0.900525290098634
-0.859529289525724
-0.793912686899161
-0.974822311617927
-0.863599699878656
-0.884993782892784
-0.921431992851852
-1.05387493961842
-0.924760003265079
-0.914443738623951
-0.947310685020721
-0.915090759726672
-0.707261836028224
-0.930915036044088
-0.91382172146963
-0.766332990134619
-0.793221355005261
-0.685305913330482
-0.883329050623726
-0.81474432547164
-0.827794500921468
-0.815750688781327
-0.842383985746494
-0.83727751428772
-1.06942017853855
-0.956411397311646
-0.966754259996358
-0.943180498918065
-0.838892928651916
-0.738322394920909
-0.769867134454285
-0.818670666568748
-0.833968437261178
-0.832971607587044
-0.872447315902133
-0.831109352088883
-0.800748354020344
-0.732316386845442
-0.82144168395056
-0.880707557604463
-0.880763949823476
-0.799545454912986
-0.722463140252563
-0.72272313193512
-0.763839926692503
-0.611445978325599
-0.81373356619258
-0.90034174933996
-0.857512979417736
-0.723914253369438
-0.785784665411877
-0.73145285638756
-0.870503121473371
-0.799321184181805
-0.840737734186706
-0.882453689839967
-0.820902526027581
-0.859211697024364
-0.778228827409117
-0.792225981721403
-0.803920576484075
-0.778544459038474
-0.817841261987895
-0.793307253678765
-0.76649216734966
-0.604768023669352
-0.811068818978544
-0.87794920696658
-0.65045516731905
-0.704653576470858
-0.631241401685206
-0.650805829140267
-0.644209980868991
-0.781276151194281
-0.693654738712139
-0.786914257484817
-0.710134205143135
-0.685106065196232
-0.703289691877412
-0.575529342693006
-0.672485698139824
-0.787973608608578
-0.665688912251506
-0.867592281091971
-0.604610501297543
-0.629908818841374
-0.749686346184437
-0.776586592385651
-0.746833199437683
-0.723235672018089
-0.655685528668624
-0.778339471679742
-0.683692619601859
-0.774989217104086
-0.785434723045824
-0.869900985165621
-0.617101727326541
-0.755263338139868
-0.635980212041986
-0.743756507051467
-0.755911331516474
-0.746086903476983
-0.544542234459994
-0.64196428429073
-0.775605240538588
-0.590514391999714
-0.748143508195069
-0.741096861824518
-0.581734472423623
-0.714757951831747
-0.785987657728877
-0.770624514210133
-0.694114715288736
-0.780087694127109
-0.596203372484013
-0.585850644431531
-0.670280307863373
-0.583623646525841
-0.555133835704121
-0.733538673731135
-0.562541221218345
-0.764409636358091
-0.730515053444472
-0.659084345885122
-0.741713805946478
-0.556909874781494
-0.708387847652764
-0.672524452070936
-0.682463885264047
-0.612650108252347
-0.688445299910288
-0.665077669500051
-0.692623090826717
-0.614393239816155
-0.60181062698959
-0.586770098397153
-0.677904850558091
-0.624534520712433
-0.596043260686702
-0.662701383399709
-0.678373101810716
-0.830149553660421
-0.521999255058553
-0.678549479718314
-0.621868825087824
-0.628815184554989
-0.642477555919725
-0.662236826758071
-0.551867359901693
-0.724856788968894
-0.563649015861992
-0.59648183932663
-0.589767658939735
-0.70585366321152
-0.636923562806607
-0.640250775098852
-0.620269472095608
-0.658145138214267
-0.430681888756058
-0.519486774640405
-0.75107930949572
-0.660982142945816
-0.559594357561148
-0.468699423340392
-0.523715628790011
-0.497235512276092
-0.690678577975866
-0.425008275407723
-0.413705174043478
-0.706383379953679
-0.606787487921746
-0.552435156192107
-0.528242069661381
-0.50317298289216
-0.645119073742769
-0.43417312286052
-0.483979211142351
-0.6534006472549
-0.691018167322662
-0.476325187708723
-0.416178494644753
-0.43760802287595
-0.616400984330202
-0.562994869860056
-0.369042241360412
-0.571990794368093
-0.509731264589317
-0.568422094954536
-0.585246397881234
-0.428791995972635
-0.59388147978979
-0.538499922428484
-0.572896512496015
-0.403418720150534
-0.576972422055096
-0.498264536404225
-0.386182976857703
-0.511043133909754
-0.57226482012586
-0.561085184934202
-0.451479003137489
-0.46592549824762
-0.555722363159922
-0.513641073319135
-0.525492784411462
-0.535759951231831
-0.661735662438473
-0.48134656633894
-0.412455803015465
-0.370814925555776
-0.485829326452015
-0.545792592636246
-0.485404062690559
-0.432539086884758
-0.547155737863394
-0.397273834960239
-0.494651028282219
-0.435488360697934
-0.466947308388152
-0.476354298014453
-0.34523772826553
-0.363772833851742
-0.458302883942466
-0.523028231318945
-0.476525890540786
-0.313138022478277
-0.458556209168956
-0.398537024241025
-0.377683188721237
-0.491315422394574
-0.535690726462625
-0.458348561459093
-0.313039735403752
-0.395554098389305
-0.529112402064813
-0.418773873723222
-0.379374700048984
-0.380583088711838
-0.437917892340717
-0.459711401832343
-0.321573054387098
-0.342061941178305
-0.411304925922038
-0.575334114859869
-0.393941407875869
-0.424056106736293
-0.429311815515754
-0.321733835657041
-0.540369547225236
-0.360007651821456
-0.475462327407929
-0.472664432509174
-0.347650742692022
-0.403114680966146
-0.362866743753549
-0.398387723983558
-0.229142730623339
-0.240134674430516
-0.363022832354976
-0.456925520633933
-0.298339857980916
-0.462273946551603
-0.319500252926134
-0.55346040570242
-0.495379757915453
-0.257267616004557
-0.398251925155579
-0.28466757529636
-0.395847416894341
-0.531253074772906
-0.285756549823056
-0.306900540978072
-0.297162606866806
-0.337272591767439
-0.218156694863404
-0.206387118729491
-0.312381479151758
-0.345736547158193
-0.358934579545964
-0.296896215700172
-0.482810456871336
-0.353747532402075
-0.348470570476076
-0.28657075257565
-0.160752339061154
-0.403109325129813
-0.444847011732739
-0.425601302953321
-0.343150194936119
-0.389573568944056
-0.288701580719092
-0.426175981272729
-0.284010865515705
-0.398249988847502
-0.320026244111659
-0.268901773009404
-0.362032045106848
-0.238630332920001
-0.425873603384121
-0.308466451793076
-0.266064357991309
-0.280117473242769
-0.473541570107631
-0.353193305916038
-0.25638756179125
-0.222468144755351
-0.309354267181548
-0.34344367582681
-0.281470880949164
-0.365031242735468
-0.19495509023239
-0.32212240555855
-0.254112987453944
-0.390872013988614
-0.336617115714072
-0.341273377693652
-0.285383788547451
-0.397180701136817
-0.276695353652282
-0.246550310048768
-0.154091185764603
-0.141607963052511
-0.158816038928219
-0.317929183749942
-0.321501402466121
-0.217624861700225
-0.317512513547021
-0.177911632022618
-0.25789224623019
-0.0427658448853966
-0.265417783089397
-0.459387223726041
-0.321486713809761
-0.221860983394879
-0.169012016630995
-0.390915920913468
-0.375552901035487
-0.252228774593109
-0.173612000540889
-0.149627072572341
-0.236259402099341
-0.174469739252386
-0.281392215261311
-0.146160351563549
-0.11837667135993
-0.375051839607571
-0.158423590908071
-0.314956695361046
-0.178787934629421
-0.164214264184849
-0.176666412654268
-0.23006080797261
-0.111011447378467
-0.176671313156922
-0.3330097835806
-0.220663308923073
-0.0850133944485877
-0.33159478965049
-0.164733676589584
-0.19791342334443
-0.0186551374381952
-0.173288829717934
-0.169387553684983
-0.0617699729958763
-0.222408741152924
-0.213943119111087
-0.147176811403085
-0.348679801238331
-0.102348549498747
-0.303685532055616
-0.142443824024381
-0.092504318429656
-0.247614635677555
-0.128558672818045
-0.217440561912198
-0.260875298841292
-0.259577437975407
-0.0949528038778538
-0.120046332170245
-0.0274522502520246
-0.147708990134863
-0.0633805472990198
-0.223843727006086
-0.291877400328461
-0.230346276195531
-0.172629044715631
-0.24152582195628
-0.0698592950728789
-0.172945552923912
-0.0150550512104769
-0.0803743207860514
0.0370534159905102
-0.0187722042193092
-0.103611214601412
0.0341184871908788
-0.189723608759135
-0.155238730788885
-0.144837822288645
-0.112545105687325
-0.0389269409752908
-0.168717206580882
-0.0737782767453511
-0.136981900603212
-0.00931980155230323
-0.198283935096853
-0.171600023260786
-0.144268938123021
-0.0713376439315866
-0.0712340050069357
-0.0110065412159829
-0.178128117280726
-0.195331692182438
-0.136737434467434
-0.0279637701052858
-0.167482412183424
-0.166420953455875
-0.187630952950406
0.032582098037431
-0.0763234353057841
-0.022803559229061
-0.143363304437359
-0.174741453550214
-0.163454224957157
-0.150309974000712
-0.206112080701372
-0.118176467748416
-0.0607943902658079
-0.105818150502988
0.0908963919162546
0.0126659674260383
-0.143716044468473
-0.119805425207579
-0.131493042305287
-0.0250331943906851
-0.114535967850417
-0.194454826861578
0.0772722748865966
0.110956968223183
0.0763643824207413
0.049757116844674
-0.161169199249919
-0.0638128500073066
-0.0508874746373455
-0.0363117968748007
-0.0173933444799743
0.0533135436366257
0.0518504064241664
-0.14570377364235
-0.167924495668287
0.113338149273146
-0.0975245936961741
-0.00957973241510508
0.0531304294762763
-0.0878170813123482
0.0578618182890783
0.0527084335553823
0.0337080328368091
0.0295604947234956
-0.0951450176179943
-0.176409788992929
0.0938863049823919
-0.103559003984323
-0.0187690882101328
-0.0262412363050473
0.0688981714476074
-0.101209635319783
0.021802040638853
0.18560324412353
-0.0274942333773072
0.0763658127052796
0.136496585833877
0.0539589370769718
-0.0288808715985025
0.128721187251928
0.00978813275194006
0.0499315862719034
-0.0182308639374484
0.201491662481488
0.151473612555679
0.136486512231034
0.0329036865092674
0.0731701676855197
0.0920400830654527
0.0741780273991664
0.0344422940794781
0.126709249472662
0.0594455830885137
0.128468371424715
0.0307863768412335
0.0163471090574951
0.0941000109619799
0.0121289076300764
-0.0195659179537447
0.151988788696103
0.0945271249161911
0.0121492961480803
-0.060183541972552
-0.0171448360653047
0.190670448735758
-0.0185390595596671
0.144180909448198
0.0139705771517333
0.0368168638351572
0.0804013091391783
0.0223835720787041
0.162827145977521
0.0978734019527831
0.235912679418198
0.0535659515255594
0.186588894276942
0.0278408614787779
0.18120243900877
0.0325931542923464
-0.107071854160951
0.124912042882893
0.0900628367833322
0.22152266600783
0.249764775829059
0.242724422297509
0.0173725063582558
0.131432896222947
0.220681072577529
0.135291731238591
0.101730268229141
0.123584097139246
0.107322783212526
0.1257286332017
0.164756911429112
0.0235679429125886
0.128686587849619
0.192099067500991
0.0787647312550334
0.338053517136283
0.0398841499933612
0.222167307120158
0.214452646001798
0.180080221103904
0.103168680177169
0.229589197911546
0.120181859125074
0.167924627693218
0.297238823759936
0.31058002328282
0.271669474225674
0.115480796117256
0.0618767446045642
0.135834518112664
0.186252686743514
0.122841766222811
0.224237280450498
0.160446045128609
0.303464326999719
0.105750616955095
0.0781439264520195
0.165959415991692
0.173121483239488
0.370768372791038
0.308855091899471
0.194034883684343
0.362321616941253
0.225389090860773
0.243857197298175
0.257805003740692
0.242228634281245
0.210730528155018
0.128177082937033
0.263913904807175
0.308718630703553
0.287637876726067
0.236940683317058
0.338049127444609
0.252516685095771
0.355714926425264
0.216227239836294
0.140760860863554
0.224522937029026
0.275844977295847
0.290832087470704
0.168242297102567
0.347508668296615
0.218063084564222
0.299120343341334
0.282929766774821
0.127184787492719
0.0823573205161931
0.184003840111573
0.382846522178363
0.272182018169618
0.243847312990316
0.299849001202175
0.352891801066156
0.226522270038935
0.0992719341543983
0.396687742147336
0.3026248984993
0.228805075526303
0.349844588996183
0.0486942641468885
0.330701861863289
0.205156196566557
0.242163502210789
0.286053644602898
0.267627664643705
0.278991992005841
0.388123466137799
0.302678245063742
0.429580570515961
0.393070600900852
0.454907429779999
0.231403331112028
0.390429588998064
0.26805735577741
0.340769953209054
0.235625061532531
0.367093375195383
0.236949075679409
0.513982979949126
0.454553718330711
0.284589528268117
0.316153081040255
0.394274020191954
0.359830062232133
0.258229192938185
0.2814528658403
0.308573437234433
0.344186572323596
0.413252738912188
0.386520025852274
0.260548234828593
0.449574851642264
0.45436775359927
0.402194173521317
0.496665517953539
0.480631972625831
0.336242394378339
0.401487494696955
0.548823119918305
0.175186237674683
0.349234581584059
0.42730687461708
0.256456780643202
0.277166102035182
0.242722720783943
0.531361510042565
0.411531041417943
0.310759975592956
0.498470724691088
0.40101798070007
0.384349802330891
0.376297659747743
0.422958613671816
0.335509204188304
0.492102269789116
0.408086535736175
0.459194305335707
0.40698249348503
0.430590571951951
0.355304053462379
0.367580723319673
0.441523324057502
0.38621182295501
0.398823034828117
0.418442113690538
0.285701517043703
0.399478415207865
0.396733987235318
0.498882057347653
0.383117530612005
0.465298328524408
0.367206333151365
0.420094034603152
0.440260781664118
0.274020839542667
0.393977340067605
0.554731412231128
0.487868757154521
0.552093140339053
0.633305030118123
0.447640275323436
0.458851444101946
0.335064111856527
0.537048969852181
0.462011712690355
0.361580856841579
0.554142561343069
0.508655954516963
0.448756483637295
0.589048820439875
0.438418944923231
0.524719964903904
0.515720445670364
0.5700203545446
0.456583856933461
0.55521401721836
0.41647190253351
0.543094795262943
0.423818617383618
0.385240819958041
0.445370931643305
0.730256727680045
0.525357536409581
0.506539555897269
0.434175177725306
0.513050775045655
0.571067585816355
0.561903193402227
0.392588727601339
0.589178008573231
0.667207247916415
0.459645042164519
0.458252562450329
0.447012901811056
0.375956827919629
0.518188176399441
0.562788535709354
0.482910984810536
0.528337495151651
0.492796221357374
0.440392033348185
0.438838883098745
0.522650416836819
0.514447572859577
0.60147534467712
0.645365055756261
0.613807958766026
0.367624524287842
0.51421092217107
0.579235900045286
0.605342640191263
0.577281905581974
0.431474618315808
0.550327964597588
0.620231981855394
0.607899864509751
0.567600070477913
0.662027815922169
0.566973409050388
0.528491209391494
0.621136173164996
0.572496978303358
0.675959060165243
0.582416111163855
0.607449951452514
0.370515619081538
0.477094960932165
0.581908870504569
0.526202548990986
0.62792661611127
0.533184743208338
0.573362895011478
0.543397056874364
0.544930248819488
0.606220218518204
0.569680715446441
0.43384231557229
0.837554872314329
0.640784546970187
0.587486259234168
0.588251178369737
0.702294245616355
0.501905267228467
0.713873856758455
0.605564419295906
0.597716771775829
0.608390036862518
0.614846773637321
0.629020771193585
0.630683332773649
0.732606039093825
0.576233209996049
0.727824922958053
0.545229032457409
0.606345540167148
0.692356046609948
0.584910285458257
0.580487412132917
0.78525890424357
0.73583329552005
0.615597555713555
0.64895378796732
0.672182694298779
0.722848049080127
0.722631769332077
0.663340232503103
0.748683605412142
0.765847315078639
0.725022743527785
0.566870548644888
0.592551125184243
0.710759656974782
0.74682447416944
0.726001984921751
0.654690867808393
0.513661580888236
0.626615158372881
0.794010663096863
0.604840620557156
0.709728432621422
0.695865731286734
0.815672827739599
0.658262703552414
0.625923356599732
0.593857829670371
0.764036950638957
0.745153271397724
0.610399828031342
0.646352068615226
0.692406962784362
0.715687483598188
0.719012859630847
0.66292061160758
0.734842763344987
0.591417651620103
0.885478427502076
0.631915154890246
0.555179612720525
0.772226763593636
0.733758925128368
0.761065065835573
0.672565745585753
0.851351984295468
0.703341656965651
0.737248244727491
0.708723522046568
0.709802894329177
0.714744569878219
0.828901635104812
0.881531215264112
0.875481656888488
0.756201656445921
0.699603722606503
0.57307424239445
0.71906069044062
0.714812570259525
0.838990666937736
0.761954243084446
0.696798695487367
0.90575340898739
0.700201348462657
0.839582590342179
0.779303187219459
0.654705678723388
0.843521774399842
0.718715148094981
0.929781216269164
0.76337276446712
0.664416051066753
0.815841740251948
0.831569494085786
0.712259538846763
0.770191423878998
0.754520357965402
0.859084470002789
0.755983446876822
0.810119735437083
0.685181689885353
0.652718304211948
0.848095588103776
0.836419659854873
0.811503318912615
0.849176597664909
0.849983167035776
0.929692856016152
0.85977023963545
0.792060688447152
0.91094154209918
0.960654248739829
0.767012578250135
0.926498126355608
0.660464008169763
0.739896399098475
0.823070416881989
1.04079858042466
0.755267112060983
0.890730604365692
0.806977485986584
0.681027719801102
0.83713835173186
0.923614316896757
0.79512438587257
0.77345133407867
0.892406056878342
0.887390783525479
1.01579963777851
0.884638668106404
0.903151823102989
0.889030769518757
1.01067917111866
0.813606598914806
0.846134806238667
0.9455525958536
0.7667622383023
0.964781277210673
0.970586264263801
0.684696246380337
0.881129133242321
1.03229666515449
0.89301099846621
0.740900743644174
0.967974645659709
0.790922381609503
0.903475302429917
0.876951966728314
0.757990538307182
0.852257881272718
1.0754151363005
0.853785642153517
0.830726452256386
0.980504855476775
0.945988243935902
0.887280621844459
0.946783417376453
0.897165514715121
0.88789260344071
0.91001719795356
1.03306525927668
1.04259483005633
0.83456808795872
0.903612559158112
1.08065796832086
1.0684115539104
1.02192119197126
0.982886532381663
0.94477073157905
0.828731387278745
1.02787228102512
0.981017695432971
0.904360051686685
0.805225188078579
1.02600566901169
0.999306259975717
0.775421553146224
0.774425883339687
0.821760839952233
0.965585420759171
0.823448339683032
0.967997429246208
0.829876404492646
0.972866352750213
0.994116180446311
1.06504016499654
1.00714810341389
1.00455538668601
1.00314447194412
0.964250203146445
1.03124079319898
1.04747369572978
0.974960674036049
1.04867637888289
1.26366101661616
1.14477353767695
1.00052535789137
