"x"
-0.943960935856037
-1.01647399519832
-1.13544065933075
-1.10721226560448
-1.05824990607283
-1.02258221031787
-0.91278211210951
-0.887904920632604
-1.06182930612988
-0.953540456515195
-0.943483313501462
-1.12076265302734
-0.933144669022928
-0.851650382306779
-0.805638344478674
-1.03508587194175
-1.08116984021081
-0.925884680858874
-1.00019685913904
-0.810772126714836
-0.845812742691015
-0.877058750283957
-0.942134638645761
-0.981287301089374
-0.848514046067713
-1.09005786553217
-0.981205451344933
-1.12729456185196
-0.940360817922695
-1.04222747059609
-0.909394220204046
-0.880381896635361
-0.959076652311454
-1.01027580221434
-0.889136562342684
-1.01730656086133
-0.880951570717476
-1.08764752632887
-0.852784230174059
-0.934601577796187
-0.963370487178629
-1.05136954483178
-0.959982727707824
-0.956440531324284
-0.888573917867503
-0.932450762401061
-0.903936960713544
-0.669257349406618
-0.885055228154566
-0.976938864998412
-1.00189047455648
-0.912676302384397
-0.827925759933624
-0.822765380758527
-0.908842669993839
-0.920388744127461
-0.824492893077764
-0.874505541746228
-0.883405527737967
-0.797133405760806
-0.865721518529403
-1.03552201026533
-0.887671662392424
-0.835168427920788
-0.912115759262852
-0.889376092992819
-0.792772487047269
-0.871983939678009
-0.848221819584257
-0.969463884792707
-0.700310516017116
-0.740479483456617
-0.997731175193397
-0.896618968112
-0.782547277531465
-0.869930077438769
-0.962920625599048
-0.749016311137489
-0.889556452265093
-0.782996521805537
-0.830583392425983
-0.753253795553967
-0.972272860062751
-0.744898230134436
-1.0160667245297
-0.802385715921998
-1.00302575590795
-0.829738576886726
-0.73888816998307
-0.709508451473772
-0.80097465116603
-0.824211896860789
-0.830747455784286
-0.831396665944532
-0.794532873054286
-0.778061582392552
-0.782941635557137
-0.682813825920201
-0.888387720035882
-0.722100354124562
-0.740919399668305
-0.831280460570195
-0.601894501150719
-0.666712290344488
-0.76277232975415
-0.808634610400115
-0.705417909276588
-0.682058525613156
-0.836101031673063
-0.748782709494024
-0.603260047925206
-0.820217235438379
-0.834752409586079
-0.754927743139775
-0.826844374930631
-0.836469371743346
-0.743421862785741
-0.756095417043795
-0.600821010016157
-0.76790140649786
-0.665022141016857
-0.888387477563073
-0.813181348984576
-0.858701478586792
-0.867858212107753
-0.700755843965888
-0.868624629820441
-0.751105124073784
-0.797875847675811
-0.682333865692517
-0.685120786812395
-0.729341081672147
-0.667347751781138
-0.823740136891952
-0.743387224459986
-0.74882227901061
-0.670049620660768
-0.798192524243379
-0.648632794582575
-0.643146379313269
-0.652455893903967
-0.571653469456976
-0.887631070393706
-0.555525074256681
-0.6642924561392
-0.782571838458589
-0.780694274071899
-0.707843708133254
-0.645038695116735
-0.630666479705975
-0.577907302052452
-0.57444106870947
-0.633837851165854
-0.774554412868092
-0.731375119103119
-0.639804520084232
-0.713532061969798
-0.627361271466068
-0.694662065948604
-0.632444157746254
-0.763853830268465
-0.644000131485236
-0.669189852609605
-0.580590163623417
-0.603676032322792
-0.735650269950492
-0.753312040005074
-0.619398508777593
-0.723163647160613
-0.731928948508863
-0.591069864866243
-0.63385068010544
-0.53729813890184
-0.682192283812432
-0.692251898407458
-0.627039779086279
-0.735041742276836
-0.637501110580905
-0.810619006903267
-0.637592976036555
-0.727015025174096
-0.61153097211208
-0.646927513617942
-0.678451184345174
-0.692280965484477
-0.612193223135846
-0.636631998804854
-0.587317905542703
-0.623741223806071
-0.752212352453165
-0.631709084055349
-0.729068740795208
-0.505704470902363
-0.635507448915562
-0.645089737232483
-0.595746384192078
-0.681530503538348
-0.570883162102514
-0.631658155107679
-0.6934701579579
-0.694952550208697
-0.523017459226933
-0.580979729609993
-0.522240988617995
-0.667567460100994
-0.646841919029793
-0.389201567329107
-0.609432870749772
-0.467728367590315
-0.32642633679747
-0.520320755139664
-0.528379581330368
-0.636940526047825
-0.523840484773923
-0.641140174028194
-0.52276553544832
-0.351210920495622
-0.503394910989286
-0.725011859348857
-0.73302310624499
-0.623186354738409
-0.578309228211106
-0.401112772348961
-0.782154017001307
-0.705069460313378
-0.616475013661042
-0.450688357217106
-0.520023913683968
-0.395026722810748
-0.583675154912857
-0.638067896700487
-0.680511041260779
-0.604058801205178
-0.601889626064782
-0.538794813834517
-0.459647928794984
-0.722768278843518
-0.459281188089592
-0.529229552732862
-0.474697335001884
-0.522988226027722
-0.581488493910004
-0.479580686113686
-0.599393658370535
-0.589363300548824
-0.354611647000975
-0.527062238339021
-0.402789076946087
-0.440182699014836
-0.656221715505629
-0.407773474917651
-0.488874976338395
-0.410293387222369
-0.415485734110863
-0.631293231957987
-0.477809202226828
-0.49105870555653
-0.49051193213139
-0.467465897804038
-0.364637255082067
-0.592522420085594
-0.510833514074112
-0.251423974710196
-0.519327297761346
-0.620605478895516
-0.574213419436018
-0.429935773027085
-0.531901504550195
-0.56063437218982
-0.46573163648375
-0.484309874958116
-0.324976660292511
-0.414591764878441
-0.400602748011155
-0.418371928148178
-0.657214425950286
-0.446394699464043
-0.477116824042933
-0.436355079217143
-0.467121547543644
-0.430840826202762
-0.448893794580972
-0.505617753542309
-0.415518616781053
-0.479260787724103
-0.482392569552074
-0.372328010527717
-0.421522203530274
-0.339251805278493
-0.630940020121619
-0.456171349623762
-0.399661482557833
-0.606338621021782
-0.457920460308363
-0.355660730019387
-0.469403268073554
-0.452470729720653
-0.457758710011398
-0.331055660423103
-0.561637703912714
-0.464865919268912
-0.431498156144362
-0.360025520325262
-0.402258734321769
-0.223775700248324
-0.391767275227583
-0.545123665636566
-0.1965410839213
-0.332143476236135
-0.314885049448778
-0.337370114530048
-0.327584742658225
-0.39734726278432
-0.231385010788919
-0.42070254845333
-0.353870284105057
-0.328916493102202
-0.174724736424851
-0.436362835003687
-0.406673057122808
-0.329590184577955
-0.36640511806716
-0.321884960764498
-0.4293688155387
-0.410551228389981
-0.431865600810548
-0.191882064348373
-0.293682935443967
-0.38377132777134
-0.491647939631752
-0.187771287104519
-0.230176866887622
-0.284514873930221
-0.307889720442828
-0.297655514644896
-0.363209560631959
-0.294129149251231
-0.261167256348413
-0.32251593131999
-0.241322635466601
-0.291071524940641
-0.244183293111841
-0.356146138004618
-0.20865356560202
-0.36079229263474
-0.359070809491912
-0.284647246514471
-0.36699778102879
-0.276569286003194
-0.408048002494385
-0.210707794015321
-0.302549110385405
-0.304142745194943
-0.158735892308736
-0.427675472001454
-0.313442221007603
-0.255570443596078
-0.301840962185546
-0.246130761417609
-0.274749139179697
-0.255693137244248
-0.367348241714969
-0.304960251113751
-0.113657261514113
-0.194421780495972
-0.260841474668077
-0.32653459123358
-0.230966292829762
-0.207660821731101
-0.294317741742551
-0.227971328911919
-0.290482362787755
-0.161895764399315
-0.151530534203103
-0.267474067083475
-0.290504334543197
-0.161275133034877
-0.336642939747365
-0.169904967114213
-0.237889390151601
-0.234741063131914
-0.317436037920738
-0.158009545064563
-0.181921400249201
-0.183317265847074
-0.24664726531045
-0.268868311980076
-0.264040710855284
-0.268739235855224
-0.167279065747792
-0.292048951463782
-0.160483336594708
-0.211719536343012
-0.247450012386014
-0.277882887412743
-0.23695646711578
-0.046002621353884
-0.320267517121536
-0.247129891204642
-0.0306451598195877
-0.163273944684931
-0.316011130019898
-0.079090767937426
-0.144372532756481
-0.27802939541139
-0.266869674245481
0.0105120037961208
-0.33113915830914
-0.210631941565596
-0.102033132280217
-0.205930431223431
-0.0958258826455261
-0.192568538553689
-0.188373927054254
-0.136628785311251
-0.127391124324199
0.107931421866746
-0.0447996405681771
-0.0997552986121074
-0.17328771232474
-0.117672160827382
-0.162817026295795
-0.139419622485677
-0.139977002186638
-0.132779856793132
-0.197402028349542
-0.00982141251772316
-0.0520031002089121
-0.0324145375502503
-0.203913165004821
-0.241317517104255
-0.168942226709195
-0.105449193913238
-0.0686125232590177
-0.111546553184098
-0.107688050917003
0.0668276794603643
-0.0548809805520253
-0.11943945456817
-0.129884777253793
-0.104944702479553
-0.199055080082748
-0.244392748878082
-0.186920006457481
-0.177243051235212
-0.197310554485849
-0.151890354728322
-0.279420800219943
-0.206369725789348
-0.13179033453214
0.0744690741007783
-0.0772267491647903
-0.0175722560179678
-0.130869394400462
-0.023805868788025
-0.125066401932767
0.0146531561511752
-0.120142275887547
-0.138049313846473
-0.16503743396264
-0.0805075895508299
-0.0477952277299361
-0.0728746892636862
-0.0588425045419089
-0.168745554078026
-0.202514119626381
-0.136960262271569
-0.012184772424923
-0.0260589298866577
-0.000849359755102323
-0.0713288495523155
-0.108614643320897
-0.0135610011085311
0.00430947343331281
-0.322236740348187
-0.108990691480642
-0.243334744218705
0.0387452948954935
-0.0664278216918293
-0.0457065974723123
-0.0190518715815544
-0.0962798716602192
0.0551358787072129
0.0133449306801189
-0.0509307166070397
-0.0220298533553476
-0.176375396669021
-0.0363069516482116
-0.0922985069100268
-0.184643552495266
0.0134689022251435
0.12927571186707
-0.015406400001688
-0.155004993156377
0.0701515773830423
-0.146073088756063
-0.172522404804146
0.0392430100234871
0.00198726262630563
0.0272200686661218
-0.0321283117329159
-0.0129469863318591
0.0327296458719371
-0.0176330717171253
-0.0747844187740174
0.216487547984786
-0.151925451325978
-0.0310349721694493
-0.0471914963321398
0.0609476937649769
0.0504795413580396
-0.056431269898665
0.0141669145878732
-0.141464922083265
-0.00698859667330562
-0.0154580585161551
0.0677503517169685
-0.0168409718010615
-0.013008322023766
0.176286525220728
-0.090481190036069
-0.0095887231727846
0.0322593685888255
-0.109459252544001
0.0199664711161788
-0.0422246207742406
0.196121161960964
0.0951445503908886
0.0911516958048722
0.192474724675589
0.0392176281424183
0.0183802731408776
0.15269434744111
0.131364303296903
0.106592463549618
0.204767000951385
0.106116945818238
0.0538263121750124
0.170470657455725
0.125101271042241
-0.0805170464767064
0.132442216852078
0.0752307798941798
0.0458608791947994
0.00440144077593734
0.0877005477223036
0.0856046424761784
0.124174752759456
-0.012402554820549
0.0875696923144726
-0.0155080481538975
0.188994551831749
0.0824431226084565
0.123680963045348
0.196145049235551
0.0490245548854403
0.13658888008813
0.163227444342476
0.131867264212981
0.229876542411799
-0.00977171184585265
0.0271321255396523
0.0665170899888167
0.0622889669003923
0.374807717162765
0.25763982474016
0.232303141336274
0.0415438681451104
0.17608095231677
0.01216604963627
0.135181576167632
0.252136459016591
0.00854781021139728
-0.00599866085095618
0.111666536781764
0.197740682080195
0.145401534735467
0.136971530332884
0.192433966151705
0.255496357427895
0.177120200028994
0.238967210725884
0.0833202621322842
0.178131619600584
0.0777350869386792
-0.0261607190825771
0.131914137823239
0.0761553891648497
0.184007794883644
0.27494166802776
0.194128787689705
0.198938294318567
0.273466911430033
0.197907612249533
0.168643437995939
0.206348915307067
0.235722847165702
0.215803934717249
0.131228372021326
0.105321920387711
0.221820836465128
0.236940951305403
0.232484883348387
0.362652027945023
0.23634403877965
0.0352532621361359
0.219903770289267
0.205312474265698
0.362600530683146
0.131545131451634
0.243420785929918
0.269749665039612
0.154192435841486
0.390054307873708
0.288030948067071
0.222517398291471
0.268725437655808
0.145609387393595
0.299395930846971
0.425416166569756
0.344249582711505
0.170334945195514
0.280819949325915
0.228222050791107
0.324189385761696
0.288750809209
0.383199049862943
0.183759831072178
0.33406964036831
0.347365445194332
0.199723075704482
0.195521520935527
0.265863146745156
0.341157232705423
0.237760475799999
0.405138672292386
0.285656759914345
0.430209386065294
0.251625980504057
0.251318274408446
0.299489299883971
0.275131184640317
0.21613249154485
0.24466614625436
0.199321745903212
0.36492878939725
0.408554452636912
0.350578578521692
0.232373639663043
0.436155002432311
0.5179323267588
0.386033964735547
0.371412255534122
0.3632774169817
0.0650869976423941
0.350333880955223
0.402723131180364
0.174857435740357
0.436529951577952
0.342905866035685
0.353082567853985
0.375851746497884
0.312800118221462
0.423679321125306
0.299379942229296
0.352427581835088
0.28554607874481
0.305829986618392
0.399372804398278
0.323665308474141
0.391440491163809
0.370084226573516
0.281413154516162
0.434365513860147
0.327949700970695
0.269943270310478
0.33721652560847
0.369875643977119
0.406270284317506
0.472025976164157
0.319483495323239
0.383462086578589
0.361519331240153
0.514270280532167
0.427565177678144
0.405269526716565
0.372285158131063
0.405863624565433
0.336381095315396
0.386890957976141
0.48277769895132
0.303278963724471
0.470004128867512
0.397279144448834
0.379277637744296
0.36636155304828
0.373770852857461
0.460734211899044
0.426450229079501
0.512431454075101
0.322022865707165
0.27640100350243
0.378684196396794
0.61328032745032
0.40661368835792
0.566398653274707
0.338161573239371
0.304101335195621
0.3533462492057
0.448416813820578
0.40232191157087
0.362367653975102
0.376292006194937
0.484237553998825
0.464551236033712
0.658362686899886
0.47530733215571
0.490186479727158
0.465697993707964
0.39217268150046
0.501177959972336
0.419247251878364
0.382769987433155
0.543302238861131
0.614717084744843
0.2622942591332
0.517824400569934
0.456867941714297
0.613237653441402
0.329784960858759
0.445840480968996
0.532508836849149
0.441034802162652
0.512705378970028
0.531329323248266
0.383502093666495
0.56344131989608
0.534522135628348
0.541196792527565
0.27643102253842
0.434757499908458
0.423426593657848
0.341068742180558
0.577883436832053
0.407266708229504
0.470355269596402
0.531009832879959
0.43192047780798
0.329816037719459
0.568670669902034
0.454594136294145
0.402450879698818
0.536258422078798
0.482191346126885
0.484877303037056
0.338627810051953
0.476083973115423
0.568125043710342
0.48180998675883
0.562549477885918
0.510747534281121
0.451581741029398
0.440540254780102
0.57987080260409
0.423540092050361
0.542388849705806
0.557966112280182
0.555919125707419
0.509324429685548
0.480475612800775
0.492138648224372
0.416865369955101
0.542994373349187
0.543183212067221
0.64807315755911
0.666857280212581
0.583063293616416
0.351678402299788
0.555718607236042
0.519884819248694
0.611445062097453
0.500303156033621
0.483020003871083
0.604629762099173
0.563558403173558
0.446011529137377
0.587654724865746
0.526758155173974
0.608066785957932
0.557409883622265
0.476140363879792
0.742909517377972
0.608328362005263
0.609385001771507
0.563717836081563
0.627067013971147
0.517966095852242
0.593809859311874
0.459328234044326
0.664254878930268
0.537919391122553
0.56953755244235
0.639325715589691
0.799173276869255
0.61530625368238
0.716623611144696
0.575131656624501
0.565440895015728
0.665226012609679
0.664487407103021
0.758593868849529
0.736683773639254
0.575649375330917
0.64168372085003
0.689964560760576
0.51132861917976
0.667473686513208
0.550207223403202
0.600219224163192
0.548018443007
0.531363408921561
0.631682663842105
0.510488696426464
0.630470909495479
0.772883229795813
0.57039875864838
0.742747049834573
0.747697509692995
0.688289829796902
0.688321776990926
0.616451474718012
0.606231039856489
0.666501475565715
0.81650325992458
0.645715353476728
0.555083774590971
0.700160929463184
0.590163308078709
0.535256386582657
0.637782029380821
0.597754496453133
0.760935356926187
0.694692963413288
0.610935767585396
0.567727432823269
0.61169133746463
0.711122889084816
0.675366003916482
0.752490461971413
0.711726815561601
0.732768011986639
0.840178390661891
0.834967933201604
0.557027546408356
0.810364508729785
0.72404493576906
0.796963975715689
0.656720843240723
0.710567196717998
0.78179166070122
0.72475786132977
0.757053329783896
0.726977243921661
0.691132971886517
0.713933818477076
0.751305050115127
0.717251005630298
0.693068094908785
0.708772984877302
0.635808696567076
0.708098562961601
0.754152803519669
0.690667243276617
0.701320024215981
0.676602291142747
0.841335183575558
0.684245681941883
0.644025855371359
0.741497364224913
0.616408882401096
0.656991035920069
0.750867834953912
0.727722367652249
0.77255070897506
0.617887293535608
0.657447196885798
0.648353903621663
0.778774666368902
0.721686421771703
0.847578407821395
0.771482457901564
0.758849244673784
0.861038515259967
0.663924228510595
0.750653410387591
0.778575109078312
0.775983448402089
0.782222822720447
0.874658400989522
0.754972440803748
0.807425592306488
0.753779459224681
0.80779780905655
0.997282951302421
0.939237639563626
0.842853798616462
0.83905102431268
0.918413820219227
0.780260214036279
0.804253030637964
0.785340684646957
0.827137949087327
0.924879735021829
0.784624942317812
0.775035926769392
0.831015470103884
1.0050353346649
0.624888661732492
0.845908390675684
0.790985405760424
0.856663668141682
0.802023226012994
0.825456635113855
0.784483743230414
0.936784361483313
0.619076917425108
0.939903813881511
0.868702817723434
0.665658131853187
0.9004716073413
0.915455592399143
0.951072905092277
0.861777844745081
0.949138000023827
0.778514345092786
0.79852139084196
0.87390499901936
0.957557501998916
0.905703659822828
0.853016678610626
0.998251534410891
0.84295182033427
0.796082692347687
0.953951926258234
0.948332766742257
0.811053570983384
0.854697523233214
0.885379581029162
0.963491270600082
0.929918325084039
0.99881346421805
1.00275343455812
1.00525864102182
0.928046321823423
0.835604428469978
0.932005562896787
0.945213336772144
1.06932761330094
0.922657907625459
0.937184218808512
0.983538325580544
0.94193783641035
1.01905892095748
1.07867858032023
0.920529904123461
0.891864898759832
0.841640922247017
1.0278285802156
0.955845590850643
0.931211277986243
0.900824508454881
1.06568428637365
0.958380171595016
0.970050804086326
0.913972798146343
0.936041321471213
0.891016669886949
0.942459176388285
1.0435413178367
1.04805949504294
0.834178646644378
1.06103029581245
0.994372338776807
0.832921095868348
0.907898555744572
0.918422300670548
1.0983845025546
0.958732667650275
1.0931518959887
1.01627637544566
0.903646993496039
0.789932813527493
0.993185197568985
1.10382220403228
1.11536596110676
1.07991171563578
0.928190437919533
1.10054084314918
1.03196136647355
1.00481336962588
