"x"
-1.18547089991311
-1.08213891891433
-1.10946038466117
-0.905702679886226
-0.933416371069449
-0.951383548056078
-0.997692230807287
-0.927933461450756
-1.12609165869371
-1.02549404964589
-1.00513029232532
-0.988792885030375
-0.919659347449397
-0.848067554534817
-0.932846285299233
-0.981583862180221
-0.998947515394172
-0.988931588467862
-0.953748933780576
-0.892206546658047
-0.923383968799849
-0.960607252193436
-0.83899457192396
-0.899551012309517
-0.976212890727628
-0.832285411290821
-0.925150183768987
-0.872644266424455
-0.950253219504762
-0.964675097097088
-0.975913495369758
-1.03550547018065
-0.90638906802011
-0.931147576417553
-1.04063916024208
-0.928038285595597
-0.904077257002173
-0.926053655916862
-0.824247432065162
-0.840179256724774
-0.876531826804165
-0.770708336541729
-0.80869766034799
-0.806431071072971
-1.00189809800958
-0.902213074931452
-0.905268565698346
-0.931466188238597
-0.894319112565355
-0.861229483032538
-0.784503990257369
-0.990467720950341
-0.877951658922794
-0.876136093838787
-0.898384243093486
-1.03225924231298
-0.91497265709649
-0.90025138997261
-0.955071659689975
-0.910266419191543
-0.712883595066127
-0.946447169078144
-0.901110743382085
-0.753313601235027
-0.805151919084647
-0.70751344309406
-0.892908782920451
-0.825184368438574
-0.828487299008584
-0.817670601772177
-0.834932901147371
-0.824999507275123
-1.05496488965198
-0.958238415855801
-0.936636195086319
-0.931541473941694
-0.861845052065177
-0.713640426587496
-0.768377693977466
-0.819285136923522
-0.855682466668137
-0.835234561320744
-0.873889598034558
-0.829307346242608
-0.789688655157241
-0.72277607512075
-0.804409225534161
-0.896674024820576
-0.860822959965111
-0.778236336078452
-0.718121545768569
-0.699741254388859
-0.768040431825025
-0.638792092670553
-0.82971481883011
-0.904630757251226
-0.834497401537876
-0.715985215339057
-0.78519790999739
-0.73815709121779
-0.883406634802258
-0.796180101188159
-0.831742955634235
-0.876439921851044
-0.826723244263335
-0.870827859319487
-0.775194714353236
-0.794737421796924
-0.819400279457773
-0.790647778860036
-0.800722492966926
-0.820646027603349
-0.777686678833396
-0.62892739539454
-0.795935114167598
-0.877096446582148
-0.656609066317226
-0.71620758555842
-0.631950953495596
-0.663525077639324
-0.673369869877427
-0.787472738638844
-0.714639990394258
-0.783508932100238
-0.719119163389209
-0.691812400257076
-0.713883160293041
-0.588437639909498
-0.661559841284135
-0.782240780556857
-0.656316631187995
-0.880637451297972
-0.621317746769266
-0.632645887438137
-0.742202720430333
-0.806991202699411
-0.761586871453419
-0.704152667834947
-0.661166671438266
-0.777963445731402
-0.680192817253896
-0.751525118547844
-0.814259405287027
-0.845752243062776
-0.610140790750959
-0.764242156137147
-0.641190499470647
-0.772157122696279
-0.749054893903138
-0.717043434643403
-0.546481952104311
-0.654086867014986
-0.771084655063687
-0.599503649628877
-0.770382309379452
-0.718004858096858
-0.600489531671787
-0.709981389698356
-0.771714592486128
-0.766017052263196
-0.695313782894937
-0.77939467086695
-0.607010256354915
-0.620235048320939
-0.67680039338371
-0.575674848109707
-0.554398725258423
-0.705352405658886
-0.554055491714599
-0.763350921517154
-0.715364150816126
-0.659812438301292
-0.753071046612121
-0.541812993081656
-0.721652965880397
-0.654429592320589
-0.69645609061471
-0.587066891635297
-0.688659896060817
-0.668925391839742
-0.70181143727634
-0.618441226942772
-0.589148812877101
-0.563813159046825
-0.67128440776316
-0.639830597227736
-0.590256870147549
-0.677303192148066
-0.65926570899605
-0.827936799224428
-0.524633462288927
-0.670888133808233
-0.637627489768407
-0.636188602183887
-0.631909151964043
-0.673908292779638
-0.546783132488079
-0.720247383003349
-0.553931714163631
-0.580519525537131
-0.604148349545909
-0.700604457304604
-0.642068834471123
-0.631274540891129
-0.63170452041574
-0.647938893860254
-0.432840936054949
-0.515904080343794
-0.761026861582423
-0.642228640333053
-0.548265529397442
-0.490735438445633
-0.536844624722299
-0.514944997102594
-0.68524324211372
-0.409456121749173
-0.425432267145935
-0.713887970352468
-0.624929897929575
-0.564327247717819
-0.523435679741873
-0.508414006547906
-0.634794425341752
-0.4346825160654
-0.494796988732609
-0.6590221564392
-0.689678606617279
-0.470891004363685
-0.39650055253141
-0.438513950017927
-0.620774635252103
-0.563095164915364
-0.364125385612569
-0.577417810328195
-0.505470880112621
-0.546899888504554
-0.573236222295689
-0.409277012893967
-0.56221975656787
-0.514752180885632
-0.561717038671471
-0.407965097276566
-0.570144777798152
-0.488569783573572
-0.407081513938473
-0.530971206582887
-0.560434579199276
-0.562449913177036
-0.438937633232446
-0.496683871340153
-0.561666732574477
-0.535346611971482
-0.519034257995666
-0.540578183822339
-0.659937976673026
-0.456834496341405
-0.420375202043319
-0.381323765499885
-0.462556559579688
-0.549492962693075
-0.476079612634963
-0.421453417550616
-0.55066930050446
-0.406339988431203
-0.50614622521644
-0.443056262081784
-0.467316051646802
-0.47888646065911
-0.346231916578876
-0.369858796602524
-0.492644036680793
-0.547605389299485
-0.484821987677547
-0.303538880563745
-0.471997863626363
-0.427197784869478
-0.359453603493869
-0.496650999456496
-0.54222521559053
-0.452987153478082
-0.317990283033918
-0.371004228201083
-0.525514887997683
-0.412700449784014
-0.388871684260367
-0.357852470366928
-0.463658952314613
-0.470108788007104
-0.313013803543512
-0.352243672858792
-0.395372138722256
-0.555702677421588
-0.386358630164695
-0.396886807188248
-0.429815514114918
-0.31584304819191
-0.539344185258863
-0.349486129653061
-0.48530167429486
-0.46938406363909
-0.340671781516353
-0.38518912314716
-0.356778720572726
-0.374308009145309
-0.226694834447026
-0.227730115928198
-0.371353238401805
-0.436417236884117
-0.298951602920964
-0.470304379206447
-0.3170672221908
-0.543546198430919
-0.455387262176449
-0.246251366911279
-0.394132594005627
-0.283253139006759
-0.382410537892615
-0.529649162897719
-0.262729727225796
-0.299039425272685
-0.282079910739804
-0.350375695478085
-0.236050757538008
-0.237553232523382
-0.338669176664527
-0.318953686173705
-0.360173471424611
-0.306456051845205
-0.457274285874984
-0.350927499685668
-0.345056233394385
-0.313862002138413
-0.135052843416967
-0.41711963828442
-0.458197835674292
-0.430225644197113
-0.347621983280957
-0.392684529035935
-0.314370788331234
-0.398311417367837
-0.306054810628566
-0.40907161920262
-0.338608027449934
-0.246025968217086
-0.353269909418414
-0.263069595863328
-0.424819828909027
-0.290502861556286
-0.241365652259369
-0.266716923979429
-0.477023805236456
-0.348654535960444
-0.264081684103052
-0.218837467002417
-0.298951410486126
-0.326415990678297
-0.284250681031079
-0.35083834562964
-0.195751751728003
-0.309347722294217
-0.255891722671932
-0.391588821602281
-0.350893716650275
-0.335132066242173
-0.284171714906908
-0.384738487455409
-0.279936870166378
-0.245062185889598
-0.136028046724324
-0.120611356515448
-0.155463215714019
-0.318205160036448
-0.3061070918595
-0.191752831073676
-0.316214322408055
-0.165639320159468
-0.274888679358646
-0.0686415711516877
-0.288998623186059
-0.474149681061159
-0.321036616563992
-0.228077428205681
-0.170210494256803
-0.378345093356737
-0.367539055938465
-0.26270208885267
-0.17505304326848
-0.135453173386514
-0.255555267101586
-0.1677398501119
-0.27743883113187
-0.142141274237671
-0.13607618935143
-0.365593704426002
-0.167922180144272
-0.285770429961576
-0.182855438056252
-0.162890712871985
-0.184744688843435
-0.206384373459031
-0.115610642021537
-0.185800924392062
-0.3426340092043
-0.223719467028514
-0.0612513461599493
-0.327610108448781
-0.17929579678985
-0.183910617423457
-0.0149328137134896
-0.186109560757081
-0.16460909068393
-0.0909368941087807
-0.232652508966074
-0.200976503913372
-0.142872829823882
-0.352970310679278
-0.100914780844934
-0.314126736690994
-0.141722048615247
-0.0873304351775467
-0.247595728686927
-0.152102619650242
-0.228224760842524
-0.263608922467176
-0.241930050884513
-0.0960518773982127
-0.120622993290556
-0.000972187403287403
-0.188161040239829
-0.0709255569777581
-0.220835507285363
-0.283004473547046
-0.230705605654361
-0.158455553011062
-0.242607620514524
-0.0774448680860521
-0.186729799880782
-0.0320051119177913
-0.0810088282674168
0.0428521534179547
-0.0225041687517203
-0.121868111240726
0.00714917067459007
-0.193682982548682
-0.18290635840019
-0.141505280453842
-0.110114905006223
-0.0111370204522997
-0.189729029557999
-0.0822068165620617
-0.111132957446491
-0.0190604189393966
-0.180417714736704
-0.197378063258498
-0.154739239112718
-0.0664396646435622
-0.0845916170380404
-0.0128647114806874
-0.186152887552096
-0.199947603694034
-0.116277769260777
-0.0409532983573641
-0.184769929515377
-0.163358054221348
-0.167721733123235
0.0444865783687397
-0.0867002628458253
-0.0551258027054577
-0.159464021214891
-0.156745368019071
-0.153581296313409
-0.148671654189166
-0.229693162975961
-0.109988791817583
-0.0687030609949663
-0.0985950397755822
0.0870015947567023
0.0128727150461897
-0.145276301690222
-0.105014104428316
-0.144676903140384
-0.0420424280971637
-0.126343158404387
-0.191738970728883
0.0921108317568108
0.115759227830536
0.0639097377801236
0.0432916128414017
-0.169602517168011
-0.0425564477447648
-0.0387120330107776
-0.0315549331000274
-0.0198060546477943
0.0432788941299104
0.0437333759433977
-0.146612937610612
-0.185877026198405
0.136407767317609
-0.0894296337747739
-0.00470619631438831
0.0510613073150604
-0.0877615834167493
0.0499000152959271
0.0474715431940674
0.0248476609353595
0.0420369449303191
-0.0878222294322327
-0.185973880944285
0.101710635628157
-0.098943662070106
-0.0199680620747327
-0.00519347997839737
0.0551039834436289
-0.118716047173019
0.0431540261761918
0.178162032151793
-0.0383004081610598
0.0579920714614052
0.101611465681832
0.0706813880853678
-0.0170575772489325
0.10453143493709
-0.0185211803650585
0.0326715573418603
-0.0155950278358532
0.199561045537503
0.120521823994302
0.130347371803286
0.0428741628595808
0.0742572487266544
0.102974060476295
0.0553811791328504
0.0356173732065625
0.114618944445151
0.0602491557325053
0.109739539096252
0.0535663975592564
0.0270526259616636
0.128913289179328
0.00960082181446418
-0.0337268468325911
0.147274374961985
0.0826997298878324
0.0256720108289428
-0.0437993180386755
-0.00897625636061056
0.190636182106839
-0.000514861372920345
0.148455864980667
-0.00570946769351333
0.0435243328936854
0.07862082424401
0.0268427364105664
0.178834784535927
0.10819649713821
0.230699066280853
0.03529500227954
0.177725390684016
0.0167896180783863
0.165145908725846
0.0431490229624752
-0.0991055677130745
0.127107126175743
0.101676631539731
0.198047345869426
0.240871374864265
0.247438059685613
0.0154557323653786
0.117407900401484
0.23075172328877
0.149163016946839
0.107508411306677
0.118152270291566
0.101737265858286
0.148155839717435
0.160363774854422
0.00673749346515084
0.118003288081445
0.188398407945765
0.0822854408184088
0.321526102547387
0.0398071549508334
0.212942413355545
0.178321728465429
0.167126638338259
0.110892078068317
0.245525458936175
0.123682567588301
0.159813674475978
0.316677689912839
0.30493713927102
0.272972505951368
0.112867294019506
0.0842441177039891
0.138113473722514
0.199554317110592
0.122481052343306
0.217702954804191
0.136714585063909
0.317579349986173
0.101441785183562
0.0811382929055751
0.203204067201384
0.176043193406176
0.372824496052622
0.312392136037331
0.196784108209269
0.34087093598451
0.236250680806831
0.244976226891042
0.262582610405254
0.231468378651639
0.192721062047847
0.141148838167638
0.262206018029503
0.311038162030779
0.278272526537771
0.244568491581372
0.342690628791607
0.260076677082121
0.350639557724361
0.222349202452081
0.144563556192622
0.244496961512481
0.278572952082284
0.28632664824091
0.139840650040449
0.351908623687668
0.245585681445145
0.310373104104325
0.288992296701326
0.123499747645686
0.0903131963107035
0.18692261339348
0.387752258338955
0.293817439936509
0.259820002587311
0.293331187506995
0.344758341819213
0.231822340617416
0.0821785533587495
0.370636091116092
0.312376039177841
0.228475580870757
0.356863312405761
0.0814862026956676
0.322891139223731
0.21209565117505
0.225072630088336
0.286821814263492
0.257150685950533
0.266024349088192
0.378723303523591
0.334803774339205
0.410418744943126
0.368728357889373
0.432435185674756
0.224356546794128
0.387959296309738
0.275913342511567
0.340533659990161
0.206506796031848
0.364487527387876
0.225097298547112
0.534821250998235
0.470148504788194
0.283295436494085
0.329532195115437
0.35854842573365
0.369614085903866
0.267207877346023
0.267889895140293
0.310296736770218
0.330791665062338
0.422963055352456
0.374542193255743
0.266142156107884
0.468180108890838
0.455575517263538
0.40737062747901
0.463270489747366
0.50842850593386
0.343363513482037
0.406442649316607
0.539453362545754
0.162346429539581
0.357395397923078
0.418327300307256
0.258274435018017
0.297510060044882
0.260422960497335
0.513491893699644
0.38634062620794
0.306470951708642
0.488294361616007
0.398653915691701
0.381472852727656
0.377135588227618
0.451927009647115
0.337481597546461
0.491595658755104
0.42007835005991
0.450954007052676
0.395247639167907
0.434296035698649
0.359566687547494
0.397840121749457
0.456773289002574
0.397409575114032
0.406896755890285
0.430923470726854
0.297853929791574
0.382477742165765
0.398604802244377
0.49925335976129
0.389022119311579
0.479073918025319
0.36707348103002
0.434074590676971
0.460213867454149
0.280224545305787
0.397508535558542
0.547764724591327
0.479327192668042
0.550799060308221
0.638752499131092
0.436547227004393
0.462878576375851
0.326297194162864
0.549330885360775
0.47231398870218
0.340832997183748
0.592466772769785
0.484383895235269
0.449794333618801
0.594059319863735
0.43019344060185
0.537019549875044
0.537035940019308
0.569113262963759
0.455470548204508
0.557874544720048
0.434575796907379
0.550083361399747
0.409831554876056
0.386308667316532
0.445755216344347
0.756004836939836
0.524438561639523
0.489908194993659
0.428723953475157
0.507389414985892
0.564489835282756
0.535104968697778
0.401936295225245
0.572243114023582
0.66239022547998
0.463840658469436
0.43628620362237
0.445649152844081
0.38253960160474
0.513299374704475
0.574969822966098
0.465327399108944
0.502232145442816
0.531516558592874
0.457034955858816
0.443755822805812
0.526980973963115
0.539217355283788
0.616157286801452
0.653969481878917
0.628288702886017
0.351425210488518
0.503665722386924
0.582022075954501
0.59285944207001
0.587772530271771
0.445673350532205
0.577876765224199
0.614355948818779
0.607873326040371
0.570373173447292
0.668894404896604
0.567894510960491
0.530797846762087
0.610936677423402
0.564551600960464
0.656257101544862
0.566034672393363
0.606549036976227
0.388966577118317
0.454828179715233
0.582707714436503
0.554925182594515
0.635452191877562
0.550464866048903
0.572519237587153
0.532997554038532
0.572446630847696
0.619000158571861
0.580975901805555
0.441677105523045
0.825665695424828
0.663736869025537
0.576118010840781
0.576977880935598
0.703584681148068
0.527650340393319
0.701008151299034
0.592890412415288
0.605620736628846
0.595940129967104
0.632731067318505
0.620817499072801
0.634892228170296
0.715028671358924
0.574792616541992
0.748976325692207
0.557334449884399
0.595621223013465
0.691649895349586
0.598408524377719
0.59859215252884
0.761271891533983
0.744583333928328
0.618115080158473
0.659711347808691
0.656263890109274
0.729882923854336
0.739677693068537
0.659786939376464
0.75456607606063
0.776166390487944
0.721609419352456
0.564201716887447
0.605828066002846
0.70346458178697
0.7425919378335
0.742623041043799
0.654539164620151
0.525085327019743
0.645060192653709
0.781372375642372
0.612647205277263
0.705171894526683
0.700179242742561
0.821948688087214
0.662961265309512
0.64353131047746
0.590895073133884
0.760574564267624
0.777909618614637
0.606353862942409
0.668998222643649
0.681104766015327
0.671686366897092
0.700812072173537
0.647416122241229
0.738504073371461
0.597209967374342
0.879598515478727
0.612287040254053
0.547568123060569
0.788481960657843
0.72216412439843
0.78431146051762
0.693689986885599
0.851543891498475
0.671006010488878
0.740831324704696
0.685532957536488
0.719554639636394
0.727712712407951
0.842246098339322
0.873216089875867
0.889296901562873
0.757641934119341
0.674882526761222
0.558947170643846
0.739588982535334
0.724030139115459
0.824397876160137
0.746389213373764
0.682835099933611
0.879497068639823
0.691613366048729
0.858924968509102
0.782366019437426
0.683272276351606
0.830071155577516
0.728088222597161
0.964774681927259
0.756683665091287
0.677081017499227
0.844531121652213
0.825007152832157
0.701152271977845
0.759229248918965
0.749259926497663
0.863354540681418
0.766072149109781
0.826302129353994
0.666162769058917
0.666109728291918
0.877346199831154
0.839855273295434
0.805575726454054
0.868502834015301
0.845550460703253
0.93467686659206
0.820562850690097
0.784159622581689
0.89250582742354
0.951428221110853
0.781386150100438
0.905212308369915
0.659901894583699
0.744535740935583
0.842173787310941
1.02210616901519
0.744017524119983
0.891149240324766
0.807851751065727
0.674608675878221
0.846072009131887
0.909648674074073
0.804765983058835
0.761810020088035
0.892168302891444
0.894067642045391
1.00293172337728
0.886327353159573
0.91677350279511
0.878320094003007
0.982559726948007
0.811785175614056
0.867208721933312
0.957403650062412
0.757640982121721
0.971195681367138
0.944453952357774
0.689706983028005
0.88976125158515
1.03963815983263
0.914018849396069
0.74971151451987
0.951913801122785
0.794680543243259
0.917364041938899
0.87159203431903
0.745062215912906
0.865103499124578
1.08987083049521
0.819643919678299
0.812847627476695
0.973700830892998
0.929836769287021
0.879669007803016
0.959917295677567
0.890071914753623
0.874490921119715
0.915306460441183
1.03857008834347
1.05044617340602
0.834322692853984
0.905120034359801
1.08631160743263
1.0515385406097
1.00876824679852
0.977410463621775
0.955532640354873
0.820461473232111
1.04055084555256
1.00196814930331
0.901919956906071
0.80607484645426
1.02535588206058
1.00195139956513
0.80106360191644
0.757714570187828
0.83535958977271
0.982262352434983
0.836166071190836
0.957252337944816
0.83142013640291
0.984188398936738
1.01219640899337
1.07051502661903
0.980990360058211
1.00161907989317
1.0071526513067
0.962258533245818
1.04338990667497
1.04346094386969
0.983977035973979
1.03376820317471
1.27113507533616
1.14603132756492
0.986628492063956
