"x"
-0.941505424676736
-1.00881165416147
-1.13835328920888
-1.08381846654883
-1.05980789764778
-0.99808405853708
-0.920885942612116
-0.9069395830361
-1.06154821004619
-0.954206075566902
-0.949161441035915
-1.09119712852835
-0.919585487357026
-0.845482417440237
-0.809010248762261
-1.03803910437613
-1.07388569619838
-0.90864080377798
-1.00576556725738
-0.802442611223564
-0.830102063943158
-0.881328188068531
-0.96110163439177
-0.985096547358854
-0.850825437860278
-1.09068461997698
-0.982470075480659
-1.12434470782236
-0.937510984072352
-1.00651020811032
-0.912204130600354
-0.889333841420294
-0.959078906974808
-1.00250021352544
-0.879821523070338
-1.00642145611634
-0.895240106750969
-1.08628499830195
-0.865822657176769
-0.908163658850203
-0.949802376076818
-1.03319852946949
-0.961487869432203
-0.960486144667177
-0.888355799692866
-0.949593360179093
-0.896011782555627
-0.707972692445827
-0.884656516846787
-0.956382268238507
-0.994796431748036
-0.902951825007303
-0.822406809440106
-0.818760367266542
-0.912764234168105
-0.932257800143559
-0.834451384519692
-0.884686692057923
-0.875549108490986
-0.799832561708907
-0.867144952624162
-1.03690206529435
-0.894338070745508
-0.832503480196636
-0.899618870079877
-0.884578723934675
-0.790126404218367
-0.882866506848914
-0.844347836283247
-0.943518943577846
-0.713332273376988
-0.717715130611294
-0.993899117957852
-0.91440423064598
-0.795318627306586
-0.860461012325541
-0.950836679271686
-0.734669881867169
-0.897859865455087
-0.781778272397555
-0.82264500033964
-0.74573546794177
-0.977330768388102
-0.753111956549984
-1.03855515626858
-0.823044860175237
-1.0117409210963
-0.838372965541005
-0.739779033971958
-0.733992590442506
-0.777419860207146
-0.806007961728067
-0.834117374342542
-0.801164967814838
-0.783710867432061
-0.808948754935105
-0.782562616190446
-0.671841425678182
-0.896942756628839
-0.729314211337185
-0.76999606102991
-0.834471251169834
-0.590809742554156
-0.694166361179461
-0.754119920973759
-0.799824792067039
-0.718966691353048
-0.689710893397639
-0.831563097169382
-0.753108607253582
-0.583865326354721
-0.835020715801705
-0.837578557249766
-0.749615662226597
-0.853536799500398
-0.851988351750597
-0.759919997674989
-0.774057387942687
-0.602159693934108
-0.767708327398933
-0.640824093174076
-0.898361065033285
-0.826445794621479
-0.848715351628938
-0.853385804827592
-0.695534870656495
-0.898493382532605
-0.725076590063943
-0.819979091104631
-0.661952832273601
-0.687843802689675
-0.738025327991867
-0.66671396411513
-0.837338464136248
-0.732033495483798
-0.765905269293978
-0.681032576999496
-0.802953408139641
-0.669221097374072
-0.651193068774938
-0.634057899662238
-0.57894128857629
-0.895976393315484
-0.546590762864994
-0.662907428012171
-0.75260789185241
-0.760872989220157
-0.706568960954494
-0.668261459279724
-0.643722926489963
-0.577137368449436
-0.583592797002711
-0.643963935049651
-0.782274297098086
-0.746848790898959
-0.643736657986517
-0.688983064731538
-0.61744925794029
-0.683571613426788
-0.638838793199629
-0.766212979739109
-0.634086498135095
-0.656682850107206
-0.55860875511499
-0.588580032807821
-0.743774880868619
-0.734983806057219
-0.623723617369262
-0.756121300603843
-0.724496430379295
-0.582158849738337
-0.609200380824275
-0.542135474102662
-0.696723462604483
-0.723646119245377
-0.640975708062786
-0.719232642933851
-0.630182497486902
-0.807813633910886
-0.637847269919848
-0.732447331318402
-0.608882788930779
-0.638883836494456
-0.676181496531826
-0.67934967675683
-0.604165247093668
-0.627608528841568
-0.5850379901254
-0.621830529365298
-0.749631028878509
-0.632790948870566
-0.753317179654193
-0.50473975209662
-0.620266558292641
-0.671286200546894
-0.596009949719891
-0.657040446832188
-0.583204807574856
-0.637861993524297
-0.702536813644749
-0.714235035037936
-0.501674720007823
-0.554900919716681
-0.511516174726345
-0.656956895715973
-0.621119894808775
-0.383930468496639
-0.589287702462831
-0.47493967099275
-0.307888759071944
-0.50203565311015
-0.524941971874405
-0.654731636659101
-0.508975519114006
-0.628703515888905
-0.532343157292078
-0.352822805501236
-0.516671895508321
-0.710688377869284
-0.72021291522503
-0.633049046341822
-0.600827863883002
-0.395886767162484
-0.813926846453624
-0.696442429371912
-0.62894499255217
-0.447800909123628
-0.493962168957445
-0.375366400452995
-0.568830904094014
-0.66002959766097
-0.667169815208112
-0.59241950391147
-0.583377374236637
-0.537927881190473
-0.438193636232173
-0.718340310476704
-0.455204633891828
-0.53241005211513
-0.451262743338456
-0.534712624006069
-0.582959744069756
-0.503236836835105
-0.565189251974343
-0.592158774722491
-0.347399189927342
-0.52295921937916
-0.428115272063351
-0.445290857097522
-0.656963197453228
-0.402352793260421
-0.485347686176417
-0.426418933020069
-0.405976122095027
-0.626345173172136
-0.474155407497518
-0.512575956877447
-0.49276296463111
-0.454357851091578
-0.394383996871681
-0.586939956145163
-0.524332651722548
-0.259098949806373
-0.535764955424402
-0.619538163716729
-0.570296913034621
-0.411973026392072
-0.555161498281765
-0.561032929149061
-0.471714610674384
-0.462339791122385
-0.346064268631725
-0.404777473426709
-0.425857662643846
-0.439516603856612
-0.678877082583146
-0.456455248341846
-0.497401681018478
-0.438522264602944
-0.464089381848138
-0.437246800471736
-0.44845103020279
-0.484507280129127
-0.426657598072811
-0.472761239836098
-0.477089924156272
-0.383945055079586
-0.434603630144907
-0.342391861436425
-0.649781570868855
-0.470711776770338
-0.402125099983314
-0.594800559213513
-0.455855238612572
-0.365504425876597
-0.436236195622785
-0.436879836677866
-0.439583354836537
-0.329606518773991
-0.551171024574502
-0.463813444461623
-0.43831395669332
-0.317531272515298
-0.411467064232066
-0.248444281934914
-0.385829217153339
-0.558375302060805
-0.181821831630451
-0.326302730352998
-0.289699216975298
-0.347098514668063
-0.337414179569395
-0.394439569702622
-0.228344999223106
-0.393542611748138
-0.352236022154839
-0.34831517858605
-0.174917974381684
-0.469071708551152
-0.396756227594487
-0.293068793434296
-0.358748161230956
-0.329006684895988
-0.431980128535169
-0.421413378237481
-0.415832514031108
-0.176191528263691
-0.283128473833352
-0.375817518972952
-0.459023716799422
-0.193027020860423
-0.218707122557375
-0.274730538710176
-0.300710747978086
-0.307029193116732
-0.370885998185024
-0.288045126414577
-0.267672075623725
-0.33660513108709
-0.235560015780098
-0.31245269520513
-0.271672224649885
-0.369851132444824
-0.234029935646287
-0.349671739246722
-0.359861610223676
-0.280942034004484
-0.373602757655298
-0.272099681545232
-0.417726906061317
-0.21665985476951
-0.302925365208863
-0.29671963422783
-0.159146590195535
-0.402606886476079
-0.307765367538298
-0.283764875219116
-0.324967781380913
-0.240945482453479
-0.261279327447545
-0.25926056903985
-0.360714856381035
-0.28636180518854
-0.137335140796136
-0.204744418297089
-0.274813394759623
-0.326751540532922
-0.223198541397095
-0.207364986864609
-0.282167019999959
-0.22309751495649
-0.287037522301601
-0.144233168352166
-0.141343464871686
-0.301071855864137
-0.270091671593597
-0.160021726157745
-0.326033389936936
-0.163202306784329
-0.244371169713196
-0.246722030201215
-0.314617308878361
-0.147293348559603
-0.182675857599639
-0.181274713404332
-0.249770728501767
-0.289893387189543
-0.247540535776656
-0.246109249342237
-0.170675312565897
-0.267556993189409
-0.145984421897074
-0.244693603965437
-0.266358027716504
-0.26115561983202
-0.224703964946645
-0.0521164712329839
-0.320352867961054
-0.23983677876088
-0.0403794166741723
-0.164059382087937
-0.323809698473182
-0.0668228159718156
-0.150047962045571
-0.274534813097851
-0.263660239480899
-0.000549912761824341
-0.329015818557484
-0.203654286931162
-0.0867695657381627
-0.196271406586139
-0.0768515893099361
-0.182055742384674
-0.179757381052063
-0.123487914139676
-0.154273721220768
0.110682653710678
-0.0342076450609971
-0.0738298428014831
-0.163097910378759
-0.143113648957791
-0.163304723146177
-0.138214907888849
-0.115931767919142
-0.146351670435865
-0.203832714854087
-0.0105974722596296
-0.040570283797918
-0.0426953749626008
-0.187121449991656
-0.234740252931889
-0.177911990046406
-0.0940762041053894
-0.0724117788875769
-0.100001539164182
-0.111397434608903
0.0576603892867914
-0.0561204124976844
-0.118853069326062
-0.106182065772563
-0.10306551934025
-0.213585180712206
-0.267469184054818
-0.198547696431508
-0.174977528288027
-0.211487552264428
-0.147810859185686
-0.276703681866224
-0.222324771816093
-0.132812635992912
0.0704913519280563
-0.0864337418329383
-0.0266225051221835
-0.119579094884495
-0.0312577723516019
-0.132636177911855
0.0157625288440334
-0.0992911608483122
-0.150280085024722
-0.165764907990628
-0.0845772737419103
-0.0183134107848047
-0.0915665370950259
-0.0520036137961966
-0.14077690509369
-0.180535798239817
-0.138715261313991
-0.00783583455462024
-0.0335897186099137
0.0264333937132016
-0.0789457842501188
-0.126437101750325
-0.0242037122658956
0.0110167956642273
-0.302883828967784
-0.148081425862716
-0.236432041079277
0.0153123646239694
-0.0505554813556422
-0.025680893259182
-0.00865074735240181
-0.0869237452407765
0.0549834893427294
0.0324124568432657
-0.034974608802539
-0.00918378558219255
-0.188343101054955
-0.031003054337746
-0.0948132605400875
-0.194559432518362
-0.00696071732867539
0.115311271055873
-0.0180912527295051
-0.145185537898763
0.0696678601197873
-0.127756570583182
-0.170751070023041
0.0278460315847635
0.026926334608468
0.0139167017216111
-0.0314234254934448
-0.0225946399855885
0.00671561069975921
-0.0205755302771073
-0.0619967111396726
0.232310463084988
-0.157581912813043
-0.0388716543682054
-0.0344621703263431
0.0484886407309339
0.0405383274797072
-0.0553447509132713
0.0188792820092144
-0.14660357983995
-0.0185593476982965
-0.0241657000628815
0.0522623278173763
-0.0158020751714693
-0.0121073429010929
0.164557228334305
-0.0695557595959515
-0.00702430472970459
0.0480467500489819
-0.0788407703408042
-0.00878570979399565
-0.0281518888587729
0.175631115106327
0.0658668694987226
0.0659405335471542
0.193203454147611
0.0555410609190528
0.0116177481919205
0.149801934621551
0.121173120123622
0.102133084328584
0.198799356440034
0.100696159294933
0.0527699769039426
0.173322492948828
0.139652770392971
-0.0658131098121079
0.130033907587438
0.0791096315303729
0.049867739739797
-0.0047494299899105
0.118371070650604
0.0539215055867818
0.141573112553924
0.00133495791836986
0.10132067688448
-0.0101088000422316
0.206420877987026
0.0985773961716801
0.14501495403401
0.193620852385105
0.0587535915615036
0.118795078921445
0.171887258123284
0.139848009379456
0.222188711350624
0.00825836358582839
0.00938828410945894
0.0666584769260883
0.0510513301712994
0.373210549703172
0.255826405466037
0.21337935726943
0.0306849359091043
0.178432886048016
0.0308417508478765
0.138524729818898
0.242103147614186
-0.0195072377912552
-0.00183672593931914
0.0946158787409885
0.19739006334552
0.168470757448269
0.112338125215806
0.211741781503417
0.2463260820153
0.195543783180769
0.232613474173306
0.0841900492730263
0.19185142342236
0.0831653420803338
-0.0165858541273247
0.12615974564415
0.0910907037141379
0.177233661046521
0.275281113058567
0.214738291412109
0.197182421941754
0.268589334191098
0.190825873441507
0.169909957422131
0.199545702313856
0.229865738930371
0.195978426113435
0.15168605491082
0.105954478054966
0.202422667740852
0.231727457691074
0.227386042612802
0.335431250636029
0.249157413355297
0.0152687313879073
0.221534102683521
0.205612649202449
0.362688837616434
0.135470775605897
0.263345324800085
0.262760297402473
0.132738797628484
0.392147232042483
0.281666021065204
0.218324074507143
0.238536653094348
0.127563191570971
0.290432119668818
0.468523828657638
0.363677075878995
0.153523240969884
0.262514334650808
0.228425114921029
0.311097476450281
0.295032603906444
0.376984389123799
0.167940706537278
0.306798922391574
0.344194324518538
0.187613720212533
0.209477940627865
0.268968192562254
0.336345916374142
0.259807614839341
0.409422885499911
0.293009219186586
0.452096166342254
0.245879920541207
0.266611607986862
0.305286950271681
0.291702700540216
0.225724830612857
0.235513967862094
0.22797490736296
0.35810919437822
0.407246355610993
0.342429629204203
0.249711778064777
0.434635598305249
0.526267162509799
0.410193269848768
0.359421859124708
0.357080016515891
0.0719666746279064
0.33613927096647
0.381504773421527
0.170929749055087
0.423015791908986
0.341575051458586
0.355607333369592
0.382091451028549
0.328905695657589
0.431377595624675
0.287086940361681
0.354591296945154
0.298300886212742
0.293877409304737
0.391742416961435
0.325222463744825
0.376753383994913
0.360706656785156
0.255531245091151
0.442083365398639
0.330035294773526
0.265127200633832
0.327041419441767
0.340095172229096
0.388885362755156
0.464561164104255
0.309884599550794
0.362204440143649
0.382444520151729
0.508659811148473
0.424430339907635
0.390124482955786
0.361007996204567
0.414809785736762
0.34446513692761
0.39422269789461
0.489571244488909
0.289905951960905
0.479681489767347
0.377189193669109
0.397810564015606
0.365803148070395
0.379150489569905
0.455589006523551
0.431357338780382
0.49161476092587
0.325780925045678
0.27789821195974
0.378399873537686
0.620406847367753
0.369757539799502
0.557234713711245
0.365231737222413
0.281639884033002
0.325603196256373
0.445800254745346
0.419792314049426
0.389705670014719
0.343829959951276
0.487355049743942
0.431379799367694
0.638189662561325
0.469544393279627
0.49429609956153
0.462683546208621
0.391666370725777
0.502304064800743
0.419035548581059
0.351559870692303
0.53669456089294
0.622722723230864
0.274469741728659
0.512072988917406
0.462933128371572
0.593128886955806
0.316368430154232
0.40793118860683
0.557830232016007
0.445957567594808
0.526181030314244
0.511069972243985
0.396564268268098
0.557704666358884
0.535976124453976
0.519177700528327
0.254422257598216
0.449556333688851
0.419060639654488
0.351290080604022
0.5718868391067
0.410855817069163
0.50106685812082
0.540874283268185
0.43398756585146
0.36895022176911
0.584742390726067
0.460685488244179
0.396103537385639
0.531937212549242
0.461965982640574
0.492931664167965
0.344445954263162
0.468521309157397
0.556085604556847
0.486867827873907
0.550845182800911
0.533565070639429
0.467169395867954
0.453440903744776
0.578952707092525
0.426015985671464
0.534621701803531
0.539899583200207
0.571501990375273
0.502332344680648
0.477984662976813
0.487576164353075
0.399875924966434
0.537492059267912
0.544646479131166
0.636435160315542
0.647297528046291
0.585139820018677
0.372749751320167
0.55526952209701
0.511026211995237
0.613865159974217
0.493923619231007
0.482208059645913
0.592548913763055
0.605959324205502
0.433885576219865
0.574048230931931
0.508602013501989
0.635713616376039
0.549287819161955
0.46431881940684
0.743016703844876
0.618737073655862
0.611970334024945
0.57608592161275
0.63052935342886
0.527905087702
0.608414943889621
0.45782103591365
0.674369376505663
0.547533374156146
0.576509680591709
0.651789507069936
0.781439847562027
0.61368667997804
0.696798282789716
0.551011462841123
0.565211049145373
0.67964394098321
0.655215712834401
0.748190188187627
0.725451382778442
0.589184408127535
0.646512253994311
0.696149453103686
0.511954832295565
0.644617644707968
0.543968066404626
0.580330511821107
0.542016984930063
0.511757425537674
0.627583669333634
0.523510877659286
0.627178212324678
0.783913145939621
0.564099756624312
0.734035442978786
0.762336597245447
0.687993941468734
0.66032671486875
0.637121218623843
0.604094919815206
0.681982987896506
0.818931333644597
0.663012541280083
0.566398237932005
0.702350242840586
0.598256832212121
0.515394884620531
0.620994321183904
0.604955399243528
0.759404153050785
0.69677358255786
0.627323024177686
0.562192522430794
0.624729694579963
0.714763011824478
0.690584194162228
0.767422468678396
0.686327760938097
0.732323912298163
0.85799231547205
0.84517073370807
0.549893149198492
0.804404172073995
0.729028692339557
0.802609595382875
0.651822201446621
0.724907072529414
0.789201077739714
0.730400843057085
0.775937337719439
0.748837920258881
0.685179973331338
0.716182817200333
0.778720819677153
0.713583573265809
0.678054214647953
0.720402268601834
0.632083165886056
0.719090312127144
0.748131909488269
0.691400906088111
0.677986751186593
0.667220032565844
0.846547884320393
0.68494959727601
0.654544885885389
0.741256578138292
0.596065791901309
0.676894665555055
0.753936801786443
0.714045834073217
0.760263616442803
0.617709990891525
0.653493083337586
0.614343234261696
0.776633716798808
0.731146439507413
0.880605368778275
0.774909093447921
0.740962189906933
0.880424995932272
0.678493323096478
0.746202341216294
0.773231719413908
0.793474725668191
0.791500835230916
0.875844547200991
0.753817967206171
0.826703940196204
0.752605399800027
0.807449299329941
0.99644667436234
0.913171975961905
0.837786816998858
0.811915272638922
0.933705270902641
0.780254943003763
0.796074674095377
0.811190436391345
0.815277313804526
0.946770008587496
0.77340215957433
0.791358883688744
0.818696105668926
1.01220100336815
0.632466078871807
0.836205500005525
0.775083166925819
0.880986599204521
0.826957566353537
0.840465499709286
0.789293847138491
0.914950818463354
0.645732139716523
0.926654923033747
0.878629555442755
0.65962263250632
0.912559908226762
0.928961923237018
0.945199036012783
0.857703587053628
0.947950874407116
0.783131073214791
0.788952973950058
0.880914427302443
0.970580715220898
0.909070110013521
0.855688807134714
1.00378507448524
0.850652569342296
0.780388758011068
0.972963728197908
0.940444987763394
0.825278142459398
0.828210554948608
0.88901027500979
0.980436434636828
0.940837338696415
1.00323901772873
1.00051506677469
1.01208473790769
0.945497552223897
0.830624136973502
0.899538480802533
0.969012325935478
1.03611175455048
0.928788794989107
0.914259214650079
0.964116570523122
0.920740827097531
1.00883136361308
1.077922641203
0.917937630733939
0.895293989314464
0.829395151037881
0.995158072759026
0.965696424553967
0.926238195417148
0.901228219575969
1.07475662080753
0.960038266869624
0.951311200203898
0.932485016690908
0.921897755328319
0.86340070651664
0.94344158099491
1.03767539850829
1.03880196089198
0.837794626871671
1.06676649262322
0.972964188981176
0.821184547998306
0.920171163358534
0.946973795535616
1.09553461737032
0.964836374781875
1.10039612369039
1.01359885041929
0.909048093296987
0.785872731134481
0.992216824954752
1.11842016408795
1.12334539576295
1.07402103028648
0.93126741525364
1.07594657958169
1.0432534556435
0.98654753897077
