"x"
-1.03023406010969
-1.13395752654811
-1.02480443231857
-0.933555654539504
-1.04101985792266
-0.991621467166169
-1.09641462603173
-0.964273425344777
-1.13658283710136
-1.02628705316806
-0.9602739241279
-1.03553019600555
-1.01566236339881
-1.13293453250922
-1.13764103932528
-0.998714281267138
-1.06715958787337
-1.11274451175188
-0.841793690305596
-1.01672234328136
-1.00220925272452
-0.899956054626678
-0.932295077313614
-0.968836992284891
-0.9017762905253
-0.851878953088568
-1.01011890843237
-0.868398091204583
-0.931097459914777
-0.885944944942259
-0.922683424689271
-0.927004782327199
-0.994514812861946
-0.84659235224369
-0.867377933287474
-1.07255921510723
-1.05454166210191
-0.961132832154481
-0.86448756351453
-0.963771951728797
-1.03669003818605
-0.779192461066142
-0.98559275118751
-0.986504856921515
-0.940409653424002
-0.937267809135683
-0.980220344119468
-0.938359886347652
-0.876832881272548
-0.974533300979601
-0.911042138362727
-0.952634870811606
-0.88935145337942
-1.05344329048603
-0.880151528237549
-1.0183957209802
-0.932181368457771
-0.722658180098559
-0.763774561232466
-0.891320662513333
-0.887171977503395
-0.893086379467825
-0.720838382427464
-0.875109040223383
-0.943786714149929
-0.862082175563475
-0.924501769186274
-0.986992854133616
-0.985683445364636
-0.816120842383421
-0.774230035755073
-0.868766416068297
-0.813790084469035
-0.816213362650451
-0.952626096289803
-0.838856828864119
-0.873535828993914
-0.665335687202048
-0.837381264669265
-0.744880927964081
-0.717769659840068
-0.79741929029696
-0.859713827984957
-0.891837765773759
-0.979321875819214
-0.830305768846645
-0.799877627444337
-0.885312240560055
-0.782117328793184
-0.876885243960631
-0.776653173284861
-0.830783560233997
-0.931648178841403
-0.804631724504094
-0.786774411691264
-0.707072844321926
-0.719156431376632
-0.719207718241135
-0.713259311451147
-0.72791336556427
-0.872272820718016
-0.738554187300873
-0.603464099261258
-0.858935257861527
-0.7889787354582
-0.804202195538017
-0.876536973114698
-0.790011624561963
-0.787344146485997
-0.697981116527068
-0.70253561215728
-0.798375780173645
-0.704609698503665
-0.877358404347132
-0.715660013901984
-0.914505338860648
-0.731866036759891
-0.882327817595709
-0.674710006470035
-0.878299403562655
-0.725341995741257
-0.803436447376429
-0.821405280198263
-0.953844533441746
-0.75881051014893
-0.847754989649003
-0.7336322367504
-0.628336024934732
-0.711893769968962
-0.684341566466998
-0.693611559709423
-0.795157482195499
-0.79960393744835
-0.874439467068871
-0.890255800744814
-0.803446601831216
-0.646258793823994
-0.624312579188964
-0.752834996671651
-0.692067281633427
-0.798414269183103
-0.459159857452654
-0.66139341525297
-0.758263380163097
-0.638281482831683
-0.533300939297125
-0.884547345204696
-0.544593056601428
-0.682925569044287
-0.616523549485715
-0.81311599325019
-0.680951307905767
-0.799631488928576
-0.72831273296336
-0.598962102074242
-0.651534229063463
-0.573073388766096
-0.639045823398863
-0.61502314935192
-0.685526375031527
-0.605690940715982
-0.706931066194244
-0.610514762067059
-0.540064237079024
-0.653304447575759
-0.616595797231285
-0.718582577077311
-0.605672076735495
-0.575241598950633
-0.695742397515845
-0.751966721001341
-0.621892217234046
-0.669359012922873
-0.650750551576855
-0.569862442966527
-0.512259681292686
-0.560066736158591
-0.563644533670018
-0.65288575685035
-0.67310591869848
-0.735763619103777
-0.704718440498206
-0.433673957869332
-0.60034693314592
-0.62397720024001
-0.703517462763102
-0.587839564687791
-0.583549742967657
-0.709970473371302
-0.601840703814084
-0.701648896382568
-0.627550766797808
-0.731523917069276
-0.68424909163162
-0.520023691245546
-0.67196233325837
-0.644935934815584
-0.677333989100814
-0.717602215615662
-0.490235955341477
-0.670465702854457
-0.616024478794426
-0.644717939704117
-0.624101489687782
-0.600086180059457
-0.525127176205977
-0.65109261369807
-0.591448775617676
-0.646982853227541
-0.484993874778005
-0.492242344359352
-0.490107229414608
-0.577553325165188
-0.520062719454421
-0.526621545549613
-0.544771804319139
-0.48176859344939
-0.486373289117311
-0.581836313049712
-0.574381694470432
-0.559798752652007
-0.568629744951663
-0.60908685945627
-0.527951415193577
-0.401844319344602
-0.606700338449337
-0.465332698530132
-0.621348505618772
-0.536243427714344
-0.462477028270688
-0.404118357378667
-0.599065321690914
-0.50384150275856
-0.52316725975908
-0.535001951680566
-0.489429975743795
-0.521439708332805
-0.546209242254214
-0.559455701921654
-0.511220478023681
-0.575401643253045
-0.573837363220603
-0.481168051075408
-0.616182817824414
-0.525225863562921
-0.530466424800267
-0.485432874668188
-0.54440397145786
-0.485744179744972
-0.54214976258967
-0.527883808237649
-0.594073118303686
-0.374648230726514
-0.625846219871486
-0.46106691999657
-0.581642717142079
-0.505729413723759
-0.53446155769647
-0.459714512198554
-0.494834725135921
-0.623462215616706
-0.625209637864889
-0.353109792682529
-0.568821220452887
-0.406920451545435
-0.494841634162785
-0.419716275463525
-0.520456096872863
-0.41665917580744
-0.393604760269775
-0.320801727871716
-0.434028182802716
-0.567700856698601
-0.452713738750987
-0.429900519233106
-0.324914333692966
-0.453025285683166
-0.491062829327732
-0.53643028745684
-0.436954182133653
-0.477530632320533
-0.534688575535396
-0.323031266226539
-0.398073573447434
-0.446186063898171
-0.37251411745812
-0.371103880261482
-0.319812018754473
-0.339415052519842
-0.346620329930625
-0.458467064672143
-0.265690631385068
-0.306499742618135
-0.545239772386433
-0.360951750183851
-0.389636030069653
-0.457429503243431
-0.229711537737746
-0.431556310720064
-0.416139794616381
-0.42365590732179
-0.36737885025948
-0.354889711541348
-0.475748279290537
-0.324744089271187
-0.384560751656828
-0.395394309950772
-0.474513244128476
-0.459090971995599
-0.36858681321833
-0.430113542302917
-0.318450711273805
-0.308473988853871
-0.411044661507661
-0.320154264138279
-0.305797620881536
-0.420062931827802
-0.180690642409217
-0.44332887665413
-0.257479782922264
-0.381242398852981
-0.42561283328288
-0.410708055783209
-0.402789561726761
-0.369422303031638
-0.471933459540562
-0.14174349869052
-0.363085828659454
-0.339200758484866
-0.163941912099361
-0.35479550298591
-0.265576233962808
-0.358130829658797
-0.312364220998129
-0.343065958231662
-0.435400869378082
-0.342753722758182
-0.378404124251951
-0.41231293004715
-0.238100216933198
-0.322358887323468
-0.376034973958171
-0.239992982729052
-0.440323555851985
-0.370135076081651
-0.242606070198231
-0.378621886260868
-0.472760031517742
-0.420061658330433
-0.223742202454229
-0.314417968313871
-0.289345009956719
-0.221628144597961
-0.29788908362022
-0.198250100188778
-0.254544002963511
-0.331459493999047
-0.276074957218292
-0.432129853824804
-0.244379916854033
-0.379330765177037
-0.382706552135541
-0.294384504562683
-0.257171746429197
-0.198219379877059
-0.403891599810066
-0.285719275532624
-0.316664538098253
-0.170471932574809
-0.207327415530064
-0.24431207019243
-0.306206460466659
-0.261682532682103
-0.400109822521702
-0.248796065045329
-0.213575794481481
-0.314204321041721
-0.261902876767974
-0.30653351427366
-0.399128634303389
-0.27633437772091
-0.228687383896923
-0.383105900187642
-0.222552106404416
-0.34499659183051
-0.310966926790052
-0.39568109069549
-0.185782551870058
-0.230322862257643
-0.231270277104487
-0.197150670983838
-0.153463562428042
-0.270544378213518
-0.0714420980543767
-0.370437952543832
-0.231311088657894
-0.216255008331081
-0.155621024720287
-0.289036354577115
-0.322593040483919
-0.259632754868424
-0.11426599892714
-0.195799648826056
-0.293927677036511
-0.335070771349497
-0.0331608933426791
-0.062173532028182
-0.354029318915553
-0.216213411738887
-0.22077463807105
-0.285673001818123
-0.0396416378512404
-0.163017389023638
-0.239227562222339
-0.197093573048683
-0.152203323584695
-0.215558526529925
-0.163961572694298
-0.0772949108897583
-0.171047728856477
-0.0759275202432924
-0.194908306000898
-0.152051191654058
-0.201542699654574
-0.190796385791201
-0.0713505049725851
-0.0776492651800651
-0.170135216296893
-0.103473902266826
-0.0105741525439978
-0.0805737414113643
-0.0756054619181829
-0.248592134861385
-0.144914309985221
-0.0660427437682076
-0.0368375193900899
-0.113636687449203
-0.0524034944752643
0.0623946021587281
0.00530620041443529
-0.234123861878878
-0.134715382692472
-0.0686606249539096
0.0841004518638253
-0.126345422815971
-0.0616408455590402
-0.16417822728698
-0.0494162625847057
-0.0636485857093254
-0.263359028346895
-0.121877929471922
-0.127082815065016
-0.119540797250094
-0.197115539166839
-0.0115038515927382
-0.0846298362878604
-0.03901817523471
-0.0334628697057075
-0.0434451535910048
-0.113302932054844
-0.089517878748734
-0.0283676018866184
-0.0317057455853069
-0.0536261480137836
-0.185168652437744
-0.11539467656801
-0.0231943386605902
-0.132283997588601
-0.156450356308502
-0.15220230469318
-0.0747290409086086
0.148498821011759
0.0906954078735268
-0.0886401261596037
-0.0214828095954483
-0.0464163257380331
0.0633272056887291
0.103039786291024
-0.0161243159754617
-0.0635922198920642
0.00488709125091763
0.0778035584714391
-0.0276878809987483
-0.0176637140948681
-0.0398259367606319
0.0127999744236861
0.0239057738512856
-0.116530856024182
-0.0570426804556971
-0.0105909380283002
-0.0103795789720815
0.0217471118311604
-0.134503938328774
0.106655447071233
-0.0283203757898148
0.0868083047305879
-0.0162746625353584
0.0479877395669186
-0.078565157592483
-0.0156175915056884
-0.00932388074846934
0.128837064807738
0.0666732174189546
-0.0326394505222894
-0.134607551122407
0.194084797833211
-0.00805894205483024
-0.0305100507041702
0.092229378290471
0.147626614366751
-0.0214790568367275
-0.0114956074502988
-0.0875699553983389
-0.00180603625701782
0.148208982339546
0.0483125488779034
0.16589466912404
0.0501195284858876
-0.0433411196301262
0.21573033297817
0.119523123656594
-0.0506007564066584
-0.0899074266725552
-0.0395893051679443
-0.0677116929706307
0.0161647070059363
0.103817162400601
0.196561076299746
0.150214295860661
0.0517719295296127
0.0674339674376627
0.063264925260089
0.0464056764806926
0.139461233436742
0.356889980447342
0.122707672799353
0.07422539643666
-0.030243492209033
0.0812337890638299
0.0649429254330367
0.126607154562939
0.148745811708331
-0.0162754417965428
0.048147517352299
0.212431766341424
0.0661068668549357
-0.00708506051166066
0.117394738822185
0.0287426561733522
0.0899113988651143
0.0969824454491997
0.117717142250969
0.159616048813906
0.0919404908223481
0.0693945060057226
0.109056626749906
0.0396377669311067
0.128150916009126
0.134080708369219
0.13548890811238
0.214948681385249
-0.0538483432694927
0.0996273317949454
0.165917939835309
0.248247794913767
0.0361525850240802
0.0459605032517839
0.191023062953699
0.000140834870638684
0.181801116905797
0.0253065925829259
0.265124767432055
0.174540571284008
0.130940494612768
0.127516128401113
0.0842411632117313
0.24175881708338
0.0698770503203886
0.214174217839815
0.0112076431412212
0.265079391242949
0.211225074335979
0.103740122695315
0.0973271338493428
0.36036974308064
0.220202501205974
0.24960318426022
0.183014599027396
0.0976429175506956
0.0702552127132918
0.116855647758327
0.0162046764493327
0.265777267284864
0.276362213324567
-0.0364155581508054
0.261721718006787
0.307638537346403
0.234541154573935
0.237743929619002
0.201341216337348
0.149118579455891
0.172754284348736
0.281672544228487
0.0964524017122038
0.325971965779224
0.29565021725256
0.175518581317891
0.246869032133494
0.251666447971663
0.265553833916301
0.284538339952622
0.104772470073581
0.206784907627532
0.263315286493866
0.255971268536402
0.386817027222487
0.268932825976196
0.224073709132575
0.264581193218464
0.247631225127562
0.130409026812223
0.271487509971413
0.298111604167401
0.0698340151018964
0.183102029671785
0.234634662463858
0.364623179393665
0.17649692328964
0.377088637239951
0.36684937777189
0.262975333743005
0.14442367384729
0.277693881625424
0.263745503389468
0.322188045276585
0.189138659543127
0.387825738764748
0.422755426518633
0.28211575039124
0.269711004184576
0.271052332266511
0.221873810321393
0.405227136694605
0.465243292749788
0.322981283477519
0.202198515206368
0.13464276391365
0.457724164814901
0.3021609476546
0.233375873758642
0.336516131929341
0.279352926048471
0.403365777130759
0.28224032266449
0.279621831993934
0.263346405250257
0.243674530901652
0.38697204398229
0.308547457459689
0.486134202071784
0.294857541157808
0.359374995409671
0.351514812452406
0.373630850772942
0.313659686188945
0.25203504689989
0.412841682262822
0.322565012141226
0.456450274877271
0.325933646162473
0.441912849817561
0.346700831990046
0.283671922377847
0.375165161250114
0.466413781875688
0.460879909933821
0.394839274429922
0.369545647326365
0.335027582649878
0.327980356710724
0.173095108371737
0.422617078574613
0.198913507600703
0.218056011587352
0.41901972060426
0.423070605329937
0.415584188835759
0.357631135147094
0.322038854800938
0.355499101232454
0.388940651567761
0.368511871584077
0.345847665357043
0.360762712057994
0.381737763586144
0.337314890843471
0.286957719044952
0.364175731829905
0.466072522962068
0.35830933548869
0.429709119012157
0.310923662078591
0.340735272155728
0.30729616066355
0.231671103789284
0.565482488010475
0.476075324287968
0.328830286812499
0.418026727823328
0.528275575731362
0.427505511109623
0.459403260125354
0.328006668550397
0.35105226524116
0.400748140920478
0.350165111747281
0.302509856875367
0.4114479049347
0.307203447485875
0.433768050396648
0.50918028864546
0.478590478949262
0.476909457742729
0.463924968358015
0.55260990568567
0.43396165526953
0.506204301898754
0.420524323524014
0.627748316541994
0.365279738234228
0.533563774178269
0.427994494115175
0.410362543148455
0.508744781570684
0.411486794466779
0.553290209643049
0.524745715611284
0.32866958158229
0.38121623562536
0.409011924950389
0.403945531294364
0.588104072066367
0.637433898905443
0.673829385727853
0.46364467265423
0.465797875148956
0.606084105048791
0.503582432185546
0.43181617510712
0.492143447322012
0.458628913258664
0.550455376697233
0.500978631264183
0.646634313667552
0.360364512544301
0.620469376039454
0.568264149309008
0.44982063000527
0.622446184017601
0.558843816182812
0.589741202887929
0.672080785075508
0.52609510808274
0.459471251795472
0.460656397406358
0.594099928308039
0.49799457376208
0.466534799129454
0.597746187077751
0.561849533653376
0.508224535141592
0.577785771251944
0.497156569101927
0.713453451560549
0.687509199893027
0.386633602700603
0.484550147589108
0.568998205752285
0.568104389876158
0.461589343108236
0.350539963357991
0.467750428597963
0.537170866135341
0.589906471364201
0.599945594685833
0.42297311482963
0.704661731668276
0.635220342330181
0.579039352198576
0.572879104470065
0.697103754711107
0.433397518512596
0.354502498637794
0.53976268083153
0.527743145878412
0.540081199579482
0.479705762810169
0.449387357259435
0.579695433151818
0.563387505020706
0.841255778698404
0.66992186706553
0.57670599057199
0.635892233430414
0.713446958956477
0.63909141588801
0.653657001689859
0.662438473960575
0.589342270669164
0.577068224203511
0.551193503938889
0.673034613363805
0.518802019775557
0.680839832703135
0.668539212953532
0.694273222404724
0.740443989738814
0.57326813673341
0.706243194242349
0.625960408982166
0.677455027290392
0.572852395526661
0.727091413782022
0.813414984761038
0.823480041200568
0.640091049368078
0.621974502804636
0.683117331357171
0.824073845962327
0.656805019503086
0.704631423266543
0.720092221962347
0.674777171854721
0.555117426069749
0.610363476472681
0.655651451886791
0.553596578792044
0.794918123440979
0.579319115463927
0.61444052875762
0.474868041171758
0.610216553085417
0.625675083347395
0.536406974826848
0.673029923348839
0.642659294126097
0.736287926839508
0.617454061554644
0.729821201851482
0.655379268338862
0.562628217978395
0.605006509411819
0.758547143168313
0.794765896537623
0.822742879828209
0.734604764910251
0.718140756113853
0.785594138487275
0.64198027854603
0.608005873552239
0.752197530836664
0.727252866752018
0.726945139666522
0.757411225534601
0.808591879287851
0.678912432922498
0.802321070737544
0.817878072240138
0.677280454733392
0.658103994348831
0.672798032701996
0.70699290882717
0.829292301828096
0.842705770859869
0.579364940835804
0.69727829967516
0.879872081662793
0.782913025373116
0.818003543831021
0.66691295571216
0.86314277522841
0.795209648914331
0.7884467461359
0.779434270958575
0.797280079456865
0.924103605009288
0.656031498001566
0.8295233901075
0.815233758909942
0.79642123843814
0.719422644578977
0.780047421465015
0.872282625831075
0.807460683032234
0.802445860256381
0.81423337791031
0.763446388412737
0.768308342210677
0.789149573652955
0.841618823490718
0.710030132925823
0.602119910684923
0.958643453667445
0.696087008272585
0.889391460032556
0.87199151805735
0.866411661130738
0.706391142219934
0.822272950302258
0.894530906674423
0.745788067324412
0.822141110230057
0.815105931745146
0.901589479693587
1.01014930822756
0.850106430335543
0.648545558798631
0.780406722732941
0.804416118658992
0.908291049350029
0.772704468047938
0.840521309809079
0.836414150656914
0.829618172199973
0.701120178356785
0.890632040191726
0.841088911996802
0.95796505358882
0.903957203555949
0.728869993446365
0.946865838174932
0.841948476193916
0.802384174195074
0.727511237935212
0.851743236541696
0.796232244947062
0.846047242538689
0.949434043414199
0.877393717748316
1.04786205807324
0.865467836309292
0.873554522314616
0.688568784861815
0.94945237596373
0.955349339694778
0.940322480222383
0.842792858501102
0.934494227388503
0.854487683045055
0.819548816961263
0.83413835838337
1.04708074146749
0.943942382308454
0.851235509526099
0.892753243673207
0.883150097617827
0.912657940724959
0.9488601484338
0.939428012630366
1.00773637901103
1.00003908422584
0.914609427538411
0.799228864562576
0.83808856549319
0.903051945723016
1.01632019425116
0.906489232893093
1.01424905280953
1.01924057698332
1.01444443189104
0.891261492816805
0.821853121527192
0.888546704448787
1.01968965012516
0.854645758104842
0.927341214528096
0.970885015668914
0.900491917046901
0.845765769500259
1.08275063682504
0.915841005939113
0.751154575077711
0.897155235148068
0.868073311786818
1.02288643179757
1.03532205362486
1.05229992842843
0.948409592108543
1.0541711554019
1.08251944082534
0.982174997491286
1.06337232470821
0.972332528739215
1.09705267843853
0.98233110348355
1.04682145146365
1.00164489400491
0.939579042360702
0.941023666909644
1.12299347476806
