"x"
-1.04682153302156
-1.12458555681594
-1.01926669052454
-0.938801819342999
-1.0409104494202
-0.998037348869542
-1.08231107011315
-0.961511793228455
-1.14690510363689
-1.02959044562006
-0.9463189237797
-1.02195741742309
-1.01247225192524
-1.15141186998038
-1.11690625688163
-0.987483219624515
-1.04648701605848
-1.09859621330637
-0.856326088460364
-1.03110429038503
-1.00490957379865
-0.913141979559217
-0.920213895777064
-0.961379426465358
-0.88733439334942
-0.843675758009375
-1.00952822886998
-0.872107377558686
-0.926364830212933
-0.889821465113166
-0.926554783134085
-0.926808850737704
-0.996548017668686
-0.83265753787001
-0.868747680573463
-1.0375796979461
-1.03697016631383
-0.960437971300727
-0.891216299812198
-0.971111903971026
-1.05674300886195
-0.805900685263341
-0.968410276798159
-0.986794342854603
-0.930422072470836
-0.934694118770894
-0.970606466035821
-0.926134220020828
-0.879509452599553
-0.957937382422373
-0.912798465908305
-0.939013793459345
-0.884666761414751
-1.06920001269687
-0.875883425021584
-1.00856181231297
-0.934793736283718
-0.721142780895557
-0.791635921308952
-0.881694644939698
-0.88720342496597
-0.884304428456765
-0.725663828103518
-0.868170904834195
-0.949124863780748
-0.859588938907059
-0.929085686121691
-0.998937591763466
-0.967110974771282
-0.832027366115855
-0.77891456073081
-0.876039574745999
-0.818749676099131
-0.838786560543256
-0.957150097265227
-0.847096846440084
-0.889068322981303
-0.637988736680837
-0.845431426407588
-0.74264800766201
-0.717781762838268
-0.746028768672188
-0.868281594341011
-0.893586177909303
-0.99445758695004
-0.816016750956131
-0.786338034621607
-0.894937996989207
-0.776594642163926
-0.887442276424347
-0.768494263652521
-0.851815451035059
-0.914081107582765
-0.795066112949077
-0.782576844218048
-0.715072200641638
-0.729109589592932
-0.720628395456344
-0.721321394724617
-0.713779754583736
-0.879416335056007
-0.740395774499884
-0.619221646283701
-0.870256567160934
-0.820299343594272
-0.784913946544139
-0.863910774762078
-0.816614561054464
-0.761861338971178
-0.696424804723371
-0.699597807561848
-0.788563824408089
-0.723945561269883
-0.870279166886397
-0.70171062984302
-0.908577837569314
-0.728372910535429
-0.900083741163566
-0.671322501539877
-0.887274716999493
-0.716711501445466
-0.805083934150298
-0.810457477768549
-0.968321588627717
-0.75811970787314
-0.827604322616135
-0.745824207948914
-0.643020652376516
-0.704640526102189
-0.669588368452662
-0.699327378765356
-0.777659794210773
-0.798301456748698
-0.870605681368522
-0.89520420873296
-0.788792086662962
-0.621800006812593
-0.625205812402342
-0.730614946848821
-0.701324769949508
-0.795725740860644
-0.457109756456786
-0.694606527287218
-0.765916265242207
-0.628816737994931
-0.522628782987938
-0.867031163092765
-0.556336929176046
-0.697803219832334
-0.615268299803533
-0.813533245731451
-0.672361510182171
-0.804655519562006
-0.739693540713197
-0.613511424899714
-0.647733512178118
-0.601005491834372
-0.626780687209854
-0.607869159952185
-0.696413869936249
-0.612285767890262
-0.718505566303934
-0.598853788412213
-0.507604416528907
-0.667212187121079
-0.631684915406957
-0.713538010681577
-0.614462029724019
-0.58209267718929
-0.695588533119025
-0.768787621480117
-0.630511352755352
-0.650376710694156
-0.6484005034149
-0.597222112663236
-0.508057653420741
-0.577855694717916
-0.582635404236938
-0.648545210318189
-0.68274945236269
-0.730615478841412
-0.692754741365647
-0.443870161190089
-0.593221612208476
-0.621556051315056
-0.687783478430762
-0.594557779104483
-0.579204200367681
-0.736965902489738
-0.598074182544902
-0.703719922577816
-0.631706835748791
-0.719854786567166
-0.695732750070161
-0.498215561611813
-0.642100514077212
-0.655060902397556
-0.682635358773914
-0.733843866963741
-0.508578099194671
-0.671920334753747
-0.624041524118558
-0.6405649210835
-0.627534382297422
-0.598533574315758
-0.505118909984381
-0.662850114878152
-0.586246935605122
-0.640558584563367
-0.500787340409135
-0.48338446198832
-0.488083246934262
-0.591070314998907
-0.485980901074863
-0.498222027743388
-0.540215518496186
-0.460614385639709
-0.504194358046078
-0.586964413246414
-0.574746005314715
-0.559278675489765
-0.56897931889387
-0.622488655353584
-0.534440033451679
-0.415255879148647
-0.571984733990394
-0.479612691227167
-0.583997783460151
-0.524581404294398
-0.481644869896628
-0.422723411165222
-0.594166149266766
-0.491429500741048
-0.526181485573529
-0.549774118270778
-0.488296981637985
-0.532465551005793
-0.526693593222314
-0.577716057708119
-0.547679334934761
-0.587572705269855
-0.570337393880755
-0.480918107901942
-0.627247350784725
-0.522624909854549
-0.519013003888629
-0.502743547536034
-0.559959368169171
-0.476900672282082
-0.533665857153943
-0.517539282606857
-0.588101602962358
-0.379383112871527
-0.639155703597393
-0.486073370972316
-0.599578730513089
-0.505469183847238
-0.536230442125869
-0.469739173456536
-0.506173684229422
-0.619462461351004
-0.620517332953468
-0.364432035290469
-0.583640309629043
-0.419462878418793
-0.479040185152997
-0.424458742259712
-0.524346595984837
-0.415087388492897
-0.385328830717197
-0.33669773372538
-0.437879498528395
-0.570936671478446
-0.42096117994675
-0.416655513189718
-0.336838227967336
-0.444589891692182
-0.485711734589423
-0.539184937542489
-0.436118033514225
-0.475260982315036
-0.53324896513005
-0.318040115140586
-0.413340949406106
-0.423355604169841
-0.368212567538559
-0.378527342840307
-0.330053608315239
-0.335705648972586
-0.326951513839841
-0.443824903433993
-0.266775361999523
-0.30618489547343
-0.518204267774241
-0.365929225959929
-0.377867853079495
-0.457690790912627
-0.236876962774309
-0.447681439148078
-0.430748270972695
-0.417730629228641
-0.369372969283068
-0.352834700614604
-0.496565905389162
-0.307079224905227
-0.392928666751312
-0.36968322403333
-0.461378636486385
-0.496318818091795
-0.348047689747195
-0.430358814284339
-0.31285147715876
-0.293088845421131
-0.428869845514839
-0.33092002370658
-0.301592923492009
-0.422148475032062
-0.187693129474753
-0.424941368116031
-0.257986982919904
-0.361956124856543
-0.415990386104191
-0.392148250616305
-0.407662051027713
-0.361076804682632
-0.485214952064949
-0.128479563462268
-0.336602753211546
-0.339567023958592
-0.162536356494824
-0.337741165452751
-0.261964336185875
-0.350941151675314
-0.310822079844548
-0.347090943791381
-0.433814691892733
-0.327088606512761
-0.400433373548771
-0.387658792274993
-0.217810440339656
-0.310686070482052
-0.337767145280089
-0.24573719871398
-0.426050594703663
-0.359302771815384
-0.222165767229674
-0.35395072986554
-0.49104691077178
-0.41914833412859
-0.209703642798547
-0.30933119647894
-0.290967860945014
-0.178685677114103
-0.258419598938771
-0.204403150580075
-0.253334895204557
-0.342921858850629
-0.271409811637223
-0.423336210518093
-0.231478621110559
-0.374092932397615
-0.399207315485228
-0.28993444775666
-0.271613544873992
-0.179752450732663
-0.398947517146967
-0.281315797100882
-0.309108656282979
-0.185562563603521
-0.200536923979509
-0.249991323296617
-0.302406051575142
-0.28814706684466
-0.410988586554869
-0.223629245365781
-0.228910709417887
-0.306103562203357
-0.253415850247773
-0.329168301170826
-0.374518125761398
-0.260254805363851
-0.252442354978802
-0.356411221902056
-0.216980622443277
-0.325150940036517
-0.310653954892044
-0.374736277497747
-0.174786186656783
-0.217376373415031
-0.204313607809247
-0.197404398293703
-0.161299064294861
-0.267065236369465
-0.0681852855410452
-0.342718284035967
-0.231773109831954
-0.20851224722614
-0.133697711960251
-0.281965598539923
-0.317914327965472
-0.247190832710613
-0.114723785955754
-0.195541690648824
-0.298912091015791
-0.345658910975867
-0.0652027621213036
-0.0695629330968026
-0.350974286277511
-0.224292772913375
-0.217618994879859
-0.267525470758277
-0.0367714346558159
-0.176670288014228
-0.245862293717228
-0.202821884865648
-0.152243751860389
-0.218973195593279
-0.183693582154647
-0.0738225237444135
-0.165004753795159
-0.0759990274700107
-0.212388381359054
-0.151446383489093
-0.198490065590619
-0.196006565448593
-0.0764541200119451
-0.101432437982819
-0.179957670039973
-0.0854246607608007
-0.0377882088709152
-0.0945906518982548
-0.0769651087693942
-0.255523965760356
-0.15362744345153
-0.0661946710794942
-0.0509130903424258
-0.0527382633890184
-0.0564269514129427
0.055502152079826
0.0264933153933263
-0.225660930941177
-0.126780160230478
-0.0495422884098651
0.104294335440224
-0.153116238001519
-0.0560720350896049
-0.166364729765814
-0.0819127226998116
-0.0627856345437717
-0.277418301352455
-0.123204506394665
-0.126086524882386
-0.134755031812719
-0.217871166494123
-0.0108124212888632
-0.103632309794325
-0.0310199351364738
-0.0455418703242262
-0.0482934932466949
-0.124768930014488
-0.0797892232540043
-0.0206221881888076
-0.0386861778828363
-0.0463883702037004
-0.195680223746297
-0.1046938637618
-0.0604953248935539
-0.116783065327738
-0.140426522258853
-0.147550139761126
-0.0643101154388262
0.15301173635651
0.088298098282838
-0.123230599977006
-0.0344665562749454
-0.0382514537746309
0.0516552498356195
0.112078268458728
-0.0213767771440983
-0.0651721019102855
0.0338835292327566
0.0852306846352677
-0.00167176986019861
-0.006218098614561
-0.0335910021988133
0.0198621640279371
0.0131338921682064
-0.0821610303713845
-0.0576688096610837
-0.0149178258029021
-0.010902991452445
0.0247439209561379
-0.149403182404301
0.124483590136988
-0.0453149257459115
0.0642806680439459
-0.0107014448318509
0.00901415850964186
-0.0839519252578783
-0.0358335623664355
0.00308955235555354
0.129681783205694
0.0307766193073739
-0.0491050233043051
-0.114073616893077
0.189758753760173
-0.00965862753072931
-0.0161777054718584
0.0943434325493942
0.13744488176704
-0.0300577299767622
-0.0130835167396986
-0.0942506755402139
-0.040084825860872
0.130657147015118
0.0433982977003393
0.128496401198053
0.0627269937985666
-0.0313037518547315
0.211926444374872
0.126704343690138
-0.0640006793785426
-0.101869705169633
-0.0497173481969644
-0.0888666172689794
0.0414537012575559
0.104876655595344
0.167530671231472
0.148282272214336
0.0260011737381515
0.0666764941134595
0.0561530587383996
0.0275106631314364
0.130507228640554
0.352798808817874
0.0951646845668961
0.07186626879689
-0.0380752692200901
0.0899755211576613
0.0851238951144792
0.145075132835137
0.155465358354825
-0.0235057184518817
0.0752127718506401
0.201832236994742
0.0727833820379983
-0.0109956579420357
0.105877871643828
0.0236237223623407
0.0923601919771976
0.114737009628039
0.114149639356933
0.172057490517052
0.0707226757538184
0.0512065052165543
0.0944404274508335
0.0525101690465884
0.103808191822866
0.136317266497002
0.134036736057938
0.213519792741533
-0.0482402513922238
0.0869524176218656
0.145877739006538
0.253016768216399
0.0430130810928589
0.0515470139196196
0.193024638670998
-0.0243227501885289
0.194465191520159
0.0303942918386536
0.253026016690845
0.159355644233789
0.125719573057379
0.131801284108171
0.0774724610160838
0.252318245036301
0.0715182495265175
0.24832402333336
0.0335015508420894
0.243273253324307
0.228342466533115
0.120410449118914
0.0838736428885964
0.343071812353524
0.23049657713383
0.240878875767067
0.190587640450272
0.0768488876331646
0.0400042883380442
0.118137531708192
0.00968685652953892
0.259984308906036
0.275032207778843
-0.0238213656596433
0.262141700761038
0.315605518769933
0.249880858290764
0.245309029191169
0.191865494091291
0.145721136035416
0.164127298397901
0.281830329503504
0.109390397693176
0.316549545618999
0.299382336477889
0.161823133714808
0.235848264188021
0.232793604531409
0.278629467609217
0.305117966229673
0.085573781922184
0.193937773834481
0.254423191731096
0.259335336709194
0.383460500352634
0.252227135433177
0.216838112981447
0.265007334778005
0.245070208181829
0.133666540583652
0.26295289462304
0.29273342548306
0.0518958659136557
0.201390097263418
0.249969008943049
0.384209144480964
0.162719834991447
0.392942112391508
0.375154098136734
0.264953753125218
0.162720443911547
0.280729594360847
0.265170159933241
0.340680364508417
0.204925784804673
0.360595383111692
0.42255569276867
0.291586075790045
0.267931714112968
0.258230075871594
0.210665489193255
0.417516185082797
0.433792470202607
0.329216641840124
0.198059963270831
0.123245607557696
0.440433919454167
0.314015798152537
0.216866733202879
0.342320973959998
0.242742239566901
0.395076024168307
0.267526903199373
0.279288225709635
0.259837819241531
0.224666551939225
0.380722052855358
0.283283608597194
0.481774943595601
0.309643040549742
0.366505244041242
0.35451234769094
0.402518678055213
0.320789043770018
0.264631321505216
0.399951113096934
0.331157955701843
0.461425385156609
0.326951903060442
0.458229669243599
0.354683649705642
0.278733067511883
0.357330905389878
0.467132795137579
0.454243314228383
0.37150214549832
0.364663372439223
0.360028308320716
0.312113010734013
0.169653664341833
0.436527495755771
0.189231919738847
0.211605229169622
0.431409798525954
0.451965532249036
0.411928302406582
0.375800781307121
0.324811674925262
0.350911668623227
0.366617038925119
0.349400924762865
0.31923365127004
0.344479539089428
0.38702637318723
0.321023386738561
0.295784881638512
0.372385062375163
0.443472585614986
0.343230877774434
0.421689841477259
0.316343410519402
0.365373972983042
0.287865225977888
0.224068341692862
0.545173215218112
0.466935677458114
0.348890055448635
0.416804050654394
0.520162723424637
0.423753505921795
0.463618666074745
0.318955038907782
0.347384022302411
0.399647347343226
0.353190059805798
0.321151332961136
0.406259175281093
0.306474486611026
0.427222358411036
0.503129597546451
0.464459191527382
0.447650855512938
0.493451374367657
0.522741052756908
0.448412247993024
0.51178324393996
0.409160520297634
0.637056664783377
0.376065045078426
0.526201354084879
0.440051187210228
0.409444576367481
0.529173346456565
0.415183005852986
0.54006349577916
0.510053756533054
0.320604418355611
0.385716305018253
0.411231901563442
0.389300682017679
0.587127296443551
0.613525703318223
0.663276743168683
0.459115564918224
0.478935451962142
0.587480880206983
0.491893943471184
0.423979155743099
0.487205777869466
0.444837068981814
0.550609423618733
0.495283733672341
0.639510251873364
0.353542987762366
0.606083209849609
0.584515441996567
0.452641469337213
0.640585560920687
0.536406885997615
0.586299475863201
0.657355230920811
0.525574965440184
0.433460356306469
0.480272875366475
0.611157925554915
0.496471176790609
0.475087642912417
0.589564347939848
0.563605561944658
0.501046933490484
0.578400862293351
0.479676304896364
0.727488548993623
0.683579981285618
0.397059795979229
0.456656531721726
0.56708235067525
0.571895490783242
0.490822575327042
0.346126972903734
0.466429003383469
0.553524885986642
0.591749773787365
0.596635346396244
0.447925757882855
0.69257815513598
0.631580801414054
0.575186657056489
0.5670492620019
0.695052833204091
0.423933987832589
0.333188229996484
0.542918833126549
0.524636247832802
0.547525376357645
0.478006307756227
0.415709856375385
0.572082349688107
0.560134747775768
0.85291134605082
0.66834298485061
0.57898341202567
0.636992145726544
0.696749439063375
0.633370567439182
0.677906222683438
0.631803351622479
0.581596007876252
0.572276395168917
0.557931995653302
0.681940746585239
0.514234856503155
0.693760523563948
0.704642040108527
0.685097779290427
0.744835209966163
0.562525051841157
0.699119151741091
0.631377744566784
0.663732997512559
0.584229815751136
0.725352398700431
0.841913748591162
0.827272266795371
0.645575661826064
0.610197659360887
0.673588292163688
0.80879041438034
0.631956425325516
0.720784074592396
0.697505459419357
0.663959163253004
0.563407011395414
0.611840708786115
0.645241305607726
0.561143439491284
0.774381044158865
0.586379934768934
0.629681146256634
0.47623693812024
0.621411453547738
0.639094696602388
0.532058427294011
0.675411393903352
0.658065687282256
0.732862042038291
0.625620385470518
0.737305701816458
0.659854928972701
0.546379309733339
0.598975382013663
0.752692305229563
0.809067681063414
0.808840356397599
0.732833199896386
0.721154695188131
0.769375385737231
0.642872707552222
0.616993304567718
0.757696566895649
0.725268498586027
0.745422040607118
0.762753158763586
0.810858583867746
0.680296841988462
0.816954447163997
0.807222727105749
0.661079270170872
0.661705582154148
0.675732881172216
0.691767288399919
0.840673549701366
0.859250266078483
0.569209274689932
0.703942705789975
0.869321575773765
0.781986675537874
0.809392599789737
0.650429360437801
0.872639574309287
0.786171442967554
0.807626797920138
0.771203395943723
0.786954692057874
0.906451165669226
0.661780909621038
0.85585856546832
0.805089238900374
0.780245308447259
0.738475045184303
0.78387765795497
0.881304466684904
0.778447971566455
0.826718152366617
0.776441092884985
0.783751483164746
0.740835701347973
0.781576488950754
0.847021529020384
0.692575806935674
0.588256034992544
0.972546454627157
0.683192366285242
0.878485722586207
0.879821313790347
0.876285257556435
0.699410842383348
0.82144642208076
0.902030403849144
0.706600524458916
0.807646522852184
0.815964236457127
0.883911475616275
1.00336670512957
0.870360988565519
0.63639693120422
0.771186588112914
0.77951106757012
0.91156226193478
0.787461808425802
0.842160455224355
0.849471406546376
0.830834641727298
0.698498832283924
0.881228805518761
0.84153806077666
0.951909329178876
0.902913412822982
0.735586612262907
0.957923179413588
0.82378694771127
0.818825827386219
0.75039999179197
0.830271814275152
0.782566204808698
0.855615773853048
0.924428313896235
0.847879689677848
1.03960304186809
0.874249866892555
0.875544729158097
0.666257176608995
0.986706584734788
0.956254284196073
0.949142176032888
0.835735707079498
0.905507314646774
0.8709198065878
0.802432659973218
0.827227856116569
1.04222008061152
0.942062284017573
0.861170072058414
0.915001772673963
0.866769388129009
0.891713765510784
0.956408889867364
0.946916004366456
1.03648280164325
1.01023221439517
0.902888666343808
0.813263453370865
0.832418445911825
0.904931934628986
1.02422767917936
0.924439821444417
1.03068132345133
1.02538652872167
1.00836120870651
0.891656926910236
0.835273038614087
0.88461829726228
1.00359301746567
0.868173950764756
0.908893414491405
0.958334676289046
0.912058844525223
0.836465261470772
1.08887004862798
0.912853790078353
0.776343411724436
0.891523359535024
0.88004822481934
1.01666449412189
1.02236519113396
1.03694153973017
0.952475207139655
1.0581425391865
1.10857426477472
0.967361574549562
1.06165313576317
0.969092637273097
1.07058660280268
0.97724460321821
0.996283965468035
1.01271371811292
0.935243238867196
0.949594231710019
1.12098053732281
