"x"
-0.948571146571036
-1.02148276233683
-1.1496994898292
-1.10401464546144
-1.06632697996007
-1.01880998478833
-0.928650828651114
-0.909429673208759
-1.06364807830282
-0.958949933809474
-0.950542948072469
-1.08296976409342
-0.92855356778753
-0.849740544083937
-0.809971525059764
-1.04219221555592
-1.05813181072264
-0.927435589680112
-1.00481427506068
-0.799340415254187
-0.821487358167251
-0.882821467382412
-0.965366274498285
-0.970001684967472
-0.852919635753145
-1.09712778104086
-0.980338315002687
-1.12604163157115
-0.932768451773417
-1.05346712382891
-0.911855379518312
-0.897561816703974
-0.967146796882474
-0.997571380242537
-0.888753430675969
-1.00275872051211
-0.887764086139917
-1.09154246962558
-0.861186194702097
-0.89834915113133
-0.959552289417119
-1.0466407461416
-0.964742166571189
-0.971578854352947
-0.890993833989404
-0.937636158715016
-0.893672038420895
-0.652710362539518
-0.874298936971722
-0.947627991721026
-0.991738378562284
-0.895410534971551
-0.816081030143538
-0.814350074829445
-0.90980573494215
-0.925022709177322
-0.828164816936766
-0.90365920641365
-0.885378885643161
-0.787338272811915
-0.865771086830872
-1.03496917652338
-0.902901312223179
-0.812327499566295
-0.910381051096223
-0.869661012234646
-0.808920542688569
-0.879691117248247
-0.851162161125285
-0.991330864442956
-0.700607680641473
-0.731899737733963
-1.00237904493647
-0.898907285140489
-0.787917131429911
-0.867191890367012
-0.966783466887175
-0.730695897574651
-0.895062229326218
-0.793339361262017
-0.817246754837035
-0.75510166793018
-0.967194124425883
-0.770010420173387
-1.019698531295
-0.808920630764687
-1.00448543225021
-0.832316856516782
-0.74954825877286
-0.727256341463437
-0.774147690178272
-0.827059595976616
-0.819116130929654
-0.826788796043609
-0.803329330546021
-0.793968022595207
-0.76064431313452
-0.665862495212412
-0.907916356262244
-0.729756623768863
-0.757284893236995
-0.814730629430067
-0.613412510277584
-0.68309371112874
-0.769381831716572
-0.786612360626243
-0.715443596791624
-0.707395122586009
-0.832060024716611
-0.742114872112256
-0.590624185541592
-0.845473790135849
-0.835566257196536
-0.769639946319122
-0.851141963665334
-0.845578555212536
-0.764001304424427
-0.76991500904594
-0.632966640162721
-0.758798725080126
-0.635884506330093
-0.898921111786954
-0.827330541838799
-0.852466964932897
-0.857943342943162
-0.683041963658022
-0.84915315957061
-0.730584394598797
-0.823404144374216
-0.693109249815395
-0.704536164949541
-0.732776898746703
-0.64044710674483
-0.824076753855142
-0.718159964625595
-0.759256794220439
-0.661850147548051
-0.782392353194355
-0.639691330115361
-0.637894049585535
-0.635309454525865
-0.590454351897694
-0.883659761705891
-0.578433287493981
-0.65029174690363
-0.784515969879631
-0.773444410674116
-0.693855136239401
-0.668753641441219
-0.659554158666023
-0.587906452587726
-0.561032866945779
-0.649302694384262
-0.738880873981818
-0.722486284390478
-0.632169414445532
-0.682354233010115
-0.592058572062093
-0.679082574411153
-0.667915639344284
-0.783479888455782
-0.63770554329703
-0.676601617063408
-0.561624767107642
-0.59381861596889
-0.734201783691749
-0.730427651101121
-0.645190950218245
-0.742983855383351
-0.743847009173788
-0.590272645003421
-0.625833982131253
-0.541675583488184
-0.677599305942605
-0.716332385816436
-0.619611026133147
-0.704429472835742
-0.628823246561245
-0.801036378606582
-0.656874772075222
-0.728707979536205
-0.612381655892072
-0.638102157054632
-0.667363849516257
-0.673340376979886
-0.617824937167837
-0.62906841555307
-0.595009017669658
-0.622685225670283
-0.752696417755206
-0.621618874552407
-0.737521832292505
-0.507034692711877
-0.624367550664557
-0.649610377272339
-0.580912249775067
-0.655696676517679
-0.580742034816512
-0.61694559287343
-0.682606650886678
-0.702768046473659
-0.520513279618596
-0.554390195865024
-0.520145210241609
-0.654678220245663
-0.636373418597885
-0.384018429379983
-0.591262467651575
-0.45835045980673
-0.312380991603065
-0.532308798991777
-0.527433560768754
-0.63508868980688
-0.530703325005354
-0.625040028898039
-0.537406539790588
-0.368539681670422
-0.526841250109696
-0.708300959427407
-0.719200818344768
-0.627487590298925
-0.601646319560621
-0.391140932426561
-0.785251612381396
-0.69026219484846
-0.599943462028018
-0.430610698582815
-0.504735803149735
-0.377525181281594
-0.55704796452589
-0.653279500687143
-0.656808686053785
-0.583738361873239
-0.586798142547596
-0.552686197893657
-0.456979600732078
-0.70776985678648
-0.449550221635336
-0.52293375067529
-0.476826907813527
-0.520796087076254
-0.575812095110443
-0.499932653482674
-0.605813850614353
-0.580281563712593
-0.345764796675711
-0.536954814684604
-0.458259934371712
-0.445506418548036
-0.653432498617024
-0.392912533619289
-0.482514977830258
-0.42477934056313
-0.406920038595248
-0.633036000415225
-0.45195545315201
-0.493883975480772
-0.475358233385409
-0.477557657433967
-0.380732415589226
-0.593550165131028
-0.534556749253709
-0.269407516839017
-0.532727254432915
-0.631386749624844
-0.564083365310956
-0.416784675906298
-0.531217341488239
-0.529434355602227
-0.453341221145567
-0.474983150008445
-0.357935068689322
-0.419206846199313
-0.423116971471983
-0.445504740747487
-0.665936808584878
-0.439278486479789
-0.474076264037659
-0.432647756421735
-0.450226763893049
-0.424893033795443
-0.439716118288398
-0.507624425118178
-0.427273666105409
-0.477748267853404
-0.488489231677103
-0.368601665653312
-0.428750124849299
-0.363572001593715
-0.635001890959124
-0.456626790869517
-0.394139740568837
-0.602420218094133
-0.452013944448146
-0.401928281499509
-0.438586961824307
-0.45561440854735
-0.436945458835193
-0.324926146299937
-0.552492739945314
-0.469403029967081
-0.434805933316634
-0.32364250816963
-0.405540696992458
-0.238913154105433
-0.377488850164869
-0.558745446075536
-0.188742785245049
-0.336107065332431
-0.317382047620595
-0.328875734234498
-0.320672344682137
-0.404370906378083
-0.245430488994546
-0.413991969089421
-0.366106793677301
-0.353277662729366
-0.190485921152476
-0.450115662994647
-0.426562745728868
-0.31095394285138
-0.355351163610094
-0.337409830446052
-0.401842760538351
-0.428836223495707
-0.421058942864544
-0.212423272700896
-0.274369348322691
-0.392245320315169
-0.474407411657634
-0.171644478783609
-0.224640940354007
-0.278749177310972
-0.289034391994444
-0.294525188403777
-0.363009527289734
-0.275754374938727
-0.256988650003983
-0.324962038079713
-0.245860740271452
-0.315271655991482
-0.233704525610814
-0.358931092654204
-0.216304940733598
-0.362135141758065
-0.346688979278848
-0.298811926001207
-0.379601879902228
-0.27464310533894
-0.419071712643804
-0.212080622637618
-0.305937970857524
-0.301883156235212
-0.160431281118904
-0.40517988084223
-0.297731954727602
-0.24776407013303
-0.329336601910875
-0.248438049786088
-0.272399240287151
-0.271834551007099
-0.361548240923007
-0.290842300900956
-0.138058496411673
-0.191252695175481
-0.278752985595583
-0.290879630448793
-0.218241437513882
-0.206257239431277
-0.285666883998533
-0.23707453741621
-0.269443429066261
-0.154942493791962
-0.136910679514261
-0.280923498386009
-0.288711478408624
-0.168296897075813
-0.331260320385223
-0.163457042974314
-0.235254097747563
-0.250153320063194
-0.327645798611318
-0.144523832816345
-0.208647991888301
-0.182808523756872
-0.251409876024495
-0.298616832657369
-0.253940183146656
-0.256390854386941
-0.170827356981961
-0.294014282124895
-0.153122743803119
-0.236722575523675
-0.254356405008411
-0.268882309516631
-0.22647404101273
-0.0545170537281222
-0.30755543914702
-0.238597024723277
-0.0353188214342851
-0.137771587259015
-0.32452533556159
-0.0669833967265476
-0.169971631672828
-0.288587436136825
-0.248066606932639
0.00480392269022592
-0.31716969634034
-0.215462438807658
-0.0843492333129041
-0.195237032130388
-0.111560239016086
-0.179419479664386
-0.19266835712799
-0.123711028860777
-0.118193357328915
0.115028790271253
-0.0454445072453083
-0.0797250598985575
-0.170603625445066
-0.139496652300416
-0.131959181498854
-0.154086258903266
-0.130752599619054
-0.132590577645285
-0.200158724603488
-0.000721202984076911
-0.0544708870200051
-0.0620735232302372
-0.185262128678556
-0.239577399898831
-0.167814055260517
-0.0828960150252646
-0.0816626352559896
-0.104315324283668
-0.119783671516638
0.0360714211658412
-0.0486200853102746
-0.100802293537765
-0.103891697655384
-0.102160117204503
-0.204958426258643
-0.261972234220147
-0.206865100726314
-0.169373151762396
-0.208663735014279
-0.149848216153358
-0.302967908571199
-0.212742427440735
-0.158642091624357
0.0590987934553583
-0.056646965365523
-0.012914333159278
-0.0990144165088519
-0.0315765553776022
-0.135963606744878
0.000560568272333981
-0.114326793387687
-0.153347229778614
-0.154345152306898
-0.0614850401851049
-0.0259359010989957
-0.0889971757932854
-0.0575870840253275
-0.154758305492166
-0.174692936996486
-0.130650614152158
-0.00730882743274822
-0.0528060943289889
0.004748565753088
-0.072432585273607
-0.120998626449874
-0.0311801667894711
-0.00599463361973468
-0.329816376096237
-0.128185991721432
-0.239269875763607
0.0228970911316227
-0.0660362571716186
-0.0312782475355297
-0.0227734939621315
-0.0753539296964878
0.0557759222504522
0.0399701619994793
-0.0708555781020445
0.00374887793862686
-0.178643410807807
-0.0418028253735122
-0.09640845766993
-0.184931327450249
-0.00335809566562212
0.112034071106983
-0.00836869402663897
-0.126916825359825
0.0559480496781114
-0.136245662047744
-0.176561341771598
0.0365318280348591
-0.00541258774919786
0.0322397809480811
-0.0287294451719207
-0.0342921324477377
0.0243496777713503
-0.0488084756685611
-0.0662635000854985
0.228409755117635
-0.15898167568235
-0.0188985398423156
-0.0467045409453311
0.054981262276138
0.036420155883519
-0.061801930600506
0.0128754616825926
-0.1230586593637
-0.0185546474679316
-0.0204527228487534
0.0566001620197542
-0.0128060727490048
-0.0144072388796305
0.17210074568464
-0.0871403358581698
-0.00586711352639471
0.0237383715987834
-0.0755445827822417
0.0118104591354029
-0.0288955512531768
0.198336040520774
0.0937074918279197
0.0647601361132299
0.203642404440021
0.0454995167779895
0.028884902083778
0.155053435733168
0.13486658693651
0.0926819864230814
0.208060435142904
0.112282335664568
0.0397250264989864
0.177201010987507
0.120334546672477
-0.0690125147636074
0.12611125408925
0.0852030076643094
0.0449438502681399
0.00376217568384587
0.104092588854765
0.0769510939299772
0.135545877088823
-0.0186570063080983
0.0771684880773398
0.00757962879855223
0.173007597389994
0.0982369733278823
0.125840114507245
0.190669766379889
0.0420712391560197
0.119836831951882
0.171054480858843
0.123623789734725
0.211240506473243
-0.0118595084224847
0.0111246740822809
0.0486079024184634
0.0527328275127488
0.367829702780204
0.258016008313941
0.219526163791526
0.0434782611788065
0.18233595764128
0.028562171080476
0.14821705529632
0.243888627216659
-0.00278993086681832
-0.012188460296853
0.109255225610998
0.197473978038117
0.15132784104508
0.136999430704536
0.201928634125021
0.258844300835413
0.162096038246075
0.215435259920851
0.0769147129185612
0.193390015262006
0.0941351388430559
-0.023127293797791
0.115137396489933
0.103698219974618
0.188761119385373
0.268466498944145
0.207546243485745
0.195726208222689
0.258584367860981
0.185487907535066
0.183524468121442
0.221727790703644
0.218911305669448
0.195955833266315
0.132796741460719
0.117914435884719
0.221191959505129
0.238500610433764
0.229809345125786
0.356178071145924
0.234618619015876
0.0236876708462868
0.230593817292154
0.221851131997365
0.386769006326947
0.134264972352311
0.237308047413421
0.27702217277854
0.14432087017774
0.384154141760106
0.268827692254288
0.227225446973598
0.256430669228135
0.132709238341679
0.30129082996486
0.427212062936973
0.341065603840518
0.160562295353574
0.262592453862717
0.242747976695964
0.316648982654057
0.284677837362452
0.362362257684894
0.181881080393863
0.316115794748929
0.349421721657584
0.186212016173902
0.201102235042566
0.272872154233849
0.341348386063814
0.236966510147765
0.410223226715747
0.288481403548744
0.44800387923403
0.248191028075136
0.258270569152482
0.27931960270893
0.272270256483662
0.221013401077743
0.25563777039792
0.201645886856098
0.355302801151842
0.398943179810046
0.35289123201199
0.228420422320939
0.442968207742418
0.522824314558299
0.39302459493006
0.343322079694732
0.354095632032155
0.0678905389986475
0.333040805656581
0.377340441224697
0.171229796746643
0.431843799612465
0.305330406963058
0.344702258405596
0.386981120620454
0.324822234562952
0.417554737993087
0.272806306644979
0.339696892673598
0.286755258347882
0.278567420606256
0.408044145263795
0.325843957808957
0.386188164607173
0.356945265614092
0.27471181928689
0.428985151681207
0.340912262589938
0.270450945627013
0.319760662808594
0.354818534109702
0.387433339175137
0.48493895418275
0.33109131313055
0.371547107451646
0.394077626859841
0.499695985234624
0.436107059772018
0.411851058278135
0.384965935165133
0.430266796234271
0.348763051707069
0.404235560681215
0.490581217220236
0.28963720618024
0.479263648792801
0.394932901602641
0.400744443477321
0.362237188268936
0.381119443424882
0.462012596818914
0.436136861809975
0.488858642169498
0.320611216979986
0.272261687175983
0.357457583603052
0.613124477555957
0.401013336987615
0.553996021520136
0.353520452574137
0.289182942183925
0.352982068767585
0.441956070956259
0.420599167147041
0.382496330335867
0.356779445688825
0.467493865872963
0.450233933826036
0.663224980183103
0.47313938120488
0.501515767561386
0.479528098977571
0.375998779613942
0.508191225189603
0.432975183851436
0.376505036413257
0.564144981025103
0.617120007309292
0.252579926241083
0.520138885097579
0.449333447470273
0.60124585965816
0.327868617724253
0.408943292264957
0.536430470204342
0.455971002748585
0.521672809687068
0.517807537686005
0.391408592680113
0.557654791943756
0.537666788872908
0.552499967802641
0.273870842435403
0.447743557070788
0.44359934945483
0.338580714799645
0.568728403307527
0.407458547117861
0.486672615869307
0.54789207195298
0.431252428808898
0.340031071438087
0.59405146028778
0.45346193497704
0.395693682424357
0.553570437798174
0.479045164615357
0.493727722877904
0.331603230506064
0.481060780221473
0.574114692288025
0.493939889767274
0.534219261604483
0.545513173338014
0.457711019425103
0.442027396908904
0.571421242667791
0.432225271735648
0.528528299559056
0.543448706563532
0.583221513963867
0.47452433601239
0.486237324420036
0.494447485517883
0.398327765290939
0.528555007840359
0.543299442637451
0.64214538888555
0.631782563110468
0.585509261803369
0.356080377465617
0.553089121836836
0.506815939815238
0.627980593395636
0.493254967798996
0.480312368011965
0.597272907176393
0.584985186259473
0.443631827265602
0.551820148795452
0.516271554956404
0.650027268090036
0.541002283519374
0.467379388398792
0.719098596989196
0.615886109910441
0.610662717780784
0.572314692021751
0.646722237991569
0.521324123966558
0.601536921753895
0.438676215562394
0.65948083497452
0.546018427128843
0.548410367374813
0.635129237559733
0.777155718662724
0.608980139240759
0.711508459342584
0.576422702155369
0.561325541241628
0.66665024048753
0.636328848531835
0.779775409670733
0.704905574005578
0.571128627124016
0.651114416787127
0.725611438049751
0.501988339227752
0.635558326872532
0.551231923244589
0.59609332647665
0.534129004203309
0.521141729916573
0.625378801765755
0.516081745196093
0.651745194001804
0.781580266570605
0.56757486034913
0.726106185969296
0.764446851321401
0.699008071403917
0.665372455181069
0.628606047352203
0.609861221196333
0.688951164400943
0.804527851709066
0.647162076133816
0.556272808729202
0.703332825094756
0.588309250542026
0.516501149232804
0.643500901563951
0.599899941885803
0.750017939582712
0.685468950865152
0.605474772059847
0.550520308732809
0.623662255528148
0.703963605257073
0.675572713991222
0.760214897435677
0.679747283375221
0.740625253765912
0.868168335189951
0.829039319183673
0.555679570818946
0.78416963298411
0.724984314063421
0.80720639389476
0.658355054227508
0.722610043504374
0.76802841859538
0.730651859398964
0.762360253967839
0.734507435241429
0.67274270379484
0.720517956743112
0.775179712004617
0.717040402512347
0.690681857335979
0.735273307801499
0.635596098801161
0.711658865032
0.764699718086046
0.692285351276712
0.68862250347287
0.667271036548292
0.844788197174507
0.67757087870545
0.630395763913545
0.742190146068471
0.61115422115445
0.672785432306947
0.744269864347287
0.700792674260933
0.773477647500027
0.613031016134805
0.668423566205908
0.631154032193287
0.800415119210083
0.72071799326186
0.865139541977669
0.780584064434344
0.765811493921504
0.865450935816333
0.677676791667112
0.743568521797769
0.803965330634114
0.786975355401308
0.798154925949961
0.905256518733043
0.765354035648458
0.811697653941075
0.763289959254451
0.799357760143124
0.988070815091849
0.915430543571285
0.854263194210855
0.813533667205927
0.919601003668182
0.769065882470694
0.802538435152724
0.805238853148576
0.819525701684758
0.942179340990427
0.786657772435503
0.794335048534471
0.850056908778501
0.999137273758407
0.631194015288965
0.838449254304635
0.785719678389518
0.879468144254492
0.827657238412031
0.815818549675635
0.800585604365635
0.923131550004949
0.613250611154333
0.924263549768716
0.870440637436966
0.650344864085062
0.891367038630772
0.916100275065317
0.945732415488393
0.846573914444093
0.948339107364772
0.76372088113641
0.819489138910048
0.875101552077242
0.97543580935219
0.905597025078175
0.858087704849005
1.01561264403663
0.839788955723063
0.797625936268271
0.949316155777172
0.950458419476211
0.817914482496862
0.836655964136426
0.895274227355253
0.96741844077229
0.931498348147645
0.997559868981102
1.01217772497852
1.00640384843187
0.926139598498743
0.827748903914505
0.90440299763952
0.948461237325194
1.0438477164874
0.942317847705152
0.939514334568528
0.977016852529712
0.954646334092928
1.00690622983379
1.08270772300716
0.911326828378678
0.895042286142181
0.838372282424385
1.01755056290503
0.97527641902296
0.947402413940066
0.908218702309343
1.06963893182557
0.952326808816716
0.955961132281361
0.916661400694987
0.943424211737829
0.868202280173107
0.926205149791364
1.04054406238174
1.01932870051309
0.837496711879281
1.06595725668305
0.993703360023888
0.819968350053343
0.936495086049774
0.936442311622093
1.0883329179644
0.965293557526569
1.09808257914252
1.0344223538395
0.896880810962282
0.781189550427489
0.992478577205064
1.11150878786851
1.10848118937649
1.0667588981071
0.929306735165129
1.05418363025549
1.03434501659572
1.00339652599684
