"x"
-1.11184379185272
-1.03592422698132
-1.0362045255839
-1.03525764003171
-0.924683276852546
-1.02244864624448
-0.889886088155063
-0.969729941290243
-1.09795628526902
-1.06699418972652
-0.998777884970064
-0.983227927126027
-0.9157264680133
-1.03515227563079
-0.882170601820517
-0.996092912596635
-0.925057274366723
-1.01401831603348
-1.01325420816507
-0.898840301139026
-1.09383905962032
-1.00890984635317
-0.889001660411377
-0.847733701823551
-1.02517845913979
-0.916513104060054
-0.884034169090564
-0.999458153002685
-0.966561650934669
-0.917442247568964
-1.06371821752887
-0.86823473412065
-0.898426936400526
-0.805740496214661
-0.836857479756972
-0.866223020562225
-0.802189527938633
-0.928784716096233
-0.866789050208107
-0.965097705094539
-0.890860986002479
-1.07072589045972
-1.05174861513076
-0.952458392064141
-0.860048356302277
-0.92878530758317
-1.00759756646964
-0.842554796287374
-0.789511986420258
-0.910696803388687
-0.865415286811151
-0.873821131520555
-0.842937172478535
-0.844914516695257
-0.850164259861351
-0.852121352489438
-0.905955014123782
-0.813396164387117
-0.957456637779143
-0.947349157644409
-0.841600419275774
-0.865158704724738
-0.888947816029596
-0.830636683945993
-0.881128092159169
-0.947016760124475
-0.92287976912529
-0.804704884384373
-0.888728501811541
-1.05509390927295
-0.964314224341745
-0.888592534960697
-0.95867297619086
-0.804660123622091
-0.821963515888643
-0.862449285637591
-0.886811002588739
-0.896515200465467
-0.880343785088804
-0.673428061109877
-0.875985452425293
-0.825477586606835
-0.824755746734882
-0.863406762914383
-0.929992655374506
-0.841388959687864
-0.780565360646194
-0.866984317047728
-0.804538985547351
-0.930079659719677
-0.796718436931664
-0.714758343688032
-0.850525007681051
-0.809698855167938
-0.789520822373735
-0.860802553946634
-0.839438956383984
-0.711709327133643
-0.780487386559642
-0.69717147209383
-0.835461913709879
-0.744266202163382
-0.75359159988241
-0.687106537784515
-0.742111262213898
-0.893662327176587
-0.630904415610494
-0.710072744731929
-0.743833340691067
-0.787953121370941
-0.846022308253212
-0.874182590224439
-0.771905038867571
-0.802963529173544
-0.878698241547637
-0.826744159803025
-0.889805796396423
-0.587815374708476
-0.777794989362875
-0.731004127837633
-0.763153142276753
-0.888628578535328
-0.814140689491354
-0.60065379834294
-0.457393683087206
-0.659534884663848
-0.708388695127137
-0.749859004417694
-0.759038214715946
-0.825795439154617
-0.761109436892411
-0.740663296150558
-0.742052945700351
-0.714507896660424
-0.637621758739267
-0.817747038327164
-0.793358338056655
-0.843808303962358
-0.5637415182155
-0.679476471929712
-0.643583582745958
-0.728417941113869
-0.699263639096122
-0.685956821765008
-0.635487756493746
-0.743481184853064
-0.796849904476221
-0.758034304225941
-0.65347487067317
-0.579211378593835
-0.566704597388587
-0.652251352354884
-0.675462521651158
-0.590223478880919
-0.718827819750076
-0.686129065881266
-0.837796566485242
-0.792979242713634
-0.565686665587355
-0.650257201387165
-0.695468660424735
-0.681869837859412
-0.799737671421284
-0.78358564099508
-0.693403071055958
-0.821317109497932
-0.597285743533509
-0.553992228374929
-0.677767021889602
-0.519168660868478
-0.662012460359006
-0.623099438395913
-0.657552093301605
-0.594330116775094
-0.651595124267826
-0.653611436218642
-0.539703835882771
-0.575973997724137
-0.533746577524535
-0.757420032047879
-0.680835391082474
-0.703102964992245
-0.653254276450818
-0.619082382348028
-0.575553904453723
-0.621137896934122
-0.644926266960467
-0.689742876419807
-0.537173614289713
-0.699671995428559
-0.614769635736594
-0.596081782956464
-0.600318619604151
-0.469336685434032
-0.578999336070458
-0.622145902899334
-0.615710414379814
-0.624857311822515
-0.67924120911515
-0.551043266385104
-0.541175009665932
-0.606304533761956
-0.646462321561212
-0.625538851460399
-0.470856293940922
-0.643821151744203
-0.538495174217365
-0.540702059422366
-0.409655585357412
-0.555760288398156
-0.59256657855851
-0.524604698492465
-0.435479019126535
-0.503448290871208
-0.560534532148044
-0.511889600211318
-0.369082233405389
-0.526862777748433
-0.563851655238321
-0.483971802025336
-0.612165805806235
-0.566464570578761
-0.684466531433795
-0.543375090454289
-0.594969276694584
-0.436017225695869
-0.46377380656872
-0.670585305332244
-0.45652043994286
-0.554879786441496
-0.549196201441277
-0.605113043796972
-0.440947567424989
-0.56993534548315
-0.555131998245041
-0.515414255097159
-0.365350119087703
-0.432176950617028
-0.511838714869702
-0.513492007810004
-0.506637103454449
-0.522303111388943
-0.701449172368964
-0.570968899600115
-0.444060440323386
-0.690952172661014
-0.318596315438199
-0.578707204386807
-0.491407507411874
-0.535698903039015
-0.381546712366963
-0.649040901262101
-0.33884038979982
-0.688466973213626
-0.614724429410059
-0.450984017760968
-0.493509611114404
-0.513598656878538
-0.475115849477426
-0.494554121729536
-0.421885237554821
-0.5041810445203
-0.475657277661903
-0.294960159843966
-0.52141321161724
-0.633408936842569
-0.438055143551428
-0.424126156714064
-0.503008928308165
-0.48763204261627
-0.304891088118966
-0.37283951860871
-0.541530510823348
-0.580566024090706
-0.362936232502133
-0.37602640607001
-0.382571716979303
-0.427806457648735
-0.595775548523214
-0.500084409654091
-0.550930412852113
-0.320392819913266
-0.56346167482296
-0.371254676467638
-0.352546192227749
-0.315251817296585
-0.302998870117357
-0.622983716944972
-0.357626730956277
-0.535830474271489
-0.683988711562884
-0.332572362569968
-0.564966941625142
-0.467016893962492
-0.415680131232716
-0.412987079069014
-0.420783489022287
-0.440302037678505
-0.422874698071757
-0.304735215907408
-0.331660648606319
-0.541227946547178
-0.443800085072169
-0.507486019938719
-0.494455913293689
-0.387341306444463
-0.354893295007731
-0.302315514884512
-0.437337386469034
-0.320913565999018
-0.449819706187595
-0.401475475163811
-0.372984052589529
-0.424776010022186
-0.329708301551422
-0.466779645411483
-0.207409070178915
-0.226337018515048
-0.308103184819215
-0.472376018894155
-0.322169764131155
-0.462346453443038
-0.420658957507944
-0.363477468019475
-0.478775793131795
-0.305373758432965
-0.248091564014833
-0.306850317045896
-0.398328774344201
-0.315946017281649
-0.363398178656359
-0.319107682721461
-0.297602984211669
-0.125369646543366
-0.394713364729073
-0.277767392641094
-0.316213406811145
-0.406443838456547
-0.524419807674564
-0.360389487144523
-0.440395391528229
-0.16843155715908
-0.316522466293742
-0.334704906654588
-0.204998105317681
-0.128436031225285
-0.332331145247491
-0.1611132264655
-0.38264702959631
-0.310697811250456
-0.298440570599595
-0.400122829269442
-0.0900252773363909
-0.194853600974898
-0.356020303363225
-0.320799521772389
-0.3079951737464
-0.362717179053562
-0.315028026590897
-0.325493259839412
-0.268909227901577
-0.421066305800235
0.0265717679964592
-0.427583501660926
-0.202469748663544
-0.345258150637387
-0.293841208426941
-0.0992857264708927
-0.341952979917038
-0.324726219344068
-0.283977907381005
-0.116497184227774
-0.188367800354681
-0.150461792548799
-0.197366900743549
-0.194573225682335
-0.201595326391858
-0.249156567525954
-0.251342856492961
-0.44798488174622
-0.233654788604399
-0.296673957179623
-0.191462040639709
-0.0695009327375888
-0.330773195678564
-0.183955392518205
-0.340197030310481
-0.272496989895961
-0.293454671551422
-0.296731160967493
-0.263359397759422
-0.0720679449877217
-0.0898137676354768
-0.204243742497837
-0.242515241607753
-0.171243434063122
-0.270967942093572
-0.33136980863682
-0.182636463901927
-0.266456105434431
-0.181937479449075
-0.274956708700758
-0.134617533567292
-0.361675847574458
-0.191496580830537
-0.206867330867595
-0.247838015159655
-0.153504603385411
-0.212172276780361
-0.143821641322123
-0.165028635705667
-0.0889279350976876
-0.0250279675652488
-0.167576244405528
-0.117828828594271
-0.0239931130891995
-0.221783418829331
-0.223530315016634
-0.191734348839456
-0.193558633311243
-0.0575712015246555
-0.218224969397791
-0.177330449208816
-0.0786439061083974
-0.248826054889576
-0.20674867649615
-0.0608285531591803
-0.0631647578663536
-0.136730042202229
-0.136003851350122
-0.140636875959821
-0.157953511702119
-0.267430521287951
-0.113183537055471
-0.0825932147359364
-0.151165279279574
-0.228165173712709
0.00348986498671848
-0.185422955858232
-0.18411650085475
-0.102551599307028
-0.0847072332505166
-0.0233580475228115
-0.0224212705257427
-0.154834387195717
-0.181045995142879
0.198909869483498
-0.0191798249115148
-0.0673167201004939
-0.288805191059238
-0.2106925854264
-0.229392016442161
-0.125224445792928
-0.180168277801121
-0.0910034830101977
-0.137079901002421
-0.0737985082472646
-0.113102245373941
-0.112219172307232
-0.122876535115345
-0.0412004053731033
-0.0274705485145642
-0.122697025955442
-0.145023185541142
-0.118440839399828
-0.010016811663093
-0.0396751919512545
-0.0805936652806
-0.00177921351655834
-0.0976131545212009
-0.0188449854761892
-0.0601024988240308
-0.158209692791022
0.0723888865908349
-0.0734529180053212
-0.104848572768816
-0.0502639347977046
-0.0301955267153023
0.0443485812277021
-0.135244148146395
0.0584727812034441
0.13507380087507
-0.0956292034644253
0.116180867212126
-0.0423787285770562
-0.0282856935058484
-0.0618394379751198
0.00594205786510152
-0.0344294992064033
-0.139664982967973
0.00831461776783854
-0.0616760478043611
-0.0626177481422064
-0.0183237995070502
0.102242514971003
0.0885347143767071
-0.00430016644923038
-0.0992132885663232
-0.0248576250420136
-0.117898441684203
0.0225216966332957
0.127279694926711
-0.016447224609095
-0.0115912575038408
-0.136064498855446
0.210532978543563
-0.103021563102243
-0.197171792016438
0.089050019582872
-0.00231491130204385
0.0550310305324608
0.0995137885603694
0.0331052730525015
0.00781840219375612
0.036743240836962
0.0455696488512045
0.0946257864322284
0.133806094717605
0.0821710032994346
0.0379687679775694
0.0905181217860641
0.065462126924247
-0.121764225691815
0.189312856973721
0.0689625690730354
0.0280111010610715
0.143205143432165
0.0944258964852775
0.0507468847608086
-0.0013426232338733
0.132800000626726
0.115946574579739
0.112990538839646
0.0828617653422655
0.175286724617072
0.0262591991121617
0.0444406028481844
0.00951361759585201
0.125053210345616
0.141804970061324
0.102564851981147
0.242015343565764
0.142049638773714
0.028533791453515
0.0618021843984856
0.152583330318049
0.0863023663440201
0.0427594519445025
0.0135484334364623
0.0531175715640383
0.134498752497023
-0.0146837973618649
0.0949553148102022
0.00578274708735034
0.21048323953494
-0.0494097343994124
0.141443096184528
0.144999810041127
0.107162880170392
0.272152615707361
0.285110833149965
0.221457518306129
0.163150776122977
0.140632919150114
0.0520527233447102
0.198041733063418
0.0729743695456741
0.0416260573906962
0.175804665456949
0.00255609453552796
0.180228713874636
0.139277177797601
0.0729315730662227
0.133906780041587
0.202042257506384
0.0746839544152359
0.268177169227897
0.271804377313987
0.125012370069613
0.105768916822677
0.0967683021271706
0.0848874933526514
0.215432173772664
0.186320048528824
0.147201297049234
0.253735858616429
0.0711529268107844
0.346230456376232
0.22641106675604
0.144962335251187
0.196018144831681
0.104375048684533
0.189120611279903
0.290064248514583
0.0528587124639251
0.250706224276878
0.194116727195301
0.0396036760544123
0.160503103112903
0.125315545744498
0.239451915067915
0.145031565862791
0.279889304033768
0.276165233839346
0.115587409380092
0.396711040267814
0.291507225728224
0.0679829788220067
0.174198690780532
0.137246882255978
0.231399577819984
0.280018563103828
0.236348691679127
0.332677563387402
0.338593814900142
0.246589919496028
0.276125120832552
0.313495923085507
0.264161869997116
0.146868660191491
0.193058951185228
0.252834029541491
0.191029573930569
0.307940526429901
0.299813902107511
0.342842034281674
0.264681984282661
0.278159814977567
0.242166740034016
0.317432228189831
0.302735878999423
0.315671886672557
0.284760372903461
0.285379273048343
0.289410157683951
0.243810868340102
0.318946756600666
0.339978028204187
0.260610637445682
0.198156040325189
0.280493571261063
0.335256188937174
0.402580045350887
0.430815640179642
0.278485287824507
0.268054136017818
0.296358820108103
0.37537231030353
0.320229865155388
0.150457792772814
0.344177017187832
0.189269000845585
0.272211076633524
0.2638143421466
0.254734143035783
0.368999464369287
0.37751272968149
0.455912855762479
0.217496930786594
0.322950275480319
0.286820051429096
0.305767268490216
0.264416054648898
0.247907810714701
0.238042630218499
0.397632162047203
0.386481652219512
0.205213225796293
0.342032820417597
0.224584645129551
0.259176153847647
0.198694594620401
0.260950256897946
0.425483317445179
0.372589957107899
0.339817365863221
0.310028847335278
0.250585510112733
0.465734071509962
0.436891571845281
0.569876007682065
0.51736075858767
0.295903001282278
0.408806025520315
0.445354678837742
0.354288342894424
0.433533873392846
0.510668007974063
0.298257129094057
0.344674871989769
0.451127816549064
0.366760460391848
0.357599204753528
0.499054357927128
0.388124353013959
0.291779874146644
0.237864479715663
0.438270731504374
0.282905645409923
0.295140543895532
0.357103234312636
0.326219502539124
0.435271477395496
0.433247633976531
0.338376752573674
0.403534761495496
0.262579397885709
0.396093807069827
0.344959952096471
0.539039552070864
0.458079667859845
0.512100051106781
0.396356503124769
0.35969346276102
0.259609018276595
0.423792192066534
0.549224636581236
0.409497444303431
0.358504641215548
0.460843080131164
0.476580421510673
0.4732609060264
0.370626871564622
0.491740335000282
0.522009263165776
0.475400773108953
0.29867078634133
0.437540884611717
0.416536746675089
0.568081848654601
0.526443595029257
0.389781502648701
0.430428298730501
0.477669622820891
0.44108816537113
0.491458591534753
0.392013958206971
0.452462305000762
0.467985281510039
0.608453094094197
0.520845622499707
0.583143362047661
0.415946957248458
0.554386574721996
0.505244143540394
0.523414322438762
0.492687654037734
0.61740479910605
0.555135505311675
0.503518667602773
0.374664856429322
0.349099426336832
0.483954627763913
0.419129278538058
0.569269950040786
0.440644029866828
0.614748277799725
0.536192972492311
0.502410376181043
0.708716942395682
0.642089871336534
0.625112338547155
0.475177422887404
0.515068628706139
0.426424729447312
0.566843501105655
0.524440540501736
0.510827639750812
0.629182198541924
0.607412382260579
0.530884335699064
0.503182938567401
0.676170871300689
0.595631442068912
0.544204381177583
0.507509943487372
0.657077837699486
0.612326835815269
0.645417421501062
0.375365844321506
0.504097131991106
0.693720091151932
0.52607902271071
0.644684232368115
0.573456225348255
0.638097241251902
0.622387171785882
0.6874844178917
0.619655596061806
0.625191722367082
0.694919960026522
0.537955339760701
0.537270215942827
0.583320175804294
0.492623270518892
0.540142317286667
0.552874221504936
0.655332397588168
0.6326471131033
0.50945279578485
0.620177086164578
0.48188156604237
0.689017307751974
0.641821269316891
0.538345739421865
0.578724933917158
0.501016171838329
0.508732177524004
0.635662498186554
0.64002816857494
0.576186476583423
0.639765914005938
0.557816329537043
0.681898990297052
0.766342779626274
0.425253919574779
0.52681952799928
0.539815910072128
0.651414584692806
0.630151068218743
0.573297008656805
0.566056864686872
0.628925115119313
0.622349162044338
0.679369142115886
0.745221658640515
0.612049845648617
0.732902774744703
0.482590914600617
0.604818096953871
0.728832431570829
0.692223276092468
0.621914497615524
0.561708378094105
0.717711659621517
0.832105563463009
0.585658388805637
0.829231985646216
0.779393884380536
0.611316502162348
0.690276435641135
0.847402682775547
0.764148050457912
0.623850318231102
0.646041569508604
0.673216452046003
0.653589110200387
0.652218768083836
0.580710966213696
0.730412780653648
0.527027999646432
0.788103214139044
0.844385660261997
0.660451445270433
0.595121953476175
0.682391431531861
0.695400604140508
0.653956108774166
0.64960588142779
0.637142297712749
0.667494818884526
0.604411974385118
0.78997792846962
0.710055717387528
0.669840222266435
0.714434823126044
0.592362212919868
0.552301100476154
0.698766303185347
0.844323916379343
0.789661852123866
0.76722290229908
0.644246688243444
0.780230629239051
0.53511740716303
0.880853865629994
0.751683632788166
0.789604452729158
0.640832047581859
0.649603832288813
0.630613590719425
0.888099692096183
0.66939891457204
0.869633904219566
0.781372638324041
0.721566254347014
0.799027906145123
0.65897515307965
0.755592793596663
0.794304569881596
0.70924901996292
0.687802583432993
0.785261998343238
0.751616816442727
0.73159676146598
0.795399630200508
0.828909835019937
0.797836956678593
0.917966922195674
0.807683883575495
0.866841974899819
0.860055020193897
0.822787600310157
0.799054327444334
0.743796416739392
0.618527333454669
0.923449331398643
0.865588786201539
0.889469509761991
1.06243016981102
0.896594903727873
0.851501303018275
0.781078434600226
0.82025235808359
0.924715937370365
0.765072786217718
0.78518440622336
0.868989828441708
0.979697192641514
0.872683463669196
0.831840931557563
0.744107958482967
0.856462261802593
0.887154308889211
0.856486947797959
0.904416235983133
0.727974089100078
0.731084000993317
0.875549393894283
0.88096551032504
0.947375610276925
0.811311674783266
0.954041672594635
0.874801477062163
0.89495162810765
0.794383058126065
0.992864135715539
0.844434877463525
1.05618781054768
0.767880772109029
0.806698937107294
1.0372623682919
0.844976405614774
0.980493210891323
0.916843568882326
0.85282803295242
0.765452186765073
0.96348168620471
1.05332544525372
0.788560591430629
0.932269902122029
0.891404135204703
0.828606151968185
1.00417103875573
0.982449584052722
0.924192046542136
0.867922594830014
0.879820083074136
1.00639283538153
0.864141700831575
0.84368744965754
0.919264069821868
0.92479206711794
0.812088461690665
0.932161643472855
1.03069428126441
0.955761166232904
1.01735762491408
0.901713429940567
0.838445500846961
0.849312744659842
1.00590069626505
0.983380639455246
0.828955470635579
0.937562382738947
0.950905312539202
0.903506119603195
0.944460214701118
0.921390824788205
0.911925949214833
1.06819121135898
1.07619470006299
0.896043594095884
0.993690911379743
1.0264495992586
0.91942751444616
1.10209559524698
0.993668924320773
1.08471785719939
0.993290323489581
1.0581915578175
1.03686308849947
0.907524976372651
0.939002416723621
1.04686374387987
1.00342614615385
0.925095272112524
1.04602405297762
0.937386047727491
0.917589527789898
