"x"
-1.11745260699474
-1.02913501914846
-1.04015076449102
-1.00900920532601
-0.922916555436141
-1.02484099730813
-0.892845489999331
-0.975805255406278
-1.09438697832331
-1.07134203670474
-1.01199985062356
-0.971176303947463
-0.915390813385424
-1.05334747151996
-0.89759328453359
-0.957443508170622
-0.900406594333987
-1.01203022119138
-1.01750763005346
-0.910491993671496
-1.09431254397725
-0.999777548651178
-0.877800244850064
-0.875939496927512
-1.03531216000625
-0.907158308362363
-0.899264623844125
-1.01644358530566
-0.96401306855412
-0.921960161318105
-1.06223175206441
-0.859742697849511
-0.90028904696126
-0.801253827410624
-0.852175158753397
-0.905231662401871
-0.804617239739705
-0.92062925163079
-0.878212211037472
-0.946032026749372
-0.90227414641984
-1.05160842263914
-1.07313947410927
-0.96056117937772
-0.828221226611639
-0.926917297218691
-1.00577496275656
-0.864809805608283
-0.784135885413348
-0.892844934391339
-0.887726650558442
-0.890813677752544
-0.860999565498727
-0.856200475775398
-0.872940882103033
-0.846154317839074
-0.896262358537858
-0.828018156294772
-0.971925101425797
-0.95799055515057
-0.844555934036134
-0.885724288575333
-0.909097076994972
-0.843993955468495
-0.88117672185284
-0.926472762500167
-0.911595020223516
-0.824056324701389
-0.892941591116918
-1.05403281248634
-0.959169916082016
-0.882537940948735
-0.959501708129486
-0.789933793250587
-0.824601928921506
-0.876529245560782
-0.901758171508857
-0.897937780074226
-0.865551577203466
-0.671535203919818
-0.881298914942394
-0.832662037774111
-0.835478647904878
-0.863462271216501
-0.898107274600229
-0.820293720842943
-0.785954057896953
-0.885765561561756
-0.790498873293946
-0.917994023473444
-0.821108118243349
-0.740113762529755
-0.849184697297245
-0.835060071258149
-0.777293114106034
-0.861024901710558
-0.822643222008758
-0.73829540001628
-0.785077051644152
-0.689187904375695
-0.840846742685397
-0.751693316598442
-0.736283674725417
-0.708669944797372
-0.714994447387145
-0.896568788683033
-0.615267157304589
-0.707454755602986
-0.732780625148259
-0.80338991500216
-0.834432499602745
-0.876145388221243
-0.771823034111778
-0.825608190820016
-0.854362554435874
-0.832146389804683
-0.883989086565955
-0.581238812500672
-0.777818319098035
-0.736041900419448
-0.764819747171245
-0.892808738833688
-0.813078944668232
-0.611575801496644
-0.471747872739689
-0.668022431601006
-0.709503386423962
-0.755128109117927
-0.75857205698849
-0.82040860926023
-0.755558893312186
-0.737846129586216
-0.765243675565096
-0.708213938342683
-0.661621078838917
-0.783799239710386
-0.821890358809303
-0.824414422287354
-0.568527302176663
-0.686164856993204
-0.645489981578005
-0.732737580293392
-0.713821634601873
-0.687277121128869
-0.610721834754699
-0.739239030842386
-0.790203473488073
-0.749881650090514
-0.634915020859037
-0.577270161557426
-0.557261709659952
-0.657453829507808
-0.67674176060032
-0.596197277688467
-0.742770857689711
-0.695190003078867
-0.819905427317703
-0.755430473864505
-0.584095452776032
-0.65636152765842
-0.679011639914267
-0.684357599534193
-0.801346171274121
-0.789907983148473
-0.696699553815288
-0.797544237187984
-0.61791635933668
-0.549752547481006
-0.67176451926889
-0.538060336905179
-0.645910410466356
-0.644288370973486
-0.630584875311215
-0.59682186043239
-0.64619815897727
-0.639881896613446
-0.504040186539754
-0.596998344654578
-0.534654977158376
-0.750347554788755
-0.691415542599031
-0.681883059024981
-0.632680138800411
-0.601643680745821
-0.552286853660614
-0.609114157834475
-0.646518757912268
-0.706002456209131
-0.557813924782606
-0.710451340389268
-0.616985076458286
-0.621517606310537
-0.597370291214001
-0.468582721831276
-0.575871666236207
-0.638891835305544
-0.605930010308849
-0.629096233437032
-0.674515643418285
-0.542042067533998
-0.56128761009282
-0.583820003006479
-0.646702079751378
-0.612203810061832
-0.517919249495838
-0.644095620257018
-0.516623304589915
-0.556213156347895
-0.445153206394164
-0.544999157162262
-0.613337836856969
-0.532615146723439
-0.421721250588239
-0.494421334922241
-0.553368452237777
-0.517705828786364
-0.366568646289274
-0.5480658993832
-0.559378697895671
-0.48022354160938
-0.602805161202893
-0.533554997694846
-0.687472159262963
-0.545518494209061
-0.538423794360663
-0.431999115808619
-0.477019046166278
-0.699631040823903
-0.461076204533256
-0.535666289921792
-0.553871145362801
-0.603251564709947
-0.44354499885608
-0.565430115655284
-0.5364752605845
-0.517822775623873
-0.380624121754206
-0.427099752214036
-0.520058752300516
-0.529980879852905
-0.494831566186877
-0.54203194281513
-0.681199560460085
-0.555657137590758
-0.422887442527722
-0.674215481195471
-0.308779315946369
-0.608777565811303
-0.492394265519748
-0.521505226096535
-0.392728411835633
-0.658280571921773
-0.319212404281225
-0.693620312432538
-0.594407444741693
-0.453051794565739
-0.479637325735797
-0.522050366064211
-0.482891918277532
-0.512650701602297
-0.431939499513696
-0.518155500051329
-0.483672251399428
-0.294598128742105
-0.521464059068908
-0.607833699756295
-0.461819002357291
-0.415973459870624
-0.492733561720122
-0.482947337542307
-0.321190724872131
-0.379334717545401
-0.549092227456322
-0.56736297727418
-0.341715522160896
-0.378702502151651
-0.376717766480467
-0.417327308334521
-0.597948742317995
-0.486656420490506
-0.534081081892636
-0.316292391922036
-0.537341372179998
-0.384361737596825
-0.350904336070602
-0.316853282772397
-0.340928694925673
-0.638163050809823
-0.365589466002837
-0.507435334209164
-0.680490100050265
-0.314560883881409
-0.547693536956548
-0.428557980004532
-0.431933569994984
-0.403740420670262
-0.41209937727349
-0.444119733484181
-0.418885995506556
-0.29828119637231
-0.32226637336463
-0.539350739153673
-0.436239143020518
-0.509309907388736
-0.49194925621081
-0.398808912673202
-0.353613023309631
-0.306925703541062
-0.453751265933065
-0.295230711552009
-0.455807097545866
-0.398985956003306
-0.36079780917652
-0.427046925592964
-0.302975122992535
-0.468992967061469
-0.233754515175923
-0.244839009241722
-0.331105793726315
-0.484267448552066
-0.334680366914141
-0.436280260269891
-0.424846962783415
-0.37085283939664
-0.471736368908293
-0.300083982378061
-0.220643091642939
-0.311979353425654
-0.414782494107598
-0.324313693665164
-0.347001086968293
-0.341912456637707
-0.30847658921159
-0.124059044650947
-0.420800294216447
-0.298094244394086
-0.316335883663766
-0.39968121338765
-0.525791874724744
-0.353068817827406
-0.431079202753974
-0.155805666586413
-0.330821287327243
-0.3418075756993
-0.220115387164946
-0.125853545727074
-0.331148382639069
-0.144617293667034
-0.395930658673587
-0.311992773245906
-0.29415764552603
-0.417276572131169
-0.0835636660284863
-0.191588494185274
-0.338581558188342
-0.292911143839472
-0.331776835929024
-0.347553090112752
-0.298305356883692
-0.32327161912688
-0.259458621083021
-0.421643955801144
0.0312308828959401
-0.410813539955322
-0.202999801498116
-0.335137068632883
-0.302463900041741
-0.0867722931205124
-0.353912777811873
-0.303876878141603
-0.273973349023271
-0.111891425366879
-0.194722655671165
-0.132913787419921
-0.183970059405601
-0.178475837483419
-0.207670616325354
-0.260260116200472
-0.248516055857616
-0.439019502065697
-0.226353636646549
-0.280294210162261
-0.208012189444429
-0.0661547451442392
-0.344217390543829
-0.190551686068649
-0.351494244040229
-0.251772802378283
-0.279918709857725
-0.294571857262545
-0.264329843157715
-0.0801856283525742
-0.0876599462616769
-0.175994206036249
-0.260163830921328
-0.163696525794175
-0.256924094592233
-0.3363021219967
-0.199387749769651
-0.274232371194399
-0.177817683979991
-0.285317924825399
-0.127878471098634
-0.360292812750467
-0.183754097237183
-0.224448339078378
-0.277873542377366
-0.171938485085431
-0.197565808258017
-0.136245241624291
-0.167726711819279
-0.0711888932113866
-0.0267685737248902
-0.166099915378619
-0.119908728594719
-0.0219848181506341
-0.218518107917449
-0.226410531339017
-0.180413372865798
-0.185208721074041
-0.0773028244269651
-0.233901890264303
-0.15653798728449
-0.0774027366158781
-0.248052969815273
-0.203791222098521
-0.0645583021653059
-0.0443482450374693
-0.153977154339651
-0.144976551206613
-0.13305106743674
-0.188340674262809
-0.282749248828638
-0.116419389337654
-0.0821764496664256
-0.172897104607495
-0.206200034309524
0.00985720005836396
-0.174426460117351
-0.164696055738379
-0.0945037830991124
-0.102607274796537
-0.0238337120735845
-0.00145377377898469
-0.138008869243387
-0.169046325198217
0.190868941354033
0.00781206399183726
-0.0684763759405563
-0.303013437897629
-0.220040230473583
-0.225855323815542
-0.129008152107925
-0.176273055224313
-0.081887770477521
-0.14334745882997
-0.0461982648198116
-0.104002603358531
-0.125296441683187
-0.113226269216757
-0.0705700939647367
-0.0152569072354457
-0.144665434420324
-0.155615758785568
-0.121765707310151
0.00143639889562312
-0.028501406516708
-0.0761227408125178
-0.0100809317138036
-0.111679864381236
-0.0320230565827402
-0.0661784216569317
-0.155930655929896
0.0341194869667825
-0.0721903199683375
-0.0944609983242388
-0.0297643491550513
-0.05484144716611
0.037803546071093
-0.141359477661287
0.0647132568855111
0.149300842526915
-0.115429733120749
0.106735952285975
-0.0791686583502756
-0.0433769189950824
-0.0739305041614184
-0.00463506899200647
-0.0246426656871092
-0.151218590902442
-0.0192115950658184
-0.0772414569723975
-0.024578556934026
-0.0161070430993933
0.10061303852807
0.0635781989336333
0.0147201609923338
-0.0696921214264776
-0.0272997798948667
-0.112961053065369
0.0123167634905301
0.116300952060796
-0.0144836326078522
-0.00364373286021497
-0.123432167850262
0.211307384946794
-0.102788904013407
-0.186514180879456
0.103327100905699
0.0119581876308686
0.0512351401102905
0.07779141396033
0.0394884923202618
-0.00777607920452569
0.0592767405676786
0.0531152019856269
0.107044726415834
0.127389874942277
0.0973218939659944
0.0414626889715969
0.0672655505504361
0.0710523655563226
-0.116619097686438
0.177096258691669
0.053457829690565
0.0391777173482393
0.149369969329544
0.100955432865887
0.0494687093554565
0.0139205181459866
0.108564218249756
0.124514246301028
0.136903489825319
0.0850971072927685
0.208374689731222
0.0158071845511419
0.0583325811943698
0.0134448567518373
0.14025745171111
0.152406250371249
0.0851543567216653
0.23660788354863
0.111228976159092
0.0344445615098025
0.0885464518827327
0.154857538079553
0.0901289475225905
0.0342890144589193
0.0202615101339686
0.0439923841591218
0.134881535144961
-0.0115771451208986
0.104020169878457
0.0188461537573337
0.17113838330631
-0.0678978099093649
0.165631407220561
0.167499795803452
0.103065437044993
0.269214992787985
0.287222372119614
0.217126740584221
0.154547412709566
0.133732465715578
0.0611155385935399
0.198398386493032
0.0511126969823343
0.0374383031075768
0.18597224906508
0.00505205742856985
0.186327856263904
0.126642595825229
0.0700837660420515
0.131313576563162
0.178756836498793
0.0614194451662153
0.262880820473203
0.261822512440373
0.107338835163657
0.129858770965959
0.101107605049131
0.0990939459341101
0.204808028568384
0.179750325533237
0.144150963014058
0.244556937127568
0.0598867642734813
0.335751638923417
0.227523172126717
0.143168559808948
0.205968708545915
0.114828256808935
0.210351508203279
0.289730614556366
0.0567972710644451
0.234732990128805
0.175802885650486
0.0133682008064156
0.160651918735117
0.114577214870642
0.248211160355198
0.145887149771063
0.279947492123861
0.26067478435773
0.133470413174951
0.389036695836226
0.292897165969593
0.0751928317817461
0.164039973612606
0.114043209214255
0.228527458491429
0.287111339147033
0.237286433842731
0.317879356395392
0.324474669322145
0.252058657056577
0.267526303411085
0.309853595444398
0.263736666724983
0.145378627686311
0.160683354966098
0.232201278495672
0.19018203443667
0.288858656928515
0.275515059290837
0.357884592174442
0.266858567867455
0.272836476407826
0.250742872704719
0.302566470365242
0.287992541470403
0.321142624016456
0.305906480218375
0.289658568454123
0.304732935596172
0.233527395185622
0.333052397780362
0.329098445117713
0.256802469124959
0.190051340012447
0.29121337836607
0.336301969465685
0.384531996655775
0.445694338627243
0.260578212564738
0.2636714635281
0.310841613658337
0.378834057558157
0.303839582673149
0.136132906921246
0.333614413182027
0.178308015792396
0.280536781286286
0.280274376377922
0.253077648759878
0.369261000951672
0.344047882615416
0.44570677306882
0.208119658440509
0.345300468235482
0.269460296317951
0.305284717219834
0.256126105860635
0.263207316314447
0.243209467591353
0.401354850935862
0.415099907699611
0.1973561689064
0.355092327876076
0.229743064993142
0.247991175480643
0.214685546612575
0.287654500393553
0.401363330067533
0.366315020671035
0.359961083560615
0.313061336884194
0.242731209136536
0.476367523550886
0.424426441744268
0.580713917546071
0.521875486336433
0.294929724886169
0.399164017870636
0.455952278919835
0.346245897420814
0.42545945881927
0.502658210264061
0.301811849957333
0.338188176506381
0.432493484058442
0.364465454454283
0.328475970045339
0.513482384163439
0.39693491459518
0.297340097773529
0.228176167715053
0.453564194592633
0.302652670818161
0.295593290099115
0.377355250588459
0.316943131431658
0.436503402894503
0.4477225504063
0.326094493024774
0.398397680206893
0.25183074348073
0.411223739364901
0.348360272858871
0.557652382970273
0.459924775315906
0.49220907330297
0.395998313817682
0.378446148979241
0.265806981452362
0.409983231661307
0.539107600324686
0.389885382961098
0.360960826451529
0.44571505278488
0.490098926366071
0.465543985321153
0.364105376932773
0.482390910305041
0.513652780704172
0.480506985120052
0.28949608758993
0.442514777855536
0.422551613222029
0.583387199553137
0.574068782440396
0.382515421095202
0.402789874952043
0.471476951899351
0.446167325876241
0.474410841906886
0.369865468473166
0.448117934356118
0.465719196560752
0.595986798408385
0.524655777033624
0.597462307033025
0.439266052298446
0.56629125043305
0.527487378783799
0.542142011392442
0.479628816234129
0.626303386395095
0.55353397141142
0.517104310870933
0.358734068033689
0.335260178126827
0.453991938960979
0.403949782289536
0.563794257327865
0.444772836446351
0.604729210258908
0.513968326745663
0.462804388797113
0.703354711847321
0.636440425379232
0.654243233022013
0.481707317058251
0.529694747377145
0.425513949684886
0.563036852157395
0.530882455004483
0.517584905468499
0.634326348399209
0.583299893796043
0.523871710927463
0.501918711923917
0.664159841840275
0.59646851016591
0.527218101280084
0.493298479040165
0.634121847946767
0.599286167058699
0.629589176543471
0.359426330174712
0.510934458439582
0.696971883038692
0.527329998664606
0.652241682234327
0.598525749858865
0.644283803125207
0.602343868218799
0.683181156401961
0.621623487399323
0.632643828178844
0.707309793652608
0.530061940267104
0.532454574522388
0.563970553970493
0.49469420364659
0.530036608283291
0.538251007945353
0.616037212355945
0.635878365842421
0.507386331642406
0.598556238178122
0.501563014952771
0.676641161661831
0.652462321365264
0.547570465739652
0.57941734026969
0.490216477734224
0.538976672873482
0.650781332042688
0.65703656809563
0.578680644734397
0.634679219777305
0.539318467036027
0.672563089773343
0.761005086032101
0.420466372541344
0.506473294295395
0.560099721799291
0.649910315443698
0.630893510600173
0.563221652201439
0.584332428042108
0.623033429687394
0.64918331278679
0.646036624750987
0.744751758739723
0.596859067032048
0.736501708583958
0.498976954898046
0.625557769892298
0.710548176269405
0.705218119479628
0.646216573883874
0.553019551065189
0.740954671985755
0.816239946404776
0.588563490604026
0.831877220490753
0.756585364777658
0.637324190931492
0.680882619864618
0.834876761226968
0.751406730962942
0.622771523326868
0.647624318417651
0.661928724303798
0.668627832595264
0.652469919554834
0.58443830792184
0.727776613819504
0.500449788038535
0.777612480726748
0.839123276786237
0.664617111865946
0.60247071845097
0.655742782428232
0.71503757458913
0.656456807714575
0.655151392715861
0.627597980338359
0.67506011555709
0.602723146755736
0.796050767954361
0.716351567544394
0.643829405325006
0.687624560208393
0.601634658196264
0.576194024190168
0.727642005222813
0.820323426455136
0.773514374378458
0.763355806684801
0.616228374396495
0.806293455339087
0.538569279777798
0.880015452076393
0.738324750295563
0.791658450993714
0.653739807008929
0.627591534091
0.608562672484341
0.864661893517839
0.655329475312184
0.865327403333558
0.756210334533216
0.722245983296966
0.788483581725809
0.670628966620759
0.746932084080744
0.777797603400969
0.700828175864096
0.68764815061243
0.776231139601571
0.756587844840916
0.753582427172705
0.790685822010345
0.838004876811163
0.808763978562182
0.916732666796496
0.80687698910454
0.859840089570909
0.869698922406249
0.832057132063849
0.803866070341133
0.760004322261701
0.612450070202844
0.91069022783498
0.872061097588389
0.889649027471693
1.07179600116833
0.903010898808549
0.857451405352852
0.773216266099124
0.803793838199406
0.911125457129404
0.753807934375278
0.779982807382116
0.859440102890131
0.967319448628218
0.847802207923388
0.829016893968217
0.736916963065761
0.848451865416743
0.879365877086652
0.859256530642003
0.879618075632253
0.729685010507919
0.744425582978343
0.871862858954916
0.889100188266388
0.943141204325171
0.82382276804146
0.933461201063034
0.872942737634613
0.887656654567815
0.809275078882068
0.999885781436705
0.846214708803692
1.06163148392001
0.776674599726761
0.830764707879899
1.01936592904603
0.862605455726511
0.988082349656521
0.913628578904479
0.842842476504686
0.799159214399892
0.973978431816214
1.04875596910173
0.801812601992257
0.93469678575137
0.875818124895572
0.83890833116295
0.956794309791422
0.986554839406538
0.89835980941875
0.865907281753444
0.907725571180529
0.999193929168174
0.83564656303367
0.835217312539198
0.914870200459299
0.935789392957442
0.835870557091448
0.934714670276999
1.02821506247673
0.931150249798305
1.02544541768612
0.868467955662063
0.830445825540858
0.826217367605014
1.01788664273206
0.998959082111007
0.841687439855896
0.930053998512517
0.929241070120673
0.916133927025723
0.890755131066813
0.925332878114399
0.916680832629955
1.08644174943931
1.0599693672602
0.873114959861296
0.993232757725532
1.02783202210295
0.922103819045324
1.08742393759238
1.0338817534945
1.08364855660309
0.978922559564264
1.06773685122783
1.04372693450677
0.908082495601573
0.953827129951115
1.05360277997132
1.01550607499099
0.950691769229907
1.04870038511581
0.962974835563348
0.918698638729298
