"x"
-1.0554616272596
-1.14496843606909
-1.02458070160206
-0.936619937189527
-1.03909212427266
-1.01802031382126
-1.07840262085249
-0.953076184785606
-1.1448198068362
-1.03419223320503
-0.964600234878933
-1.01669371288304
-1.00090297038426
-1.14103001085919
-1.12203501910393
-0.9894534330451
-1.05422015497384
-1.1098783872669
-0.842899227964572
-1.04111576385424
-0.994995389069086
-0.899338137174125
-0.914207742483638
-0.982715135612513
-0.890257874591911
-0.877565071878111
-1.00540325577866
-0.850873064530556
-0.925706222390766
-0.887722910369999
-0.909817580315551
-0.908352054508483
-0.999462058061965
-0.836158621817667
-0.878356220140002
-1.04632156120657
-1.05276580065075
-0.951539042955043
-0.899650979347672
-0.960156644400031
-1.03853042654853
-0.801556672282062
-0.998919130485988
-0.972595216920797
-0.938139083980056
-0.945824538038313
-0.973003635270649
-0.927798609127966
-0.866166671102503
-0.983266625184426
-0.88904720851318
-0.94673979084265
-0.88648636186918
-1.05557560670162
-0.884730147160392
-1.01245603585618
-0.930534885611261
-0.720093724766646
-0.766994959710946
-0.880398597031318
-0.894626167622049
-0.883874905061074
-0.692844473949764
-0.868103955003057
-0.929147588062753
-0.85125091766929
-0.936211701556743
-0.973172296743778
-0.982325152645069
-0.847218455377209
-0.763073646907103
-0.890695124311216
-0.804153890809591
-0.839413788229234
-0.96190307461552
-0.861275010967463
-0.896418280949268
-0.640887303956571
-0.835278590407862
-0.755108297520219
-0.711289068937542
-0.73780755336852
-0.87166483946369
-0.899371676053375
-1.00305746551078
-0.824647616931237
-0.794885510855061
-0.907507464475716
-0.797204967830972
-0.866856234917766
-0.790483920527822
-0.854926013423824
-0.933662866495493
-0.803935442524368
-0.796321192413642
-0.722894057956425
-0.710789121609781
-0.73616727675389
-0.710907526425797
-0.71178736953796
-0.849015859264072
-0.742798631755212
-0.615332730372429
-0.869692673939692
-0.825168591310747
-0.803480354894865
-0.863164647255502
-0.818015757528653
-0.757531488359221
-0.715504716049276
-0.693331400866669
-0.81021644345049
-0.710499451923511
-0.875349297136111
-0.711948042665741
-0.918300422882406
-0.718959957148077
-0.897286207094834
-0.678126577141415
-0.885984822738816
-0.741525170835171
-0.798064966552272
-0.811482308967876
-0.982966532089311
-0.751046539570212
-0.837492108886258
-0.751680390913539
-0.63716286454171
-0.712310461261303
-0.691187668214584
-0.693057547428238
-0.799433922967873
-0.809089570650586
-0.878007730257907
-0.917973629221868
-0.78504517959823
-0.622405092155609
-0.614926395939267
-0.743427850040541
-0.678143182017092
-0.793117908758237
-0.474615906878777
-0.686108904365651
-0.768987361922316
-0.640237174544379
-0.532936344180571
-0.88080458532541
-0.566116298120576
-0.67923359792829
-0.615131702047486
-0.789075509731499
-0.677961281376833
-0.796895510638277
-0.730031796872545
-0.603956445545244
-0.630785171864156
-0.591174655410926
-0.646881096758928
-0.615162760719104
-0.68730151976989
-0.606485258277215
-0.708828579767831
-0.610329032499281
-0.53867486397503
-0.627248290057385
-0.602261439914332
-0.697738531828771
-0.602789852017635
-0.562332744486506
-0.687223360590828
-0.748440794287656
-0.605168117174434
-0.653533393050958
-0.642946131095271
-0.593491260041596
-0.500699828598322
-0.580080270866956
-0.572251399430705
-0.641867244369567
-0.673087504693091
-0.737864061341747
-0.685265060230469
-0.440492880354363
-0.6085866083328
-0.625810008212083
-0.688717107306666
-0.581603562734556
-0.574428935540747
-0.749232217474193
-0.58335103997021
-0.697946599514367
-0.606906395119603
-0.735913895383987
-0.68297885610839
-0.501457510119104
-0.645077355382238
-0.635804315492299
-0.666641956329327
-0.736616520978345
-0.501745219570863
-0.682270686716052
-0.624933663696398
-0.63744761468482
-0.625206298691635
-0.590086524184184
-0.509830205037436
-0.661632895449079
-0.585489430460113
-0.624388554946545
-0.486749138017229
-0.496035082775313
-0.489459619774161
-0.576196687888442
-0.496316545481056
-0.51173013578373
-0.542284699636617
-0.473716749844137
-0.502260849446751
-0.594240722764151
-0.59578456573878
-0.548822518187569
-0.575009980402267
-0.618297509171052
-0.515431476291974
-0.411933197394814
-0.562655259095841
-0.499388073955436
-0.593576851565219
-0.547654674291183
-0.462827376651689
-0.431032060053785
-0.594182346217861
-0.505160058594221
-0.505586001998543
-0.530547964851799
-0.468669056190053
-0.534920218229542
-0.528025411704656
-0.595728450360568
-0.520035516418337
-0.575287779724209
-0.573199938644397
-0.49304839210184
-0.626264809315301
-0.53038946246622
-0.536134990271416
-0.518975144985066
-0.555049075245754
-0.480713884747103
-0.539340760124827
-0.530193571434723
-0.60168314234647
-0.407279904684798
-0.630532232064962
-0.485412724046458
-0.569951220229435
-0.515730948385643
-0.522532465399197
-0.47580005750893
-0.477673407196404
-0.617731295446702
-0.623294595520371
-0.353302896875847
-0.54326941591411
-0.423834206787143
-0.495770592193951
-0.424411527011884
-0.536856909031241
-0.4260000485112
-0.406773398222815
-0.303224481203621
-0.428379311978468
-0.569445954051451
-0.449623605275946
-0.41077803228979
-0.337219031910775
-0.448368366408106
-0.494394782992869
-0.509727781893342
-0.439512262307818
-0.463165252095679
-0.531864326003989
-0.305709839371878
-0.405850530172631
-0.435181983163803
-0.384619189173777
-0.395969642806118
-0.323288084230733
-0.332249755978558
-0.32357110798929
-0.435928513187088
-0.273907919197936
-0.312525368205917
-0.529475355316226
-0.377232469332002
-0.396549615818202
-0.460984683246512
-0.233564564375157
-0.439747840037871
-0.416702089086916
-0.426981125832526
-0.360778499969472
-0.3682879078085
-0.478711796063823
-0.309553835439614
-0.384640663378427
-0.392967050092184
-0.462760766802709
-0.469517323397906
-0.35451165928988
-0.43404546773015
-0.312480135767575
-0.287982635141798
-0.431222756570878
-0.320008299347267
-0.309819352220183
-0.425699346055194
-0.191412737702724
-0.436148343366502
-0.259404324928344
-0.370473713102975
-0.412585498243308
-0.387609052817458
-0.401608896930115
-0.358103694503921
-0.452576666138017
-0.126854295542655
-0.343898467104833
-0.339689172190032
-0.157252180362715
-0.347355884174407
-0.2571896655037
-0.350474694017828
-0.313417557842864
-0.347995403910138
-0.43761392328699
-0.341477494621558
-0.409679643350783
-0.408832397356741
-0.232141664278252
-0.323685769400559
-0.374066043869861
-0.247137114077796
-0.434533676924802
-0.364474391524849
-0.245638452636888
-0.369345362556959
-0.477493187759112
-0.413590166141146
-0.208597445769509
-0.303311755965636
-0.303042845737364
-0.20306994398763
-0.257159512745068
-0.210674210150253
-0.256042981056497
-0.336049276101473
-0.275342805057753
-0.420964863090467
-0.206678868805611
-0.380033421350042
-0.37312724981598
-0.27420769668883
-0.271198014342731
-0.181289712266236
-0.414463926873565
-0.309038878583669
-0.319824692689041
-0.184881560733308
-0.197122276197305
-0.233596602231293
-0.308121573755188
-0.287798727049223
-0.41026139409378
-0.250537430827588
-0.211724038964208
-0.295247214749208
-0.288260185976045
-0.315107139190946
-0.385123838554983
-0.276970236114032
-0.248958403029031
-0.345927431915245
-0.236990634038959
-0.314551508763747
-0.336462206190292
-0.373079544179199
-0.182701502851051
-0.218078885582557
-0.191559668450832
-0.195478374727998
-0.146938944976567
-0.260060738419276
-0.0585882173120545
-0.36913223494985
-0.219169645549846
-0.206848344913037
-0.135933903289776
-0.292540844145347
-0.299741955362874
-0.246549054610422
-0.106261338418982
-0.195388931753416
-0.285623442276787
-0.332870382831674
-0.02730704794903
-0.0665537443008975
-0.349175025979414
-0.212387226145774
-0.228503080874473
-0.279236742966829
-0.0477219352513782
-0.166428147555608
-0.240714272503346
-0.215088415207123
-0.176326595448612
-0.243515042122299
-0.167635795073412
-0.0723207251068276
-0.143629803979448
-0.079785323225481
-0.200231249212894
-0.133844333712037
-0.181773584482165
-0.211566407029612
-0.069749232020638
-0.0851559249913242
-0.164845256930331
-0.0892686572395236
-0.00908997688140819
-0.0971339114794353
-0.0868640836704793
-0.24823231627817
-0.172868820742761
-0.0719374474111236
-0.0533672569207297
-0.0872447504270817
-0.0653651612552024
0.0566468008009719
0.0228647671713667
-0.220958678090403
-0.139671899494823
-0.0768448542058744
0.10095829450792
-0.148758864289776
-0.0767429315199207
-0.162405158710321
-0.0409586836349912
-0.0727785794614272
-0.280491785015498
-0.119011004696358
-0.110510788255667
-0.126015238559771
-0.196551156411494
-0.0244504390127634
-0.0920022149998489
-0.0306370916273257
-0.0394988440646468
-0.0509010059314706
-0.113689556346754
-0.0700743400691739
-0.0118404276752423
-0.0513094014563221
-0.041827775933018
-0.193962381922403
-0.102888877605816
-0.0500165302048247
-0.142710773819542
-0.126919550974252
-0.13226470631792
-0.0798886411519613
0.15826199493056
0.0839239449861942
-0.104405210080306
-0.0245082673836479
-0.0443854956515366
0.0353081002716668
0.105013873190754
-0.00569754351136824
-0.0484033180090444
0.0244556362986932
0.0968255313323217
0.00624421342511718
-0.00865747261389658
-0.0248259657809467
0.0202383079186508
0.0356123407201018
-0.0847543598684598
-0.076781148035867
-0.00490272477269668
-0.0253029651053996
0.0284644308153268
-0.138548873077333
0.112712923445506
-0.0272204219264287
0.0661700454858365
-0.017141457374999
0.0175056774815867
-0.083084831742019
-0.02426653213239
0.00296189504580211
0.131851025437254
0.0357567015943309
-0.0394892608356738
-0.138281950454163
0.204475521741847
-0.0150651806084231
-0.035783266778215
0.0887938603669645
0.166047641159624
-0.023794838490635
-0.013269996923839
-0.0744369975297035
-0.0172742552633774
0.129617434502082
0.0425416735939344
0.147158244316551
0.050893885598788
-0.0293097026816556
0.2195723930823
0.113695443364387
-0.0637055859688783
-0.0878280663690873
-0.037977242264462
-0.0636810756075509
0.0393448421522197
0.0840041188299085
0.182467384840315
0.136754740667851
0.0268229292773033
0.0690006933487807
0.0647956090582633
0.0306004682542333
0.135779666499048
0.36608957955413
0.10821216187077
0.0914313738887286
-0.0245996990701157
0.0818066456252425
0.0855104528425636
0.123454852403466
0.149410447660844
-0.0237284249453993
0.0673991914930349
0.214752785956872
0.0802770702433503
-0.0118579008806973
0.118691335133406
0.0207732360815432
0.103550070271972
0.103139272103327
0.125968393436859
0.15518913894574
0.0769689202255626
0.0630461462803854
0.0995934148585748
0.0302928815789252
0.116589249014275
0.129023245387961
0.129827748499089
0.204843279565966
-0.0718432397392322
0.0835428201512567
0.174302843726831
0.25296513801005
0.0325316220467764
0.0475556445263418
0.172068754665586
-0.0119747917310618
0.185091994348421
0.0144243957666135
0.265799873759806
0.17789137809426
0.122547336780076
0.128152916626147
0.100872616352183
0.261659144702734
0.0586521287722743
0.237741602185771
0.012377167546585
0.250619157794714
0.218440525837001
0.118834293393405
0.0794844947129575
0.348480838368443
0.227685403877406
0.244610000521145
0.186352873336304
0.067635089643981
0.0784920496838794
0.112513641863016
0.0581503726865692
0.271404596302932
0.299487432743558
-0.0146256754201943
0.256329144639254
0.283328823572834
0.214377215034499
0.239680449091742
0.191298641012931
0.15498783076547
0.177990327664956
0.276029073593863
0.0992452378321892
0.317012726079883
0.274314025658144
0.174286466714687
0.225761259851098
0.231159305387095
0.263767109826289
0.27505196427244
0.0825634734628145
0.218235766793915
0.276688639270124
0.262648311323113
0.375965237185024
0.263877000501856
0.227562430742126
0.276080929874368
0.233067703372639
0.135013972695787
0.251467337252421
0.297207967553833
0.0789143947991056
0.189565849138991
0.232764607311907
0.373702176516779
0.140991548211308
0.379756343627663
0.3577999909574
0.289202712864248
0.148366590106749
0.276485557455147
0.255848954378183
0.329169923066049
0.196831975981572
0.391989046056538
0.418769990364849
0.286590697063228
0.269621183301315
0.254064892620729
0.228473627028663
0.389725250289947
0.44548708676191
0.328535592805151
0.190162136216243
0.114401161885589
0.446075702350999
0.287144844215189
0.23246047142052
0.33468566886647
0.264208537654236
0.410991696089728
0.264590090698512
0.282609357363731
0.238377620682321
0.24380088319845
0.394394790732
0.295714153735128
0.489944179288665
0.284710271331352
0.362175962476028
0.364775664416656
0.356098721721519
0.308643806554418
0.256246943787926
0.404401848238621
0.321933960908553
0.456624520546778
0.327955395704635
0.454214573491112
0.352490858963836
0.30275264816917
0.373280709924827
0.474128576070803
0.444903959758428
0.422145841087562
0.359954147011231
0.340026108510621
0.318789931380169
0.168772390397576
0.439761048075594
0.197760858058555
0.200724869823954
0.422626303199202
0.422694323894004
0.432667226929792
0.338698057617478
0.326617831349565
0.370443050259129
0.371628040346116
0.358851064358946
0.326104690504318
0.349487388655709
0.358647310532871
0.330703514592962
0.307735468495338
0.369259848641994
0.45155146035188
0.377727342698877
0.432066475840023
0.332765806376838
0.354951674208575
0.301481399451215
0.229649863347754
0.566728732563447
0.483820958234647
0.334055958972747
0.418976808896262
0.522605019686921
0.425501974440371
0.449182500848191
0.341100873568475
0.343394117101263
0.40571850111706
0.354505970179328
0.310520029574414
0.40324029491256
0.308566953265548
0.439548939858593
0.506993355274137
0.470950389024048
0.459646235884786
0.480194307917988
0.521002644206262
0.438760908106863
0.510031895553192
0.399447395195651
0.63829182117007
0.363762614892146
0.538958917247394
0.446438530244799
0.428674105879505
0.540066952491509
0.42402891667474
0.541148179098453
0.517163426003334
0.339496717192768
0.368576734502092
0.422022757802409
0.381943383034616
0.59472765234621
0.636076571571241
0.670358731586126
0.451368083398754
0.476068763084606
0.583570366767287
0.505947378081735
0.437166048675394
0.497059060610015
0.472772512065894
0.536369849177285
0.496487420199727
0.630662914534053
0.367261522833363
0.617262452396759
0.576955592496366
0.468976921231256
0.643594358902247
0.549162628143775
0.580147910318575
0.623599758211767
0.533136111437701
0.471933492555481
0.48149031622328
0.606867600830843
0.471322581934053
0.480526052468704
0.596234804389261
0.590593561895116
0.517945936130928
0.587878184792326
0.487415612270357
0.735004459436636
0.718548904886278
0.416484116273534
0.438147498342629
0.577545144994904
0.578554874479768
0.476977264161176
0.356516945974158
0.47157722899389
0.553816968759572
0.599219225208075
0.596639922531537
0.434904589590892
0.710892116995981
0.670186992588376
0.568566767741697
0.551791667850998
0.690399431380525
0.417056591259006
0.358636873896919
0.547018799254964
0.532456572924167
0.54397090499467
0.489557567671677
0.448504304087259
0.576193919316884
0.583091032960064
0.84803483860777
0.674833543610454
0.591766535891742
0.629816820564382
0.705226467644398
0.6284969656363
0.675079572500437
0.664573408696063
0.562180069369904
0.587949784067612
0.575869405987537
0.682590123286609
0.527218264431074
0.676763125237788
0.682127971167178
0.694355407613986
0.753282837021393
0.571006159617227
0.696592054656429
0.624747966109138
0.681135442184223
0.59077714015318
0.738832959198108
0.827298876755645
0.824813626288318
0.636287565202842
0.620026287553899
0.642189754825864
0.805132783846119
0.654178257111092
0.70850596606569
0.690696541253717
0.654452000857845
0.564998748813186
0.587194471150125
0.638475995986639
0.571065711104478
0.785159496122481
0.576405198692981
0.638370878674221
0.487918320237806
0.611656293609724
0.660371952284461
0.504621922097785
0.68294552116857
0.637179311464708
0.718670351085571
0.612747237020782
0.751980750572899
0.643549256935478
0.540134981730144
0.616549670189461
0.727201276266137
0.791790060372836
0.81825422235364
0.71699028757764
0.724022054124075
0.770237687009091
0.634478039382777
0.610874559385697
0.760584908552301
0.729165275077925
0.73686854525368
0.768890711350564
0.81583103099883
0.680784987829254
0.802804751561744
0.792781960965214
0.660759373328117
0.649843755687811
0.663337388768785
0.716025506805165
0.831816008900472
0.83662282107823
0.599688632441322
0.701857328611449
0.882548677598703
0.794018382865262
0.821614266107828
0.663672246354448
0.87545575900474
0.783212062546523
0.819196350388499
0.766022540194099
0.793406896559519
0.896184830014442
0.666598222578244
0.848024482440265
0.80204644685535
0.772741577174399
0.721306535956385
0.772410697289136
0.868300804324772
0.79128844691652
0.794382337912237
0.776795478077385
0.757738381243313
0.765851892390218
0.776259844708332
0.849242810161556
0.703934920598255
0.584191748078904
0.969498400050296
0.692482250037061
0.879306511154791
0.858410002758221
0.868430611186094
0.703240765705943
0.858423702931914
0.884663477520884
0.750002220468589
0.786852108092537
0.827003117343241
0.894026378918924
1.0131128282369
0.847910521234935
0.653784233769859
0.751203583996161
0.797143411566333
0.884382546707038
0.797903286597359
0.84187315632619
0.861343558251558
0.835744421837381
0.702830740513046
0.881511675839471
0.844815725615422
0.944902360837076
0.896807200062212
0.728463088418929
0.953674732057903
0.855812308584515
0.819246406848073
0.72834924150105
0.841150545300619
0.767397765939503
0.858226143068902
0.960679657182942
0.864275673421049
1.04557425842396
0.876692805220356
0.887842230911094
0.660522089097268
0.978853576767666
0.969573225881063
0.946789361464986
0.851414179372283
0.912983141056675
0.8676430371348
0.816576231913919
0.806618831001737
1.047770030541
0.959046144919622
0.865045914909205
0.905930269649486
0.88472571043441
0.91607971303817
0.930224577765996
0.944772874390564
1.0313800587431
1.00683318493794
0.903208153937321
0.791772308581563
0.839633458676228
0.891541692147869
1.01617659664783
0.928711855240152
1.01053070035808
1.03615929281805
0.997531326945718
0.90200440965614
0.823134093942697
0.891738259509411
1.00767083399868
0.847377913730321
0.921150957328256
0.956490834428331
0.899740912847737
0.847872668219754
1.08661323117381
0.895411074729195
0.764469062777072
0.89728320119244
0.886323767827698
1.01811186714106
1.00751797036344
1.06280794338471
0.935634575409836
1.05588399220797
1.09962218901482
0.973814086222872
1.05684355222056
0.964593768009079
1.09455446924296
1.00103122406804
1.02145660978728
1.01006352817628
0.921090549809779
0.946804359926717
1.12879694593077
