"x"
-1.05767446492992
-1.13018343511848
-1.01768776294296
-0.944990872938564
-1.05167938455449
-0.98538752479179
-1.08197259160837
-0.948387925117677
-1.15605951631746
-1.04282489659092
-0.963275648093485
-1.03264390725332
-0.992750202607614
-1.14959123995952
-1.11712673166553
-0.989453989059794
-1.04391262685348
-1.11242405327142
-0.857747321100617
-1.05179917597178
-0.996273441627054
-0.885416462070255
-0.923558628898341
-0.965168783386206
-0.90467327142479
-0.849481162554986
-1.00164930264384
-0.865900190707811
-0.937546342791247
-0.891744747712665
-0.918025260452005
-0.910329368827991
-0.982703834501354
-0.834271425310441
-0.858511799003616
-1.04718597968745
-1.03705786181222
-0.935422083329805
-0.890364306892822
-0.976533198856898
-1.04862609658989
-0.810741077673036
-0.968916738967414
-0.968671815159963
-0.942963500474465
-0.949135622743939
-0.993714481705655
-0.948611492579691
-0.864672089618187
-0.97819411638352
-0.904001661763246
-0.95900490647912
-0.870113928037614
-1.06970093128422
-0.885297465136193
-0.998704591258746
-0.930857375281133
-0.729680418862007
-0.77536642623638
-0.87763192645422
-0.881528852658166
-0.902415028696003
-0.708850404771409
-0.882473199110464
-0.959091249969995
-0.857451101944759
-0.939347653446328
-0.977415553357326
-0.971045185250701
-0.826456863173283
-0.780321561970622
-0.86610231212513
-0.82185007988973
-0.815767111657035
-0.953609176029255
-0.869801510421325
-0.912053210635805
-0.625072306219943
-0.840840162801879
-0.733331915310163
-0.709022751161582
-0.765785445039839
-0.857790699047978
-0.888263956012344
-0.97463063605732
-0.826997490976809
-0.79803519723429
-0.884996185360646
-0.778527141658542
-0.876141286226577
-0.757541998607767
-0.841474502534505
-0.926405675890553
-0.786914182232078
-0.783540575775196
-0.715844178247095
-0.71990095452694
-0.722107576691233
-0.704196512265646
-0.710783959599931
-0.861474125546672
-0.730033520926734
-0.613834154989664
-0.870988546671175
-0.808198238588626
-0.808469115828733
-0.867207916440456
-0.796259561262203
-0.770751407302191
-0.719517798185391
-0.70003912549005
-0.819617404473494
-0.707374033605963
-0.863618605029158
-0.711922822661203
-0.912751517411284
-0.726766168373268
-0.900642905065366
-0.688749564891966
-0.869354309326111
-0.722617293813169
-0.794933677857254
-0.816064847382166
-0.957069563817522
-0.756079880362122
-0.854985868655867
-0.748044150124336
-0.650114627126881
-0.711367473984729
-0.700089769986607
-0.702805597818027
-0.787088997601576
-0.802487672729649
-0.894025591575097
-0.892910701007505
-0.809138219380542
-0.629987005312557
-0.624748725353241
-0.730319905118913
-0.708236570794574
-0.782227922964396
-0.460914962462594
-0.699894931788774
-0.752347799125524
-0.645968163323489
-0.515362874046005
-0.873020020331547
-0.546198250370054
-0.700855666205979
-0.609156817487209
-0.808040281305412
-0.6828370137727
-0.818065982129431
-0.715431018177116
-0.610201994554302
-0.645435687167954
-0.605359053495473
-0.629829608980773
-0.617048941838631
-0.698500260141988
-0.603295696295923
-0.713927362963827
-0.605292392602619
-0.519198528349991
-0.654296937598628
-0.634011531821411
-0.709421737961091
-0.616285414223692
-0.577967536132432
-0.678572462986042
-0.771596579834599
-0.609486690047615
-0.651512776245161
-0.652359432535941
-0.569904380704507
-0.502468656827207
-0.582767337239111
-0.585500542669053
-0.641028296100985
-0.65663557453206
-0.740088874551366
-0.674384669049903
-0.436029529426731
-0.584245877071432
-0.625192239224127
-0.681616720050479
-0.571166712503242
-0.577943573453033
-0.720769561902709
-0.592096379125198
-0.707932538194248
-0.611226260349149
-0.726576636775356
-0.705881549941168
-0.50955537896252
-0.647593677655083
-0.638076619172831
-0.680254735607416
-0.719238841435638
-0.497131079772554
-0.675822843524706
-0.606417632337921
-0.650304814272364
-0.617415389592223
-0.598658614967207
-0.506079892822561
-0.638384283171055
-0.600095619472258
-0.635502559879734
-0.484876869289659
-0.490700626382302
-0.519167372164978
-0.580737222290529
-0.480773941830064
-0.506032829188449
-0.541930661510323
-0.454910932039226
-0.496142076317254
-0.583575141051073
-0.591817954463478
-0.555158470507615
-0.585680597352101
-0.591605015775137
-0.521301823647401
-0.425752992277532
-0.584085457176207
-0.495207426962899
-0.58639462774157
-0.53134307581847
-0.471742230178959
-0.440404893102281
-0.605429459195294
-0.49423868673387
-0.499228575893086
-0.517841680369976
-0.472034340071345
-0.524320473289157
-0.542730272330624
-0.57205740295031
-0.523888170745462
-0.586432293896896
-0.576638406353702
-0.464566820058012
-0.632134189513629
-0.532321198296078
-0.534809828619692
-0.486882238754626
-0.562669589970128
-0.483695165540796
-0.534108968930828
-0.516041123123292
-0.583975461992045
-0.396084472959072
-0.629842884327597
-0.469035468228057
-0.569269016767146
-0.51400991272174
-0.509487333501504
-0.468937886096954
-0.502438651338056
-0.628901058178617
-0.614041425013342
-0.356119529300417
-0.559366070304095
-0.404766760304932
-0.504759250728957
-0.413643393226192
-0.534983791672883
-0.404542094738407
-0.403000190838601
-0.356604243548339
-0.434162415819586
-0.56023502955102
-0.443614114534055
-0.416246507267383
-0.333539617802781
-0.448611861856255
-0.473154121972777
-0.503615537380883
-0.442604060658692
-0.479346324051906
-0.536277616329903
-0.320989738159199
-0.431839807698218
-0.430312515879989
-0.375509905836182
-0.389782228777389
-0.339215008634656
-0.321509250840317
-0.34359446226502
-0.434891827949876
-0.288271823326512
-0.306997197271583
-0.534857005007858
-0.377183018171218
-0.398059912322716
-0.444260705231517
-0.239740997102104
-0.42624001801201
-0.431735407831129
-0.44387882222082
-0.368048926824767
-0.376573949642794
-0.489141319222807
-0.320348195089376
-0.381546807261621
-0.38834360739341
-0.472179635228386
-0.454929531869847
-0.362682834965065
-0.420712578814631
-0.315229006302636
-0.298660283409046
-0.405287407612401
-0.330069468849683
-0.320846095946217
-0.445318686017755
-0.176867737715147
-0.441561070909193
-0.257515332049108
-0.376354868125318
-0.396881536554279
-0.382867054441667
-0.401170251188075
-0.369723099007048
-0.459001397747178
-0.134973407669841
-0.345603754606008
-0.357827654400302
-0.173254114710581
-0.355261392375568
-0.274010842088515
-0.36889550788735
-0.312004056309541
-0.356446245188098
-0.434912995751957
-0.318329060601428
-0.415130725625459
-0.414424106317469
-0.238693302403965
-0.338093295700369
-0.359673814938794
-0.229608212541545
-0.436119891131411
-0.369282488325021
-0.248184760946282
-0.362680185924766
-0.475166840677421
-0.411602478324912
-0.201402487060682
-0.317794430006951
-0.287174427477157
-0.189154045890672
-0.268583762556667
-0.215477462083838
-0.257464947433413
-0.322984787724785
-0.287581433526711
-0.435249504963716
-0.210126862822868
-0.384380838892738
-0.369629034941744
-0.282966067089352
-0.242521260701956
-0.171978816220017
-0.395337814565867
-0.285896460592112
-0.325186129775616
-0.155357529437005
-0.212824926065141
-0.254479417035296
-0.286926077904419
-0.289179726010005
-0.408309640869197
-0.246989536945041
-0.205738160130035
-0.300547729082545
-0.268879666580097
-0.31011936594974
-0.398541809352902
-0.284623855718002
-0.23823728715944
-0.379737353361042
-0.248313001849234
-0.354552678240529
-0.329842419244268
-0.386204409219101
-0.187650751044815
-0.208542709140573
-0.229449944158927
-0.185790502421052
-0.155220128613973
-0.256286725124884
-0.0640465415325708
-0.369327295970606
-0.223343572620436
-0.203472548958298
-0.154602930798289
-0.291597926358625
-0.322785196397193
-0.230777873106528
-0.12081458067843
-0.200072375272604
-0.280913832554798
-0.317161280834499
-0.0406155629763676
-0.0458542916138055
-0.361879309541921
-0.228012649841645
-0.236171977607034
-0.260273658525331
-0.0463659759453764
-0.159382945102744
-0.250070125436482
-0.213372111921621
-0.158374595811967
-0.223953054940544
-0.178178200403134
-0.0772102181822595
-0.166849236266448
-0.107745967491622
-0.193025086864547
-0.154129301715507
-0.189499793499711
-0.22012006689274
-0.058681825075511
-0.0841319159926814
-0.173079883564147
-0.0738950010306817
-0.0157694651848001
-0.0869135392033629
-0.0957530930190913
-0.247359658246485
-0.143939738920134
-0.0674307485382512
-0.0476664220863637
-0.0967931956699659
-0.0280109894946455
0.054941318821028
0.0301696962799424
-0.246587594360679
-0.121688534414962
-0.0747258545994903
0.0958665834503233
-0.136206803005393
-0.0644585159996132
-0.167464485642814
-0.0472760686426057
-0.074257733031799
-0.27288322694068
-0.137011994871879
-0.10813699939354
-0.11077693855534
-0.214053015493611
-0.031315197253544
-0.1174122595525
-0.0435125960509758
-0.0349378674273201
-0.0516536699587235
-0.110245836960162
-0.0712707383711571
-0.0150053628396522
-0.0454730314826388
-0.0527000849015363
-0.168956936495953
-0.107929635107642
-0.0517085208952669
-0.127178711079501
-0.151647802309161
-0.145116965904764
-0.0922839292930083
0.157422242950052
0.0719641576884119
-0.124478379780725
0.00064278936180416
-0.0403382921167685
0.0474544399076924
0.114402579176614
-0.0320412488371048
-0.05148795667979
0.0372461936528469
0.0878801602197039
-0.0194135142424792
0.0113644597665848
-0.0378276121482553
0.0217730977581316
0.0359797072507879
-0.0902081731070851
-0.0714203675065007
-0.0108898774964283
-0.0129353642386974
0.0222275057418983
-0.127022788283779
0.107268289393309
-0.0615426406813044
0.0728783293495271
-0.00201914809399878
0.0396602654591135
-0.0656734291267884
-0.0292583852769983
0.00578346455431522
0.141487700796664
0.0418128142665178
-0.0306815260337176
-0.113961111658606
0.216951652808045
-0.00785277720477896
-0.0248469251741865
0.087290364515143
0.124906268068536
-0.0265026668128818
-0.0270608244482222
-0.0824665912024131
0.00794350910306445
0.125069194221723
0.0291411123371012
0.155852537193631
0.0568248450701956
-0.0439205488255547
0.218088484864807
0.110138870092881
-0.0537615173064042
-0.0999567749843633
-0.0423955325519503
-0.0723509313904153
0.0375126851778632
0.0838446694758907
0.175355908443665
0.127936739054407
0.0548906263377657
0.0551608648334655
0.0559597456298317
0.0284251189310247
0.122846955526528
0.350400218209941
0.118802415194736
0.0693659815916595
-0.0352428224513823
0.0909193049309585
0.0841018085921339
0.111895361566706
0.15328296070548
-0.0276002393851349
0.0727984669504518
0.211977636450412
0.0935324122253906
-0.00305520748539404
0.137693583730455
0.029985076169836
0.0893358303778968
0.0857942028165602
0.111421243995829
0.141312771399812
0.066315862256244
0.0941254740276893
0.0934325595577789
0.062707577852877
0.131609410099103
0.130273887676147
0.131611145098824
0.214146164972623
-0.0589850027421552
0.0799037658594457
0.173482973829745
0.246222494239782
0.0424685456122355
0.0311623126403265
0.183873892239747
-0.0132517731461142
0.207002048717007
0.0279211433777417
0.251878581721696
0.17726912538685
0.154159075665188
0.11900473486572
0.0853742707508582
0.259631804337628
0.0750477866845402
0.228214879907042
0.017143378678203
0.26040382385162
0.206180452614986
0.121296767546435
0.0919262782839406
0.34357111116565
0.241725416201674
0.242971291739148
0.188366135243772
0.0850950628239238
0.0560261623418716
0.0991353243195261
0.042724815838991
0.265250606958769
0.279161187281445
-0.039150844724781
0.272509064491478
0.302516240030402
0.234841550890475
0.231751362513558
0.198871434240242
0.152562024422998
0.159149894739991
0.277813221594014
0.0921185965574714
0.308399179428281
0.280142526142048
0.162162820681156
0.222589994464131
0.240920550348234
0.277974234642375
0.297177337410618
0.094955059349603
0.200111861608166
0.260807504563514
0.265079452912305
0.402105774168531
0.287092907748209
0.224085510064413
0.277350716991376
0.224983561649792
0.151100020245585
0.253131103456006
0.307872172452845
0.073413922832222
0.203763787802752
0.252528600624509
0.380266779230814
0.164111353290837
0.376156734389599
0.365495457898712
0.273174497978115
0.168918174263284
0.266514632417731
0.280837070994337
0.330395911817781
0.182360881894777
0.377539149510432
0.416723390529594
0.279937169243936
0.274677447304399
0.253550223178599
0.226971100239151
0.39177386418163
0.449452373626
0.324185603596173
0.191405283836455
0.116343396869345
0.442009040823114
0.304150446749743
0.247238835215079
0.318599045565493
0.253224650940495
0.402500001431491
0.279127098922878
0.278374214786847
0.24095947788758
0.240495836067204
0.39271007952021
0.293694013754517
0.489034459859916
0.298329530822129
0.354706387747012
0.350810070527574
0.369915710665646
0.317504856207826
0.268499751634224
0.410451953588373
0.330889848090835
0.453646752604438
0.316745478478797
0.428740124149611
0.346833638113127
0.290156729778419
0.355216469578737
0.480797079577901
0.453222257535595
0.415590320898704
0.367655067093733
0.335168649836482
0.305592017319004
0.186130870120587
0.440560057162706
0.189839339543625
0.192890166225843
0.427550632512714
0.420849311999514
0.424856048661283
0.33798421469446
0.334292758407699
0.340045888897737
0.365592398350245
0.361025134312666
0.340638412956308
0.354042159352585
0.374125078196721
0.32871685085211
0.314662911921948
0.376565045705283
0.462775707529276
0.370472097535833
0.430375648798788
0.336585794848602
0.35360057187116
0.323458981325443
0.216720108449735
0.568953731436511
0.452776730400977
0.332648930992518
0.444949031428407
0.530485206550838
0.449186876271103
0.445521994757998
0.33410790410411
0.348038508396123
0.42067887208332
0.350895136789516
0.323377937166262
0.405990948402463
0.308227200049926
0.424195222185475
0.522082220606508
0.46574133362586
0.478765581282738
0.471466765409321
0.529169421001411
0.452648778121066
0.51551720293914
0.397584911758212
0.625990757835302
0.35285730472698
0.512141725344491
0.433069227927553
0.430312636682963
0.508929282073418
0.419085991643458
0.570872343558456
0.51510637159412
0.336625099014033
0.374954805088307
0.406564416889949
0.400413290824449
0.608389064505628
0.621164470176726
0.675008146347171
0.442718422916112
0.465343318364186
0.592789258454659
0.487347176459065
0.401870583871631
0.489159922770042
0.455603882409402
0.536503532464164
0.489695437273049
0.656305190260601
0.364715350781959
0.626927416385606
0.582186622408253
0.467307129971902
0.631280627810069
0.548413751604033
0.576032826385667
0.66272689351029
0.522093199673768
0.439671910920361
0.4738505909813
0.602593970886451
0.48528509932116
0.487261869205357
0.583378656030818
0.577679572670936
0.52468302224918
0.574457820661008
0.512314789819851
0.742117776558402
0.712364229107082
0.383569028563539
0.453485251515042
0.577288932684608
0.569865574722359
0.491494443212598
0.361936653464666
0.474291502777687
0.554411771364886
0.575014556355322
0.599377717749308
0.423554419847373
0.694804825353519
0.64077417142269
0.559168438607457
0.574361886585246
0.692961964999415
0.429232084198998
0.359927327370807
0.547374220661968
0.535784449835439
0.541976495147585
0.474120339979827
0.428594715367698
0.55844109410603
0.550319481449354
0.85197569310435
0.660078945917736
0.582466741549103
0.622697332654794
0.699860550794242
0.62509310118756
0.669227837052125
0.641676912561512
0.589154962808915
0.583725849254993
0.583475330021769
0.665402292737557
0.499338826459641
0.682026930960867
0.675357583267028
0.691911591898903
0.731648261146336
0.591924090671281
0.691984210875435
0.636623743726914
0.650200874975978
0.604529650590725
0.750868311483018
0.842116483126444
0.821425865925395
0.633070125507614
0.611808444971067
0.668886377084904
0.799520592674186
0.646046469290201
0.742977146498088
0.696780116599947
0.671692844227511
0.549405857821635
0.601561569027674
0.646043602095479
0.561919692706284
0.793691477085826
0.577099063908281
0.629464602875482
0.482125640847903
0.602592023704796
0.657577245744758
0.524324318963648
0.691547787852788
0.64941755530909
0.724029336417526
0.609942527611807
0.74318488967253
0.654305818386457
0.521188606888125
0.607118912177431
0.750018061000738
0.795532255917223
0.822048963856752
0.733429032761247
0.730300171851743
0.79158025712552
0.634764825994787
0.600957073185627
0.749080636865192
0.726257030068044
0.754074938928042
0.76492585958472
0.807435093040582
0.690109757435583
0.79178973181025
0.809487988653845
0.652762418715038
0.64810286326895
0.666504499634792
0.703720133674456
0.849772833285069
0.832515001816181
0.583176469242642
0.687689392260301
0.868353366774765
0.770332343046153
0.819280535848178
0.660034742642053
0.855667013260343
0.788758575297117
0.816973121616145
0.7604337076007
0.791452800859328
0.904161055269237
0.648223814054256
0.828293543447782
0.810698729468787
0.799672071089398
0.717323885565745
0.776818264630275
0.875893624068711
0.808178740688666
0.789104199717042
0.792668692953282
0.77681482634361
0.764125066428155
0.777864680734303
0.844342036561933
0.71012194090795
0.602055924698891
0.968615642757085
0.686475680940919
0.89184351634304
0.864715737028432
0.848062771710386
0.697284804478954
0.831411021749572
0.901351311921062
0.722660340071989
0.809425820326724
0.828820155262415
0.889840038939322
1.00654697980924
0.838636864441793
0.66190719417532
0.786985109508551
0.790933021023446
0.893470683055997
0.780629389568683
0.825988986136082
0.860337600924619
0.835864539835906
0.71074946841545
0.889207265697431
0.8271531960796
0.959275955325272
0.894717812625602
0.736672721579991
0.951836379930795
0.847999164836412
0.816292495778688
0.735282733098973
0.820302041035385
0.795947686963707
0.872387570457593
0.934662646691501
0.860034014356206
1.06203657580119
0.879361012273804
0.890566872839994
0.690053962324199
0.962888719410963
0.97422493064277
0.95029813286846
0.843615501453929
0.941624464298341
0.858053361030259
0.811632749296564
0.846312353647521
1.04595081461928
0.933576409219767
0.850212845192846
0.89567725458645
0.881088245520005
0.924154250662673
0.954089921546115
0.943180713786026
1.02183302720261
1.00839030157558
0.917938889481841
0.805166694476797
0.843827741894341
0.889545424932728
1.01380675815993
0.939926557598462
1.00863625619921
1.01646085945152
1.00446582884083
0.892486967181155
0.831493164065568
0.88330463029186
1.01281976195107
0.847506849505425
0.92547318398697
0.950597989709301
0.914816876118208
0.860068274348311
1.06821557917359
0.904344691442131
0.777278036279546
0.876115953657688
0.869706081639083
1.01096351862617
1.03687576182142
1.05384148457909
0.9464473743562
1.03606780264592
1.09658736368649
0.977703214774158
1.06703415652201
0.979085228922546
1.0950302680493
0.977619894230373
1.02443011315768
1.00018292284247
0.931489447941645
0.945874141283933
1.11247303486858
