"x"
-0.94403796103413
-1.02154840680932
-1.14140209718065
-1.10502966151994
-1.06263773780478
-1.02023334891653
-0.925898911720138
-0.898154758495392
-1.06019117891856
-0.964696058526729
-0.95126331783653
-1.09367667455318
-0.9463059207492
-0.833129607996478
-0.804474089157886
-1.04427324605875
-1.07869432601629
-0.918252552308559
-1.01057593915862
-0.832713349330026
-0.824460525147164
-0.882428426016546
-0.954938932266199
-0.976242987239399
-0.846816490423103
-1.11392366837005
-0.966078506817487
-1.1318155875768
-0.943618277327306
-1.04637003717356
-0.911261411748337
-0.889222230110558
-0.954736495035612
-1.00187107222865
-0.885548910633661
-0.983879901363395
-0.910974101362205
-1.06761588008466
-0.862737215829121
-0.930073984885345
-0.96137248401591
-1.04528781613779
-0.969660363050187
-0.954644731740425
-0.903601889056689
-0.924704076919141
-0.897535791569269
-0.687089979780069
-0.889655060839954
-0.964123995453332
-0.999677570341339
-0.908308202635321
-0.807468153961725
-0.832795163875571
-0.920544014352548
-0.918235164781194
-0.829548982447177
-0.894859711004014
-0.902870723597736
-0.798557471351486
-0.868835133121202
-1.01910036085266
-0.893594084873635
-0.834015331023432
-0.901205754577356
-0.876197966625014
-0.802284555513872
-0.874717818056208
-0.859054569122534
-0.948835931656066
-0.70420039481263
-0.735518320213643
-0.988999473599163
-0.910865174050937
-0.792993825610171
-0.850804643010537
-0.961072458221462
-0.747388145399687
-0.896247271532507
-0.78359423202759
-0.816852142842046
-0.737893383457229
-0.948405171658717
-0.761205003462615
-1.01593952483815
-0.821371422666423
-0.992697088467235
-0.843414197187918
-0.723859442307035
-0.736181794868377
-0.759797700014529
-0.816160819504891
-0.84128622741791
-0.821453469252705
-0.781873298867058
-0.791037665912883
-0.760451313912549
-0.679857162737964
-0.903181671918791
-0.72001509259188
-0.748747781171343
-0.809008009716552
-0.595961607635101
-0.686146352346555
-0.744060793201928
-0.783828366430979
-0.729323083994476
-0.685097019274341
-0.823276303130538
-0.724616988459531
-0.596480127685967
-0.826458334260988
-0.833439326761585
-0.77369090993346
-0.842769718635523
-0.852795377111613
-0.756917716700986
-0.753947198986792
-0.595938688654752
-0.779904397234367
-0.664512985780241
-0.89357046142577
-0.811399071703501
-0.870643689655891
-0.838769733477442
-0.682468266643448
-0.880498340395162
-0.727540738096553
-0.806628337496278
-0.678315438074265
-0.682973801622256
-0.734893031419387
-0.672578843954351
-0.835604051848751
-0.738430845299817
-0.763292440186731
-0.677854802415045
-0.8032450794701
-0.653675961419156
-0.644685485305297
-0.622570863249174
-0.581688771934679
-0.872928451804286
-0.562645537561685
-0.657832986282092
-0.760344925185321
-0.780516149248517
-0.692721367029988
-0.666710412807012
-0.645774389269103
-0.578306018065165
-0.586151632024796
-0.64668589188727
-0.771711327872115
-0.722096842945652
-0.663965229764588
-0.694525639730007
-0.595695962375996
-0.67419123514328
-0.638415660886873
-0.785131416114022
-0.624009305459126
-0.666826981986139
-0.569569408599363
-0.573328170527468
-0.733508358647995
-0.73376302492895
-0.626730017402738
-0.741719378582444
-0.734817700112235
-0.619702875531196
-0.63237799987765
-0.516098394030319
-0.689518485588507
-0.712830925916163
-0.641319658943195
-0.709890714163947
-0.636544195767493
-0.810872585695682
-0.63647115750862
-0.732698220850754
-0.606479326921959
-0.651796362718276
-0.687472865402455
-0.680809871750288
-0.621508243059476
-0.620873094850612
-0.585847998871143
-0.616373967600239
-0.769673812315409
-0.654169872047144
-0.737067963846463
-0.493721482117138
-0.63011793022832
-0.665486492620983
-0.609053564168983
-0.681248818064568
-0.564031079668287
-0.620442140480245
-0.701110221233366
-0.689329235915882
-0.524628451489406
-0.563035237383892
-0.520969245735883
-0.687562264688729
-0.638191368131204
-0.389839852622273
-0.589519947616858
-0.462292529623943
-0.328802863156183
-0.50408511724722
-0.52447353268382
-0.663878748157229
-0.521178692037353
-0.599409574704956
-0.531221603565683
-0.330239514396389
-0.51665174421169
-0.707638790110798
-0.711746700029256
-0.624959878489121
-0.59929078868641
-0.402599286072832
-0.789530073043271
-0.705787601073274
-0.596020559788258
-0.444603119740466
-0.502956925068833
-0.393457936181223
-0.564106113952674
-0.65328979668452
-0.64506081229137
-0.606082737884842
-0.58938576945277
-0.519185639631571
-0.462579446318502
-0.737766968843185
-0.43951719636717
-0.537858281218922
-0.471383817267888
-0.52898458113907
-0.601091237649957
-0.498021129829991
-0.587176072976837
-0.593038587288934
-0.365614801484527
-0.519102359496107
-0.418038727904008
-0.435353565691098
-0.64898285714952
-0.399471738110086
-0.485411289548952
-0.429032215959329
-0.396318347505748
-0.635152309466459
-0.488485190145327
-0.491790904486766
-0.483792193811362
-0.47228064743337
-0.375608734597309
-0.587155941166411
-0.523059225517985
-0.250281268300182
-0.527148540309853
-0.631718969235607
-0.569856102198221
-0.4212697881866
-0.548832698736646
-0.541506037672992
-0.479354533914761
-0.477313447621151
-0.343679880544298
-0.422970686292219
-0.407956519449693
-0.414169377321437
-0.650309961206507
-0.43638563361336
-0.489469154269385
-0.428188100820019
-0.452880677322558
-0.417159517505429
-0.441558672303003
-0.498191012665477
-0.42968889906446
-0.471203836133193
-0.503606727747788
-0.379271258098347
-0.412915922393277
-0.340481343401095
-0.640021769700234
-0.46620170068692
-0.402352817780876
-0.600774157463652
-0.461317626458218
-0.388830565305414
-0.433703070910881
-0.429018290771752
-0.455849782744636
-0.321051664080444
-0.521519435147975
-0.453976840013275
-0.442502778950569
-0.322876400545548
-0.402914254208482
-0.233109710811396
-0.376071294795781
-0.554157346509252
-0.194697885639589
-0.337874516209576
-0.30075251307903
-0.339384096042189
-0.31834680230006
-0.397738418094164
-0.234281744417068
-0.39515988283557
-0.347818926543393
-0.34674927963753
-0.164192070209259
-0.452063205796211
-0.413098152101987
-0.316064051948637
-0.364498308139555
-0.329081918656034
-0.420077297290899
-0.434957523179926
-0.409687494241185
-0.185957110348928
-0.292307674539917
-0.372260703634476
-0.470711121770779
-0.189202040197787
-0.214877000916917
-0.277932249156646
-0.302974551814553
-0.308149939125147
-0.354358551296572
-0.292603070790924
-0.271029076705715
-0.317865239736218
-0.240291212973884
-0.307102820214574
-0.249254717205337
-0.349958487181551
-0.237862230542332
-0.351537066372614
-0.347527081180533
-0.294681358008803
-0.372216992055721
-0.275328777344753
-0.405650102257811
-0.196439645986348
-0.298087648173283
-0.318043775629535
-0.158903013724391
-0.421890834549189
-0.293779863711309
-0.263464973086988
-0.31840821185829
-0.255984202793495
-0.262506894794994
-0.247811250339431
-0.357193238813382
-0.285433162145669
-0.134620551909315
-0.189989977913475
-0.278224231393832
-0.315280025622522
-0.210921520905047
-0.212444446527362
-0.278232411376505
-0.23878279831179
-0.274895670811904
-0.148995719478326
-0.148420059697561
-0.292225621915107
-0.274906660068522
-0.161735170104562
-0.339578759894227
-0.168167777827744
-0.227632833548965
-0.243610309323681
-0.321859828716716
-0.165858667645806
-0.202246294677356
-0.164863446521603
-0.264216330459975
-0.280527962518693
-0.253107922173127
-0.269302917225301
-0.184323601872838
-0.284126345423563
-0.154048509046137
-0.229093566430385
-0.253054951149939
-0.269167872289161
-0.239285945204757
-0.0470175373871666
-0.307837010691472
-0.241463680242507
-0.0355482337742509
-0.160935134486358
-0.311618901104849
-0.061382102923918
-0.155597446310205
-0.289797147345015
-0.265649107436041
0.00667368905285099
-0.316580810812403
-0.231071146987258
-0.0812342982069612
-0.200615974144452
-0.105031137639572
-0.183117951855529
-0.191971766262815
-0.131460945415116
-0.135641782154844
0.104459510691133
-0.0408148062121093
-0.0831639328269139
-0.206544901001677
-0.144736612393892
-0.158696442221244
-0.15663667374004
-0.122290771544765
-0.137772144206088
-0.208920781346597
-0.0110735135445282
-0.0345574174257192
-0.052603518224035
-0.180915634592765
-0.233861336947521
-0.156561808689376
-0.108395836506394
-0.0854041378427446
-0.102047272658915
-0.114294824441942
0.0534242724098448
-0.0680129508271877
-0.122717189259313
-0.112477730821679
-0.0963497922776029
-0.202178514638528
-0.264102443694526
-0.208641631029905
-0.164577558616995
-0.202233977293857
-0.182503386016705
-0.26933174419321
-0.206801252391049
-0.120572201130526
0.0580018853620251
-0.0670751749776683
-0.0177113867235522
-0.109332722456541
-0.0422590122726316
-0.120029691808161
0.0078750322718451
-0.113542366603414
-0.147030568229
-0.164751399954069
-0.0889552428792794
-0.0143117816225182
-0.094872664862934
-0.0535814788582858
-0.159582465166629
-0.187102940890823
-0.128588732718331
-0.00982757759759911
-0.0402233825676614
0.0242530948948162
-0.0692715778154944
-0.111457610026956
-0.0316228601016911
0.00480595120070086
-0.332286044090214
-0.125154626128115
-0.26543823641281
0.00795398190214202
-0.0686141618381316
-0.0346989260968292
-0.00105723209812188
-0.0852197388791385
0.0578312266580537
0.0240966223111988
-0.0395914334376597
-0.00725028877216905
-0.181887472195466
-0.00311833820753671
-0.0896944771190933
-0.197140725150467
0.0193215317985683
0.0983568793236822
-0.00875507217275289
-0.148057966175473
0.078728205854919
-0.130405561443571
-0.161119978004009
0.0232924856828804
0.017059401263491
0.0237867893370382
-0.0211061746274075
-0.0436838371027172
0.0125018507659515
-0.0342261010542756
-0.071717844220468
0.243224034046914
-0.152302844811341
-0.0334769247870238
-0.0505808388318798
0.0502248341335354
0.0422835737463339
-0.073062024451935
0.0266657007203167
-0.123770833172152
-0.0343887986077258
-0.0127035415370839
0.065325796092413
-0.0322562167252545
-0.00183876707787974
0.175517215987238
-0.103562082386265
-0.0121534761351552
0.0144137077498317
-0.0894510504225827
0.00325319723603134
-0.0398398728846966
0.193474976165951
0.101246298132742
0.0835760760814476
0.195325373750404
0.0458989629454925
0.0276795334614635
0.152651053089047
0.137949729810537
0.107978436664319
0.202165540274275
0.104796634092495
0.0630366765617029
0.155872329444808
0.114778362226893
-0.0693037076407772
0.137133481670745
0.103411701635965
0.0433679021502591
0.019877746746799
0.0917961693329128
0.0948248426709367
0.147265696668253
-0.00345984355842945
0.0737959266204541
-0.0126243029589983
0.198299495798695
0.0841786415029401
0.127664826055484
0.203380623738541
0.0431536618169005
0.126158688274876
0.155216366892871
0.133165984988744
0.221526926993098
-0.0123581959394634
0.0229229758300684
0.0748046187463784
0.0571100160934448
0.371389194837993
0.260213253764107
0.244813822950746
0.0383348053982735
0.181669163237915
0.0119823181912514
0.146635029199153
0.248266104398212
-0.0112593985226208
-0.00934717785690108
0.114039301087536
0.208741832506333
0.157003914774424
0.143335046110714
0.202146087791863
0.2443812546261
0.175047685606211
0.241656895459538
0.0540259854540254
0.201384172853455
0.107122007699668
-0.0083953300712659
0.131745642608043
0.0975130167514866
0.187181026984681
0.280114367528377
0.221452693017387
0.184712919707023
0.285439993933961
0.175851623995692
0.170106065200578
0.203910003863415
0.243586508542817
0.208577338151454
0.150929312079804
0.114910784312689
0.207286667885362
0.225543478806843
0.214193588841232
0.358418219511748
0.238071646913294
0.0198425402859205
0.215938343228439
0.22039653937045
0.375018640512455
0.147194039847187
0.237873436463991
0.269353772294609
0.1516728681252
0.396233227548111
0.29705366205346
0.242306709344815
0.2531224976829
0.137307310322827
0.30183710800306
0.435701247866772
0.346336969810668
0.17991167247473
0.251794750206878
0.233973392989521
0.322733810411247
0.253361846566355
0.405998955937282
0.177662051973261
0.325109354995118
0.34391761135427
0.188624710912345
0.204504375486923
0.244610280727915
0.349699531691844
0.244911502209793
0.408246614952566
0.293800703054557
0.44929693855805
0.264315662218372
0.276532966561384
0.280969724096663
0.284178931661845
0.200068913187759
0.244634918062484
0.211185083434864
0.366939245475968
0.398814280682704
0.348824271709294
0.246822108641396
0.445595203531165
0.513613953248989
0.40638389025818
0.363829788983624
0.367279671290478
0.0606776846502002
0.352045955424681
0.394392461484823
0.179983543743001
0.439421681686488
0.34130095876679
0.340068737957099
0.386089057460211
0.326863219504843
0.414227171229047
0.291866552827423
0.344670381882228
0.297964918743897
0.29485994436029
0.3848349095018
0.312275134764799
0.380880300439577
0.363435510011622
0.264044031984534
0.417165807955989
0.30709196216599
0.270484222231296
0.310710229673599
0.376735010281585
0.386841467424131
0.466090904993954
0.300461336020374
0.380118925928973
0.378415478229113
0.494478948896154
0.441811084272568
0.378530393628987
0.381582475329167
0.408958261203052
0.340489563524375
0.381840788689512
0.482968519469009
0.278191493400885
0.491784113031683
0.365139046229227
0.392155708353065
0.359373289709124
0.386240915444294
0.473524787160028
0.427462628590334
0.490947701405553
0.314638855215087
0.251356664881602
0.359578672208124
0.603197160541494
0.368307738549852
0.5592969188571
0.33776696146141
0.288461956853126
0.34228194475241
0.453787234761506
0.434831794693645
0.388471113725673
0.362613628465305
0.457445108312236
0.445599949752268
0.637417965101362
0.472942987950147
0.489242613753329
0.471649318339861
0.374457927338204
0.506263756383467
0.436964389596878
0.366869638291536
0.550750080286018
0.619831838938062
0.251955664107248
0.5177238204137
0.456371292353845
0.60164346290556
0.327766972752165
0.422407346982103
0.53653287576506
0.455052845513756
0.512089448572727
0.501807442862451
0.384961814659285
0.568431869655576
0.516878434574793
0.530722789895682
0.264518327212336
0.434604211411322
0.414040365634912
0.348399014692646
0.588008857765518
0.413527350114869
0.500368355151631
0.556981574339059
0.428238107370122
0.359229342916412
0.595271920392567
0.457281876755897
0.395040770849184
0.56356672844756
0.478227869967256
0.483945561382759
0.355575712626174
0.484761024962304
0.562722021331458
0.49681238086934
0.553401280903702
0.533236990087596
0.44242480003525
0.458380377391605
0.578911838773334
0.419113117259313
0.52290900292419
0.547884931332426
0.567845334070889
0.497161080338996
0.476356302750808
0.475679515167522
0.401885913313445
0.554086674533298
0.559466905286655
0.650539680401627
0.649406694428434
0.600050173039416
0.35250352325126
0.545632947983312
0.507415695087813
0.598031194631885
0.495897164811703
0.480120051234671
0.597634407678253
0.583430393235125
0.441271619097676
0.570110926802028
0.504008429047214
0.634145155433799
0.563104386594003
0.461976232093892
0.719914833952876
0.615057498035956
0.606441890393273
0.574058141020199
0.633985653528774
0.520439840314335
0.593756418182027
0.469937696667924
0.666595137635167
0.551269833646834
0.535301691110319
0.650124449411954
0.795916485855643
0.626087896196331
0.723034490878325
0.555259250177705
0.567266050799476
0.69036236739457
0.661953805694148
0.767889726256019
0.738198609826479
0.606282769104441
0.637342835052848
0.706819191835696
0.516073255610095
0.648760206559964
0.548023478189985
0.600513211354639
0.546892604543639
0.527077336895662
0.629490949437144
0.514019379757077
0.644784792588861
0.792429998256787
0.566845616307303
0.721066300614349
0.771804791818608
0.685938264939409
0.664058130121122
0.614437872673063
0.612138020730387
0.660676627456266
0.795101596506655
0.661000712535341
0.572410450497424
0.713879566945406
0.595154954516953
0.524140617246665
0.630363301857088
0.612255122424977
0.746978447114295
0.704755493609516
0.601427001138963
0.543667462484325
0.622471967783483
0.717830773522544
0.67208225307285
0.731852379739895
0.688631960919771
0.742071676927532
0.870477969282608
0.830969892764664
0.557726117812071
0.777302017649083
0.719975205956271
0.793330340926165
0.66941051559163
0.701392194512665
0.776986454491858
0.739314939131234
0.746114981124443
0.735112783463466
0.699838826077633
0.705538464538605
0.767757039929376
0.677119535437932
0.687596607949914
0.737354626562664
0.62932927650449
0.710854081945808
0.761400442103387
0.670150565049171
0.687128683277677
0.637339922072646
0.823090945902065
0.685745917737698
0.640581271816584
0.738808524250689
0.597901003555739
0.669641268660019
0.738129307778692
0.712215367253753
0.745531095842598
0.624202424689405
0.665402580997547
0.627316399399043
0.787605900644584
0.717581686774485
0.862416470354881
0.770427301526004
0.760145064968497
0.874211548858517
0.669225976600617
0.745851514421248
0.799459883509729
0.785182246187232
0.780167349238866
0.886777283250608
0.772014933418345
0.803575207298189
0.764645935534629
0.823899783362612
1.01905580911535
0.908553461664006
0.842070143503795
0.815666830585181
0.930186564089849
0.776816389258869
0.788140103625501
0.817923440822726
0.818219501591523
0.930047088738043
0.758150663783346
0.777958617087028
0.829287731124725
1.00163077671158
0.641850615678327
0.834917997400057
0.789116539494408
0.850039320996913
0.822280462805651
0.831763249602389
0.802315206470675
0.934243626537504
0.634979970029412
0.932630714449664
0.872141621331151
0.660730791957881
0.906315723372796
0.938679910554777
0.941410306067085
0.86985737277109
0.964337681936333
0.767547015726934
0.786090116381199
0.898730285867661
0.984163043999332
0.909902431434259
0.862574391735303
0.994084107620811
0.842978126822924
0.779237798107914
0.968590294077701
0.963217257293378
0.825382954042734
0.844955984175867
0.906275998556724
0.966950003471085
0.935101073657506
1.0053911036354
1.00280561011276
0.996392737234875
0.934201365399286
0.83052877664272
0.898537831480823
0.964565767341876
1.06057368946022
0.910203806854299
0.921227644335611
0.992543127734396
0.937789442780539
1.01090739542731
1.07390677911504
0.921710665298791
0.904232917066739
0.829427780302759
1.01822162219664
0.962451561863615
0.933941097171734
0.907186160722761
1.06189380911497
0.952766160656969
0.966862819047491
0.912368882107279
0.938712108766181
0.870234945089259
0.936991774100427
1.05860764486834
1.03511352146475
0.848700450926049
1.05656942953212
0.988824200073399
0.825574099036315
0.931095369371706
0.907863680754821
1.10924458009464
0.977708488303081
1.09840213184325
1.02920081615215
0.915779503557574
0.780196182884631
0.992071604889931
1.10267420229704
1.10213776450884
1.07267694539851
0.92256052040916
1.08158786201496
1.03895740142575
1.00453793059875
