"x"
-1.1123791744708
-1.02339844044266
-1.04439887835636
-1.02884924898398
-0.930808233707311
-1.03023445927198
-0.891587585357471
-0.971180542458976
-1.09897963533675
-1.08804385955206
-1.01066966572416
-0.966769502198228
-0.889951601405843
-1.05352235692034
-0.906201395879895
-0.968882857701353
-0.910678399854441
-0.991965428386158
-1.00303310021566
-0.899520836344576
-1.09223503396736
-1.01058594744621
-0.891958324920996
-0.866512606772027
-1.03700563651092
-0.907160897160606
-0.910087202700166
-1.0245190126084
-0.963074700045277
-0.917396882937324
-1.07085613027374
-0.868354510996484
-0.890853545946742
-0.798843478959036
-0.85294834218291
-0.909510487525274
-0.807748018657509
-0.910174142147739
-0.873408897390935
-0.953622058605789
-0.885966524008591
-1.05891834583908
-1.08434437897843
-0.967419013196983
-0.837861759554572
-0.931625614641532
-1.00385194269965
-0.85301188620405
-0.79700956457061
-0.886045605840671
-0.888607688395719
-0.864127525530398
-0.843889405983978
-0.848659100605251
-0.851759433929288
-0.848448038276922
-0.917602389061372
-0.837087678870428
-0.958718816309128
-0.956063156049736
-0.853904484387181
-0.859637870258809
-0.885663433256101
-0.841503258517663
-0.896792941005055
-0.934376472410985
-0.92906601095418
-0.823048001093586
-0.912189997760766
-1.04775646053789
-0.939748976027508
-0.903826546700414
-0.964209462408323
-0.79811212111811
-0.846754146781548
-0.878447729649808
-0.869683630859943
-0.889776721262961
-0.893996873847671
-0.672872007107303
-0.8857159618444
-0.824216246877998
-0.811396748381828
-0.846165560965192
-0.896265870704639
-0.830957110562665
-0.778072856919429
-0.870718369921083
-0.788998722229709
-0.92414260654788
-0.798212389972067
-0.716171771621828
-0.868635700144116
-0.82769739900861
-0.775053518256925
-0.857484805715202
-0.832179220638341
-0.7151407924285
-0.773798325839002
-0.702606074303026
-0.84067448145861
-0.761314992149974
-0.74652477833642
-0.684646796863151
-0.728369750552991
-0.890760466587634
-0.627245713609804
-0.713891796874803
-0.736360654009528
-0.776869143258198
-0.852676214685926
-0.861278319705393
-0.778838202019682
-0.793906633267108
-0.861544421914947
-0.832203999681427
-0.885185295887479
-0.570396044891878
-0.762988619806306
-0.76243155002396
-0.760407247631914
-0.883135413876282
-0.800986926743212
-0.600564629078239
-0.472142645876472
-0.675303323310664
-0.702024495156749
-0.767042363189018
-0.76666074319757
-0.819967387051995
-0.760817661250412
-0.740156090935244
-0.746662406463612
-0.702078610347247
-0.642408534509499
-0.798284578366611
-0.801434658128427
-0.819025730189176
-0.578586420578431
-0.671828091777817
-0.655813484284152
-0.727269278128214
-0.684620303949714
-0.675559320177669
-0.62087525306041
-0.761080272672176
-0.788607126662546
-0.754673919709093
-0.648570674760214
-0.587046350144758
-0.540338880209431
-0.66190095009264
-0.664355231236304
-0.613121551593075
-0.729696441498963
-0.699313003901422
-0.838000383336898
-0.768226865694199
-0.579498781684584
-0.644935453108322
-0.708865090214155
-0.689946145193509
-0.799779014705853
-0.799653072473685
-0.69007689157295
-0.822524434165079
-0.612437324238241
-0.540485251238915
-0.68310866965846
-0.524995635166413
-0.648869577566816
-0.624046210376821
-0.652461510495719
-0.594989525384251
-0.646163156560551
-0.652337650971326
-0.537190489799987
-0.604483774137061
-0.519605226606964
-0.755057806007483
-0.692423290378679
-0.705545105985317
-0.64844889710159
-0.589269635761253
-0.577563185136759
-0.62231201299382
-0.652979732646147
-0.660284966378436
-0.546921254208049
-0.677498752063858
-0.594845941647092
-0.604365812480277
-0.608679382624064
-0.464836932159713
-0.581011939350633
-0.63230563319247
-0.609578383776754
-0.656646381882846
-0.67566921147201
-0.532237030664013
-0.543839240885877
-0.600122773061984
-0.65381027459898
-0.620681033394964
-0.487403295747854
-0.64815130375033
-0.555362928432568
-0.567799087507562
-0.449418826131406
-0.56002489497152
-0.597466950070816
-0.523582775481219
-0.4334594075763
-0.511277310402251
-0.554367119340228
-0.49082602359771
-0.354720838566635
-0.549780671447049
-0.557215968541097
-0.475124979620866
-0.608493086656095
-0.531062776315323
-0.714648404696331
-0.553764117173453
-0.574292949707991
-0.428720714413843
-0.467454328392902
-0.676087936787179
-0.467554123390579
-0.545349698473344
-0.550951565097403
-0.608414371456233
-0.429211625032639
-0.56493943755758
-0.529139438593306
-0.534652767492894
-0.35727720269115
-0.431464949106029
-0.52260914940567
-0.525246539235855
-0.489220395256596
-0.545535996109067
-0.669382669331867
-0.567796387463842
-0.428874199648914
-0.674148155303786
-0.323012086347217
-0.576994580315226
-0.510328031118212
-0.532366718003532
-0.400348110833938
-0.647080834816666
-0.319165231702939
-0.712620538903285
-0.602423573028182
-0.468960566078156
-0.478797579345501
-0.544626797582343
-0.492652239710993
-0.49139039732196
-0.411621831738745
-0.507389768925639
-0.496259155878119
-0.27800007067472
-0.501708066815192
-0.624401692449534
-0.451632904906791
-0.416176686247387
-0.493637042005557
-0.465537143137218
-0.318754220683654
-0.377930981569748
-0.562574907233802
-0.589197890982026
-0.349160727454424
-0.364059691876511
-0.35568564881566
-0.421423210693652
-0.600171987231576
-0.503459621969957
-0.543685216391727
-0.293805359883869
-0.545233463957374
-0.380445345714991
-0.362073051676574
-0.304353637940374
-0.317808031745935
-0.636488452464588
-0.367693864292681
-0.528467664185133
-0.672629478354452
-0.321583502578535
-0.574365170280144
-0.450270781986157
-0.419936459850631
-0.411598731041873
-0.402407146899195
-0.452914076000956
-0.410332288141329
-0.3017094364574
-0.328957613170362
-0.51821287608227
-0.425018549925376
-0.497562809558518
-0.490984077288526
-0.397537614854542
-0.383779077239079
-0.29590577636354
-0.450828413845224
-0.307803210146032
-0.445412965255184
-0.41075855075831
-0.352430472726571
-0.418841911872891
-0.326524401846344
-0.468781867883727
-0.214111422548846
-0.250749257675426
-0.338551724332477
-0.4600058335729
-0.350675099541927
-0.453550924426807
-0.431067417486214
-0.378787927917766
-0.48534957908211
-0.297604351614132
-0.236934777847331
-0.303948496022046
-0.395586309715047
-0.324114626251994
-0.363236900869558
-0.334183148878506
-0.308467897562488
-0.134294390372965
-0.414079685783975
-0.291044640892784
-0.331457434188336
-0.417632971864066
-0.547835259540646
-0.349037583216432
-0.446782485672515
-0.183173882733153
-0.330914565099802
-0.346357744321082
-0.208023107057581
-0.132377150438949
-0.352868189418568
-0.142765760115103
-0.385296405124204
-0.293631123914099
-0.291316125162658
-0.420524512566285
-0.0883470140799451
-0.201931867505066
-0.346859029257377
-0.31051582010999
-0.328363028514763
-0.347632515795956
-0.315506970641447
-0.32829803838504
-0.255389921380273
-0.396450873579693
0.00712087035008362
-0.405776486338654
-0.195887279752423
-0.346727790452861
-0.301519016062218
-0.102007492312304
-0.352951313450028
-0.335223330955979
-0.275726787426361
-0.118329043991721
-0.200565100361121
-0.146541965221144
-0.184183805501732
-0.183230488172558
-0.218039929093439
-0.257995726320911
-0.245042363528824
-0.440496115689001
-0.221607763450626
-0.275845354788776
-0.191730470436686
-0.0718551095408704
-0.326660775126753
-0.192860099522173
-0.348558048319082
-0.253432310659505
-0.291148515464946
-0.295956456714783
-0.260685858774615
-0.0868789704707637
-0.0882345226401802
-0.186091733055899
-0.27016134409501
-0.160641570957639
-0.253901526834651
-0.316677410978343
-0.192775441936338
-0.273361749549782
-0.198539967137847
-0.286123769214175
-0.142250931598363
-0.373672029010261
-0.182434807876508
-0.213086421340495
-0.257392975112409
-0.137889086362185
-0.212923015291051
-0.146017728159769
-0.157657460651427
-0.0712289393093916
-0.0139896720648564
-0.188019765638508
-0.137582703210368
-0.0475109829649055
-0.218131051265233
-0.232587530684165
-0.182919025841525
-0.195594298528953
-0.0864728215523928
-0.254619405162085
-0.153471858996736
-0.0644079279647274
-0.231744068526251
-0.20175004523663
-0.0717581069713664
-0.0549665286639257
-0.161918633638231
-0.139134201289341
-0.113923593368183
-0.175248872258845
-0.284909563905258
-0.110043485208608
-0.0693798079552966
-0.167413988531152
-0.205457706546913
0.00785753148293445
-0.187711344444888
-0.164623793745293
-0.127355476747421
-0.0945975503993186
-0.016921908571163
0.00905289952444562
-0.133770734765434
-0.173904591299887
0.170613169436569
-0.00261602431816526
-0.0608047365767384
-0.259067957774891
-0.21574697726573
-0.215304767830455
-0.133402482047824
-0.173482270367176
-0.0718618994581871
-0.142548337942386
-0.0628097853184175
-0.0920695211797868
-0.136848237018285
-0.12580891813739
-0.052799164566723
-0.0219941199591688
-0.14352035292026
-0.164525607490806
-0.117094614167012
-0.0365940369539805
-0.0242041829620575
-0.0662212298322536
-0.0212098413975272
-0.102568330177404
-0.0174342033361506
-0.0807876732519019
-0.161501786423911
0.0437485229466398
-0.080080550367965
-0.115293153373925
-0.0540036415777712
-0.0193119031891505
0.0182129192545981
-0.116054454456786
0.0619739869864777
0.142231010048736
-0.0973471028338197
0.116118279420932
-0.0479462740783595
-0.00349068651836773
-0.0597521994050351
-0.000151990973400194
-0.0373974021094415
-0.146462427335114
-0.000433035657701571
-0.0733941808997729
-0.0646040309068937
-0.0300049181729927
0.0923338494225302
0.0829651061755499
0.0300516236781637
-0.0870736944994212
-0.0285545054731205
-0.102502765789293
0.0312998885536202
0.117515792300169
0.00861942567851007
-0.0093070685686271
-0.147620710980912
0.211778242428289
-0.101857876023597
-0.194550821470342
0.0944568524741573
-0.0135274174548277
0.0417217926969823
0.0907296939715264
0.0317847846465417
-0.01180564502434
0.0348884319112567
0.0553618106568563
0.104188586252176
0.137020839652162
0.0931519720041474
0.0480024711377855
0.0597226226635749
0.0713199874982513
-0.121349495691964
0.197187480116918
0.0634889229677849
0.0249300018959823
0.140084772870528
0.109343925068444
0.0365913580498383
0.0175872558037919
0.118004448524235
0.0983641165219651
0.124244950358006
0.069608711095431
0.186939384225514
0.0214785955509793
0.0341970230372708
0.0137493559501809
0.139397421221296
0.147698006746718
0.108574829592077
0.243631873899061
0.135287665094603
0.0341484409501078
0.0589489551350446
0.156928072371361
0.0711464160042504
0.0500853481950616
0.0363933033509427
0.0549688215832277
0.122601842605852
-0.0310884876500643
0.093501343015989
-0.00223204105911312
0.185521553861934
-0.0487153017985
0.163919864620242
0.145281546254622
0.127054118753463
0.275136557353946
0.312778421938368
0.224359033219982
0.1429410093622
0.128954038018238
0.050901084921744
0.196656918577972
0.0679792108561055
0.0313175743478804
0.173813084356688
0.0195562993164967
0.182358666766966
0.142018852109512
0.0442779361495811
0.130337909164346
0.17974041530456
0.0749775562384527
0.274118474893498
0.243416146712207
0.139913781802129
0.114211895755145
0.0984226923667534
0.105659463570377
0.234344196858652
0.179830081636837
0.145516746053843
0.229746399258605
0.0687995777715776
0.332978261415303
0.223779231148392
0.146592314377084
0.195373568494894
0.116736012387052
0.200126298105028
0.282724900760306
0.0654126087271523
0.224918295972847
0.191061927011163
0.0413265339238902
0.172663165445072
0.126372559508624
0.236552993110862
0.145470600177984
0.305046098421381
0.266976472691904
0.152289586861252
0.394211061097195
0.29964991373693
0.0852039633893408
0.163531049550976
0.104529105599827
0.250711110495587
0.276343758055736
0.228321366184395
0.314527263108041
0.317691132900282
0.261730165174188
0.270305739692253
0.322874923678696
0.255613028647229
0.132697122019076
0.194172472673225
0.253726529225644
0.192758019515738
0.311202453997186
0.272340599309019
0.332783862479167
0.270275125634455
0.268501638121002
0.270176415503915
0.319602258499735
0.283940534100533
0.320133162433329
0.29570068611663
0.310061987307372
0.293964851463529
0.232908251386438
0.31947119018614
0.326156783307128
0.2714585923439
0.207003121788055
0.282902260150903
0.334677441231855
0.360266992564196
0.434405864564443
0.274668728479024
0.255047867442757
0.286954531979524
0.384990521511732
0.30203217716874
0.14867845001321
0.334539310847078
0.187815867682331
0.279006127570003
0.254351278317223
0.254197158104842
0.359700063623088
0.382943165061782
0.443319787734732
0.207829868051395
0.338502592252746
0.279900457076567
0.2988826681835
0.25541543741024
0.269329539526357
0.257986900934335
0.414823026553929
0.417698929205912
0.209209010583775
0.336046314945142
0.204946049611894
0.218468216643165
0.202754628002353
0.270056427350651
0.4233502762891
0.376641778723476
0.346579884303753
0.290809765247941
0.264596701035515
0.472408413170033
0.434137689756298
0.566617323272429
0.517881850266715
0.298917878012432
0.399259158595639
0.460471035681529
0.357546405229254
0.421315659232724
0.50696154163216
0.297047255600235
0.349496441417027
0.438637508219164
0.346447986297178
0.33503347734442
0.497939025274516
0.390053522079845
0.286440316307357
0.237877561236802
0.442745165885078
0.286481259740877
0.29935928635587
0.357186549906954
0.30947764958585
0.426083465660858
0.456347191977466
0.33262798291056
0.409007534920096
0.252473045957115
0.394367504455734
0.354598438852811
0.533963130389629
0.444782493856445
0.519805548676398
0.398610995397463
0.372055747456156
0.276590783681038
0.407426280741737
0.528005363799485
0.415024196638596
0.37126257918842
0.447912180571171
0.468165270997937
0.457998969074715
0.352846072420776
0.483866542974852
0.522195715506683
0.472203093498829
0.29369443604654
0.424152351752034
0.408286534396746
0.57014176386388
0.53375312405359
0.404431859489958
0.409718369158056
0.477621960848117
0.434128802248222
0.462805615947272
0.402907996965607
0.456643506596811
0.45281826188415
0.579663635378253
0.55113963625392
0.600349243402938
0.410513742259854
0.566825048713235
0.518601582361357
0.52054994794383
0.496269740598544
0.616438775044635
0.540592226047696
0.497085975725065
0.369550479674426
0.342732878256498
0.489810277745734
0.400478043175565
0.567071648792717
0.441223489212681
0.596977021541443
0.519114944587947
0.486417814942099
0.694388394024688
0.643971395596723
0.641771496735918
0.470110092882148
0.524439804120109
0.414738981903705
0.56335201292652
0.518754735701151
0.527787150042353
0.635795772678956
0.590893006056329
0.543783750641974
0.485998803242934
0.662055046269252
0.600772721735261
0.511348292571571
0.496443193613237
0.644969811083096
0.584550398372458
0.626982038420741
0.367615081348709
0.517587321309788
0.702378842887965
0.530770190995078
0.6710654020374
0.574497429253279
0.644794905137056
0.631742887902408
0.697603582159227
0.595818623659546
0.651656833467079
0.694502103722034
0.541809451975521
0.533805554719522
0.593909231770825
0.488326261325609
0.516994195183882
0.540289895948311
0.60364907236559
0.646308033671947
0.493133541836575
0.611284490670257
0.481241001415644
0.694477598210296
0.661412790523295
0.529996530630991
0.581023146166869
0.474113725305573
0.537690571244534
0.623192869672165
0.667016187523769
0.582026387001751
0.650858564721564
0.535568216720499
0.689804547785904
0.78885110048063
0.406947701626415
0.506789913537419
0.526370992260068
0.647484454990017
0.636726276441685
0.57943674937495
0.596804882018203
0.611786394758872
0.660434428977032
0.665909186528838
0.750195948330649
0.604073352647347
0.74844645925248
0.488998398041125
0.610977267169526
0.729076545934973
0.707779790891465
0.599670985774014
0.560091797366678
0.72418662328249
0.827485949197254
0.60189277512291
0.813620905832381
0.775482788948165
0.623381372936237
0.688167431030575
0.859372992163079
0.765191314044677
0.630869939950539
0.658986862339064
0.676440137336837
0.650417796991825
0.638194751209197
0.60586221506237
0.708543630293148
0.536075765312826
0.784626032187419
0.844374158664237
0.660321826433444
0.578851512194924
0.66595742070698
0.690789478297666
0.642188816221892
0.655318082404906
0.63591928305134
0.664301781816062
0.612985358884083
0.779648414982617
0.719937181052065
0.677472558161955
0.720638017958133
0.595620507375118
0.55417748837643
0.723078252554578
0.815910708063395
0.785635731520068
0.7510255779806
0.635810848173013
0.780118243442561
0.520226341722744
0.856146812242397
0.74099355378352
0.765433608796578
0.650588898992246
0.637396340712704
0.602619138489953
0.861378523233539
0.666061711820055
0.880008832456487
0.775444235798138
0.712005097736137
0.775689155348111
0.677124489001925
0.731658902846968
0.794943045509728
0.726521194899691
0.68968558802391
0.792609027926546
0.737849116342697
0.746208815740962
0.797973100633996
0.811971346129822
0.800548506006204
0.912949888922854
0.81498183582964
0.856949254300185
0.860301147549598
0.85442263460419
0.805669740504352
0.732640742337856
0.607289024176292
0.902498418991538
0.885580704227019
0.887711710636111
1.05540541829789
0.904774407822981
0.853777809453301
0.781314042105769
0.822229013076642
0.944810246544298
0.774616484857107
0.785855156759213
0.847404405005278
0.987240152736538
0.831057383085404
0.8321652137539
0.737972575293876
0.833748447953701
0.885438974281913
0.862911417335712
0.894141053056433
0.722366059506376
0.743956121228185
0.870270377073569
0.877538515820209
0.959016304372188
0.812890901097779
0.93022057558769
0.868650177555464
0.914487319235939
0.790169687121209
1.00615085993375
0.864618820175933
1.05434232957571
0.773150889906989
0.817512948942385
1.0279523653725
0.838601450215217
1.00024256015455
0.907958955188429
0.849516505351011
0.782671634069421
0.934784749584101
1.07000018458519
0.786798244953749
0.95094850722168
0.869681749687232
0.837920721419472
0.96696828247267
0.985435515901465
0.908578462235712
0.871333949786332
0.885638018171191
0.999471019382881
0.847233903122961
0.834131289429456
0.933836459353763
0.947580588886664
0.815582766158431
0.928126113253246
1.00557593099395
0.944514864483985
1.01512141773216
0.88595456953024
0.839423139424677
0.83834523413937
1.00875742664088
0.980752949587539
0.833052400313798
0.948321675306707
0.939494589094623
0.920087397068968
0.908817302281079
0.947958791362853
0.904612472277197
1.05802272944781
1.05566280321047
0.890486833921638
1.00021681597981
1.04700906003415
0.89750041670203
1.0825275623288
1.02103004970152
1.07616181366167
0.993436297857567
1.07685085430287
1.04609536564361
0.89472966575274
0.943123890950904
1.0293177358013
1.02907590587099
0.960193194384692
1.05606639005987
0.956593296014331
0.902756298482015
