"x"
-0.935016123729429
-0.838005821943073
-1.07766904079571
-0.868014393660893
-0.886058947157108
-1.04532255319622
-1.11003589908961
-0.933217746919571
-0.95026384350416
-0.907014426052062
-0.998722057114775
-0.974334559703854
-0.965433274776912
-1.19124551979137
-1.00624087633276
-1.01086530276004
-0.984569993104707
-1.03392724639855
-1.0312931317206
-1.02007711935657
-0.96377345983745
-0.863437703437688
-0.985592451897308
-0.84444184251161
-1.0089632443065
-0.925002529142466
-1.05566792276567
-1.01841724009062
-0.992511758305919
-0.894248426032322
-0.972103039578589
-0.831902065468591
-0.870987018889352
-0.895059452144374
-0.797886887794308
-0.860777427043186
-0.739569008369045
-0.98278245760796
-0.870664617569364
-0.89184935033872
-0.885048055423336
-0.87258360347191
-0.880171625045011
-0.868743216628774
-0.851308310873459
-0.822711687003829
-0.913179831859979
-0.965474294703259
-0.975750185152174
-0.78421512632617
-0.874322494609363
-0.864927504031614
-0.738342644216434
-0.850464510811004
-0.83145740336847
-1.00793893802913
-0.886900298068266
-0.98386816545135
-0.826384787277997
-0.915555562707635
-0.772275150929354
-0.929739737360785
-0.820100122690097
-0.922352353141682
-0.961002338841768
-0.920041718779644
-0.839832176933029
-0.902700863942186
-0.909666958055333
-0.893365454690425
-0.793384566480956
-0.815587088359959
-0.961379837339939
-0.809629311580275
-0.742238858051206
-0.837690489313797
-0.812405822714946
-0.7604762364189
-0.713712184374848
-0.868921388350805
-0.817088624790974
-0.690770688944875
-0.908717705701181
-0.772441251039008
-0.812805629810167
-0.870152651261811
-0.861730862294038
-0.853849287078846
-0.828159434729957
-0.843595585763954
-0.721212855604314
-0.906522660614778
-0.886153671106269
-0.729191756295858
-0.868953392972917
-0.757212946394082
-0.745504174522875
-0.661982267921751
-0.755942995364073
-0.878829722968581
-0.834330074397266
-1.0554188279527
-0.718204407151509
-0.78573983695376
-0.533526206517949
-0.74874631707981
-0.843998204255211
-0.829411076410761
-0.732410571314218
-0.794303602199686
-0.725953541601701
-0.796281564817655
-0.793697489829621
-0.700653412202393
-0.816051251898763
-0.838529892944845
-0.73471265498755
-0.775506659085223
-0.643558527999676
-0.818508620133137
-0.615372229300796
-0.845324006643709
-0.877749511981966
-0.681770443238428
-0.891309830130304
-0.743283528673828
-0.790890372304564
-0.603205633825433
-0.86758473887267
-0.658161261165502
-0.700762878657206
-0.696222471403212
-0.695879155136574
-0.662090546269849
-0.706952594926695
-0.683369113829439
-0.73354957352464
-0.792351248316471
-0.709239104742691
-0.850670186375997
-0.788477285790706
-0.773951337895266
-0.696995342111075
-0.810473608430461
-0.699419440943476
-0.415373751500845
-0.663819592675446
-0.739206930842463
-0.781954838179514
-0.688243143887112
-0.753599724327124
-0.619219274075609
-0.771295216213538
-0.68237382437081
-0.746348315147037
-0.680917419242385
-0.752920187291389
-0.693964528607085
-0.795979263940879
-0.758929817045359
-0.756709444140799
-0.737660716522115
-0.581535985914157
-0.65774454077352
-0.558725337171778
-0.765894901474974
-0.598224978618143
-0.649008107204518
-0.650899903107373
-0.637651610161469
-0.635608146485706
-0.711496789387332
-0.674795222417268
-0.732606487493589
-0.731475586519464
-0.63325530466274
-0.67640096201845
-0.605377841430264
-0.741967015862791
-0.653378324919435
-0.80548235233526
-0.649899450372324
-0.712355557947372
-0.562135061328779
-0.706850778944167
-0.634916894543672
-0.601415997827813
-0.517050399869068
-0.646087610343132
-0.572755537161615
-0.576970215424313
-0.497599194434167
-0.623429429174835
-0.45542429046882
-0.69958701556718
-0.551584616548021
-0.617264989166419
-0.684631825410791
-0.52806529148566
-0.527987716580857
-0.579281190708689
-0.544331878735055
-0.66644985913117
-0.593620998843913
-0.634234041285237
-0.658451476327374
-0.532046866232471
-0.705392823747555
-0.684947250160808
-0.547255089600658
-0.568258373502074
-0.581067511573617
-0.449757903638615
-0.534826378755312
-0.578663581050898
-0.450502170855456
-0.629605232530422
-0.531758628155653
-0.595653074364346
-0.480219350659595
-0.692445791428047
-0.573802103442279
-0.67568937013614
-0.477851677318417
-0.520458361416684
-0.584500076142638
-0.58689406000997
-0.507340473230193
-0.612572110559617
-0.558567184900613
-0.580129408907209
-0.504892867299528
-0.394591631752563
-0.538050380670366
-0.517971653783616
-0.514002974710911
-0.429047485553115
-0.506080229868414
-0.528771822900185
-0.449830443788932
-0.493390604067753
-0.566377986539123
-0.506313449542967
-0.644029002087328
-0.541227989934358
-0.48307751426817
-0.571848589798779
-0.473593934219259
-0.559091967118086
-0.428871075251234
-0.571625654919752
-0.462598915020435
-0.424491063126086
-0.332082180733105
-0.595929831941682
-0.398552203213131
-0.515541839665832
-0.57417110764735
-0.472609722056877
-0.430005216739782
-0.523105138821329
-0.493080089952398
-0.34508646509699
-0.636891153765324
-0.554873539492991
-0.477218711160998
-0.542825645867295
-0.404361712412906
-0.487339338128676
-0.381988039795745
-0.398117647889543
-0.538486075020043
-0.538257220250389
-0.35229293899779
-0.380841961883811
-0.521079502065633
-0.440743544634806
-0.403173973907771
-0.332086227434671
-0.491041015165375
-0.418349509957556
-0.281089644201235
-0.39172095370427
-0.395833363450226
-0.442884752776788
-0.416226151496333
-0.482118398000151
-0.494990028712541
-0.488880509449732
-0.388241354041027
-0.523728563704565
-0.44867967035762
-0.297805799326487
-0.526711769107597
-0.442199157454215
-0.425756125514505
-0.51883350655072
-0.272859160535995
-0.480023856326497
-0.421706924168581
-0.421088306909092
-0.481626459481043
-0.494903286793621
-0.339311985829124
-0.429281896832484
-0.392328993561934
-0.474638694615931
-0.455831655597185
-0.401852389881166
-0.533269834397414
-0.432255454603792
-0.37054034771388
-0.469757408658796
-0.393420006024122
-0.622955132581061
-0.316916045458374
-0.262117425838786
-0.317073689737767
-0.347400982830302
-0.480423726797555
-0.338114551242943
-0.325921844580591
-0.414701015412797
-0.265431287539757
-0.426143099286203
-0.343016290058004
-0.440264269876695
-0.355058268546087
-0.225998680451712
-0.286715853221156
-0.334325741010768
-0.364887819325005
-0.351439264272979
-0.426926543340797
-0.261116211840054
-0.382800421095861
-0.325398946972233
-0.263783015360318
-0.375491336616712
-0.311356851754194
-0.280908951423902
-0.383520106922062
-0.24309673191438
-0.203808013950347
-0.278256620286625
-0.370420523654439
-0.167259442061764
-0.262110976634139
-0.432259624394943
-0.32972525293262
-0.258075298307053
-0.340359202093989
-0.355600056351597
-0.32748039413354
-0.156781912226008
-0.204706383193831
-0.159392482931882
-0.139762190939546
-0.220973166721776
-0.482967933821074
-0.322574821972085
-0.187286037247372
-0.279931796922683
-0.286334443540929
-0.305547411490071
-0.27777817593252
-0.310139154166961
-0.112720363514419
-0.180857179443898
-0.225443462932176
-0.418916609508544
-0.252099032226559
-0.128286545024856
-0.252537388160061
-0.374660933294495
-0.232989171612955
-0.414380950498353
-0.187240714549292
-0.24272237683208
-0.0878638996546027
-0.117208166193834
-0.171834223387573
-0.21595899305386
-0.23334225023319
-0.243096495164537
-0.324441462804056
-0.22525699294996
-0.138265338389633
-0.0980133984776433
-0.264515402712327
-0.154377166284983
-0.210774362740522
-0.00618146263805638
-0.31527975779418
-0.133931650864869
-0.249447884648043
-0.101623615736991
-0.0886837660231307
-0.212730841497696
-0.0537991496396481
-0.228575374219048
-0.315597851932617
-0.260247786705967
-0.101230295794748
-0.153664900684112
-0.119699536559585
-0.112706602231351
-0.10818532326368
-0.328610470274292
-0.210793118497816
-0.248424515455761
-0.247117217754681
-0.0583134133188162
-0.11970169780291
-0.251607007691821
-0.0599406650556737
-0.133651763868457
-0.0738548576167047
-0.190780841241352
-0.148272202273464
-0.18870342811981
-0.321261585187682
-0.23729547300246
-0.163979005399047
-0.321254123878459
-0.111355354633541
-0.0970333905697465
-0.119420856626098
-0.0498616481652475
-0.130465361207781
-0.190502333128848
-0.0832534910241795
-0.163986242609103
-0.0489554588031898
-0.201057614352358
-0.128033083758657
-0.0420428785595222
-0.191941279805695
-0.140239686510549
-0.064614211496743
-0.134691180752677
-0.129286817015085
-0.130668717194214
-0.0293271417028982
-0.0618842508359142
-0.0849220661974964
-0.201309769775552
-0.0583155950887151
-0.0447715910373244
0.0241677274458752
-0.122812925224987
-0.038328107017813
-0.0812994219560298
-0.0946052056910404
-0.132905794077077
-0.146590611499429
-0.189149306927844
0.0819668191350695
-0.0514034347390008
-0.024210468138223
-0.137705084091506
-0.0132903156038241
0.0868868890189218
-0.0245054680048794
-0.0567651781257761
0.0142229436436302
0.0631001342118949
-0.130943971116347
-0.159672318810444
-0.0395907045414551
-0.206457884721352
-0.0223385229046441
-0.111899867554252
-0.0295217260516241
-0.0172888334638957
-0.0508809010502954
-0.0228716761532902
0.134369337360387
0.0494142348895075
-0.0671880985874297
-0.0382624483747311
-0.0417712022837965
-0.112141452082298
-0.0128437496052282
-0.0855488314090693
-0.088962847733857
-0.035961673386917
-0.129881184317124
-0.0691239840550004
-0.182241663605967
0.0101529544144732
-0.0674458349134759
-0.0349142709270769
0.00711837278180143
0.0799297367025375
-0.0594345861816368
0.00458371332768654
0.01160828116827
-0.0338862466701194
0.0478603015229354
-0.100770804251005
-0.0806958149168606
0.0119446855039382
-0.00523435930149213
0.0179775131361184
0.0465598906317622
-0.0503286747777201
0.00674440352324565
0.231094037157626
0.0414584025757811
0.0178764196920018
0.0623104378991374
0.0391845926353652
0.0747890913667041
-0.0858369475487909
0.119729146360796
-0.0439016978263248
0.0445885827359109
-0.0596826175519026
-0.064186678387123
-0.0362619709983541
0.107459949104849
0.286491000116909
0.024347573331467
0.0941642465403744
0.0464452893697393
0.0350633280255563
0.183606650741621
0.106265184329786
0.0557863675151818
-0.00758233482672131
0.171732695686528
0.00974758847980645
0.212462956567499
0.0671731954900471
0.212220877779003
0.218535516648756
0.0621006549738849
0.0527948066024909
0.0986029364210985
0.101235484436738
0.0310817065379546
0.154849852552514
0.157820546110545
0.143768075539121
0.0777135551324551
0.095919321649274
0.0167556476400222
-0.0678655115146387
0.0925595028368536
0.152539950522373
0.0620696266787423
0.100605674912312
0.19940912521313
0.164022982662541
0.0909371408212691
0.11301655413287
0.0963891219075898
-0.0278349194888407
0.145519234304577
0.131783048749936
0.17246880892454
0.0236032135217358
0.171908103260321
0.315111581797694
0.0592227599950356
0.149550127375564
-0.0189489619417752
0.0795781434773555
0.150960546114089
0.147980911916026
0.128682247939085
0.254379775940806
0.082396327723459
0.152302097030439
0.199408723373331
0.212127388650891
0.134682231042418
0.118494840531884
0.306087725685417
0.0674340084238668
0.235023118582716
0.197568456519961
0.10185318221673
0.178036028276805
0.294767383999335
0.244991679161568
0.211702934573555
0.122968932895654
0.155338289993506
0.0660350161968758
0.144623150615884
0.131982971443774
0.194064841940965
0.237983231480328
0.240811541758566
0.125731286007856
0.270307764292606
0.24638935293687
0.225349365762653
0.269816777434745
0.196888317855641
0.188425122127401
0.147133821636504
0.213574607505879
0.192054478234744
0.231838473749745
0.266645798872026
0.190411388203537
0.147094817517414
0.207366012598336
0.16488666994553
0.182113373045547
0.226749662365766
0.260499247009245
0.180069656249897
0.206815150415842
0.13463158075738
0.161321291687334
0.244883015619782
0.18908542979083
0.237572679640185
0.258810184702017
0.395033619524521
0.482600229692087
0.261055433663538
0.20654169168149
0.221177791054003
0.228333688810459
0.208740120604457
0.210405421932484
0.177751696486071
0.336308198349464
0.130159021128128
0.361349549074705
0.421711520910274
0.172325038794944
0.24429236183867
0.190160220565789
0.386179588217661
0.250986292460159
0.20333451591353
0.294161433525819
0.317756244368678
0.151068095303305
0.291660785415686
0.326975621014474
0.404532084000468
0.162573385746417
0.344727522529815
0.432335014584047
0.283929354419263
0.258580469395079
0.366956861600238
0.156668809468149
0.414220653017006
0.384123386672141
0.353494337397713
0.482070353789313
0.41323573811717
0.281027926961623
0.302663430819182
0.349695227079532
0.199049891086689
0.36873664285672
0.209396762357414
0.245742353618828
0.35110019954671
0.297857830845298
0.271236539498939
0.414465622338999
0.567704593549925
0.473086757791709
0.281163592855438
0.240160975985893
0.44460321225306
0.388161867269539
0.350997651272266
0.324481082009237
0.40408578280342
0.389814258246511
0.403487707376004
0.35939039893863
0.244902602513047
0.364395843047159
0.377739515306596
0.364201879135052
0.325859233363355
0.450321450413396
0.370040443293774
0.420263770328454
0.333426603213691
0.466351739508834
0.282216780299256
0.347046242203651
0.250609033702197
0.220395477364444
0.450689243526048
0.439247436225476
0.422530776191901
0.324724836084035
0.420281874650368
0.434609942012174
0.518260314966235
0.416819853695088
0.366043223871348
0.425631177556812
0.419984591943842
0.473681975906166
0.447750477486665
0.347142362518028
0.60308187730684
0.440496326587865
0.59205691042404
0.515675026958702
0.495902029536046
0.539356750688756
0.424840041059059
0.457035154839118
0.533721343335286
0.507679670059793
0.424356331082737
0.529596790786298
0.457866950714323
0.48998928736287
0.427958982215687
0.425298954962419
0.288557704954025
0.316319492646793
0.427342499015454
0.400452768620741
0.447115924716769
0.420402215718801
0.511160411281817
0.423075889628967
0.471211472974019
0.456113816404417
0.48289232131603
0.50797042302541
0.541139929512797
0.378230594666351
0.582504485634563
0.510073106543259
0.376672589901521
0.407851426826878
0.384403764628275
0.503836363251589
0.330580179455426
0.586224820483544
0.574728050565713
0.43024544625372
0.518595819357341
0.60506698877637
0.536560661066257
0.553401876075004
0.566293508672235
0.408964495504645
0.427246297260245
0.529914363317866
0.577344419283005
0.417729836769748
0.386795272657099
0.637241871020029
0.551605512436798
0.535348866556121
0.599296360577079
0.557874074652972
0.539972694484982
0.500814186921705
0.576793204524996
0.456261586393678
0.578665865488818
0.548412362648775
0.432545837822374
0.66795633972937
0.584700285154545
0.641995800232177
0.464007477679631
0.493632838241935
0.478160861960235
0.64277719406783
0.523150890186209
0.597784906393743
0.60897155448734
0.547336898487927
0.645314096830745
0.630687473391588
0.611431373380716
0.697470247044323
0.612413202146021
0.69098281331681
0.525107565755165
0.579315950868761
0.362368285182328
0.541162709708228
0.527356712254132
0.538871083918046
0.648650368247838
0.585935089892671
0.666117680705185
0.495250149957495
0.496301218730121
0.623673233629613
0.758975883123868
0.67849541603464
0.667355850964895
0.447512753742555
0.604020384066301
0.624487076910122
0.579581868302678
0.693019996613332
0.645854789495347
0.493579931377371
0.620770391171849
0.661666584096187
0.566844006848275
0.706650776201801
0.754669532796763
0.451575296411348
0.760457554550354
0.558663777497001
0.741493609684641
0.470407039941207
0.594948975985718
0.696105321462797
0.636327733969897
0.510357123405222
0.64627055759837
0.562831600123085
0.723861375294517
0.716012389669434
0.688336209740335
0.561012287809793
0.799749151133851
0.752524557821867
0.52080137833469
0.644775572038079
0.796708212544121
0.781086141626967
0.641639186321313
0.832284361048862
0.557968210851338
0.657336997211589
0.733481534871088
0.635071543705756
0.678751303992502
0.75879640489118
0.67359011858845
0.769721706516678
0.67213395607809
0.641623067637042
0.754425686823751
0.601870950035461
0.734091859462579
0.626581037798808
0.780071087468968
0.679728800809265
0.756668562831455
0.520342262044088
0.843693874135293
0.72977360673959
0.737906851177526
0.71292412302246
0.723752239656722
0.630240660034801
0.690099328439976
0.806082400644396
0.786379947478344
0.769543979223871
0.693622160981354
0.556145403750059
0.574529272319753
0.79802254577497
0.770350087207506
0.672690156999016
0.775286798743753
0.709187136368233
0.678935740654455
0.859951778072036
0.873940660103962
0.685418929500338
0.768950214668304
0.780402696284847
0.695060355518122
0.789255736137598
0.825377881834345
0.852939512480356
0.850738793412636
0.80048273816355
0.75832344225674
0.611456586582749
0.824259579362271
0.544528407275273
0.87169941482104
0.834380648606799
0.864341405638996
0.808168379320505
0.695040091232901
0.788988433178937
0.777481646616048
0.75278391421267
0.777414196451011
0.854761406140327
0.786869751674376
0.748990753484188
0.653745613546944
0.981470855067346
0.735451166552087
0.835966929110293
0.723921225439672
0.79663223568274
0.845680765315206
0.959888090232159
0.856336129201679
0.72946705262193
0.881162634789254
0.729151753603428
0.740699762336639
0.825186730606725
0.815223389824856
0.773863944578375
0.865425501786066
0.808308378652258
0.931869361637345
0.764708312150522
0.951768062335186
0.918603409510996
0.738960399826062
1.01241832581244
0.811555610526001
0.905293350100166
0.791476935418931
0.852329737917206
0.931464503195549
0.797807587135653
0.840657295909556
0.907688292082321
0.860558282193316
0.899914213675874
0.937354749542776
0.925469052517357
0.936946645353194
0.86938864631312
0.858839667568953
0.854558114726209
0.904934485337874
0.824808641446002
0.739157625972714
0.906703067690243
0.903626908914957
0.975964753291935
0.678770783844123
0.855831868170034
0.915487315382924
0.811275863178269
0.749576863106634
0.762419422006154
0.791239173489156
0.861979063842166
0.784222867986137
0.868793654288987
0.9074850163372
0.991249753533582
1.002532424798
1.01145921760519
0.773848227712638
1.03140611135654
1.02433336969498
0.945195872672318
0.913865362251475
1.08718652812608
0.981224343111309
0.876357750220155
0.997845760288877
0.905199933080433
1.09668266947599
1.01645626586053
1.01290744864041
0.790725460196896
0.928566031466751
0.985780364940747
1.08316136406088
0.966679784267275
0.965906186140191
0.908731546651295
0.924079430612224
1.04565936096741
1.06493607902526
0.98101218104608
0.984441509343247
1.02303458361747
1.10332033677801
1.05882260433397
1.05897224042113
0.949532804171836
1.0536715119594
1.0523314159434
0.992188359057216
0.902324819261419
1.00362431844273
