"x"
-0.936969195095813
-1.00877270766945
-1.12747945988676
-1.09862314469317
-1.06541442100868
-1.03582208013687
-0.929586355734986
-0.881493935091922
-1.05963152099194
-0.966580733393523
-0.94261616363275
-1.10575158111483
-0.941543953618703
-0.827891413024431
-0.805395488377973
-1.04513830312182
-1.06979988948618
-0.91743589671997
-1.00984851354205
-0.817070907057667
-0.843551955328228
-0.903099462596919
-0.961106135210706
-0.979928964446382
-0.830853931063575
-1.10894714767727
-0.961590422669116
-1.12810201852886
-0.974988229627733
-1.01831142138598
-0.928700281613781
-0.879816985379078
-0.949710339297163
-1.00081912099014
-0.88052839430293
-1.00605102621185
-0.88946722865107
-1.0794680567896
-0.861236254488024
-0.928031088063326
-0.945947404603641
-1.05423265936084
-0.968570586992829
-0.962934313051891
-0.900750408378441
-0.918569835942093
-0.892047487228756
-0.683005224035076
-0.886695819921612
-0.954701528812662
-0.982350433488983
-0.899046416798884
-0.822711311876817
-0.830327033582031
-0.918642973779582
-0.916155924804343
-0.832115198947938
-0.893111304617853
-0.896133367254494
-0.793426407790553
-0.879161177489092
-1.0233539186779
-0.895545325373336
-0.844493484779031
-0.882695666708077
-0.859948759585242
-0.823945566535969
-0.881491395160645
-0.845586213763242
-0.96648517506202
-0.710121139405305
-0.739772785030313
-1.01270169707262
-0.91598663626099
-0.779760772560894
-0.859621476407926
-0.956554533340937
-0.730902922137867
-0.90435820993311
-0.794260619718076
-0.8191220889595
-0.752562284231259
-0.977366579493727
-0.759804562289781
-1.02855741582313
-0.823386202978302
-0.999590759578133
-0.838963745823921
-0.752368162631678
-0.732733704529773
-0.758182095872225
-0.818120619689254
-0.821963473535628
-0.820742076324075
-0.785958753840037
-0.809393198130605
-0.774468826831888
-0.701855840732715
-0.888602345996399
-0.718546915430473
-0.766640577477824
-0.802859503468332
-0.603265301834042
-0.679964787809155
-0.776218712097237
-0.812757716016738
-0.72187371725479
-0.691674735994375
-0.826803594732525
-0.758938919289611
-0.591005563366195
-0.831044676029057
-0.845412721111058
-0.755625611352209
-0.855611648499732
-0.848458865910879
-0.758544683310777
-0.760533037515616
-0.590792648995764
-0.77829120864635
-0.620142464476356
-0.894839674977499
-0.813373817436324
-0.845822101856812
-0.852945431771685
-0.712808435931887
-0.856337420196192
-0.75187504644862
-0.80266930885872
-0.683578085375127
-0.68579252814011
-0.724764639242485
-0.666367730991627
-0.843535633571887
-0.75753022129413
-0.758982427107345
-0.663008336786257
-0.798582689930555
-0.654075965444529
-0.64940425243371
-0.639731378516477
-0.565517736423377
-0.887023658621912
-0.55517175009497
-0.650618838047459
-0.790058699779697
-0.755227974767448
-0.706924709741921
-0.669707100245034
-0.657248771768106
-0.571733489128244
-0.581959042797803
-0.655777742877126
-0.780170497599278
-0.733244854838509
-0.644563936237542
-0.704872440472112
-0.603182126497425
-0.680094130241726
-0.65276575194879
-0.784827770693105
-0.621989378829056
-0.67448972202832
-0.547794966138832
-0.60584584049874
-0.759172147201045
-0.742717306318326
-0.638763126622419
-0.753368080176707
-0.716510262408902
-0.588216113746193
-0.628147442952151
-0.537611553366453
-0.674934868064837
-0.724511010745396
-0.630718107894756
-0.719873683876489
-0.638483818810563
-0.805231681585811
-0.652732739861902
-0.736764380667842
-0.622217680615918
-0.649736753512238
-0.696258499483297
-0.688435096829593
-0.61766139065434
-0.61831986884313
-0.599747270605719
-0.638780729633424
-0.733393653956349
-0.646839027679456
-0.743167042308313
-0.506386831793027
-0.635133314975147
-0.665230148326907
-0.592823957504173
-0.653235198677296
-0.579442827192655
-0.630071490273888
-0.694576354240047
-0.716649574731678
-0.516807540889872
-0.551527237709565
-0.528344752492413
-0.652567069119
-0.648635382377952
-0.397885304217647
-0.603169021617718
-0.472373234371337
-0.315972148498337
-0.498393715100282
-0.548903774555751
-0.634748507262167
-0.523967438105444
-0.636320757624736
-0.526753150684989
-0.350552386408115
-0.511688619631826
-0.702717376531996
-0.722597221719693
-0.617257241397559
-0.610669202374618
-0.388780884587655
-0.795320792426028
-0.666979582733229
-0.614000484637563
-0.445550874605638
-0.505300310702553
-0.380214926049354
-0.562376595285236
-0.660892707036317
-0.656766680556124
-0.600311874298851
-0.593726929155131
-0.537057928247186
-0.444273001189445
-0.710771995903146
-0.43736207366947
-0.537234287211819
-0.458425080704836
-0.530404761267133
-0.598283967179855
-0.488972407065488
-0.58305764932403
-0.580264658321802
-0.368362470718206
-0.515081600946809
-0.41236998744492
-0.425266002917788
-0.651032278828531
-0.387695234372483
-0.48598696884682
-0.437539664728993
-0.385487758877485
-0.643176092069244
-0.468216369914721
-0.499400601538274
-0.495985264250316
-0.466284012267881
-0.383032637738624
-0.592706803338753
-0.529870224928271
-0.263866737561361
-0.543420341029691
-0.611866901201885
-0.558003093425896
-0.417319806476253
-0.54073420461256
-0.560345314085128
-0.465717973911047
-0.49653885709896
-0.352444936226826
-0.418628718698125
-0.399049768701143
-0.43870675384758
-0.658357943509063
-0.439353309984266
-0.489907216677605
-0.444740396165448
-0.453492967228782
-0.428503512421065
-0.449556496513026
-0.50163252685813
-0.402578393017566
-0.474597004479259
-0.497806957388325
-0.389633677653753
-0.422532415663884
-0.3203041835844
-0.631955224346769
-0.469515450523854
-0.391234258560796
-0.599407121437877
-0.435707477532134
-0.380601749831863
-0.443855367176796
-0.420947522456506
-0.458087898084773
-0.327793035028871
-0.539046746804508
-0.481173069703696
-0.436672737986745
-0.328080477906353
-0.406282178367369
-0.24154168404542
-0.376543707974124
-0.53685030664899
-0.183646911090686
-0.338991415699621
-0.319976351752264
-0.338512653412064
-0.320105673475445
-0.393607921372451
-0.217179811770337
-0.421564083549089
-0.366515228722097
-0.358882653099835
-0.17785263162227
-0.450275257916179
-0.404674084434178
-0.291785327231541
-0.37383034532394
-0.327729227505737
-0.44240392872413
-0.391319656696687
-0.405393685403423
-0.195694692357696
-0.279668642088159
-0.377042298043671
-0.481896238139883
-0.194154758968962
-0.217407952182503
-0.289396466937809
-0.267988378182725
-0.29345892176294
-0.35438468296703
-0.288187221609678
-0.255469309452183
-0.344541422561713
-0.2486987668394
-0.299615701613058
-0.269209728945623
-0.363432176763684
-0.204451650805676
-0.346340546707221
-0.365737718866655
-0.299359828777494
-0.380800811091854
-0.266714567762968
-0.427483539568382
-0.198117696484732
-0.303193515828051
-0.315717735816215
-0.167417895662125
-0.417032871983464
-0.304679646276104
-0.271019350746673
-0.324184759675579
-0.251212280370886
-0.275125939189204
-0.249010762276339
-0.354361637515619
-0.295435492137512
-0.107714247388471
-0.182882897225639
-0.300900785042674
-0.305999366833261
-0.209388020336543
-0.221041692052841
-0.293123935407318
-0.225940452459156
-0.258840533543705
-0.153263620236903
-0.144530917346258
-0.265935304506765
-0.2773575706948
-0.166823168050712
-0.334744545562338
-0.17835048567586
-0.262395128500131
-0.231528033843221
-0.312597920228637
-0.1724942045498
-0.189159242118624
-0.211707567679012
-0.255778415913942
-0.280519653707232
-0.251579414304605
-0.27302974852264
-0.16494536431128
-0.286207071264132
-0.139661510132285
-0.23098932000641
-0.276339314632033
-0.266455468175316
-0.233131213480152
-0.0708588233832017
-0.321034111986901
-0.254671066965903
-0.0266167350481406
-0.152139103527968
-0.319463498138123
-0.068361363245312
-0.159702544148107
-0.286057549259819
-0.252632580162894
0.00882361287063374
-0.324679242496616
-0.205252841121989
-0.100936038355349
-0.195994864288306
-0.107316142765742
-0.190061122131652
-0.1860746188241
-0.122999483001142
-0.13030245458937
0.113618515255961
-0.0343793873428068
-0.0626048958510357
-0.172547154971245
-0.152696443799475
-0.160296951861676
-0.158534787491353
-0.144535393151928
-0.145740714987227
-0.209104729179675
-0.00661800445047841
-0.0441896231406509
-0.057529742296768
-0.175903405786796
-0.236554888573959
-0.159494073894817
-0.111779289385391
-0.0970391735561555
-0.125267262195281
-0.113642300001398
0.0535110459895772
-0.064323753428362
-0.114341002156141
-0.128817309227508
-0.104276438727461
-0.217593329241714
-0.245323477782665
-0.180474101620556
-0.175585465238121
-0.219738440172368
-0.152030839037265
-0.280960505262947
-0.20334799934875
-0.124525925288677
0.0669646210243951
-0.0809981406759734
-0.0319717614936747
-0.130883203518781
-0.0417219912224324
-0.127307002967362
0.0169149591691249
-0.126448125504478
-0.141407745041289
-0.183531518634783
-0.0795236477607714
-0.0232718879048203
-0.0884860791492772
-0.0805710859291886
-0.166047904174322
-0.182380232720479
-0.133019214843588
-0.014219792135023
-0.0206528866560444
-0.00358202355627182
-0.0889027828321389
-0.100366565237625
-0.0117135751666639
0.00365171869130325
-0.325352306338663
-0.135316302865576
-0.23765198935653
0.025709077103759
-0.0529417274673169
-0.0435293518372524
-0.0100414359997013
-0.0917668629190229
0.0436536001765923
0.0132242085198586
-0.041594391426914
0.0058868669657177
-0.175003376663087
-0.0286545732584677
-0.0825274118442374
-0.199227838938041
0.00588218744977432
0.123345092377794
-0.0257828415097841
-0.1536636125329
0.0691964041635674
-0.141822651546669
-0.162660892789944
0.0332035869450569
0.013944282339522
0.0272901098653175
-0.0346332022864424
-0.0178330325737615
0.0286197301921438
-0.0250226084827878
-0.068529988232211
0.221889097543046
-0.15681379814261
-0.0607140964753521
-0.0440790663702907
0.0564362900927858
0.0207153373482934
-0.061168785219525
0.00122472811762672
-0.131683081372068
-0.00350900742641305
-0.0222133237664058
0.0717542826368539
-0.0205847350521415
-0.0118626599382296
0.163422534827827
-0.0901602903018847
-0.0238026883380555
0.00687966023596194
-0.0589088164774067
-0.007745592799993
-0.0504803952646323
0.191737966897322
0.0840158895070637
0.0613728434594257
0.20165949770307
0.0298429874088549
0.0156062155035606
0.146129442611299
0.138593755254863
0.0934223033457965
0.212218904670974
0.10346252065382
0.0570586392579449
0.171879587453713
0.124784476059624
-0.0831838013917354
0.116626337079419
0.0939488131293592
0.0452945007355507
0.0245012456074326
0.113093494775217
0.0783714998220723
0.129145660932696
-0.0208311888090732
0.068860039023072
0.00370916537745231
0.18430563195159
0.115387571390079
0.125514745298644
0.202455719930575
0.0428002492251266
0.137271909271886
0.16364403979504
0.124954900967885
0.220003725016349
-0.00748864855935902
0.0119290665441675
0.0541226573709636
0.0412352624902752
0.364256140756815
0.244282935381171
0.230567097956777
0.0484334573834546
0.180794631823807
-0.00500789305718767
0.147394648636597
0.258925977777961
-0.0212254070690285
0.0114296430914576
0.123683808701674
0.203754555930459
0.152087716319367
0.153387092546842
0.17849711344807
0.253638550894964
0.187650715239749
0.214279012274679
0.0855352523222333
0.179088708703327
0.0730652186405683
-0.0111548472845049
0.13509488019015
0.0716889794660889
0.17302585949547
0.261075364421215
0.216725983222022
0.189459724397405
0.257075416609246
0.191961121988864
0.16672923985494
0.198901687409583
0.241009478849429
0.216144201401606
0.138463521556223
0.119905321327113
0.215702773273251
0.239569795165921
0.224036592269851
0.379344341982696
0.246381383431619
0.0192557447670669
0.220106777608594
0.201229123934618
0.377782183184314
0.139573508086349
0.241445902502812
0.258060038194129
0.145094387659254
0.389544295115323
0.27680497171713
0.207521910036032
0.253599472944083
0.143747730727293
0.287501922598627
0.46093109214821
0.342201496551942
0.166033742509148
0.279617163795394
0.227674714988188
0.334544802532093
0.290968852974466
0.372306154619767
0.172755358946394
0.316784824632117
0.338538174699506
0.184169372465377
0.208470028306596
0.259538780045344
0.348778889746151
0.258567796931512
0.403803183404311
0.278500482632003
0.436933806267211
0.26193414207284
0.27751713295759
0.282319411221017
0.284393332954671
0.201763039231186
0.245540717171584
0.213578962905439
0.363118904364229
0.407596653673073
0.348761387687403
0.243586628076988
0.450633056929795
0.509195966188911
0.397592454884675
0.387117869248969
0.343904851378541
0.0766320182379224
0.367798612098072
0.392452504059623
0.190403482869884
0.440289684275602
0.327319738193819
0.341110921552207
0.366031232710229
0.321700159863209
0.431280382846217
0.289413610568993
0.353583664391055
0.292717241609701
0.307946803042638
0.396325182150322
0.325933184042317
0.393005071338558
0.380508599843983
0.266841910675363
0.421030521915785
0.321002024633599
0.277848486358362
0.318905678645619
0.341697704281749
0.393534898160372
0.467112305200961
0.328333643536759
0.365868684916617
0.384944734968099
0.49246397981429
0.433748575489016
0.403914345276846
0.395005770967018
0.428865562693745
0.368273270283918
0.399454538343382
0.491362487590208
0.292554204220633
0.478143994024066
0.386811071399169
0.370548647097048
0.365380553339665
0.362201550027607
0.469701648450239
0.422037741707077
0.492677715616007
0.349583570641858
0.272868231573976
0.362870353438146
0.616775959911283
0.392000055451792
0.559041831674089
0.360735553883605
0.296013556598803
0.346133498980435
0.446097331873551
0.417547390768404
0.382001893923897
0.347500884492795
0.453318686153381
0.437020959792823
0.640172958491658
0.469526929433582
0.485380094940509
0.478526551888967
0.376003928990084
0.509100344245893
0.436038101444967
0.363906416623736
0.535744659325789
0.61886057524453
0.278455355449253
0.52226132527063
0.471591897954607
0.627049272029223
0.343691601056754
0.410852673000329
0.531697197881733
0.44449842646003
0.511236832288668
0.528537753616501
0.383913546283767
0.552740690208432
0.537716655975755
0.530754144801368
0.246535353577922
0.419158644697239
0.422318126926482
0.323620723396167
0.563189309906645
0.40091405297424
0.474622667476209
0.547233766462342
0.427447121973682
0.348843141068512
0.581766108724549
0.460621246555032
0.396941657606559
0.565481281230632
0.485796247122541
0.477384009469138
0.345636032718227
0.480244703859384
0.584826788682683
0.489348504476846
0.535578008424773
0.512429100866223
0.457871914577022
0.464553002712139
0.562173978543285
0.436540742257557
0.544887409544903
0.541495391703722
0.552273994265543
0.50520397564343
0.498394049282672
0.491761797086383
0.411251993848949
0.544938003592284
0.541555428277386
0.650543361224412
0.658547197693403
0.596371019136063
0.368760768261548
0.562615199521371
0.511336175212304
0.593341777273202
0.483710610601121
0.489037898438949
0.601774593373338
0.565285434642954
0.43732874006357
0.549894719299727
0.509650083190942
0.623266524067433
0.56812104613697
0.464707975344038
0.726439640283322
0.602926169949096
0.617318539106627
0.577444339793658
0.621706986581316
0.512372968369812
0.592223952847485
0.437913882544378
0.662209440924411
0.552344496444635
0.551479135704277
0.647245821304824
0.768812791223995
0.6209989545252
0.721426979821662
0.579606124928446
0.571971899636631
0.674793405286773
0.65686686797716
0.768814658372607
0.718572997144174
0.607681743447637
0.62573530167331
0.730257386818185
0.491701265803157
0.665531172137885
0.546149346489818
0.592309229210047
0.557214435305111
0.542437364354957
0.651662248305499
0.51655193047885
0.633709335471012
0.773153333862929
0.554732182237829
0.74241848779213
0.763847195353032
0.681884464889169
0.66144346588639
0.618849688566575
0.616330910409115
0.656474571119497
0.809431661772128
0.658603913207268
0.545296759782208
0.696868346122994
0.572867531541571
0.503008658259248
0.637261433516919
0.594793858412036
0.762809374516284
0.686447350371685
0.613541852612067
0.557875505720276
0.597380772886999
0.72388476990283
0.680018749972158
0.759301111960187
0.691684402532674
0.739546897961422
0.851547602201071
0.824776880752586
0.566531157613176
0.800312647707019
0.715690653192771
0.775785311227896
0.64495887059451
0.716581787930914
0.77595754955526
0.717563791290062
0.758322765904215
0.736775524546698
0.703976698690123
0.702578166947312
0.747014015471143
0.686056993489108
0.703979805652099
0.747608414681789
0.64105620868338
0.702820549903661
0.740009062739756
0.690369909190851
0.695986812769986
0.648132599368051
0.839315442515829
0.693214429757059
0.656363670732253
0.728759621900516
0.603262158906571
0.660451361416575
0.733010595625234
0.728720326173612
0.785824222199533
0.626181740108409
0.653183733312023
0.623527112087123
0.790251361721653
0.735290750300999
0.879835336427455
0.774629168724553
0.75179099607029
0.89287803612777
0.676573444304955
0.746903296408856
0.77935269438328
0.804124084140198
0.789391168661946
0.888952451241448
0.774993815874865
0.812271508538957
0.756874854572895
0.81283562892423
0.998119359296104
0.921734382793669
0.851549326557861
0.832179367820014
0.928513739577332
0.772611891720155
0.804625492381113
0.807952099471557
0.809123779199198
0.931280316123041
0.794436102056139
0.786604969049908
0.827636061454559
1.00859622268983
0.638915684568261
0.83003044473487
0.784399238343519
0.859327619036211
0.831400093238059
0.827604202063339
0.798191754374438
0.914654493558018
0.632130953339559
0.934962156487216
0.850028755009828
0.654716613758789
0.907360386425038
0.914715688576698
0.945534478206333
0.86915487576971
0.969185202354104
0.79424319972813
0.792347373944468
0.884479780374046
0.97414197993649
0.91705256458503
0.851004718679472
1.0097972674718
0.857622906377208
0.773071720376554
0.960840817931754
0.966959250123653
0.799027361848293
0.862649420361197
0.891642435394373
0.961626178964503
0.944460289340707
0.986200601341851
1.02025152808779
1.01573739893997
0.925470164400663
0.844401976966738
0.896729573914001
0.973815181510636
1.05578656195922
0.939262383101665
0.933913459029811
0.972598470660299
0.942604704102199
0.989944554378286
1.0780593271525
0.924803248295484
0.905647998518878
0.854833045927326
0.999612754148381
0.957010116229268
0.90993618064347
0.914982158301071
1.07369101598445
0.969227715069345
0.957023708757653
0.930872170755492
0.944130327722838
0.870366644834807
0.919948403421397
1.04937618989328
1.03779471837529
0.852386266205625
1.07343455688714
0.995648150059374
0.831510342998304
0.928820881058808
0.93645277615186
1.10750304727112
0.97412378736748
1.09421815313866
1.01116327971117
0.906176954018449
0.788702811692477
0.991451030896458
1.11047856700557
1.11315246812994
1.09542330976392
0.952584362462398
1.09444417040233
1.00776875149968
0.991598564081598
