"x"
-0.935777217205497
-0.854957806663916
-1.08903586695449
-0.86701755484154
-0.87808143463109
-1.03665728813062
-1.10444045621448
-0.927265262087527
-0.953840188635245
-0.910648957273987
-0.991333055386032
-0.982136644667246
-0.967788063900933
-1.18587189087781
-1.02229566891244
-0.983666181379031
-1.00734275755852
-1.01454807433902
-1.05263981043277
-1.03515568367938
-0.964833082580395
-0.837484708688828
-0.988637118510486
-0.856016639453292
-1.00836399270839
-0.919933005416319
-1.07708587891559
-1.0362303362398
-0.97975113432889
-0.885086622529188
-0.959258512395358
-0.827840971679574
-0.857076323027818
-0.893773101946176
-0.808547538960963
-0.864873739973034
-0.727752648804604
-0.995691529196901
-0.860199244819715
-0.890594926890893
-0.909038168322049
-0.859520983456751
-0.867324224706196
-0.906984212485119
-0.83981044926186
-0.829857439759949
-0.915780300113175
-0.957896991975048
-0.979581394769921
-0.776500654017087
-0.877075672997389
-0.878490597304552
-0.749969637460747
-0.848305920114829
-0.833943150458993
-1.01611582759135
-0.883291874551851
-1.00593445959053
-0.838963429090724
-0.876236316533987
-0.790513087703833
-0.931188887188434
-0.819170239877432
-0.907681057802481
-0.953742030326426
-0.917739368640329
-0.837175464949265
-0.904158420896283
-0.903718363545638
-0.899259256719268
-0.798632362306309
-0.825451442853723
-0.960995649688593
-0.803717821428636
-0.749685522921348
-0.834308633144735
-0.803963033799365
-0.764312220276028
-0.706990931295215
-0.863148770963103
-0.8250888871315
-0.687006232718623
-0.906328446083649
-0.778295054662579
-0.807440972605867
-0.87812217264972
-0.86260663141437
-0.843318613186713
-0.815361391360745
-0.859981502789266
-0.736317557932881
-0.894213360053158
-0.893612757484251
-0.730607253087226
-0.883782642516868
-0.754139287410837
-0.742882740255132
-0.664398269453153
-0.754669987189853
-0.88541539178036
-0.824296041632583
-1.07352105345727
-0.72238769958543
-0.764748143002849
-0.539681252757201
-0.761946063964876
-0.847212049060118
-0.820413868083901
-0.724776334373272
-0.80677675225997
-0.738431801882095
-0.794958342856088
-0.767259400780593
-0.699216024983974
-0.820335936861995
-0.821305436749834
-0.735350990220418
-0.779586876242507
-0.634801778700272
-0.835393574133354
-0.616781252894368
-0.855236306910266
-0.869944923424201
-0.666705931219891
-0.860708123422155
-0.745795411686251
-0.797724901054204
-0.594587280031336
-0.873528436206341
-0.651720523454916
-0.701786625101146
-0.696322196251157
-0.69043955837434
-0.651625972647438
-0.724651904660345
-0.688488087234482
-0.702119717074431
-0.805839088997719
-0.701190232163813
-0.85018171628988
-0.773178948695798
-0.755064053869348
-0.69349760055741
-0.817945578904467
-0.705871686441959
-0.421697217793129
-0.698318293487522
-0.760934193624044
-0.773419157165148
-0.692899269621829
-0.753916735713624
-0.620978650912282
-0.755438729391755
-0.677791185944136
-0.710739261503093
-0.663202370553589
-0.750114010978402
-0.700357378053452
-0.800351484248737
-0.760144074449253
-0.767935758650368
-0.726333304315968
-0.592027386394745
-0.648424035087967
-0.558004492015518
-0.769541067473005
-0.597281093820122
-0.669259400774998
-0.645628116378165
-0.628794782200825
-0.642342914096657
-0.70813423794223
-0.674070557274936
-0.720003001417136
-0.754914821172632
-0.637445495074271
-0.667860486347854
-0.595328821264547
-0.734405432961345
-0.682734030117149
-0.791489450128624
-0.649754623296761
-0.689223654766901
-0.539509428028999
-0.707990558321212
-0.660791990926564
-0.602958659017986
-0.514120387943431
-0.666308427034602
-0.560389663349741
-0.591728812347221
-0.482738858275016
-0.638098040646109
-0.462303679073483
-0.6929490177128
-0.569618883530474
-0.636136757709209
-0.716339481989035
-0.530722583586099
-0.533622527346323
-0.564700807742138
-0.541693396387651
-0.667907467332523
-0.612154843017669
-0.614057932396704
-0.664712844180054
-0.53419069704943
-0.686186531912331
-0.698587601186012
-0.551952975839901
-0.562385102281718
-0.571815882489503
-0.457705993475806
-0.514856544858712
-0.574406071962148
-0.429315895806299
-0.609337387017345
-0.511151191965952
-0.60971700967677
-0.498994544868728
-0.690373885931126
-0.56787977154799
-0.663512327782352
-0.471334165550603
-0.515519059100319
-0.588249050712305
-0.597381960349896
-0.489709343733678
-0.599147889630393
-0.568909264166069
-0.580966547862651
-0.50472800315091
-0.403186755626092
-0.526415261099465
-0.5081249616145
-0.507743591301542
-0.409898160194458
-0.509461662695379
-0.500266965631442
-0.462613871988843
-0.466911560226767
-0.555259250862228
-0.516327651960225
-0.637327700810578
-0.56194558842242
-0.468478525518333
-0.567967109449254
-0.471166375556122
-0.581542342612338
-0.438853248484336
-0.551721794141597
-0.442973432112643
-0.419891428415607
-0.322984095561919
-0.608277172716676
-0.395103182514345
-0.512544577304013
-0.578493890835125
-0.457568049906714
-0.427440658027541
-0.503245517640304
-0.495495163573816
-0.332152541252272
-0.645450121869814
-0.541993055533346
-0.462933772265684
-0.539884221871475
-0.421734730594974
-0.494526043933133
-0.389981583241394
-0.405849665575735
-0.536173549337252
-0.557053458898828
-0.350751653409217
-0.388271478994439
-0.514214765242291
-0.45817727069656
-0.395934709477532
-0.312266771878996
-0.497252766261119
-0.445591500206813
-0.288458201676817
-0.416273134376815
-0.411195010700165
-0.445233285443579
-0.424310038791178
-0.493738340536582
-0.47954762934064
-0.48933006760569
-0.399633414111752
-0.538378185475102
-0.421271789758956
-0.28283071366668
-0.492939384998454
-0.445529372548891
-0.416254875097929
-0.537880838179546
-0.277200439413046
-0.483146531010818
-0.401422117829085
-0.416334997753244
-0.47352402820032
-0.476559734880589
-0.346500292795115
-0.447608208099698
-0.393182897709782
-0.48610642662321
-0.438302778405651
-0.383224005409448
-0.52733337339878
-0.426498338672269
-0.365017793951709
-0.471523059318283
-0.385411295946177
-0.609498773509664
-0.320825271052691
-0.258656150304673
-0.305463867894039
-0.347841970504197
-0.469688295472359
-0.325869906361869
-0.349677734942346
-0.436972080571107
-0.264958169760877
-0.440480756515236
-0.35692915144534
-0.447108497331236
-0.347400080694422
-0.199640150789933
-0.273003650636344
-0.332527072297739
-0.362573879637114
-0.323603197724639
-0.41350420534848
-0.262011192925235
-0.393289441926786
-0.327321335431119
-0.303494293353184
-0.360052556209129
-0.32415586714126
-0.288867371510987
-0.383993908761444
-0.251419126837024
-0.197373014094353
-0.287371668178417
-0.381027556823828
-0.159103247135967
-0.245171559264618
-0.416548865478584
-0.354077607785399
-0.24822064066432
-0.339551472240984
-0.373051768532475
-0.341388712727353
-0.165722685087236
-0.211702329828567
-0.167891806680523
-0.147466823046899
-0.221180171540244
-0.471965662928108
-0.32564989649403
-0.173329807763362
-0.2876782474435
-0.293337767805861
-0.295175057838797
-0.282987228519675
-0.272196911677606
-0.0928776115085011
-0.170856214536104
-0.215276369120446
-0.410007942371947
-0.249979185143783
-0.115604747190598
-0.264228663409611
-0.344650678036682
-0.233576508489136
-0.440974675464272
-0.179058482906469
-0.235084843428108
-0.0942775589703216
-0.109570210582291
-0.150087601406483
-0.243073479674666
-0.207266147586448
-0.242213438709446
-0.327782704876631
-0.215350892998607
-0.148343521036213
-0.0960586529109303
-0.254460508192996
-0.170621458184297
-0.204657913566167
-0.009814382463271
-0.309474822722448
-0.124553545398643
-0.236819824728409
-0.084622546931583
-0.0887417864172613
-0.208090386188412
-0.0643839027481189
-0.219816035528025
-0.308257059229181
-0.272207678575389
-0.11226108358962
-0.153040593544269
-0.103190707951513
-0.1495993735212
-0.123230147590116
-0.330474262115932
-0.231289908818439
-0.244816903462089
-0.255196751393748
-0.0583251110095599
-0.107348709437277
-0.229804742384554
-0.0811865493903104
-0.118109390421995
-0.101562235076698
-0.19959688504227
-0.157984576153298
-0.203948037799086
-0.318363471455276
-0.231442633102474
-0.184038920221569
-0.308196948662971
-0.122606675113472
-0.079342007401731
-0.131014788082689
-0.0419270633950916
-0.136822883916937
-0.191443602283438
-0.0883013774145137
-0.17090322617692
-0.0531000393820894
-0.192602912883747
-0.121075136038931
-0.0310567128012728
-0.197760628515134
-0.148813061761798
-0.0615656640757087
-0.145848256255224
-0.119239333457281
-0.137142309892265
-0.0493677067342076
-0.0388787850352785
-0.0803289631165322
-0.215880030041343
-0.0233028269253329
-0.0691262649951642
-0.00104563996163051
-0.124723082283044
-0.0479062291907751
-0.0937425592004423
-0.0932340626689485
-0.131583795207723
-0.136834535928754
-0.17728260903876
0.0841290058702827
-0.0401827927977536
-0.0227962586816048
-0.129212997673914
0.0133276621671602
0.0767982830858046
-0.00314314224695718
-0.0682215056107989
0.0121897981495888
0.0401442698414337
-0.103540112738717
-0.160554096729255
-0.0545880110249428
-0.193684263876072
-0.00755637836856026
-0.107021856497141
-0.0157166358432348
-0.0266258675362729
-0.063491958330044
-0.0158535150296549
0.112228606140157
0.0385670115439718
-0.0953922231098774
-0.0655830713098912
-0.0305993016104379
-0.110875038401799
-0.0165169953154724
-0.0838287651879252
-0.109323115387891
-0.0412976017552625
-0.14385771995168
-0.0591031102670575
-0.18819340695388
0.00320813143854679
-0.0659998807349843
-0.0373610180486651
0.00355330882813724
0.0954669280265941
-0.062692394311652
-0.014839700971129
0.00893224498581573
-0.0519392558838342
0.0365701289711055
-0.117135498737109
-0.0644540714476284
0.0464170588438807
-0.0185539769645802
0.0108038566483984
0.0488172813418474
-0.054151190360907
0.0273579712243588
0.218917352312741
0.0367122439836759
-0.000174451421028538
0.0635275821616155
0.0305150215892797
0.0513313476965657
-0.0741390399252997
0.074959238160281
-0.028395800641861
0.0465987114080767
-0.0616553273231533
-0.0736725161491011
-0.0255722454543383
0.106360093765308
0.293991149823386
0.0234423996349489
0.090230559360981
0.0311502810552181
0.0213862824131528
0.16409084129569
0.106281889452632
0.0509849859250737
-0.00255439851486998
0.180626489228605
-0.00489093428945641
0.214588345561373
0.0725742398250545
0.201455346453655
0.207344644946654
0.0645977329784181
0.0526464233627449
0.0953877944972711
0.0866171371412322
0.0113253679724818
0.148160264317235
0.162261752589347
0.156493233747753
0.0544333642210926
0.122964089742405
0.0194147103319505
-0.0637677581987688
0.0871617212499359
0.159004167979856
0.0886198996685229
0.127242028736452
0.206969219200274
0.146084593224662
0.0762100089135331
0.119992311267328
0.101782153132111
-0.0176522914726702
0.143233097562266
0.146907472753855
0.189855855031496
0.0335315304219386
0.151537974358923
0.306325209479947
0.0595450397211118
0.133735954081072
0.00571476593217378
0.0859859394055966
0.144177616453708
0.130471757118492
0.15094384826338
0.264943705521447
0.0657618901042229
0.164616988317588
0.19027134636813
0.237472383733568
0.148768417105251
0.0957269677549328
0.288524815800246
0.0617734216940778
0.220668213115969
0.230649737425772
0.108665132362713
0.152398018219545
0.288985170530189
0.22896512760561
0.210320670334543
0.128086343130346
0.162497128510878
0.0743446157431919
0.146499347374398
0.114665517568297
0.228012931942745
0.225472485108344
0.216506102164642
0.151093385850001
0.254791677394658
0.249934968972458
0.236004222026203
0.274171488438135
0.20317395218731
0.189449085413994
0.172319200126652
0.207217412837619
0.196882303656477
0.22347135661461
0.281363428018167
0.181417866761315
0.133886746976339
0.203592646698931
0.172532734646456
0.234636513319294
0.215561516432562
0.282339407718765
0.164135971395945
0.196383467567034
0.154062464102501
0.167527032072781
0.24717835408932
0.183919000332538
0.23569208858656
0.279955827634163
0.399049292272236
0.47065127560454
0.240030443911056
0.185416133247668
0.218294558751241
0.210663287774867
0.215637196183579
0.218273786582474
0.162523943325303
0.33448901387489
0.130192299251891
0.357487281021461
0.427137004925685
0.188436527978561
0.260163125050538
0.174518342153999
0.400448417053857
0.259992532940985
0.189658418592715
0.300400482116756
0.307142245622118
0.155821325405471
0.301556299674923
0.342508901236453
0.406163001389745
0.14827585765769
0.322937332099882
0.42765977289793
0.284334686183232
0.234895323561299
0.376446777359404
0.151147418827455
0.427914019207766
0.362547252762197
0.335102930402222
0.479948227719919
0.429982729354176
0.286700429510656
0.306125313571256
0.338763098451358
0.193736530982686
0.377603413784515
0.242612479873893
0.283090085842021
0.366900817786487
0.290952106594431
0.264211826344045
0.399783993899886
0.548738275321824
0.45961833777597
0.272703935208735
0.233815920365759
0.448429914157501
0.393283046437824
0.339927856163464
0.311187991799306
0.396868629367926
0.402906677232039
0.41548459770244
0.326429217577696
0.235771543991985
0.392291442782959
0.393689403687129
0.356603467429498
0.317147705635146
0.433734980650421
0.372423480540765
0.405768116021536
0.350340710522292
0.468440415259168
0.282981525970821
0.340184476691352
0.252226314125913
0.203986472370265
0.456299787036456
0.437220500617674
0.413575883271103
0.344932047794938
0.401510710793187
0.444669026902096
0.507961833482788
0.399799095237201
0.365554443434044
0.441297376552304
0.412839558729431
0.488210924097961
0.443375419694681
0.349149395460347
0.595656724793433
0.452034731001033
0.555033601353268
0.536582130411441
0.5075444760207
0.517001779220894
0.422481015516969
0.429207614884897
0.528904901441623
0.514831053359561
0.397204932282473
0.524826637063658
0.446974512838936
0.475482565977257
0.436912177318571
0.391507937832993
0.308249109192495
0.323182488549306
0.409055445803122
0.396356006470346
0.428336947595923
0.414927990141296
0.521694393115503
0.425664415659919
0.462187333942589
0.437641573887179
0.471176411571376
0.534712013414714
0.531104994962854
0.357965438538416
0.566509526992176
0.523970341468912
0.379934421154903
0.40095898867453
0.381820433642527
0.508104840662196
0.349616689312811
0.587235613470983
0.56962960591978
0.420252278020257
0.525668347967503
0.60585683043149
0.538828790780947
0.544541035601593
0.576400654000848
0.396956486757656
0.402523589437938
0.541965003683369
0.556312860996535
0.422807644188535
0.366511500811454
0.632719224264117
0.552775161952114
0.545234819183199
0.602999606326022
0.563031361653756
0.536197327995192
0.494899814464323
0.589073378330015
0.452654050238394
0.577297076483438
0.548459092946465
0.434304555914073
0.645787127000227
0.584428060309436
0.6283027354992
0.496205756522691
0.497866107287616
0.488026893997385
0.657086924277815
0.507621727492186
0.595100093263399
0.608154650035723
0.521262675551524
0.62274062732934
0.640805711653226
0.610854234866906
0.688176358570435
0.617136900555066
0.708868878977746
0.524169725440905
0.578784377994716
0.373622955300111
0.533788301169663
0.509587360646469
0.522635146200171
0.647387091809958
0.568378205879021
0.674830384082639
0.51872294082593
0.481915065939888
0.598089536086434
0.764718837288774
0.667391229458919
0.66434282627087
0.469092837482448
0.610046530794706
0.62569540179797
0.581889454028691
0.700231036784634
0.63338448543915
0.479246920346859
0.620202776776172
0.647461814390621
0.571380394211319
0.696995904598995
0.772155800734983
0.434943095154315
0.77073704937276
0.557996513720891
0.741503010770067
0.457672923229174
0.590442195445497
0.684299720164795
0.650333494946248
0.519456582405723
0.669466333479393
0.559944934544677
0.71825130888182
0.708200132914804
0.679063842570391
0.573143876998506
0.787610351215808
0.756277823950375
0.512947450140796
0.672030593249087
0.802422112855236
0.799623603552906
0.623717946014465
0.824250322969919
0.561667675763428
0.671721077351522
0.762225216909156
0.602944359216297
0.650860979816222
0.77008093170591
0.692645590811231
0.743153452560989
0.651326288893993
0.644105986127885
0.736017632810028
0.57628378761017
0.741167797851119
0.648518290812004
0.795710700477624
0.666056137139747
0.777913389925035
0.531666259990483
0.825582981988779
0.745036681830754
0.753125858674768
0.715358130871356
0.748224337626787
0.627714134131218
0.710178700286552
0.80118646526991
0.793767049373174
0.742260217865424
0.67359820561711
0.57254100899263
0.58314392856599
0.794297722633367
0.766572226449537
0.680307810491291
0.773421980895382
0.729172946810697
0.68818676789566
0.828977240816895
0.91120426356632
0.708987815776822
0.764140896359376
0.789039474607463
0.686839870511564
0.788020930548972
0.797236946262245
0.846555889018541
0.865007596900371
0.790294087589905
0.775413983802562
0.610724530245198
0.818069418070479
0.554264798865138
0.87438958473341
0.823061591005538
0.882243861530875
0.796999377642018
0.698350429926466
0.763316953924116
0.793353080308983
0.73448495529228
0.767484192255603
0.843560669225887
0.780291581856966
0.734860669858477
0.649764561783658
0.970641557153997
0.726780621402829
0.829893682732973
0.720500945953094
0.800975846448096
0.847610605875221
0.953393775666749
0.872625733937791
0.740376173597155
0.900441248229366
0.746847565478443
0.760525387212003
0.820297221897546
0.832263468001964
0.769845086608976
0.885664384286417
0.785585800533207
0.942449903321186
0.759263615334118
0.949874054435071
0.915180415366677
0.722643833885242
1.00088565068489
0.813708345860024
0.880239368510217
0.765521329408146
0.842573674854699
0.929285007584676
0.810291447882966
0.838370559988266
0.891788625669255
0.837769527398764
0.902329169963886
0.919536179150523
0.916996925827629
0.926542290173114
0.852672794651286
0.870138490514652
0.851659464221571
0.898813216926136
0.84101414656945
0.747467000321366
0.895338290060056
0.946617534589794
0.982041340659348
0.712324078317619
0.876670920923135
0.913330063164829
0.817609312297702
0.752269729157841
0.748930877745426
0.798953845660232
0.84833869498357
0.79805681312783
0.860462767325641
0.897330649385771
0.983557395550311
0.99793096282581
0.985204055800264
0.798933295215598
1.02562968543204
1.00688395919604
0.964817280524111
0.943141537280204
1.06878348783033
0.970034166351608
0.88090775570382
1.00722284620798
0.927385466033973
1.11380805430994
1.02990901359822
1.01557761620635
0.802103002269831
0.935183686689357
0.984572304857251
1.07725531147815
0.95955877829027
0.985445919058647
0.910955740994117
0.943726887436983
1.05027190777747
1.05922785306411
0.972016858118704
0.99886044105521
1.02962887926975
1.11318291384954
1.06713787880046
1.05010824878191
0.927875264595859
1.03048259511341
1.03609553957786
1.00982996285854
0.898395946341862
1.01315201228598
