"x"
-0.963341898007133
-1.02442308789477
-1.13592807490403
-1.10573285680215
-1.06648799565075
-1.00471728850453
-0.917386605504028
-0.903099709554587
-1.03774396432186
-0.947188445510554
-0.941219504536669
-1.08859411534559
-0.947263189316972
-0.846870002400763
-0.797108577474415
-1.04381202240342
-1.07933232151967
-0.914506533589044
-1.00187885141281
-0.82417719606383
-0.830135381373421
-0.899527147444904
-0.986741439690809
-0.961697394308655
-0.84529392672055
-1.10906827444353
-0.968427431249163
-1.12645361597377
-0.930881452332491
-1.02579633042217
-0.918987170900997
-0.896861504687278
-0.951821594638036
-0.994305237467733
-0.885844571461925
-0.990676469731481
-0.880778062536482
-1.08129207156517
-0.856272107279598
-0.914443510536259
-0.969296435023793
-1.0474363393629
-0.955355654138239
-0.968481310543061
-0.89253974130789
-0.937576828362853
-0.900714321681417
-0.699300344041868
-0.874897255766509
-0.958458771708722
-1.00672984107156
-0.913474269670669
-0.819845488416953
-0.826592198230083
-0.906525645073296
-0.922018778588045
-0.828937206883136
-0.897532400132157
-0.86856374480747
-0.787498001116934
-0.892861027380589
-1.03037089905281
-0.915112387918407
-0.83589194303112
-0.900042710904928
-0.858870114822584
-0.79061176211126
-0.875721424996193
-0.840230346349909
-0.97300159495268
-0.722674836448037
-0.739599478959587
-0.996883103821438
-0.89224315679307
-0.806784950447747
-0.874918557686722
-0.947476187152169
-0.753399024709494
-0.900241559165376
-0.765433110146564
-0.813232517526295
-0.766936145627686
-0.962727425118835
-0.745695153784242
-1.01970850500881
-0.815529235385603
-0.989018643436477
-0.841610707505646
-0.765408606562221
-0.73184250702724
-0.782109981914914
-0.829606184611336
-0.823054815464075
-0.823476518754141
-0.806701156891072
-0.787372348139311
-0.759880972526162
-0.683509890768737
-0.913243141634398
-0.730301856091119
-0.727637959439877
-0.818089801253331
-0.600310724105642
-0.693354141254873
-0.762346717850365
-0.774065942050454
-0.731482738515135
-0.712364595552002
-0.826832613863228
-0.740693872548683
-0.616935656203624
-0.832864427246169
-0.840703347423223
-0.770829580417998
-0.847089711169138
-0.847908056230032
-0.773364166542927
-0.757968356006053
-0.596715293125171
-0.762300807540674
-0.631101665545603
-0.897265681485091
-0.824952325175321
-0.837515746590265
-0.837136960445119
-0.709561362638335
-0.864108174058104
-0.745232717580474
-0.786181045464711
-0.699124005564535
-0.689417408362036
-0.709533006025528
-0.656675890389814
-0.82598008832149
-0.74699276094174
-0.753347730738248
-0.674804759518531
-0.799929145143444
-0.649092180411863
-0.643714433598843
-0.64670518139952
-0.554413660647378
-0.86628967206658
-0.55907756990798
-0.662730093835912
-0.749788119050432
-0.767100810946519
-0.704618357043241
-0.674942663546372
-0.625604872279339
-0.587078046420339
-0.578710439821778
-0.658478449307817
-0.785880126192671
-0.736139479290583
-0.643023685248547
-0.690975232712537
-0.622366140129642
-0.68836567733765
-0.661282425836843
-0.772580145392838
-0.618738980100551
-0.667328382264045
-0.556260554042644
-0.580742214646953
-0.753181461681173
-0.733158703699814
-0.622142824955785
-0.728090697039897
-0.742387427200002
-0.57872003848548
-0.621462225179093
-0.548005628362059
-0.675267545460685
-0.716870773355064
-0.650565897069573
-0.707826711435272
-0.638992590483846
-0.809546804587814
-0.639755531312523
-0.726038036217629
-0.607002479437733
-0.645028689780929
-0.679847753396953
-0.66221093441669
-0.623036129607979
-0.622059346140538
-0.599213892794852
-0.605813951437649
-0.741885598112918
-0.627160435177255
-0.759018141898598
-0.509211608248789
-0.619662626406197
-0.653030665044032
-0.611555749776086
-0.685215897583218
-0.585280928823952
-0.622072642966818
-0.693563084840812
-0.70280516171837
-0.516325376350388
-0.553938951377878
-0.531493404582973
-0.652885314381958
-0.651189457805679
-0.388838030319271
-0.601919252375779
-0.464550573805171
-0.313993608941045
-0.521059285516707
-0.539993536955337
-0.618857933778098
-0.537110012559094
-0.611373504898789
-0.536286215171153
-0.341266675913468
-0.523607166327949
-0.733349353262359
-0.720947157004617
-0.616789001814518
-0.585483669380584
-0.391803804433116
-0.772369086814259
-0.696983919376193
-0.637004988150847
-0.42958038825899
-0.496408919291753
-0.381658405812864
-0.577630499857403
-0.66169683017782
-0.670222222476175
-0.608739782399208
-0.591309870677942
-0.510224015303471
-0.448657831859019
-0.706523493709257
-0.453804151498179
-0.53356770361787
-0.467358648411307
-0.537099020080429
-0.577515146202261
-0.498377239971535
-0.569846061844812
-0.58218593901081
-0.370775972056199
-0.542309429004348
-0.43747276368221
-0.424122355950283
-0.661701045898016
-0.373858035421187
-0.470249391921575
-0.427412051858026
-0.379995705414216
-0.63585052671533
-0.468930744174726
-0.491633942701474
-0.498299109991396
-0.471132987445067
-0.380202418387802
-0.611061108722755
-0.527019893510026
-0.249728113635699
-0.526799657411682
-0.639094099861398
-0.574243822190118
-0.419101513334238
-0.547758421436102
-0.545297946301225
-0.476003753473408
-0.481525110822149
-0.339329336804871
-0.402288187694056
-0.402259131965689
-0.432814731147227
-0.667075414453296
-0.432234783140112
-0.493315547087254
-0.417381149756877
-0.460747441109388
-0.442006252721031
-0.43318048790043
-0.501877838692953
-0.411367819603553
-0.479964237462793
-0.511828843226281
-0.387173524790676
-0.44007514079297
-0.359187626537927
-0.646979491557216
-0.462635177022703
-0.402394012252104
-0.599148279047095
-0.458804961519633
-0.383274298810512
-0.439772461008145
-0.435533110146456
-0.464858959779799
-0.329723400551231
-0.5350770594404
-0.476481888142177
-0.463977166983278
-0.332641193730125
-0.42183954343269
-0.235261627342911
-0.393985531851353
-0.5291882265212
-0.208207353956926
-0.334438093620839
-0.332912196293288
-0.364303608954908
-0.329217995677297
-0.398076036455289
-0.224446808047369
-0.408638240400289
-0.350546798897807
-0.331956396283864
-0.168908194040928
-0.451395262532281
-0.397798556624919
-0.290265945402028
-0.370998646927789
-0.308392036098094
-0.430755539987402
-0.422909929556454
-0.411163700363754
-0.206301323176651
-0.291767877818842
-0.386283278122484
-0.457187409258538
-0.187767615141236
-0.203565075763447
-0.29091568109255
-0.298465022898634
-0.306141696398286
-0.347545295548733
-0.275823353992924
-0.272104524666346
-0.332066916591395
-0.231319661190465
-0.299938368468772
-0.266317226023697
-0.342406389486096
-0.232180471724921
-0.349100471075799
-0.366600026524165
-0.289120325807552
-0.371345868214263
-0.264990339645784
-0.432830416593889
-0.196840019107882
-0.30545151063356
-0.317109983380143
-0.15535522925778
-0.421591655772232
-0.299134377735371
-0.268473386776735
-0.316763915591421
-0.249399539662207
-0.267511483220607
-0.261287779222596
-0.366450763920303
-0.2807135696828
-0.120227088158839
-0.202518106408069
-0.303127342675071
-0.310418499749331
-0.211650809903947
-0.196891739886867
-0.26986056257801
-0.222856048716839
-0.285994728006516
-0.156857236041664
-0.11998647918857
-0.284328810538258
-0.287559539088738
-0.163473293463076
-0.34723218973062
-0.164473053821024
-0.240521186851638
-0.23155481158325
-0.310927477916823
-0.155404653827517
-0.193271290595627
-0.189949841264278
-0.250587717472254
-0.274752959471209
-0.242953378002946
-0.272502441554518
-0.162439870525088
-0.299251306780823
-0.156530688638805
-0.211173831196068
-0.269275032692526
-0.25316232356644
-0.216826613909401
-0.0328539583393433
-0.314286553456985
-0.242965670199582
-0.0410985923935951
-0.15223463219538
-0.321037725112446
-0.0801769722346668
-0.160097342022858
-0.289737682893639
-0.275748702975494
0.000249798623813633
-0.295639764107361
-0.215867537450968
-0.09227986229146
-0.190879549857978
-0.121614792880662
-0.181893212305925
-0.17060022845231
-0.117016441466523
-0.122896214185461
0.116503862013606
-0.0392921584615359
-0.0840641708179113
-0.181435025016395
-0.149467398820304
-0.15249385769372
-0.159182041295577
-0.120421747856616
-0.148272758317779
-0.208439196058789
-0.00243636798356981
-0.0600400247963381
-0.0518340530302352
-0.189590196700996
-0.24290364226993
-0.178603140215517
-0.105851863746077
-0.0868327116164034
-0.128137830243739
-0.118503721803197
0.0459384175614334
-0.0391412193493382
-0.109690273461866
-0.119373731827876
-0.121240158284967
-0.215808779346399
-0.255694484363477
-0.190073867362415
-0.182110771374491
-0.213182684772291
-0.141937551706373
-0.275580724590503
-0.205927194399814
-0.12878818807565
0.0650736123715405
-0.0631402173889689
-0.0213915672740358
-0.139570193527551
-0.034089533739452
-0.126773150235196
-0.00287421753903881
-0.117404474335169
-0.158362163627379
-0.153975158865284
-0.076036350671209
-0.00388112438428373
-0.0722569280157286
-0.0526142772720011
-0.160572175205204
-0.194186735628772
-0.126580211686037
0.00823704048724433
-0.0173725991464264
0.0171409647555208
-0.0817064879063208
-0.107968479598112
-0.0235264574750175
-0.0264686385690926
-0.321901070809255
-0.139504333184415
-0.260729456008407
0.032882451734848
-0.0534099548564788
-0.0299484281220279
-0.0107042032291067
-0.109280838515134
0.0651532946195239
0.00875649484669474
-0.0695149201035499
0.00792068603561305
-0.173607742854777
-0.0389051441006619
-0.0881265344199631
-0.169710948991215
0.021054425197538
0.127765594663067
-0.0186994625870875
-0.145855913587223
0.0593905458175484
-0.130149093664322
-0.179272168327002
0.0397746887408943
0.0155703840754972
0.0277346748475169
-0.0269026448027062
-0.0329969298556897
0.02351092998244
-0.0196494511888737
-0.0510363077913106
0.226563188239363
-0.161880552305057
-0.0439214283775908
-0.0469989143187947
0.0567270373435331
0.0288951248439865
-0.0801533410797824
0.00917211296704982
-0.118561393754606
-0.0308311272925562
-0.00961417182532632
0.0529569772150313
-0.00639564359691477
-0.0207760419737657
0.194319647584832
-0.0907576732368817
-0.0318936962975213
0.0279295687775501
-0.0787469397526069
-0.00971873192269195
-0.0536991410620056
0.198558480488105
0.0931153196712524
0.0723682707950419
0.179899675710756
0.0286067576120863
0.0112509885901569
0.150843749400474
0.143369474027764
0.0897022745046046
0.212500478907061
0.0949315028501005
0.074467965504761
0.162384265207868
0.132596818448515
-0.068474484082693
0.132146670944403
0.0787326094973934
0.0503171641866656
0.00157784133885025
0.0994604629078822
0.0832154481703171
0.135098613947955
-0.0147376593243586
0.0848829025311356
-0.0225509400323186
0.187187638994039
0.111557171243676
0.12318909878691
0.196873141579508
0.0565688398332726
0.13228747077884
0.147588780426836
0.121667489380381
0.223814758497149
0.0125774613593969
0.0269101220064773
0.0785304449543703
0.0421385550851055
0.369938622639056
0.252364898447983
0.244134466518943
0.0241982687596122
0.18874706656314
0.0234159116473548
0.156840112309907
0.270672505785205
-0.0103330929398296
0.0139528292914525
0.114796801892331
0.181605930353944
0.151029597118414
0.137585772841768
0.189649921986193
0.236870176408383
0.190000524491062
0.217071935406491
0.0625695460148164
0.191650169148033
0.081877237270291
0.00473452088940632
0.123221179286145
0.106505469760552
0.186713636146669
0.279565876811138
0.217142573123351
0.199682997231628
0.262793772111775
0.184091159589491
0.159533946294782
0.212611729629131
0.231625079370274
0.204614362522359
0.122906666261375
0.116576969411123
0.220457053217053
0.232403413017378
0.190887253784319
0.357559334601451
0.2331568748973
0.0119344463194467
0.220853716717817
0.213010773326005
0.371757448657224
0.16297317884478
0.224194738879169
0.271007704775259
0.169250773046188
0.379651038376908
0.282616616969269
0.210484784717182
0.261218416062191
0.135586901381319
0.307110722811038
0.435695174203648
0.354790585302269
0.157330513542313
0.260603236262947
0.228186053275548
0.282260655256129
0.273524572298154
0.380454005388592
0.164302910665161
0.317820625549425
0.329380189236723
0.183856070937833
0.197237941354297
0.264916302306702
0.363818175790384
0.245112908469599
0.41717925274555
0.283809225712417
0.456342681084714
0.257852563333557
0.271717374409455
0.293843260016192
0.273816494039288
0.219701175672385
0.241406887810446
0.216919138824321
0.368480839587613
0.414606032969974
0.359813962375283
0.227559785964043
0.459459139607266
0.537577960100326
0.412705309308986
0.376333047755463
0.366738499078688
0.081241049234198
0.32436090854119
0.375318664678034
0.185235298033951
0.432432718220412
0.334822027620155
0.3538195707054
0.40490091498186
0.309812154452209
0.401711456107014
0.264716802381053
0.326703486104555
0.286987105930096
0.302900327307169
0.380607196040325
0.313960650014912
0.381648668950388
0.359991257247117
0.26384912611441
0.424278569323708
0.335517180595278
0.270229861030824
0.334952229963797
0.347242275940966
0.365825469062551
0.486707483620663
0.32661705841241
0.390452392513911
0.376406301391931
0.499791263724954
0.441394625207854
0.391992338603117
0.369301057262404
0.4334967476978
0.369453519982412
0.389199755593476
0.468714753028093
0.284822266825522
0.479082934279924
0.388771358458892
0.384045634624937
0.381202654607498
0.380042191374099
0.458490022764873
0.426732229300753
0.493543491056338
0.3310873754098
0.286463096330608
0.37113059958952
0.611478329047268
0.374518122037479
0.561509638687893
0.341005482333229
0.302271058196608
0.339076407250068
0.445131230708102
0.430007811137141
0.385381056217085
0.363184500841478
0.455785786632917
0.442533949414256
0.647190760644876
0.474555887971349
0.497039440656898
0.478255546761903
0.36423941889197
0.516326217242002
0.431399861564016
0.358155891241033
0.548793217249914
0.615702539972496
0.255314708033907
0.516819134978665
0.468085997615336
0.606777926313794
0.305484552574056
0.413670704232134
0.531517037826007
0.435271582154814
0.525052100280674
0.504480032338745
0.383210629412701
0.55653755015364
0.525108934603377
0.549609092932182
0.248827563466818
0.434450453742353
0.421227127584545
0.357851694871794
0.574334092762655
0.423043966013233
0.477531752745477
0.538911151659599
0.446930097456141
0.353882375404654
0.569898782699315
0.449242844472419
0.393255779324385
0.568881482908043
0.477737916878453
0.49899197188227
0.350348441055435
0.467364505444574
0.5568156333452
0.465831492966453
0.558258132065738
0.524153550793497
0.471626067643806
0.443297316983308
0.567865522065668
0.422625659424362
0.523743951173936
0.54447103286711
0.579947294168196
0.506657227672327
0.494200955743166
0.488024996519443
0.406907696715406
0.550578141424347
0.541469065080111
0.652822160727847
0.645814284719155
0.574713505514509
0.385658310277347
0.56364951655751
0.511820531985445
0.59806427850736
0.495118638868378
0.475916118555645
0.598520894800999
0.592066026906592
0.441619906096318
0.565561729568605
0.514759898896198
0.634965023003781
0.538522262552789
0.465049952743905
0.720814558581256
0.628268045431296
0.621805997010349
0.586031844604908
0.640007433573356
0.510956166746031
0.619538212331273
0.437766034054828
0.675087317207991
0.524989565074031
0.561303399681323
0.642087706905846
0.79121013388395
0.633065416159039
0.703383553022745
0.545115687525892
0.564744357166281
0.678358760944925
0.65945639988169
0.764101337362061
0.714880298370294
0.597168277545157
0.654417399631167
0.711512149922136
0.520769254160467
0.65600283097862
0.565449983325309
0.597085885981025
0.544487124927264
0.540557102931904
0.612944502514704
0.510685982126317
0.653311539973573
0.78280338193328
0.570741699720304
0.732608549398068
0.76089079388905
0.670319784034157
0.668972702498076
0.623508843167252
0.617131658372956
0.66250341593129
0.81792882441401
0.655421787028266
0.543521716240568
0.70090370656117
0.582306733250611
0.52613795615533
0.647230363054949
0.592300963449454
0.753746283980711
0.700092857589136
0.602124901286742
0.555642503291559
0.599701197083256
0.717143434957231
0.680778579577132
0.763652968781181
0.678784376579844
0.712975716107081
0.866307592859393
0.834315540846866
0.566175751105688
0.804950156775449
0.708077193955798
0.779598461045399
0.64288787530225
0.699981382419922
0.775929390896528
0.721816057238829
0.758971827287753
0.73020298267527
0.678252215623632
0.703862099866671
0.788855167281615
0.70223635379295
0.683300898014691
0.738288700567322
0.637910995013895
0.709375289552032
0.735396544015336
0.678512844885068
0.693035976309497
0.638707723071866
0.839873766071401
0.685076789654164
0.65256150863135
0.711214671020988
0.610569878004247
0.673945637866787
0.756287394781828
0.724757423526727
0.769484627587963
0.622131215824735
0.666647810205547
0.653737746247868
0.777212644170537
0.729941288599456
0.874173341857004
0.776588932534589
0.755372540688421
0.876389678494131
0.677305589337843
0.735358024616024
0.791225725179902
0.776361214505768
0.779855738070624
0.885021977806475
0.772002547288933
0.815905644130258
0.771489138372186
0.815980255380615
0.994263508579298
0.904761843303933
0.842146446704916
0.844591834561732
0.934741649030409
0.759495692722332
0.794729815193795
0.794374019111732
0.821663122898335
0.933210298344084
0.776555388399933
0.792654140586936
0.831873600541685
1.01342249569723
0.645295607075232
0.826004919879045
0.789041395838344
0.86568019368215
0.830560679161187
0.819008978301341
0.773883421178776
0.927091364193337
0.605887023007504
0.929238302189389
0.861180961421823
0.672679737468852
0.91972991837058
0.927366350059661
0.943628740483747
0.862814235863209
0.938492776376644
0.766711718369747
0.799824766143591
0.90122953633644
0.966769933828983
0.894492557596957
0.842076859421783
1.00547096747209
0.83780634675204
0.772087508442386
0.952443174651605
0.951395796548024
0.81362352321212
0.841678411837906
0.881625497658563
0.951378520449837
0.946145626760763
0.997241039874613
0.990098448040243
0.99946349783825
0.927078812210181
0.823009939515986
0.887984315548988
0.951736445303281
1.05304525065979
0.918798311887794
0.949041098791508
0.984024810533592
0.938826492150466
1.00980494250349
1.09654635821139
0.911657243060761
0.903190982219565
0.837154907207221
0.997870222454342
0.946306606450344
0.94386303829867
0.891734694725247
1.09640000602918
0.965737375113772
0.962315786141871
0.913607835586379
0.947626934358745
0.858661153828362
0.945789704952801
1.04986520093865
1.02886982370331
0.853230630451184
1.07718951336869
0.988402117851462
0.817237212171183
0.929155513745713
0.941136191641605
1.12108228541077
0.97098291938493
1.09035410208496
1.02682626468694
0.908764404592247
0.7990618485185
0.993961970717678
1.11292651771044
1.11119919651878
1.09237903587062
0.918076447503734
1.08110687438653
1.01755448858527
1.01652189676007
