"x"
-0.916733291170443
-0.854106508355987
-1.07361200509308
-0.854036216600541
-0.890691872298727
-1.04469062996875
-1.07828440280254
-0.931307147890157
-0.927500461735774
-0.907448136583246
-0.979747453313747
-0.983236063005053
-0.953726071288992
-1.17072787402935
-1.00145552458243
-0.985785296369278
-0.971705714535062
-1.01089433182
-1.04473590357422
-1.02508193220055
-0.971215389699562
-0.841507688114918
-0.976845109672586
-0.859873546184446
-0.997370976088626
-0.937528167770012
-1.06175811333465
-1.01982103791849
-0.974080625190053
-0.898121822955158
-0.955856032362865
-0.821879901279434
-0.842214868192239
-0.911835594975341
-0.779785918151142
-0.861547900276536
-0.742921294051266
-0.979729466731148
-0.863001641283288
-0.894831045454111
-0.879818028425487
-0.877512948585475
-0.879414532092793
-0.862075607216886
-0.847849680362351
-0.816818869432559
-0.899540650305256
-0.946763033194035
-1.00284361938621
-0.788208802605911
-0.864439512773038
-0.873441660795108
-0.739567922610944
-0.857488708705051
-0.84008234867
-0.988930950147138
-0.870582881037313
-0.986629218981778
-0.834632004064736
-0.89129635632705
-0.771521959126284
-0.915275410029618
-0.809139061029487
-0.919235936236529
-0.951664628369784
-0.930097840198283
-0.835053798128232
-0.910708876333419
-0.89937442930067
-0.897349731780119
-0.763684333629535
-0.811805983189365
-0.958255353536156
-0.81053490201149
-0.743081303772434
-0.85155044477223
-0.812271152274163
-0.766077127632018
-0.69327925066806
-0.853481898347232
-0.829457923443693
-0.685909148033396
-0.924624179577118
-0.800800436360345
-0.811075488933373
-0.888228162464703
-0.861732615207407
-0.852501294480272
-0.836783429744208
-0.840757323689535
-0.7081058444535
-0.900328820163665
-0.88835566227693
-0.720888964091773
-0.879279657736746
-0.762795932004949
-0.753081147699878
-0.649818359208259
-0.745490357073192
-0.881919187446694
-0.814173876807256
-1.06793201202813
-0.744839871024314
-0.779828079504087
-0.540272156131976
-0.741457047519847
-0.854295038673689
-0.811766794712119
-0.741729411532576
-0.799637179372496
-0.706985448089883
-0.777688013373627
-0.794718254678669
-0.688200975556928
-0.805621843462969
-0.826103452258623
-0.745042837912575
-0.755154176554464
-0.6398340755489
-0.83296205365964
-0.624649070867254
-0.834816126026502
-0.860376698106567
-0.678315711079512
-0.883078435451834
-0.754560587438553
-0.80404810123499
-0.605707046790597
-0.879409256187606
-0.662044351417248
-0.70134589603084
-0.67690882470489
-0.693374273286625
-0.677869469329921
-0.702803796561363
-0.682132879269722
-0.706984547586329
-0.786686376805223
-0.711725412543044
-0.866677121944069
-0.778487765518184
-0.754099915456759
-0.696617410485986
-0.805858402901617
-0.704281300598024
-0.419083464234441
-0.675009159668907
-0.770849723700522
-0.787291918283666
-0.68053957454047
-0.76100256736051
-0.626437453176905
-0.769942235718493
-0.683596884064423
-0.746483111288417
-0.671692525651264
-0.738700011705023
-0.691880808940071
-0.789954555426078
-0.761497465475188
-0.741301717683051
-0.734716080633703
-0.602870760344868
-0.641463993050399
-0.573519932738891
-0.77612601801828
-0.597908861324845
-0.670348295543011
-0.639707430835346
-0.651655568281124
-0.66276219224002
-0.70594113023009
-0.663402375868085
-0.735322566679157
-0.726006713835482
-0.64329516715929
-0.674911049154897
-0.591773109276585
-0.740698768258836
-0.685135001942237
-0.781655006521262
-0.64959323746827
-0.682501449928268
-0.567925052265966
-0.698492466173135
-0.633805647706716
-0.592499418123711
-0.518820299441011
-0.649288299160244
-0.576694805061364
-0.564154412796513
-0.495682791998489
-0.62695017967573
-0.455366452003017
-0.68724697746633
-0.525177591533035
-0.62678237604919
-0.70924835336785
-0.532992555963792
-0.544707837554347
-0.553635264188455
-0.543507487311645
-0.678223229408961
-0.608090276005028
-0.633418995391797
-0.662033506517867
-0.509505118421412
-0.679997008602242
-0.685331283884238
-0.573539378863305
-0.566181936857043
-0.570042577674795
-0.456754863553403
-0.520963451211709
-0.582269366967477
-0.451134523099479
-0.619450937079237
-0.529695103023599
-0.5924614724492
-0.473871210946494
-0.688302643796421
-0.575249949378306
-0.663271558011078
-0.454465890016214
-0.52165944269466
-0.583230500700283
-0.597421577809263
-0.486651685987879
-0.599982428325525
-0.56672172761701
-0.584310802861706
-0.505691975983006
-0.385175218011508
-0.521172370143658
-0.516523912827639
-0.525759941652247
-0.42796911746945
-0.481598809506625
-0.501319562046683
-0.449207640448331
-0.47951812228385
-0.557216712673148
-0.506970187717359
-0.636981709542479
-0.538833743556025
-0.470484891550097
-0.550819577965951
-0.483249155804074
-0.568781175943055
-0.436652723845435
-0.54961622863633
-0.444258701308815
-0.406592514425232
-0.330664429596077
-0.588996748283012
-0.4021990348981
-0.507795598287411
-0.565844661421805
-0.46226106987126
-0.458187736485193
-0.507548525264996
-0.483828514215044
-0.335979834663224
-0.649133007245251
-0.559178657597043
-0.472460794773045
-0.545926603146213
-0.380295131247514
-0.500147991167952
-0.366162667506021
-0.382364133077476
-0.546606940985989
-0.548969002355148
-0.361660339036747
-0.413985438319097
-0.531481745867935
-0.476094320254456
-0.406210216827715
-0.329864805305411
-0.479662495750215
-0.409884658170965
-0.278634866133717
-0.406434362053723
-0.419514448310017
-0.435545075029603
-0.442820577824828
-0.484340596497557
-0.501741714838386
-0.487641053890902
-0.390558136319185
-0.53791832793719
-0.414616708110336
-0.281562006446873
-0.51048015073214
-0.448175711905252
-0.427193201758978
-0.503072738448514
-0.280721469217825
-0.472025077141158
-0.398631329421946
-0.416835737634059
-0.478392256315577
-0.480889151697202
-0.339031566979407
-0.422819044891701
-0.434387535414832
-0.503875111727232
-0.440259833130674
-0.374307782246774
-0.531513973208417
-0.437438393916202
-0.36639549093155
-0.475684502089127
-0.394460018032438
-0.609114464572232
-0.345214286767694
-0.25962840666104
-0.305706680486518
-0.346939728520323
-0.477095204406145
-0.339121794411346
-0.340202746526195
-0.433926982404834
-0.249951865422732
-0.435013193594209
-0.351373013618357
-0.431860299654033
-0.34652594532417
-0.210966861128398
-0.283366115482711
-0.345453790590677
-0.353323117255838
-0.32363499321672
-0.405159586264929
-0.245790124282405
-0.378155644353159
-0.313415750454156
-0.299026776823012
-0.354633559262243
-0.310577728889975
-0.286265864957151
-0.353773272502278
-0.248813164175278
-0.191050737615189
-0.275204367149647
-0.37669547296175
-0.161943344242622
-0.248424323663257
-0.426019015728081
-0.328587183513739
-0.26010055668713
-0.338422852710738
-0.369041872901921
-0.330356425373028
-0.164280588839889
-0.213288897711211
-0.153249158692081
-0.150767463645936
-0.228940095014286
-0.472807837510786
-0.344131797738035
-0.188127723463285
-0.288011339851363
-0.295196283750799
-0.300385536055634
-0.278497255621835
-0.285757716140036
-0.129121371364148
-0.180069855585176
-0.213016938980361
-0.422545819902793
-0.25567788471574
-0.1195113559444
-0.255266423853314
-0.377675419775474
-0.25040019311153
-0.421825149529401
-0.182720751537481
-0.249245854653153
-0.0823446728504211
-0.11611581198169
-0.163998653802572
-0.228631247155643
-0.223083242124152
-0.255494454778515
-0.325570417570553
-0.195380515139235
-0.156029644458874
-0.0840939243499953
-0.271687304196789
-0.158809109469684
-0.211973173272521
-0.00269391118519229
-0.313740317002485
-0.134383771472723
-0.253986906725783
-0.0883257027020446
-0.0876588267119841
-0.191929556666274
-0.0608752754195035
-0.248971835755371
-0.283609621245748
-0.26906727054338
-0.113118533127179
-0.161105595426147
-0.137701212473982
-0.140360095313106
-0.112569208943967
-0.346929808163989
-0.221613877045412
-0.244153466825805
-0.245149135828468
-0.0570449209221745
-0.126075557594859
-0.217530544181255
-0.0738709271123067
-0.118425352881307
-0.092219679687609
-0.206716600806341
-0.163888832731712
-0.185552153066855
-0.304307504055598
-0.24418718111992
-0.18310022130976
-0.289495439360665
-0.101426561021626
-0.0748660593926152
-0.124929206192118
-0.0558179379885548
-0.125856801865938
-0.180614850285028
-0.0928013279206413
-0.158672355955595
-0.0581716431492952
-0.168833461048137
-0.0966307779543944
-0.0490109118373647
-0.192985161840746
-0.14113453165823
-0.0768641005360381
-0.136758512170635
-0.12395867034508
-0.138812119089961
-0.0417119378406481
-0.0537945286357625
-0.101953683112309
-0.207398513108098
-0.052800765884385
-0.0683486568417979
0.00724943295929233
-0.124405761738036
-0.0360796796536165
-0.0752637228862402
-0.103464968438803
-0.126128025519782
-0.13825908473601
-0.212303755192908
0.0688320756766812
-0.0286549140774728
-0.0334304384895535
-0.101671890850429
-0.00520534664567457
0.0760602504255833
-0.0101460960754701
-0.0693030732700277
0.0200251752247522
0.0530491225828308
-0.105134196376196
-0.151552544197084
-0.0470930115543572
-0.221684412864538
-0.0305998992767925
-0.114689397716057
-0.0294542665454573
0.00645579249756026
-0.0437176652978072
-0.0487907020456557
0.119047135221797
0.0500555588703057
-0.0821914597864498
-0.0512262933807412
-0.0143942333930397
-0.119271478175775
-0.000539135801937592
-0.101003007637799
-0.0802902426433193
-0.0322303562925879
-0.118409033305425
-0.0807441115599577
-0.179452440241518
0.0191363823614826
-0.0648774095791669
-0.0247447522963038
0.00218916321111733
0.0810256468559182
-0.0605377417860562
-0.00391204007242344
0.00498852382503841
-0.0398526716167121
0.0596558693187431
-0.104110567293066
-0.0725044872233591
0.0356744169989176
-0.0134247018076375
0.00563361997183539
0.0293309054707231
-0.0378332536191125
0.0321116555048407
0.197720352302
0.0204922357802622
0.0124571184194365
0.0513249249015571
0.0387298646979756
0.0454794941932726
-0.0676372909738411
0.102085225207305
-0.0252265445202128
0.0535558919758228
-0.0565534523403753
-0.0702072369605663
-0.0293024684213431
0.0843530281243171
0.286271198026839
0.00309799292216322
0.0973738199649019
0.0410175517938019
0.0512167114736449
0.138871587491644
0.11415676960435
0.0579422019458464
-0.00220223080261104
0.174348315543015
0.00305499023761707
0.193950660708889
0.0697153514787079
0.201008747558179
0.207538487665454
0.0559006553660218
0.0603435984023988
0.090260507225403
0.0853583144143713
0.0166797626571632
0.154201481420849
0.156920145330946
0.136520547438134
0.0404643201385015
0.110354923881397
0.0270753349277595
-0.0716716436659867
0.0906392264916775
0.163608295224359
0.0887070007324485
0.117302874143494
0.222103965286107
0.14240808147298
0.0846537762557333
0.104372165742211
0.109948630592173
-0.0119661206197249
0.151615660278995
0.134624122799032
0.190532237410003
0.033869319175823
0.137171492480047
0.331203942682304
0.0763379286009429
0.128183713495631
0.0124510506191629
0.0956729365644316
0.137133252188052
0.136608337468507
0.143255508943024
0.263502837386746
0.0741913784039158
0.140285019141011
0.196317581633222
0.221171107595002
0.148921096802187
0.0977982149356672
0.287394968832358
0.0576774968744969
0.221172610924724
0.21162507668819
0.133135359754634
0.174362204967521
0.296674516780383
0.246915182000299
0.222817397731562
0.11896957271618
0.156087268478002
0.0957978153630391
0.133928208762496
0.125157054438245
0.210836556266567
0.220382794627729
0.228457555170798
0.161991704450004
0.260938205016619
0.236750861713371
0.212796433805912
0.281216076125211
0.195603356691128
0.196918112694162
0.17022490931697
0.213995380396376
0.191338879682661
0.234217744234392
0.300825428066527
0.198757793469227
0.117684961443747
0.218775066753637
0.169311359851405
0.209287720099135
0.223595122770571
0.263851000019908
0.163399034585687
0.235595436762596
0.135614795396744
0.15362363932673
0.262251557989479
0.1815088929603
0.245550372836889
0.277446616806904
0.383963024456015
0.468348262861841
0.253901907614797
0.206895832409779
0.195836600959129
0.248896196563299
0.224537948553594
0.213036273470986
0.170678317138479
0.310209869048608
0.129276379466563
0.36940990192227
0.419067696498722
0.198872020309992
0.239962394380205
0.181743068466246
0.38869774776163
0.263815196633596
0.186786866416543
0.285853177992906
0.298796007075745
0.154485654634304
0.29651542681118
0.334909090876256
0.416101847983663
0.174604358431706
0.33373356272853
0.428542227400386
0.277904785318974
0.247272673216255
0.353368842677776
0.164260863935651
0.41200009472382
0.376655726432241
0.352743402590889
0.483448450657366
0.435119579658666
0.282597197974668
0.305590870757985
0.333387376878228
0.191819148148572
0.39612415410226
0.205159071198569
0.258790311779387
0.36528497986069
0.309575230452758
0.277684817994639
0.412796767640442
0.549268849746323
0.481133920116232
0.298207102538797
0.226181919897732
0.452671059401675
0.388881721595594
0.341492881902401
0.325009703772284
0.40741381111967
0.402393798820558
0.402614203071646
0.342542501113707
0.257996673474781
0.359044169277969
0.387048019929602
0.349046609242017
0.319699235266983
0.418641207812511
0.380062711911714
0.418414642171835
0.33529505489862
0.456727254446781
0.281903205891587
0.352800269930892
0.247031137099026
0.198862418240133
0.450788266062159
0.423624850450809
0.413947440747719
0.336039437176471
0.401713386208551
0.444588809077477
0.517527940917778
0.405216299549322
0.339764939743261
0.448106485014534
0.420870420184635
0.466150738414273
0.455214511426385
0.343877846603774
0.619700754654977
0.426139818152369
0.578727264008786
0.517720892838497
0.508453165909756
0.515363690938012
0.433845858912049
0.459999062122395
0.533827596985943
0.502167680803407
0.426266894847497
0.537579055706068
0.463951797721111
0.484848664697382
0.44425398257146
0.410367083715368
0.31177314415236
0.314558779158125
0.434557913129844
0.422677390171635
0.442479858011073
0.422079347923132
0.493059559415221
0.432209318761144
0.470435430855027
0.456496435670041
0.48103041659858
0.51768485129139
0.523789783450811
0.370688472356819
0.592890062798342
0.529729690891364
0.37578352882899
0.412004409084491
0.389830111210413
0.4865296174404
0.361989078859069
0.589028610506625
0.557651541952624
0.414067227676083
0.521162638364281
0.613444013647478
0.549843934929926
0.550598999933437
0.579893248312597
0.40742971777092
0.409873431488035
0.542055956720628
0.554693546765817
0.427485548875492
0.3868894863433
0.625915623419343
0.560577446078969
0.535341847321731
0.575642861002993
0.578262229172771
0.534146630701543
0.521811636770376
0.588265470883088
0.48471185136761
0.601057378404018
0.552753022867687
0.436452551556818
0.660466492090776
0.595162145343402
0.642917829242044
0.480618042220065
0.48497608425321
0.482819210578113
0.664908122331554
0.492762593800738
0.628798722566808
0.587208596714358
0.534275128426634
0.632939684841746
0.61792598090255
0.624440796014124
0.697356526095795
0.613035968719157
0.710174598059778
0.514851552542757
0.584676914273534
0.357107908354458
0.535510399600618
0.52078524195772
0.534261790580062
0.634717899987368
0.565610077118966
0.67355005446109
0.511703490068743
0.482449338553155
0.614675624286294
0.754179127587158
0.671968940479606
0.638172039426969
0.472329858994113
0.613212226748309
0.627299817009031
0.57976212184137
0.705173154211099
0.644719310022661
0.466721257564175
0.624386975033772
0.67946067402041
0.572791681680583
0.713889513479418
0.761784454382495
0.44520483193621
0.771391830424001
0.55654513432402
0.761487102805931
0.435196658456573
0.562283093014045
0.710995587653801
0.633598890121947
0.499641395828873
0.650026578563105
0.557022865385115
0.715260113772763
0.707658498377584
0.68146140396373
0.579218983010865
0.791773390392264
0.741828003923791
0.513131409496087
0.66070877226976
0.804748170276012
0.764838977379285
0.641585373850806
0.823735371383411
0.565676719492765
0.675142596022093
0.721268735818741
0.61757807237126
0.652578554114852
0.766336894111088
0.679238854826742
0.760120604521666
0.644171342455867
0.666523224827031
0.749204939234739
0.612233643520961
0.747915985841267
0.638234755184717
0.787106069946257
0.684626223844368
0.769152468033377
0.523875913232384
0.844958625345369
0.732719585459708
0.758930023627251
0.719638367731085
0.738173609757749
0.637340214551187
0.715414415686254
0.831045631772183
0.788744580167645
0.765028037079472
0.654784072091274
0.566555132162978
0.568085549697802
0.783875191596267
0.787869151433624
0.668735078521559
0.790670093248743
0.719694509375882
0.695194344679126
0.854794354769362
0.889237233455888
0.711083432417948
0.775900892982174
0.768345786259014
0.695805183850811
0.775570442959894
0.83199273639365
0.844313809611888
0.861204718560694
0.809681512010596
0.766650109557181
0.60652681639914
0.812250000156207
0.550549206547102
0.866812580711078
0.822110402983617
0.866384039734777
0.781144301096294
0.692165865146904
0.776202450698869
0.756252229037445
0.737979115423721
0.781789462830251
0.85269238196231
0.78375068518977
0.73892042640873
0.642556769993451
0.983021979258825
0.729943834633454
0.837611500602216
0.724291820055499
0.803868281532977
0.853627055753691
0.967622988864151
0.855770828750827
0.729591895883777
0.876995808378735
0.730235598871765
0.748121548153881
0.845024973036924
0.818111308389676
0.778761085124994
0.872861719978081
0.799108787897824
0.920299323208521
0.768587496545995
0.947728676131637
0.902013533627393
0.71286491560883
1.01305953262314
0.799666410173178
0.882906628726243
0.782206602520139
0.854670284406591
0.919256376676453
0.827214291875776
0.823493730056982
0.885255886209688
0.847622094903216
0.927339352762322
0.919525889178767
0.930551537878893
0.917922930061481
0.844211628695141
0.863559755574872
0.861452237597925
0.910359702092304
0.82408358258085
0.730094908718377
0.874090187970393
0.891551347417865
0.972261177134383
0.740678400631498
0.879821715922889
0.905295514087411
0.811392808882332
0.750554290431711
0.748256053485016
0.814752763846664
0.865705689621581
0.830389344969399
0.887162194476139
0.884102324773091
0.97549500142215
1.00967405871365
1.00987843891
0.775101077188385
1.04096225632664
1.02557252681052
0.967094653571019
0.922247111814184
1.0493936908394
0.955599523046384
0.879405419658092
0.984898626981613
0.929491099536753
1.11241458658359
1.02717287200052
1.01101760549714
0.785548139301975
0.931998425252512
1.00202100377718
1.07516530953266
0.958807716336261
0.967217074660585
0.892352362053103
0.944954319657841
1.06475395927047
1.06477774985137
0.975840831484953
0.99329891275589
1.02937130194614
1.13302296330821
1.06768488293178
1.0579741381596
0.951899500286834
1.04597189878167
1.03624987314276
1.01473254610731
0.914987774712348
1.01980369495506
