"x"
-0.936134418085463
-1.01806284638838
-1.13930860959425
-1.10244608571228
-1.04340673263827
-1.02089470411122
-0.952728083212869
-0.900313077564786
-1.03751837096893
-0.950222219806653
-0.955442449447161
-1.10071314037241
-0.929886912314394
-0.862875780714612
-0.813386472883367
-1.02273792396145
-1.0754247357157
-0.917334684017685
-1.00558365425467
-0.814414089086013
-0.846334604028139
-0.878514096271646
-0.952732399657769
-0.993734217857867
-0.841443501006348
-1.09213610033725
-0.982243474130935
-1.11752244990118
-0.946861302613415
-1.00859562241059
-0.926611952722509
-0.891402398116129
-0.954489004545556
-1.00058197300921
-0.878432866402623
-0.993257188515764
-0.889670092988938
-1.09024269368985
-0.855910364457993
-0.922948286653296
-0.960614052772188
-1.02401425511723
-0.96011011118927
-0.968152970368464
-0.889480224455948
-0.939160783725755
-0.918202334972298
-0.686881134012851
-0.865684690473436
-0.945809983022537
-1.00468990742901
-0.883744212259044
-0.827174689605928
-0.806799772229141
-0.903619260612911
-0.910429205361126
-0.825131283525853
-0.902816989394306
-0.883340968323777
-0.793817101745116
-0.86243613535809
-1.0300222193083
-0.891202971992635
-0.812689392401443
-0.8973721615537
-0.860827749304742
-0.801279645460626
-0.877465995330757
-0.848045996430368
-0.986876307166297
-0.700598530366921
-0.717759339575872
-1.00136460307956
-0.88997460464671
-0.793468758921775
-0.869696096801897
-0.959853371103711
-0.746271914035039
-0.911494538650334
-0.77461714928059
-0.823173146543715
-0.770361810440464
-0.998564825865493
-0.75176156603335
-1.02375150944765
-0.797762103675877
-0.992988661767825
-0.829581939208291
-0.741990280678534
-0.741123513214758
-0.768442225895858
-0.808019663369826
-0.813837126848103
-0.81437254579086
-0.785217279990066
-0.813040477216577
-0.763545165472751
-0.685472283145582
-0.913195119781052
-0.719701848734246
-0.747626969395452
-0.814346851182488
-0.603737802782023
-0.676410900462881
-0.768238945091723
-0.799931794602232
-0.724968871853574
-0.675205281873595
-0.836935778953188
-0.746194687745684
-0.587305630964473
-0.848024468712853
-0.852246544419662
-0.77108828993588
-0.854676113069077
-0.840390852212823
-0.766676846569917
-0.757502018338098
-0.608756430810864
-0.757900713620209
-0.641534461247678
-0.884153669413187
-0.821007457330898
-0.845740650742473
-0.837653765391867
-0.688861048652958
-0.864390330376279
-0.739941981806633
-0.799742457436877
-0.683300310953118
-0.691315723994357
-0.730522904101515
-0.655402295185432
-0.822664407552689
-0.717001137719342
-0.752204525023022
-0.684171677425952
-0.802798315270516
-0.66528638051042
-0.636894700921679
-0.628352491219065
-0.569905721248895
-0.864966673702814
-0.549011195504153
-0.65737566083045
-0.788410434114439
-0.785088995093341
-0.69929558517897
-0.67168811423674
-0.651356700820696
-0.583992134102855
-0.582022624531168
-0.646731409366734
-0.76458312708177
-0.751245346930148
-0.641799175117442
-0.691780036383277
-0.609282849793765
-0.676222466636886
-0.670488337024676
-0.771169916829598
-0.635715302825021
-0.656682080601022
-0.5689036243285
-0.593219743801079
-0.732524356333738
-0.750022551164201
-0.620066717707341
-0.755145311494076
-0.736668160722771
-0.584179517481037
-0.622490593561707
-0.541404883868365
-0.682683835653234
-0.713797666053322
-0.640491251793277
-0.70309691009985
-0.622158215960861
-0.808124541806699
-0.649538586529171
-0.725067599598325
-0.601202262062786
-0.640064168720439
-0.700864186928035
-0.679845737954708
-0.613285462097914
-0.636998709085892
-0.585069979566548
-0.631755111826552
-0.730787154403916
-0.637883347754583
-0.742047248582645
-0.515810032566159
-0.624002446182921
-0.651196006028708
-0.585938221431311
-0.678959949169984
-0.575405028505994
-0.635490232858212
-0.68991510559385
-0.71328842654822
-0.514391529122088
-0.563753373696658
-0.534644332637289
-0.670500126230031
-0.643431841434786
-0.400317646758872
-0.597876923956116
-0.472099304750735
-0.307295185070622
-0.49211394494079
-0.514233896213977
-0.651788207967699
-0.524865983208927
-0.611778261769656
-0.524362574791974
-0.353628894549588
-0.508748414115454
-0.716900816631401
-0.715499279260014
-0.616523433744938
-0.59483155886577
-0.387255985521726
-0.794422494510775
-0.707592569568251
-0.614973356541147
-0.441662731956593
-0.48757382138455
-0.379521272726529
-0.566097321372125
-0.660028877849662
-0.662305497311276
-0.606711060750454
-0.598883725401941
-0.53870922363532
-0.461272584393092
-0.696830954480682
-0.466481361918357
-0.51570828461469
-0.479211961523529
-0.536048085849882
-0.578170313720047
-0.505540180211811
-0.586614336438286
-0.580114149087799
-0.354221264831563
-0.53812882477093
-0.430560464233861
-0.43027109533479
-0.6460206041508
-0.402685376138064
-0.484134325092441
-0.424540237694059
-0.401057852908176
-0.62350066791052
-0.473365119089082
-0.483602253028106
-0.488330282638203
-0.456273062992216
-0.372941677058857
-0.597609196936915
-0.543283273201689
-0.244209939037026
-0.531089892125365
-0.618136650997861
-0.575257387331292
-0.428317809814887
-0.535345603201348
-0.564360003415338
-0.493993712190944
-0.47863263241237
-0.350105423580621
-0.415674302988708
-0.4091798030193
-0.446892844062843
-0.655256295787543
-0.457267915834965
-0.472464016010141
-0.445346091207734
-0.455294529273933
-0.442645375981376
-0.440546678196122
-0.503837247949198
-0.41468042981761
-0.48072332597846
-0.493170200486503
-0.383496705428938
-0.41182030245327
-0.35512284166538
-0.626707073224337
-0.470010225780805
-0.379912889506903
-0.600780334865606
-0.461577941364246
-0.368482686674602
-0.444667673071692
-0.450199911122722
-0.451071103357529
-0.317592806387577
-0.532864063973705
-0.456887989469339
-0.44883480018654
-0.336966396078499
-0.407409993845618
-0.265945263823047
-0.385804123907627
-0.541880928380781
-0.193717091714382
-0.318417110005104
-0.320097728702816
-0.340052065090166
-0.333463263964224
-0.411763708377036
-0.220037206168527
-0.415468820272779
-0.375727126999134
-0.340819181999449
-0.183940089151352
-0.452559437016228
-0.408389929567947
-0.301872611022049
-0.365150009231479
-0.334482861278732
-0.414432273726546
-0.415277556635222
-0.422361879377564
-0.197604550210918
-0.269488888698338
-0.373915177175174
-0.46598818733318
-0.19415790861045
-0.20817530543136
-0.281190535853504
-0.29733894557334
-0.301843934351102
-0.377626022756563
-0.293103582975982
-0.261711151856538
-0.333702038521848
-0.222595708803769
-0.276715708324355
-0.269125494807148
-0.344578711613006
-0.219238804179769
-0.348236248431405
-0.354246102136952
-0.297197382858278
-0.384449486322583
-0.28046742141731
-0.421257875172955
-0.198955249215821
-0.299400593531961
-0.299191955802333
-0.170349629375264
-0.427573373109508
-0.294122235289575
-0.25201421502166
-0.321482143971035
-0.257738560521229
-0.245092724183974
-0.257853931465806
-0.383207217359674
-0.287808082334615
-0.112113935882557
-0.175177258503336
-0.273362273376674
-0.297894536036639
-0.212913619247255
-0.193015182750538
-0.277445383391942
-0.213367237022391
-0.265283621150183
-0.145266424182961
-0.15356774185035
-0.267354481109302
-0.293469526949242
-0.159869208144484
-0.333534934587067
-0.175458617062507
-0.22809223332269
-0.222808304507812
-0.306914975474666
-0.161508228656153
-0.181118258558515
-0.183542707769135
-0.270274429000897
-0.28778645810185
-0.243170737835849
-0.277391657763862
-0.169363584246864
-0.296393381307679
-0.149103599913951
-0.251499587679069
-0.272679763776816
-0.275732563441661
-0.23966222824534
-0.046048413881691
-0.315224781570873
-0.249086288453204
-0.0271817021982957
-0.168971129099654
-0.330828353638044
-0.0567541955554827
-0.151335582019158
-0.289698164599267
-0.287081169582766
0.00460440594588496
-0.316707933088741
-0.229980682340608
-0.0904583031936812
-0.214559874516656
-0.104775701926652
-0.177376378711649
-0.165993928267548
-0.131158078307193
-0.120561835778713
0.105043114826172
-0.033550777433321
-0.0824604182208502
-0.172809341092978
-0.141355348836623
-0.143140647766803
-0.12912793219936
-0.134873198919224
-0.12032439378649
-0.195881338045123
0.00376612346161695
-0.04988585543139
-0.0490361210875112
-0.195305557508307
-0.244885857518891
-0.162703643888431
-0.107947190529603
-0.0773511171979495
-0.116911870486773
-0.121547690063795
0.0536788212684412
-0.0681574567136385
-0.127859429187671
-0.103910432227164
-0.117196768568161
-0.19554782310991
-0.26730200575216
-0.187265344137595
-0.154056147351489
-0.19582483740629
-0.164844092586971
-0.283915044778043
-0.187538033031836
-0.128670730619018
0.0846934849283861
-0.0812301156111076
-0.0101825626891486
-0.122187965773218
-0.0528344904959824
-0.125097588229358
0.00161974518342736
-0.117100798380722
-0.131895649622334
-0.153432818148239
-0.0826225639047229
-0.0367302283687879
-0.0846531085248947
-0.0601042413490247
-0.150512571041183
-0.202131030469449
-0.120385860994737
-0.0124436794303061
-0.0242032859161927
0.0117628026450896
-0.0862791756632781
-0.127261877484351
-0.0234369557898488
-0.00489278012391731
-0.311281310128469
-0.145963122782616
-0.250569124601951
0.0295809481517885
-0.0687477273441549
-0.0216559284826076
-0.008514185189551
-0.094802218307811
0.0538778018069038
0.0208514355787493
-0.0523046425403467
-0.00101737770697945
-0.177109258549946
-0.0305368864528391
-0.0852254774305559
-0.190780186470088
-0.0242081281746933
0.104934624552294
-0.0207248608891848
-0.155191946778508
0.0544173158209722
-0.135304834711214
-0.174238591857177
0.0394110860863177
0.0175725467440774
0.0201081278549046
-0.0376224888307984
-0.0131034121553384
0.0255792278477226
-0.0307252537020873
-0.0828544862832792
0.236409399746222
-0.157094215617936
-0.0421949203937108
-0.0495616222196636
0.0566556759425076
0.0443158561972377
-0.0335329681234394
0.0048525527099543
-0.114546560017978
-0.0326847390464515
-0.0271858343676668
0.0459731195917979
-0.02271546642058
0.000582347401199099
0.176304354161737
-0.0779532990814709
-0.0195539024815779
0.0246634453136601
-0.078198039437312
-0.00757076186578249
-0.0458487565788498
0.188072484635912
0.068107805279236
0.0702417466864247
0.206463097267566
0.0587084018903582
0.0347924186831555
0.139245174581516
0.128566438921354
0.0932143801279955
0.222675380401737
0.102270166662803
0.0450239437557263
0.168907959075445
0.113350155941781
-0.0628355578885894
0.134885300994716
0.0887721892320995
0.0343781329710256
0.0124521663508104
0.123926522226756
0.0825198017700706
0.123288945538359
-0.00535571416411577
0.0510794622313918
0.00803442530464475
0.201282874806453
0.104304830464575
0.127175440295285
0.182090373960189
0.06116125062053
0.125553729352428
0.159641544585292
0.141692258323802
0.220425041051074
-0.0235205972636549
0.00899857069723395
0.0641988181635192
0.0362546310334121
0.372079849365156
0.242875143380183
0.238613048542057
0.0183041230470694
0.163963942704849
0.0242366687555928
0.130978857510436
0.254594714642775
-0.00868236800427099
0.000643459479079889
0.123085560629179
0.194359892965865
0.161759067799704
0.149179530554516
0.197411774306583
0.246768318955904
0.171384621149101
0.207409866689362
0.0620429088692769
0.180217989492238
0.105339649960729
-0.0368822916197883
0.104810345625425
0.090590074439475
0.198591159329091
0.258575013796673
0.207643905722756
0.181403204053052
0.267217459265916
0.187202098505402
0.18676263205135
0.224538791316381
0.230991269789808
0.203835022985275
0.154775057245098
0.124806388844227
0.208215561066253
0.220177001668356
0.213251126070137
0.349803079692618
0.244519815555283
0.0125713656253692
0.230526650324536
0.207754168696006
0.375284470322206
0.135398921021765
0.245633943745161
0.280444559997811
0.154842222780752
0.392039301644007
0.278430376100761
0.222753483727945
0.258726974091992
0.141475677480185
0.301779761518965
0.445330739947525
0.352016734002491
0.144746655433889
0.2522635138494
0.228020663368506
0.32062399739462
0.272257407247714
0.39692946895042
0.178590476412553
0.320899460066327
0.339121495548726
0.201141761680551
0.197560360645963
0.272434774800863
0.351746426986228
0.230437527872331
0.399498769173224
0.298251748036912
0.431593808049361
0.256710699107037
0.279272860935828
0.288465471803779
0.260782302123413
0.222966328761499
0.240027262004341
0.217865631037523
0.375318289580655
0.393008932726199
0.353401136710028
0.230390434796311
0.440083867897672
0.545945310362763
0.415108611265243
0.352607080929411
0.34391297221774
0.0613624758209451
0.343121527029882
0.372381662974332
0.167314370040341
0.437945997290882
0.328009835209711
0.338677598893852
0.376420664462451
0.309246303536644
0.436665836486907
0.286919870087213
0.350971722344922
0.288667990181288
0.292339788228447
0.404611055908122
0.31821550892156
0.37547319368236
0.358426741670618
0.256703049515647
0.437919077912809
0.346432922678909
0.275066106751807
0.328321739235885
0.352137416268551
0.392905070132709
0.489708728644008
0.298967180346425
0.384063673830412
0.390197438347292
0.490081578624733
0.431876793559077
0.379725689692465
0.369786270900438
0.413329185406513
0.348715677550622
0.367776342456506
0.480316356071388
0.285158061646598
0.481900398506876
0.391284929175983
0.378108811659711
0.373166411006263
0.36866027666934
0.456542229132996
0.439313659555047
0.478441484775239
0.321203812415157
0.256958118318268
0.390440385833603
0.598645031662662
0.377964243956896
0.560995171232833
0.347536588853818
0.287830868558034
0.322543550632207
0.416837828310915
0.414192500413946
0.388273948312411
0.355898600826635
0.446513181673154
0.4360241927917
0.668423817556969
0.475780505119031
0.483791843843704
0.479452317050806
0.393234710056745
0.503607030542362
0.42479981635521
0.362088122995209
0.542954661791318
0.615524270780679
0.271842595847775
0.519620743825543
0.464690188807154
0.595999137313275
0.331945854118227
0.424796018376609
0.524933891999456
0.44000503123252
0.495094102926333
0.498084248569372
0.388273716976191
0.548683762269661
0.520209032693486
0.534409275795871
0.260713317386395
0.436601053568464
0.442655852377685
0.325029930851757
0.5590130187879
0.412417828498869
0.471904785990478
0.538403202735909
0.437546049242999
0.341252528165212
0.571826066414648
0.465469632168147
0.384319354324199
0.569764025852913
0.480092292372155
0.483059003852419
0.344491950201496
0.486102101370349
0.572899498621309
0.488416198438734
0.538951130567986
0.524927495834473
0.44659792250461
0.44461965629798
0.561284996258477
0.433021087727326
0.557680402637033
0.541882713930828
0.567125796721255
0.499264913912566
0.486183706945386
0.492879456980172
0.40272754678549
0.555666929970254
0.538284147582605
0.637335239245117
0.63874761343621
0.593366961079104
0.36555079943752
0.557726198496836
0.51477703589792
0.590018064670161
0.487696629894445
0.483018590746542
0.599065831891726
0.573005033657257
0.452600312607437
0.573750432080023
0.513501261280027
0.634939562241833
0.538946964113571
0.46528699330678
0.744330643416924
0.651542867310944
0.621352192222664
0.585986763150141
0.624480611293147
0.515276577974048
0.610407048752397
0.44101218109926
0.669391153022946
0.528891489363043
0.569730132164909
0.65843780133766
0.78152872651761
0.626727780826944
0.715689955481292
0.563863597725134
0.573040587848496
0.686968106572084
0.641280811414243
0.739643733213161
0.721528629139017
0.569865592855808
0.649263356903939
0.704204831689884
0.5146201332638
0.638552414130974
0.543823044025254
0.595652784835008
0.525572415084679
0.544362194965476
0.638239812599149
0.495942019141372
0.643412486077511
0.798083996698874
0.568090105527753
0.729984645897837
0.755883129062143
0.683289941892265
0.679091709767214
0.609576948333746
0.608527225352682
0.656501483262792
0.808168217137209
0.660691457285243
0.563387466138367
0.70397858466306
0.579318218702661
0.499287996638769
0.640056573579624
0.593006651876884
0.778725752970835
0.707129213449706
0.610066174218065
0.534938619170608
0.631005547205457
0.726756304580942
0.671017395463629
0.747134085971876
0.69299031837395
0.740920030876454
0.866681291319273
0.848804762139251
0.545989972561802
0.77694837101682
0.728441386301251
0.79036775013476
0.655670097928823
0.717473064208314
0.776356225821989
0.741735563174773
0.76890301637643
0.737186040568895
0.691659771773493
0.698165924614058
0.772102161655863
0.70923771030594
0.692089439727781
0.711574485331825
0.640004688203003
0.730089324603117
0.763460038110375
0.684566797164289
0.691317897048789
0.64534861233833
0.826244189650695
0.677132273845795
0.629979585119121
0.714729176004174
0.619815539376396
0.660716650959592
0.737533579536676
0.723093715005784
0.778357582115134
0.624173326128908
0.640056696387272
0.619189808116355
0.782040074807543
0.752506372203664
0.891517719392601
0.774754667187213
0.742079824697927
0.868248720027078
0.696350618623201
0.75875392715471
0.790536380357715
0.776328485031906
0.780313536466851
0.873598744662119
0.76760785667782
0.814846258836305
0.751029049957886
0.815824260472642
0.998009979800651
0.930013092133434
0.853402719849096
0.827941460877337
0.923451263037361
0.792190240226514
0.816646329033893
0.822695444343463
0.820804924563152
0.928100195925875
0.792304924338016
0.790181797965419
0.840437684937114
1.00417201255601
0.66293864627614
0.827720416817148
0.777096447776735
0.857355429095513
0.819172039897055
0.832381967729065
0.786679342303815
0.925052897618703
0.61983791797896
0.929046013382985
0.85567399521793
0.655066661289306
0.892428173509327
0.932097475167168
0.9598320531263
0.848543787143762
0.94010911200727
0.76173950576876
0.793648428872308
0.897861831863679
0.994330327181387
0.904233941445965
0.839282798636336
0.994093709646908
0.828607893482298
0.774773991397147
0.969956403889098
0.958366276010498
0.820294966824737
0.842802421052879
0.888790502737887
0.93946827815094
0.93790059896107
0.984636552755671
0.987524414623194
1.0056188351666
0.926020122384547
0.835791865299657
0.913003695055214
0.948931749293455
1.0571423185801
0.91987354489352
0.93297053905545
0.948219721805094
0.943200145024678
1.00114623490014
1.07477520232353
0.954689664688033
0.877787173677173
0.818914686522526
0.996120143349785
0.945033436360034
0.930630025477932
0.904378723168622
1.06044014884163
0.962555187440755
0.969819543643777
0.918605170718685
0.929993488825734
0.848516996700874
0.928227529924067
1.04994746821103
1.03682594807543
0.846205931701886
1.07121019719039
0.989813149258524
0.836258570804047
0.911701710992075
0.924837178802107
1.1263090859944
0.959484767749656
1.08567059654413
1.03238875639583
0.904093192790766
0.79047623093845
1.00023115802973
1.1217437714719
1.10819748215555
1.08557538186497
0.932245974878634
1.10011295349122
1.02175705694521
1.00224176765775
