"x"
-1.11551649911368
-1.01286787092561
-1.0456547203368
-1.01498210298475
-0.938810065793426
-1.01425519430281
-0.906429066476816
-0.966554540851927
-1.11910315213243
-1.07151573146925
-1.01973611366317
-0.966788285946024
-0.908235244517072
-1.05779819261995
-0.902702904113592
-0.973051899409325
-0.89290072401105
-0.996033584775818
-1.00919536969948
-0.90437791961481
-1.09796386424359
-0.996544860010145
-0.880206660692194
-0.853298738274023
-1.02896997014464
-0.908173632954363
-0.906730316542692
-1.02401113592027
-0.964647389017982
-0.926447621882895
-1.05784923446664
-0.884044298698888
-0.891474510129472
-0.826617107606509
-0.839181936733362
-0.882466754561865
-0.806762507050792
-0.918273025166754
-0.878201072282728
-0.941719107005729
-0.861427285979784
-1.05695216620423
-1.06549286930847
-0.975337918877144
-0.841318900681023
-0.929678399156121
-1.01167375105241
-0.855251751119129
-0.780282708778593
-0.899721765770612
-0.886558189687053
-0.885043404828456
-0.833735443914241
-0.851461665283107
-0.858644554196963
-0.841925519967875
-0.905108112157231
-0.824541972335298
-0.984471330864955
-0.953949592949108
-0.842083564326752
-0.864368038054906
-0.906653947987521
-0.839543532646982
-0.878234656298645
-0.939286061460922
-0.936955922465406
-0.809655709847667
-0.904946994898095
-1.0384971603792
-0.954718565966056
-0.891093847475843
-0.976501977587338
-0.807603755290789
-0.83328207407409
-0.870618383621624
-0.895638905573444
-0.896554415786112
-0.892127673765971
-0.66543934964809
-0.878587891279533
-0.840288117515999
-0.832916627894103
-0.85727029416341
-0.915117143873441
-0.849257735671762
-0.795722158684931
-0.878254755905118
-0.779616735447822
-0.938476266117975
-0.79370794282473
-0.73311957171184
-0.845945715139755
-0.841315668660076
-0.784282022630846
-0.850048265391649
-0.830128827582304
-0.729695006979132
-0.787117124379345
-0.710628438280598
-0.855094631508353
-0.749364980710179
-0.753489455638669
-0.690828899532552
-0.745695472617809
-0.904602013585115
-0.62792687577917
-0.723688604489535
-0.733159446850374
-0.795632977684775
-0.842287705305331
-0.869328810742745
-0.766475513159128
-0.830501767194634
-0.874764599770981
-0.830238631371267
-0.873157621320198
-0.575242070592388
-0.785102665611862
-0.748049420915118
-0.763165531926719
-0.891340394888574
-0.8243849425276
-0.593102312607826
-0.471813378841862
-0.669805208383892
-0.694305158739735
-0.730823032848834
-0.77868727339531
-0.815229435938521
-0.763563311749097
-0.735566870545477
-0.739206760299915
-0.708863052051167
-0.651530496727252
-0.815418832433086
-0.812398650590963
-0.840296109896651
-0.554957415601721
-0.689899234737609
-0.647181107466253
-0.723178441429793
-0.70051584246481
-0.678028649243634
-0.632536193049489
-0.748199021474423
-0.811021651280948
-0.758761458412526
-0.641073358576612
-0.564711639498405
-0.558043291988952
-0.656791108425865
-0.694492780103739
-0.614595776643768
-0.722476186111352
-0.676910888609372
-0.842902596850613
-0.77603458566387
-0.571554383587629
-0.651991222976847
-0.699618516670877
-0.674696928737246
-0.79724563119221
-0.793732170332937
-0.688891856257288
-0.792876965697106
-0.598926107515757
-0.541936974808794
-0.670863953686108
-0.525295803970527
-0.660464341464313
-0.640443036597986
-0.647396380548875
-0.613247531330376
-0.666662691323942
-0.648297179283562
-0.534204915845157
-0.599392170586503
-0.551219089332405
-0.744615715609684
-0.662418617500018
-0.694222226780367
-0.631960720361859
-0.609382880060908
-0.566355643876185
-0.607824027395419
-0.647894903099541
-0.692839023901849
-0.557764910830226
-0.686354612079371
-0.610892214030009
-0.615660841905865
-0.619451170344927
-0.469257137049297
-0.605784186902389
-0.631418261813504
-0.612014276420088
-0.655516505975883
-0.684628674789823
-0.549237435127048
-0.563593250563816
-0.5981795190372
-0.655272326351236
-0.623340801143212
-0.494200891097536
-0.651054290838094
-0.539263626344986
-0.566383410998712
-0.438776657252742
-0.534609631903949
-0.61293672541914
-0.531481305442509
-0.440549887672762
-0.506943187937957
-0.548945597731182
-0.518375788191799
-0.371539485814213
-0.549582262531698
-0.558033552249379
-0.483559934161648
-0.594114265698961
-0.533321652439752
-0.716477206289179
-0.547337854252597
-0.584108668417213
-0.441134357013613
-0.466101769372128
-0.684716197991679
-0.459375968597477
-0.529248918538976
-0.549915073469776
-0.604636726281003
-0.452060477780692
-0.578081097791061
-0.554812714381824
-0.535511049863489
-0.379429253248099
-0.414282736878164
-0.51229650253038
-0.511796782489693
-0.48941327886977
-0.54147730248497
-0.682306485661131
-0.557360303079134
-0.42913928775172
-0.70029146876574
-0.301397620334477
-0.57156723215274
-0.495156971025617
-0.527741255036982
-0.376450861637939
-0.649308091803378
-0.33535910650074
-0.692140869367335
-0.602143827519988
-0.432019772450204
-0.487702206387898
-0.527929241499434
-0.452099310076871
-0.522394659934658
-0.43532963051951
-0.50820457048058
-0.495996327119383
-0.30097489584564
-0.522996628851265
-0.586565503380198
-0.439274699218035
-0.419792177986108
-0.477771505775151
-0.477414312142692
-0.313746128582222
-0.382154352759479
-0.548425432455376
-0.558473938408751
-0.357190908769809
-0.372107899587695
-0.371714429657017
-0.42117291389852
-0.593496852183358
-0.498866311639753
-0.555216063254673
-0.319038617491779
-0.555792287497906
-0.389371251191111
-0.357464779062883
-0.333119401907445
-0.321496493602826
-0.637926449280629
-0.361103064919464
-0.515315106549126
-0.642153810091977
-0.338620475312454
-0.545836487261794
-0.455997953672067
-0.438400973996089
-0.406890153393693
-0.404762856784174
-0.442642039234513
-0.421721392280167
-0.301508468360215
-0.341165074253635
-0.549224198741558
-0.424470695087231
-0.477385471177901
-0.478113778877893
-0.373640527819399
-0.374811291837739
-0.306597262497856
-0.465837664790221
-0.298379323446028
-0.452774889404468
-0.415978117739752
-0.357058082700007
-0.411472575331609
-0.313173263929514
-0.481358331121822
-0.249744276520327
-0.232931033484377
-0.329581732321442
-0.47593866821909
-0.343539806727194
-0.436672748800814
-0.409818063196668
-0.354245615723248
-0.474610441434724
-0.29912425415131
-0.221619105113326
-0.289410595321798
-0.405854405524069
-0.319382421668128
-0.346725742977749
-0.333490606381218
-0.303735672270445
-0.130411636665757
-0.41349749416511
-0.257627280082847
-0.337988039111761
-0.413259169631175
-0.543193589363838
-0.354674924568115
-0.443233749718703
-0.165444256739066
-0.329291267923128
-0.347596305022383
-0.1981906896712
-0.130681067224839
-0.337655095768702
-0.151982906875442
-0.388231638530198
-0.296500843664489
-0.278697433042804
-0.400607455543438
-0.0904808919157108
-0.205892280948877
-0.341504251308806
-0.314664598845114
-0.334705899997143
-0.36287969879788
-0.322655702120591
-0.341457169494403
-0.277404049411837
-0.408938589574379
0.027880524313052
-0.408976018460517
-0.200011672970827
-0.33444248128819
-0.298146204557255
-0.11365653678579
-0.36463357330483
-0.306664457685748
-0.278952068639406
-0.119427236668859
-0.202339602499946
-0.136567618128155
-0.199750329428739
-0.1996686928075
-0.208001394835813
-0.244446711384528
-0.246822864030891
-0.445909239313299
-0.225842104824079
-0.297845737918235
-0.210001940141171
-0.0775462932435953
-0.319024263345198
-0.19112775429092
-0.358606815960517
-0.242769307646084
-0.303146040695101
-0.288224868951069
-0.26638677188029
-0.0691550409816142
-0.0883671672971438
-0.171091628420993
-0.262214148945723
-0.187338457787613
-0.241177202048746
-0.324161000273915
-0.185926890994131
-0.271870272999045
-0.195332015870609
-0.304686842169016
-0.142308247560251
-0.352169553740206
-0.198415997043061
-0.215762013439792
-0.281894037334462
-0.168982294924886
-0.199981258012426
-0.131257909630901
-0.181630997104294
-0.0884314080781744
-0.0189625237664977
-0.179069381769875
-0.135443957992282
-0.00650236299649046
-0.215365364181424
-0.227503537193008
-0.187640120391214
-0.187865410114277
-0.0890098298784649
-0.239352133239588
-0.151982900172396
-0.0768965551444418
-0.241513435856509
-0.203611025539474
-0.0713710352458904
-0.0445375719607757
-0.153934436309952
-0.151843724492473
-0.154408284381712
-0.174262191063301
-0.267233875764334
-0.109507375327288
-0.0732653555862391
-0.158299186701871
-0.227164558234661
0.0198839723787304
-0.17551470728685
-0.172991259484514
-0.0965091711681021
-0.0860164997279852
-0.00575273616991514
-0.0172269979243397
-0.169458725419791
-0.164481669462366
0.19563167765398
0.0115875995749248
-0.0553731023231895
-0.293020115161605
-0.203480375757369
-0.25525090365606
-0.1458280402004
-0.153183324639199
-0.0740702847763046
-0.142556878612709
-0.0677893701540553
-0.102976303160101
-0.136540490525521
-0.10565929567414
-0.0681617635417329
-0.035252141656464
-0.143276853882559
-0.151480362399208
-0.12079264183592
-0.0496752429797525
-0.0177438723536091
-0.0812363005942543
0.00538022601726809
-0.0924847129542692
-0.0314061412222058
-0.0588932123278508
-0.149399500585805
0.0616659189184616
-0.0420767972158814
-0.109532956774098
-0.0495906883191505
-0.0134832857032174
0.0682618937223838
-0.14105531587206
0.0608946392055687
0.16115935970437
-0.107038707181075
0.10361363488882
-0.0673064741555863
-0.0186250855259124
-0.0835442249277772
0.000592827087845279
-0.0396687581444981
-0.153165470696583
-0.00367197932345161
-0.0499379190645242
-0.0519340084190081
-0.0262487826629506
0.110064173255331
0.0686994477750325
0.0118556354377856
-0.0842117558182512
-0.0259216323061275
-0.109196917651359
0.0139449225353328
0.110564456896441
0.0116486614200192
-0.0164448544531472
-0.116381505619851
0.209746456504029
-0.121138103769599
-0.183839991293654
0.112279636681135
0.00017317149607578
0.0432237374898248
0.0909730966187876
0.057806087269117
-0.0207468513346511
0.0475406434891843
0.0374437690301666
0.096294844060092
0.11601371615144
0.068140852703564
0.0354457952064708
0.0763090127046206
0.0823818972975374
-0.14435414679324
0.188412337943479
0.0542583245625857
0.0405326591393641
0.127377139810688
0.110824223943426
0.0563838961328306
-0.00368068005640032
0.111552145919974
0.119732844809646
0.106637463909825
0.0851497088754174
0.195168483365949
0.0325335307799553
0.0691808182958681
0.0194329908715525
0.121775817133668
0.151141298230445
0.0992099662543981
0.245401930513936
0.123478748234534
0.0312083743342798
0.0640851267766734
0.157666394854652
0.0847719998127427
0.050337685033807
0.0227239050358687
0.0307375774560256
0.134509901407582
-0.0242639955045922
0.0681659370446186
0.00531656565707428
0.196625005714262
-0.047944630732559
0.151839417363222
0.168999643667697
0.12152870173168
0.268171283760826
0.299841687351693
0.23564117172155
0.144766553536029
0.144568877427778
0.0427092979559876
0.21067008824261
0.0667113348632228
0.029059932949757
0.197998692219248
0.018093368514788
0.17276467042911
0.140822680771796
0.0646675646062158
0.129308014245465
0.164961296336986
0.0811636668164881
0.262976048479888
0.269962928459483
0.127011474459338
0.117789206987876
0.102462851942107
0.109635701208173
0.205183222159081
0.176605354323196
0.152193632991188
0.248803396512356
0.0623088291288102
0.357064162131764
0.232905237728955
0.141649542245587
0.178551973370008
0.131473963237039
0.214765538788423
0.26958281541154
0.054332291125719
0.240457624964541
0.182457424319172
0.0322215676167678
0.176968414224149
0.109930146980618
0.235863221430896
0.155840020502403
0.27855610628715
0.278678449852822
0.134259383608003
0.38930787615884
0.298711511237189
0.0651316746982995
0.162751588936138
0.118021867276094
0.226371861655996
0.284386185356889
0.222444950766304
0.318101595496278
0.332365234024347
0.251429173980512
0.297651410708488
0.299904389469254
0.26999736605423
0.14086138304527
0.171810163712476
0.270883080743777
0.19674597534046
0.311936240889261
0.285454785480722
0.335880326951748
0.262726914525915
0.258610362341058
0.257382629400316
0.297643706008892
0.311669876314046
0.308797810751289
0.296218497882643
0.297683284372411
0.298924773354469
0.231794619331745
0.300322701528221
0.353965459321053
0.254681739917661
0.209283509935298
0.280052711055112
0.349242290521685
0.374401889284022
0.455157286363587
0.280750508787547
0.251818846468221
0.27470171244296
0.380512680131689
0.327762328123503
0.160143256664668
0.337695629974113
0.173197438530199
0.279354941806448
0.276061576214561
0.24523508518803
0.369444644406253
0.379099858106984
0.437485450277218
0.223036007091479
0.318139431143556
0.291482266490861
0.31277526722212
0.26318915155902
0.260129833727833
0.206523856103433
0.410901257924907
0.422168481223247
0.198556339362136
0.320275446960094
0.233081806022697
0.228058355733116
0.184707851199848
0.274230694354068
0.422709153352645
0.376735135185257
0.353822397583856
0.299855828723262
0.247526945994481
0.467807252146912
0.429183546741699
0.567897288887943
0.504888517753195
0.315160242378654
0.399878324791426
0.470781071444985
0.346263939179648
0.426116531307155
0.523179095836981
0.288059569915393
0.346368528202663
0.456886999613936
0.371565227501859
0.352382751150097
0.511075057773157
0.410610035140809
0.304337368111543
0.23711060098829
0.455086434639082
0.305932413127532
0.286905748225522
0.357007136315421
0.307728258896818
0.390276060995524
0.436113780249013
0.337801167350907
0.386913213791456
0.243508331369635
0.390468554846928
0.326353502163865
0.53196239243104
0.448981495050591
0.519129155764403
0.390364042453551
0.388531897921138
0.283400230950206
0.418052754212507
0.520576608006716
0.374928193418718
0.364417672318396
0.462135698011486
0.485001992757997
0.476931051756702
0.349188320447335
0.488551272506793
0.515279004855741
0.478403954499911
0.278655131740567
0.43516107187569
0.408219151864649
0.572217301552949
0.558529413397626
0.39720139651874
0.399522933754661
0.451376006557841
0.40883881597744
0.483060502317296
0.386231719135178
0.439649136988567
0.491478549831613
0.588754191557161
0.528017184501907
0.587130934283208
0.419634590308781
0.567945078234042
0.535466110567715
0.550095168724553
0.478004037121036
0.614652651402173
0.557701184664754
0.500795643327994
0.378995968987092
0.33079061978131
0.490432834874847
0.421550930449578
0.571037470614823
0.455638162662567
0.59895447603587
0.525856045316175
0.485250222491837
0.701141491400649
0.639062095613829
0.633213681890959
0.46927592530057
0.539793831212905
0.419031910638367
0.562244693930967
0.536531926165039
0.511108334516107
0.62762312193173
0.586058209463339
0.549467034632168
0.514315056956748
0.674020198304819
0.592690158260869
0.532047592556809
0.485452907494925
0.641144732304037
0.593096587360143
0.622644085586269
0.367305356932964
0.514794122640709
0.695382600290108
0.53304185503552
0.664171305914477
0.575570307528281
0.63443043512914
0.61324330519612
0.694302471761867
0.617577286248134
0.617102311748895
0.696045517062628
0.53975895885811
0.549663059316528
0.580286446811287
0.512448439869162
0.524222002482053
0.535569011045371
0.624602513810315
0.640850685230854
0.48736267628073
0.610164655925623
0.493101580362106
0.672461635024914
0.642211529168437
0.51954804082204
0.583022165824512
0.478334691202812
0.529179336678435
0.646041849320428
0.64737238559579
0.58036873820562
0.651080213633825
0.564077080176661
0.69959358653456
0.761413845533163
0.413667389786625
0.518344366902486
0.528856516105482
0.652073849963789
0.636661827579718
0.56250851427089
0.575765453424433
0.627491552849794
0.643935314873087
0.678027888837805
0.753870966688104
0.598035152952729
0.756818347933878
0.500299707301174
0.619511417715642
0.712279967608208
0.721002613937002
0.61649166621857
0.568321137327957
0.740086570344118
0.807333548137233
0.609185499680518
0.810085143075731
0.767132474647985
0.650385784316519
0.694030222550544
0.844081892271422
0.749947335505041
0.633833430907711
0.654722176137853
0.655981547511971
0.648528501645935
0.649632771608532
0.58070480523836
0.71722477399563
0.542172673028425
0.768503691385071
0.811572537655255
0.669568701711356
0.603911316705884
0.669053242311134
0.718470870396675
0.652146532070139
0.660036191104833
0.613627920221263
0.661309325367472
0.609786089495763
0.803206873659554
0.710099191354455
0.667853683480945
0.718895471579536
0.604883218544345
0.563136175831159
0.720524273063356
0.831320781691932
0.7766824513184
0.777538513807708
0.628152533024438
0.793026139991534
0.525163286368564
0.871275694897001
0.759273690031115
0.784402550407404
0.644727510471539
0.629447893821908
0.621318146086554
0.859345122952594
0.672355151979615
0.868263488672922
0.767922529548196
0.728281012929913
0.778448355461405
0.643166240300082
0.746688957862793
0.785948868291806
0.696551370379259
0.707620186469258
0.78112711580515
0.75209928011654
0.745104486346011
0.803029322704259
0.815576560502499
0.805399126764438
0.916344747905097
0.812380558017015
0.873767325890591
0.853482467797024
0.84330527138795
0.797996895068162
0.748155068489735
0.633773728776729
0.939750493706639
0.870475639163102
0.886373967319166
1.05188911094376
0.912226638485247
0.833287619656014
0.773574938639511
0.828105106938792
0.92771869880319
0.768146065938341
0.782314743621427
0.868187289153563
0.969658757294668
0.841348076110005
0.817518661550248
0.735739448512552
0.840051868812341
0.89619925648325
0.858563144057291
0.912795054443592
0.732759454091675
0.735036107543373
0.865956608264409
0.863460878214741
0.969458015822335
0.825941647996229
0.94745038378
0.855998649678034
0.926741086202029
0.805489754781866
0.997673762280241
0.851358385142863
1.06149958611046
0.743912931280423
0.808107510503837
1.04013189558819
0.839041996636843
1.00203931025476
0.902220061437097
0.842493139478443
0.793314288733227
0.95513701161503
1.07530564129972
0.800879483076654
0.958388700936008
0.885123945377596
0.83871175402369
0.975563403996187
0.985441006043632
0.913137211164067
0.88413831808406
0.904167479834929
0.99091004996291
0.848869793616243
0.833578503329305
0.939681042569093
0.931179269432951
0.841620434308638
0.936087098268387
1.04413637048673
0.933739498264225
1.03311293739502
0.875039726866112
0.833065707876029
0.856863298141918
1.00262237876051
0.976472777909652
0.846952243248582
0.924944900458697
0.922380559320733
0.91629074945907
0.927694078080405
0.91565318655519
0.893636353683989
1.08152002884437
1.06586885054161
0.878902404181393
0.999574157300493
1.01450019599363
0.915888736203616
1.09117000044053
1.01374756066821
1.06359414914876
0.991498200241829
1.06790651753926
1.03476282388727
0.912082892350918
0.938153039455526
1.03233171920831
1.02835465036166
0.926121291205251
1.03957697410453
0.956875010866938
0.901401121258088
