"x"
-0.937006577473488
-1.02388691524383
-1.13376713168018
-1.08468626125327
-1.03724807582489
-1.0293249497757
-0.924118010808272
-0.894178851184759
-1.02847159747308
-0.966399301723399
-0.948197720815246
-1.09993913648157
-0.933031932591906
-0.879414851974549
-0.793241434725694
-1.01733272279339
-1.06952769792399
-0.914404407920811
-1.0116814910158
-0.805074561102833
-0.819544929634793
-0.874360034495588
-0.944223175590132
-0.948727576937678
-0.861226533703445
-1.10777059831984
-0.975552947911351
-1.10994783326154
-0.955017177780278
-1.02392972166436
-0.920956487666412
-0.855659584084504
-0.9454742748278
-0.975753377718662
-0.88240097130748
-1.00655141343403
-0.887679324647522
-1.06768306726849
-0.865953694279587
-0.918035065023713
-0.963227320204351
-1.03701418689258
-0.951546560655895
-0.984166414787217
-0.894384361958451
-0.945980326991128
-0.889487686559474
-0.673434078687293
-0.883936718711989
-0.939408678249691
-0.993392425546404
-0.900640540536905
-0.826126998931481
-0.830885918421178
-0.909526112326072
-0.92634421490351
-0.827804420025892
-0.913287796649475
-0.895750286410933
-0.776503429744598
-0.885904796009581
-1.01892199637986
-0.90533970591201
-0.846366426392501
-0.908574069928331
-0.870194368116885
-0.782214396451535
-0.872516722910379
-0.86122444006708
-0.96025477922183
-0.710808113393189
-0.750034151276284
-0.986815706244119
-0.909505090908889
-0.78863650637101
-0.852360516215874
-0.978813871996667
-0.736710332916763
-0.891536781158606
-0.786344674952766
-0.812682510217424
-0.763895537090553
-0.978834904659963
-0.76552442093038
-1.02556654081789
-0.818009331535989
-1.00741456151199
-0.835635687043264
-0.764126595866699
-0.728605458257248
-0.765909510414761
-0.820971897756757
-0.817235882476489
-0.81497629649028
-0.79638542868375
-0.78803099136276
-0.759217457046938
-0.673394373626868
-0.899552350710164
-0.719241799614375
-0.754984078798593
-0.82845531563186
-0.576604082893608
-0.684027595748041
-0.767974037924019
-0.772461340963668
-0.726558165114676
-0.678555234706989
-0.815777109397558
-0.742971707383654
-0.593908537138572
-0.816795862288
-0.82860715553143
-0.779583391183347
-0.857770035796155
-0.84701836971771
-0.747292535800734
-0.777166340379297
-0.597640976477367
-0.769824466071951
-0.642119782612233
-0.872729911933045
-0.811300228338452
-0.845995935902064
-0.841424274694098
-0.69680012995682
-0.864869132562398
-0.73888225965281
-0.817905085989474
-0.676544748737372
-0.668411127010106
-0.730579390161186
-0.670324925614344
-0.829896351125333
-0.734992508600806
-0.781181379781579
-0.664568439359657
-0.819742698402376
-0.659143375484971
-0.64936855796747
-0.626848643080156
-0.571950303986541
-0.884249052168389
-0.564515620305203
-0.638831902715322
-0.777063688246361
-0.752189084119605
-0.694299472981467
-0.69408314981129
-0.64354525989221
-0.573252341809795
-0.582338600910639
-0.639660032720343
-0.772720247249841
-0.739564054398498
-0.631829519320563
-0.697587933988547
-0.60125401587175
-0.670072667422022
-0.65098783578505
-0.76639910726341
-0.619219502616342
-0.665331934546338
-0.54183813011578
-0.591217923390334
-0.739116579428372
-0.752273805900217
-0.604523154334283
-0.732945959380302
-0.704631576151595
-0.58750918295391
-0.635536504836904
-0.520091469262357
-0.697274534446967
-0.716261021423223
-0.627618919728513
-0.719142785462463
-0.629687923887028
-0.807033849906722
-0.63989348824129
-0.726213746375714
-0.613669512064393
-0.63215915897755
-0.683022761166164
-0.679752893350736
-0.619326235005861
-0.634198371046469
-0.584158389212769
-0.625423481035033
-0.748483810374073
-0.628105902885525
-0.743007852875853
-0.506817114471329
-0.629880804086095
-0.63858256759514
-0.607649165072635
-0.671029926342559
-0.579233419473649
-0.633469574810092
-0.678863037843402
-0.723530125876065
-0.523126734038764
-0.559141194591629
-0.514084785109308
-0.674452939370415
-0.644977458860924
-0.390310552151153
-0.602495616154472
-0.475799846596681
-0.314099080296412
-0.511489793325412
-0.533125186784418
-0.642552589116952
-0.521700009103168
-0.647998102454468
-0.542876382358094
-0.359209011793885
-0.513554816257853
-0.703609050688913
-0.721457564653004
-0.618246149242882
-0.578768936832576
-0.386109810484772
-0.785289256825009
-0.694027891325762
-0.609806362759977
-0.461414727172096
-0.508381039423726
-0.38955334911851
-0.574884294240324
-0.642847050019493
-0.671808819522082
-0.594144294402895
-0.567012543013462
-0.544839485312633
-0.465403573952549
-0.699102776791168
-0.459060391884065
-0.53502139395464
-0.475353715318776
-0.549692832111386
-0.590632179599281
-0.514984750440893
-0.584647414383421
-0.593126922913966
-0.360072683970242
-0.52670827311413
-0.450394554153223
-0.426977584910197
-0.639566478685288
-0.402029605899215
-0.484953527106069
-0.429966191310936
-0.392705561130863
-0.616395733918187
-0.489000174326387
-0.474551729520923
-0.476921925195926
-0.471389552210715
-0.377620654002296
-0.573548125456919
-0.55045726638023
-0.247071806145067
-0.541293708952833
-0.636399226748843
-0.549662302607727
-0.424639188325702
-0.546938162775468
-0.549514894725684
-0.483562023481142
-0.471347852270831
-0.325855907797651
-0.430153366018774
-0.403978057169319
-0.438470606925122
-0.65199346384206
-0.439839272303561
-0.472815735567912
-0.437483477163311
-0.465127704763797
-0.429298153626865
-0.45163787135882
-0.517068532622329
-0.431709858203846
-0.462811234900143
-0.49735843844548
-0.36947169931493
-0.412405617270297
-0.360844907599472
-0.639707214980619
-0.493340737811443
-0.397581134096467
-0.626782507499996
-0.461765316383387
-0.378070930832627
-0.462224052992736
-0.440752953984905
-0.45788849554091
-0.330733327915436
-0.54050561875324
-0.465993174330698
-0.459366366297369
-0.325554404640173
-0.427463359110967
-0.237764799217876
-0.387697591031758
-0.540206059032593
-0.175766793020095
-0.324444642116282
-0.307473933681882
-0.328099735036283
-0.324077405082562
-0.393087327488419
-0.229398054302858
-0.411419052579427
-0.370278799036005
-0.346698252806954
-0.172854545657477
-0.464875812244687
-0.400061636005453
-0.293666519758356
-0.365554773975372
-0.313868816496656
-0.441655825235535
-0.423605683251238
-0.405299794736049
-0.19858750371764
-0.290652531166764
-0.368348092319662
-0.470466273071824
-0.179869232456009
-0.228437812179507
-0.281783445347118
-0.298274390563405
-0.299390206777196
-0.358289576722617
-0.284955120781902
-0.263474539488912
-0.325389394242293
-0.239679917148652
-0.289609869384498
-0.249166562131808
-0.364022178060704
-0.227450948431434
-0.367348558812985
-0.369749053964245
-0.304921518918753
-0.385825546130803
-0.29623280241562
-0.429707247174369
-0.195791964911125
-0.30002973644514
-0.293848785621344
-0.153067849634084
-0.394349820130241
-0.310823825443005
-0.274756489685564
-0.31913875153437
-0.2449035317888
-0.265439969160702
-0.258731292180099
-0.366232199642408
-0.282405175723998
-0.125633412635926
-0.198529683771812
-0.268691592164046
-0.321865254634002
-0.221064211838807
-0.205440574715573
-0.292999012696934
-0.214069304398678
-0.259115646893276
-0.147882802061744
-0.149068353647709
-0.284514677193534
-0.269662331512285
-0.163763138016616
-0.340077500540774
-0.181123728051055
-0.236317149499705
-0.226579266099319
-0.314427072842186
-0.172384849244843
-0.183432934820754
-0.182379200567747
-0.275277548768389
-0.296248483543547
-0.243034951115735
-0.257240406686194
-0.15985876844855
-0.296967944882606
-0.161505516906888
-0.218833845601658
-0.261071991045667
-0.283960882890423
-0.219038670582242
-0.0456543548074861
-0.312500923012578
-0.237912842821701
-0.0321625850290693
-0.145404514943192
-0.312885369986331
-0.0622790978149275
-0.16733055319539
-0.286829017606745
-0.255694276300485
0.00132363789024184
-0.329483366939471
-0.21032795414602
-0.103667872321352
-0.214402514108361
-0.103084865112203
-0.173900723631588
-0.168348108608298
-0.126891890780559
-0.127274307560078
0.111183596336138
-0.0502436944157747
-0.0806417516307787
-0.176704792634115
-0.150876998354637
-0.129127870532497
-0.127195007139493
-0.121751117388713
-0.117949160746407
-0.204420471078337
-0.00721531325044779
-0.0482664429857568
-0.0554143587954279
-0.192901518900297
-0.22807352119957
-0.181732376342614
-0.107923242916681
-0.0869332131448082
-0.112677174231478
-0.107376749907435
0.0403290017508932
-0.0485171864325546
-0.133788589564323
-0.112162721367172
-0.12605928175383
-0.199581845916058
-0.255158767768462
-0.208515391977376
-0.183097203064353
-0.213980562082976
-0.160470165057557
-0.293536126113406
-0.207548298941667
-0.126219096232929
0.0717180003746438
-0.0542504833832811
-0.00638806678666972
-0.116769556712989
-0.0236495563146573
-0.114468436962472
-0.0137803343242426
-0.117682860416971
-0.138640063630943
-0.159421631054784
-0.0950987630911544
-0.0105773109618403
-0.0780925908185464
-0.0538557026083506
-0.164011624767706
-0.194463545063666
-0.141581978859318
0.0018718899500379
-0.0330801184352673
0.0122704950755347
-0.100568468357711
-0.116177830862558
-0.0114812217960454
-0.00682731044075502
-0.319244870992383
-0.126490976118001
-0.238171216685277
0.0385095749834526
-0.0630285942717166
-0.0496517288686459
-0.00969277200223104
-0.0903716704216442
0.0526012451096608
0.0299929735858009
-0.0563749220868761
0.00219754750981031
-0.174518009100693
-0.0217943454368408
-0.104579432561561
-0.185478035041053
0.00228802622521194
0.120478378988967
-0.00660156161673178
-0.139710179729635
0.0751347217371221
-0.141611764622603
-0.170339515921894
0.0549978650784041
0.0264530020758822
0.0183430711800117
-0.0489723334002619
-0.0304367575656367
0.0308325739255325
-0.0340645181439551
-0.0671571532189672
0.230083560998375
-0.150197753435333
-0.0461626613406044
-0.0614034407717475
0.0590024613144754
0.0255230222367721
-0.0706232891592683
0.00530049228778422
-0.130968848220066
-0.021582497220028
-0.00574983755743027
0.0509350681561302
-0.0397548662414339
-0.00342434331444882
0.198556903651516
-0.0839307163106773
-0.0383730817347698
0.0110947831102651
-0.0705708166457423
-0.0136869318932441
-0.0318772869714736
0.183299292317363
0.0824516244162086
0.066736928818927
0.218095093931544
0.0337494156105649
0.037717328887251
0.145800032171243
0.159839266458476
0.109971617581451
0.218465075466986
0.0952669947605372
0.0433897500521384
0.188606592503717
0.127873339279863
-0.0767360513837424
0.113634770349078
0.098320727994614
0.0574203810915436
0.00537776447325865
0.0995028448028282
0.092517786556681
0.122018050410276
-0.00789985615836132
0.0960238395065033
0.00368023875440484
0.193672117646624
0.120462866751553
0.133143882300852
0.199655043636491
0.0386569267609648
0.132731189469394
0.177926331297807
0.132360185414285
0.217594189016715
-0.0152465794756767
0.013412967111593
0.0815916654424989
0.0705532754548975
0.371404284773295
0.243658940052941
0.246857951780254
0.0370254474781818
0.186974021236126
0.0141332722338796
0.132249899177269
0.25928282292019
0.0117341123960549
-0.0214742557745953
0.113944232714976
0.201900188631051
0.147830193665434
0.145644756070078
0.206971180962419
0.252022472586393
0.179174198803147
0.210486544236273
0.0880679448446168
0.189163942480318
0.102233114810496
-0.00843073563389955
0.133871202755946
0.0895745294896352
0.195635422220327
0.258176291487652
0.216744966323315
0.176036449350039
0.262722764344117
0.190363074926568
0.161440796309759
0.202653772397355
0.229878195380539
0.221799805528083
0.156162213238338
0.110870008418964
0.218041568139787
0.24624448764151
0.197388337358075
0.362127727927857
0.230967142444582
0.00545230856980842
0.217820050321187
0.233394071363893
0.377375673240897
0.137053132757606
0.244349301239833
0.267870197960251
0.144978524306529
0.382586125624785
0.276379555658207
0.211871839913111
0.257778891827166
0.155550452579869
0.290221573779728
0.441301274744019
0.343842459348061
0.171495709994955
0.276476899287437
0.244046561065828
0.328097105496974
0.290119122404885
0.376296936023326
0.156831283214699
0.317929820276244
0.32151129255642
0.181449810080418
0.192377521155069
0.252736808817183
0.331874812620164
0.255250152180181
0.420092004026042
0.272466354281718
0.436200919444616
0.257559661964487
0.261115286916257
0.317205496172598
0.271681727427957
0.201084360899628
0.21153861695175
0.203603873357888
0.368500352499759
0.399959171696034
0.358855891121912
0.219243000991364
0.44649142551429
0.532626997829577
0.401086432971365
0.350139811102453
0.356813517128556
0.0862963328240082
0.355849989414756
0.381127472273751
0.17037013650729
0.456977538912234
0.336715343813905
0.357533684838318
0.365506941878314
0.32072873350402
0.417267621804531
0.274208878754959
0.357607326525139
0.307056048039206
0.3112970457791
0.406836554165532
0.309570115442664
0.383757052085871
0.35951072670157
0.25628634010609
0.419209379044476
0.33591137522898
0.265325176182421
0.330031725107292
0.359713748363234
0.380954363305119
0.46779744141109
0.317656590119495
0.376953556320391
0.377544646885176
0.506088579290334
0.45740738398461
0.379229930289721
0.371520463342142
0.408589686015336
0.35897044037518
0.379848870662306
0.475950040962557
0.291684418959997
0.475650791802347
0.393330093071175
0.382137280358725
0.358526747979626
0.365642442311503
0.459844527779775
0.421399678783947
0.499156928562219
0.331778287099736
0.242783669146215
0.378975755962912
0.593139092541612
0.385309776625181
0.563213638472562
0.361004069283368
0.305345116101015
0.355947452177637
0.450084261012842
0.402459772232467
0.396393766597965
0.365691261953224
0.477667475863073
0.456134370762221
0.648882115138051
0.476007431242941
0.495938277987119
0.462011594328443
0.392021306565373
0.493503238277704
0.446108594241199
0.363327447902528
0.545928812425215
0.634171501803677
0.272605681884881
0.507981315139822
0.470007815129223
0.617116507127879
0.311716838518156
0.425455768629878
0.542283041486156
0.431124055510025
0.510976922874031
0.522302923276058
0.400281716297752
0.547601875176526
0.527779773696515
0.547649017392742
0.261682695073347
0.450222003327735
0.435811370286692
0.335999876325545
0.580124494300065
0.420408951814064
0.49811298832323
0.541418868610264
0.421352212990492
0.341650533044608
0.586477637086355
0.445947327755262
0.415336591261209
0.561244669616949
0.48501768121336
0.4894480724522
0.343704858557574
0.468641584348902
0.573080768521769
0.480743310843234
0.558577153603968
0.551280180214703
0.48285320231073
0.452481293339492
0.569820616488635
0.410327329157704
0.536771523515855
0.55639188532495
0.587033631082605
0.501233628376946
0.488547606854574
0.462705610827221
0.395303756229729
0.522433427928883
0.54388408838951
0.649097063753882
0.656559927104971
0.586907735942932
0.353093252195224
0.570331673280224
0.511045258395613
0.614605661542976
0.482575538157252
0.481270694830951
0.59963893307374
0.56560431874629
0.466067110397369
0.584889393246084
0.482143326836177
0.652955288537755
0.558183604799723
0.458489892985635
0.734013537626636
0.616179089454591
0.621660876880994
0.575914256203169
0.635372703605175
0.509445560829227
0.603791726423216
0.433502040743967
0.668769418045958
0.545869706363965
0.562946442790067
0.660030615968613
0.793648645310975
0.616018285853447
0.723949352907923
0.546587603342385
0.563316939089085
0.690619802933875
0.652202988869115
0.74964242285789
0.718085688620021
0.59275094222565
0.64567847946519
0.704235807901885
0.521005038150288
0.632514593643149
0.537926608598261
0.606296280905647
0.53785126585258
0.529259395403375
0.635412715436146
0.526764300481651
0.62814646400284
0.78458022089328
0.587263141605913
0.720686398887963
0.757509378802699
0.687302284175592
0.661193728704061
0.621186118725841
0.611365255051431
0.666631802405557
0.812290190271282
0.659477060111982
0.552347931237559
0.703445310748376
0.595182160947032
0.533247127585839
0.640513252244175
0.589142402251435
0.760280898523847
0.693917580779293
0.623430852429181
0.561642621278917
0.621599833762936
0.719080830691433
0.687314472750667
0.750494404276489
0.70328427074821
0.742988195028109
0.856512376490695
0.853967137361032
0.570391771721472
0.803412796541239
0.713486683303745
0.788377105961808
0.647152121024185
0.72634101847454
0.7829336413293
0.736949519433971
0.769894965961559
0.747840274215894
0.69058211553553
0.725286709542073
0.767238516955601
0.697323690966824
0.685131500171299
0.718403528175561
0.639001995540913
0.724995598442205
0.741614938589788
0.687336514023248
0.690165891433014
0.643750231042761
0.854662115309423
0.696366217174709
0.636378494053198
0.728202248288356
0.61002384900966
0.672991462643299
0.739347667366414
0.729264163882296
0.764933133523569
0.628935988561946
0.653474385809178
0.629311126171127
0.784754112123786
0.721261369181673
0.867297862323431
0.790048264135002
0.746298332219639
0.880719840366345
0.694606804740826
0.746278606363234
0.767305085998712
0.790358164660038
0.783349514852244
0.868486276156235
0.756235683420201
0.814800578611957
0.754409546141749
0.807427658089305
1.00538065018774
0.922299103823001
0.832684046879784
0.819482826311552
0.942172977772017
0.803568395977319
0.814235973557237
0.793610388874887
0.827775047155451
0.936992538065637
0.803165563416889
0.780854423071875
0.832767408242082
1.00043165096526
0.646124146705907
0.809147915098742
0.786200406863659
0.868149620621671
0.84442350564318
0.822227830422414
0.784005077516193
0.935601248468719
0.615079608931022
0.92003897627622
0.861212168613018
0.652008569106781
0.909734562236384
0.922086248131034
0.94883405949901
0.851826067741974
0.947852643535452
0.768390527269843
0.79451873241098
0.880370992693239
0.97416609189126
0.902588761612025
0.861317710782418
1.01200077565315
0.83698855016863
0.77782467590076
0.967335891349577
0.954620439877656
0.825260140118979
0.827096984222575
0.905372498945986
0.954368770950224
0.916216516140913
1.00250437017339
0.98601040400524
1.02820596963082
0.923673810361512
0.811524592567305
0.929513709197219
0.963748643422836
1.0466917619729
0.927800257089154
0.934196891952077
0.982898371129715
0.933423392586788
1.00364309141908
1.06457165538722
0.909343954266411
0.896481329073154
0.849309977779974
1.00573289955849
0.959108550450032
0.930836152510306
0.885437571290534
1.0830143323384
0.951936495339549
0.970624169799
0.925206734703649
0.949469420853867
0.867913919976953
0.919543473220482
1.04446176880167
1.03938575947565
0.837235175593848
1.08038280830947
0.993567394845021
0.828429586119371
0.916204972939524
0.907755027067623
1.10643419814824
0.956428933053821
1.09663618263735
1.02741338680696
0.916225360669209
0.779617080629573
0.985386611574481
1.10568102331617
1.12244250662353
1.06052803050242
0.926539274004396
1.06642322589392
1.0256500165582
0.987088790808539
