"x"
-1.11301566504583
-1.02448305760739
-1.06744568039947
-1.00057892652816
-0.927587562804575
-1.01353023084096
-0.919135943153414
-0.97657780166698
-1.07307819930458
-1.06708721459352
-0.994840936786625
-0.974747278870419
-0.922116315465953
-1.05060864062674
-0.888526190698614
-0.962837737162137
-0.901147372713633
-0.996736738594062
-1.01114381130676
-0.920438591659643
-1.11461845878208
-0.982977049239956
-0.904117126912584
-0.867050860103985
-1.02422948771404
-0.912275208083091
-0.902216562339505
-1.01705997167893
-0.971901352463899
-0.912550625322119
-1.05743939426417
-0.859788031823333
-0.901944054071444
-0.808024280082815
-0.861070500967975
-0.905827266395544
-0.772794300409225
-0.904940643287207
-0.896796238066064
-0.962912989756436
-0.876598088853123
-1.07576188502152
-1.0593113520827
-0.969001657093249
-0.823507091330825
-0.928513927505294
-1.00222465206943
-0.845709817990705
-0.780172733581906
-0.877787468371197
-0.864066907207325
-0.886909561643471
-0.849534043786096
-0.854586064663468
-0.846646813031041
-0.834792062630106
-0.904579926508271
-0.816844017892507
-0.971366633492582
-0.965623766741913
-0.857488222898637
-0.880913400097734
-0.890100930659195
-0.838453697538307
-0.889457612484647
-0.929816340357728
-0.925451905147627
-0.837203028611109
-0.899684118039692
-1.03948731266585
-0.953804545580035
-0.906886083919434
-0.96649881739428
-0.797712460031593
-0.849897690722782
-0.874848619433332
-0.896215535189684
-0.884196164001704
-0.898660077214461
-0.654506532226726
-0.881468513128631
-0.838140823561478
-0.844349200596402
-0.849675031393887
-0.914851445708719
-0.8309125797784
-0.76909070695967
-0.874812106633226
-0.80264980402173
-0.918331507276344
-0.805916132184644
-0.745702704987583
-0.860778502909435
-0.837741168619615
-0.762060993719963
-0.842934688297879
-0.840143152508168
-0.70200793427392
-0.773513610884792
-0.685150940284363
-0.847681787503601
-0.739209872769177
-0.719751885192252
-0.699115451505776
-0.743523533803704
-0.898085579872335
-0.622642654282667
-0.714891287622519
-0.746932948415224
-0.782128799701235
-0.834366659565466
-0.874951306025535
-0.772444754839827
-0.803219740945882
-0.876873634006878
-0.82665651807439
-0.883766134185703
-0.579902384960134
-0.77275633259938
-0.741040117014557
-0.759949074026582
-0.881891851433141
-0.822172546460427
-0.595420815115442
-0.486094719481505
-0.675643805882647
-0.692870954535745
-0.743920074010967
-0.760257314570359
-0.810075560580414
-0.758008715792889
-0.747772608545178
-0.724739831179596
-0.694079892857739
-0.650962727592158
-0.795322612405471
-0.79736049330853
-0.831888598694815
-0.57173399667494
-0.698035370459366
-0.647432800256427
-0.729687397439935
-0.690036686051933
-0.681602983802555
-0.633811548964475
-0.738164865964815
-0.808061233654299
-0.769344559054915
-0.652821084641878
-0.569924069148806
-0.555413886763586
-0.66460893565918
-0.687278470329993
-0.593497781368677
-0.718403854898953
-0.698571698067036
-0.833157858912768
-0.743327188798994
-0.568120334357399
-0.663819519185474
-0.687604464223566
-0.684899054500553
-0.777364258434591
-0.790858030828238
-0.703557628239981
-0.806461936127246
-0.614563397603967
-0.545968550777005
-0.668197605543297
-0.551383146715473
-0.647415898835079
-0.64038292968674
-0.636595923976111
-0.603092736461948
-0.648240466404284
-0.659381949631235
-0.543500956521194
-0.597718432288135
-0.54346286294645
-0.75509862906838
-0.686849177849606
-0.680352353236018
-0.656809636078086
-0.617314447523983
-0.596738430217034
-0.606968409095828
-0.64211531620139
-0.680537714282208
-0.553567176156339
-0.696645470332181
-0.615142515854094
-0.587424402408342
-0.601152165099526
-0.464888682285106
-0.5955124594048
-0.639304066896127
-0.612326903277763
-0.626293073008329
-0.688677125203433
-0.540872486084628
-0.578046121975869
-0.587521303642702
-0.67603188005336
-0.621607725858913
-0.500564533531994
-0.658060324461414
-0.551056299506472
-0.570668268969037
-0.432196659158519
-0.557044942301946
-0.598654981865397
-0.530389107514958
-0.434659761193425
-0.496823410374006
-0.557364056419723
-0.50124206173979
-0.363979637922129
-0.559360411094543
-0.552585363835029
-0.492084798499292
-0.583059232686641
-0.56598802227185
-0.719111841969091
-0.54553612222075
-0.562636559311827
-0.434787355211618
-0.481327364433559
-0.670234243537501
-0.446675968559881
-0.56045399914239
-0.532117251644699
-0.590931140770455
-0.441811541837185
-0.572910605804644
-0.547781983774609
-0.539288013703987
-0.34898400853398
-0.432973575036567
-0.518387215238901
-0.524603944888025
-0.504299250911195
-0.548890679152438
-0.673034372448098
-0.55196785459245
-0.446592437425457
-0.679521464667115
-0.313953609595859
-0.592174045581901
-0.500721299636193
-0.543148480081863
-0.40730083441022
-0.642342862348926
-0.326413770895851
-0.708972280989226
-0.614083528242481
-0.44627859891964
-0.474641025849636
-0.525987591500386
-0.46712483830701
-0.512782111817151
-0.402019939907709
-0.509210401083009
-0.467012708680863
-0.297907020023584
-0.530335744756258
-0.618635504394574
-0.444908785808181
-0.384489327359642
-0.508568132669139
-0.473123335854366
-0.302389361322488
-0.389219171625817
-0.532236530271669
-0.584301116045136
-0.351268598198052
-0.35295349974108
-0.379318082535046
-0.417369125908998
-0.589731585390518
-0.506025590678707
-0.556051716076397
-0.31878237641073
-0.568689039656903
-0.365035601591567
-0.352211469422872
-0.332786543037446
-0.310342265746909
-0.637085959746664
-0.35549989478613
-0.533254273666996
-0.651774495993819
-0.338180016711051
-0.56133055397906
-0.42028934513208
-0.430343586742539
-0.413438058544484
-0.396123294558208
-0.446306689655807
-0.437989872516402
-0.29898789758486
-0.332586509209329
-0.536887071102672
-0.421965274868313
-0.496512727126142
-0.520531585413203
-0.398246768848881
-0.366336919427162
-0.298518370114342
-0.44615274879841
-0.297200500430983
-0.442752459019315
-0.388199771760254
-0.362745281001969
-0.425603238143811
-0.301424942661669
-0.44967763668753
-0.203161606052396
-0.221927726772007
-0.334465370056746
-0.484472842900456
-0.337481967920591
-0.454975227649751
-0.411975254214426
-0.344035196080936
-0.478222238746222
-0.326160902320403
-0.21951600430463
-0.303325655279186
-0.400102136826306
-0.316780902758308
-0.351357632792329
-0.35469611281327
-0.3111546915631
-0.136679015764544
-0.42587895234108
-0.285298468654322
-0.330094361544285
-0.414042192273979
-0.535787303089144
-0.372555928851584
-0.422653579037343
-0.183005882300775
-0.319162676121267
-0.357973581060886
-0.224222107401347
-0.148630935496843
-0.34629037373329
-0.160917520142245
-0.377429405239354
-0.305084456788385
-0.277583438737616
-0.40419229369474
-0.0935494789117305
-0.200015862459506
-0.334898121776122
-0.316311291220698
-0.333031868354543
-0.351996893936826
-0.322643197827044
-0.321073186662417
-0.268603345473756
-0.409320517119745
0.0210832730343487
-0.407722625073773
-0.210051189422067
-0.342135294480521
-0.299000853966449
-0.0876208296581171
-0.359325968351504
-0.299310181916652
-0.284216758187187
-0.113334771648936
-0.195011100422233
-0.139480203561275
-0.20027701708935
-0.194515169660774
-0.189377322540596
-0.251796984435798
-0.266470334776454
-0.442908682938615
-0.227709610638229
-0.285029970477859
-0.207810796089042
-0.0673944812889983
-0.330333938572649
-0.198425384315461
-0.352636478934889
-0.259373272086276
-0.286619287234687
-0.270817339046294
-0.268595741860925
-0.0878158731044737
-0.0959685513816515
-0.186410997542164
-0.247697403635485
-0.181389354810329
-0.272163625146362
-0.335291219449751
-0.185991946610909
-0.277212343667812
-0.162569834406158
-0.278646544082043
-0.146278040876722
-0.358276674114102
-0.175834225639419
-0.215687948822349
-0.269131632823626
-0.152881259322078
-0.215745110459504
-0.136632536765253
-0.163103868017169
-0.0930720335524649
-0.0178689450684199
-0.173149810758539
-0.134763224558681
-0.0230018625579032
-0.22740607395467
-0.224612683617349
-0.179997655903298
-0.198424086318684
-0.0685292157078001
-0.2521292591632
-0.159052250361977
-0.0717163408167721
-0.226007369149943
-0.21446179996362
-0.0726583916053508
-0.0559657267541828
-0.144948798247175
-0.14904702280614
-0.140370784520801
-0.160041971090405
-0.282252519677515
-0.0937261280083743
-0.0813109937720111
-0.151488975533683
-0.211568427391112
0.0119322781344569
-0.179176352160861
-0.152421331629474
-0.107116246628904
-0.09989675023135
-0.0238839150731114
-0.0109877109521732
-0.149269071074862
-0.170503314859051
0.198561855129685
0.0113670240534675
-0.0555816492301762
-0.268399822761562
-0.206336832393079
-0.232394891480666
-0.121023024357284
-0.180118784975994
-0.0842011884694669
-0.129653455580691
-0.0485273204051192
-0.124223039148867
-0.136874848293495
-0.121564020045984
-0.0533975235951536
-0.0235785104808188
-0.137919794477664
-0.15424996725381
-0.127028910140356
-0.0338788902713733
-0.0396338530339684
-0.0858780072131131
0.00665908534898928
-0.113220738669924
-0.0384943791461217
-0.0573403916942492
-0.146590031230297
0.0455486742709216
-0.0735713849872528
-0.113500255985891
-0.050990402121459
-0.0292941395796678
0.0402919759400077
-0.116780651318487
0.0747489853946062
0.1379231602843
-0.0887809984908519
0.0963132045268696
-0.0564902235991611
-0.00888053708026277
-0.0675459452250526
-0.0148546544928542
-0.0470979744292013
-0.150464674669275
-0.0156849687846025
-0.0628079320528852
-0.0318178745136666
-0.0246167022766108
0.109530872265737
0.0739082425598626
-8.90078403015959e-05
-0.093360227205945
-0.030224423536982
-0.112002392970663
0.0177504949318705
0.109825723148889
0.0067179760687173
0.00231996119190689
-0.113183380097142
0.194990125172532
-0.12401965359116
-0.185944421613048
0.0943567463911322
0.00410586681990708
0.0671668111471517
0.0864583541221764
0.0428124280203433
-0.00879181762922239
0.0200568361867136
0.0348041833405552
0.0898640737423816
0.11987245958389
0.0870585735407926
0.0340473741723162
0.0644472110148485
0.072653548454899
-0.0892368017040537
0.191948331339042
0.0597253014878608
0.0278209891578595
0.149580010785913
0.106398439568902
0.0565477277336427
0.0114793877259415
0.106224782106163
0.117890525878016
0.128711677560291
0.0924028973206655
0.209926914412503
0.0127929391187985
0.0297321786812129
0.0169656006760286
0.129127126362389
0.156755651661473
0.10250380149066
0.246725382308935
0.135430125823348
0.0261587152169974
0.0629495634473638
0.139990871611233
0.0879652484778025
0.0448480806332508
0.0363506245247564
0.0412181798266926
0.121666292255558
-0.0231861998717219
0.0735769359350519
0.0128321634762638
0.201526609928031
-0.0326621839023243
0.159051760207345
0.151777871503583
0.122170590987781
0.262349805529903
0.272478894392427
0.21558809643294
0.13954225405564
0.145830427365291
0.0512364379463477
0.198550386967718
0.0694935684854746
0.0507422031267068
0.177066104330682
0.0362118170786753
0.157361512698669
0.129648249947652
0.070823457646059
0.121478852230371
0.163542630239297
0.0657236981904202
0.275907841943035
0.272135043708156
0.122105856761174
0.122005865623388
0.0884885349075026
0.105052909318242
0.222054988966913
0.196182685527209
0.165403537289415
0.240938279035542
0.0629669937783156
0.328933442236044
0.242433086756145
0.149965962256735
0.20731973402694
0.125240088598335
0.187254317473289
0.273727514446176
0.0544592339577504
0.234420076008542
0.185608850031796
0.0301728417880494
0.15071989274921
0.114338297651329
0.218595522349213
0.14410192528228
0.296301567908064
0.259944829939034
0.116665632286903
0.399706428800622
0.275112399099864
0.0754316741856389
0.159281982568704
0.105457277001554
0.235974901001093
0.267816407680339
0.227078553147375
0.319079076460056
0.327542064356099
0.254548064930327
0.268211755548452
0.308754654343686
0.276513453883568
0.131436449332217
0.163841778901541
0.259520119798005
0.178913403111205
0.318637462295881
0.279272197470244
0.326247691395089
0.26920409072359
0.26657430161063
0.24006618821334
0.317890165234974
0.288447799877265
0.31610747260131
0.305526146088781
0.31148400314667
0.293109870934463
0.219759948811125
0.323616809187051
0.334868255972097
0.277213003375893
0.210483028513307
0.30003020703392
0.334737995024469
0.378450991906587
0.436280457358828
0.281565620518527
0.265151144553465
0.283742392820602
0.362022989885561
0.315665557025751
0.162083367675442
0.355388666262134
0.187903931469775
0.286941663071825
0.27824981619208
0.23584756692868
0.361694772886225
0.382613128118726
0.44193671064524
0.208069438629246
0.344697318282707
0.293619596608058
0.289488937886785
0.263325163640615
0.255287170671221
0.239336488055482
0.3855280679079
0.416099331034755
0.208884212623802
0.336990478337401
0.239001615399184
0.237533388407015
0.19984507712687
0.270273337781712
0.404118220104503
0.379490191881276
0.355873942528972
0.318891064375288
0.255237122246995
0.458947217261909
0.431931480997962
0.568971951751899
0.516459638447393
0.300980121347384
0.383175815209438
0.458837339391344
0.346241754565226
0.415560489632673
0.538233327751085
0.292130319868215
0.347513648438533
0.446864984076867
0.367113359985138
0.322570872424305
0.495617672663749
0.390611070288561
0.294611588327972
0.248631413888707
0.437552817966311
0.302199268393002
0.296458839761785
0.368550083179012
0.313032177421408
0.435754363669534
0.437143522009945
0.3460178543472
0.409408959440269
0.240801430428881
0.40637946424897
0.334324069203077
0.542276089801429
0.461612074675317
0.493458712368328
0.427324537552301
0.391182040797455
0.254705015451668
0.430999290835718
0.541862239613324
0.392281237767077
0.367690752145763
0.472077035444273
0.467258843021255
0.460157008328339
0.356508354599207
0.4981875734237
0.521588823836328
0.479649148797757
0.277966306403468
0.434664168428763
0.401279257567703
0.590544809816663
0.53788841051421
0.406322282830149
0.396295191475183
0.47311950841864
0.432949319434315
0.505147162946598
0.385810869990022
0.44404026606804
0.462757099698665
0.596003324118964
0.529544615432939
0.567480111447339
0.401338463615399
0.560640202540521
0.514216094302384
0.537863744980633
0.503958585532758
0.612969678344041
0.550361352550489
0.491896074346471
0.36771757326496
0.351850254781169
0.478444701183281
0.406587677958542
0.573929471435563
0.443366068317828
0.605142198791666
0.526367987162327
0.509638246521292
0.705917356528445
0.617365721955139
0.629113934325163
0.458975461806269
0.530822334884635
0.391863850782548
0.55742482880365
0.535459163939003
0.502715150472506
0.621330343154979
0.595361704751217
0.546100701795976
0.510269389746161
0.65403160589898
0.61835857107921
0.550187692876979
0.501438152305077
0.644995454454801
0.591776417740729
0.608843568784901
0.394784215215274
0.517082896878679
0.695172481289763
0.52681067576752
0.65813425373055
0.569894452374306
0.641691068098166
0.595368895287589
0.697426872339004
0.618985255633545
0.633578057418974
0.697491168194956
0.526235449494591
0.552530533234883
0.58267604201249
0.49881379910304
0.514012151147737
0.525801278075077
0.628750237254144
0.628970412317709
0.514050019908648
0.629532037649852
0.490586067443017
0.693721248965957
0.645091893097216
0.540132510568692
0.586670209012575
0.483166958325432
0.528617730365696
0.633050837286401
0.635448580637426
0.577647522122064
0.621632583199845
0.55024288312175
0.687016980484116
0.76787759827968
0.412154317731865
0.52163275410688
0.533757144042593
0.655319418506299
0.639429036592373
0.58244524521801
0.59182228970558
0.629673454278844
0.645906540264489
0.681345194052742
0.746025959209918
0.579006397265026
0.738748348756469
0.515024960594529
0.623131769221919
0.727268811157311
0.721869867306281
0.627409726959668
0.56296245768024
0.743384590784453
0.819144401169851
0.586935629691367
0.827365409472906
0.751071287347052
0.62050772474243
0.689942782340204
0.869263374146384
0.761560571807815
0.624849142739427
0.641520203620172
0.685132305375505
0.662559612077688
0.653167410895334
0.5899319779972
0.71304628789967
0.534078908297394
0.814828152880132
0.829195294540846
0.655355798536568
0.600268363354872
0.659925569439535
0.706485292555041
0.63945725176308
0.628162083289205
0.637196561570348
0.683565415364836
0.594679290955659
0.793855894437732
0.704254478377908
0.681742784250954
0.718571691213446
0.599932250640718
0.573487991581043
0.710163709037885
0.830133717639569
0.81218523965919
0.768370927142033
0.608089617821142
0.77823467661174
0.522282941495095
0.87215353825681
0.754057938939092
0.778773651423784
0.634699452654814
0.634027193029727
0.605572299743975
0.852429569553588
0.65400437127513
0.88921803865392
0.77204644909063
0.733963402501055
0.800726224591036
0.665666406627017
0.76065158325763
0.78166334548942
0.721416101334206
0.695597010804886
0.772490251731117
0.740521198989485
0.734691835624308
0.798987996279784
0.832022977239236
0.804582609788519
0.912078074322441
0.801337212961903
0.869251339402864
0.852436414636951
0.839324544659607
0.805636840250743
0.773062458349377
0.626177033624928
0.924944600015672
0.856816825526927
0.896743610391149
1.07906685974147
0.897741517350277
0.836306841298064
0.765581646611965
0.80217241379448
0.938660755571745
0.756813079270646
0.783820339843269
0.858155594413004
0.969877503908216
0.826580914769963
0.836446656169189
0.752071582828813
0.870771406875652
0.858581296549221
0.873841794919255
0.894827806533564
0.742431416515635
0.74216215344839
0.877554633920817
0.858371233068952
0.95304919650186
0.810221537134849
0.916024254559481
0.862116935318212
0.923227864758874
0.781661037624988
0.984039274905616
0.884851444400648
1.02889291006599
0.759250146807738
0.822728678182768
1.0196272663123
0.841390242808849
0.998831125721593
0.914788030317503
0.832697240123559
0.781435192651527
0.969409206665708
1.06632302586404
0.795345912371939
0.930677694474738
0.89525394815207
0.839815332131186
0.966045771837624
0.984261673177237
0.935435833728155
0.872771927135444
0.900378854819083
1.00505168420386
0.858363727197182
0.832819192165484
0.93225856223258
0.939959416105293
0.825960404293938
0.934969660003731
1.00955969076967
0.944126350587584
1.04182782794771
0.879661251649689
0.829005716058093
0.844146582628601
1.02795966939261
0.992038978551102
0.838371720738166
0.929718910092048
0.921424137969619
0.908490340271283
0.927089642348625
0.925304579524776
0.908488364811393
1.07717844332397
1.10242275699629
0.889901425735843
0.990636998269744
1.04328110865378
0.899957427676423
1.09801007688283
1.03441510425756
1.06670018029555
1.00431059591179
1.07087542476046
1.04911298400784
0.915965545968098
0.944342084731906
1.02944878053734
1.00711100274555
0.931939685863683
1.05484132897573
0.932496522133685
0.919309740404108
