"x"
-1.10675875939506
-1.01956696330002
-1.03400780891735
-1.02106729034715
-0.91648631774729
-1.01141575280763
-0.923562929244464
-0.965297538520068
-1.09316487180146
-1.06206897642409
-1.02483600438814
-0.961317948903046
-0.927599647959789
-1.05179388062562
-0.883902516930478
-0.961287265990128
-0.907392673883469
-1.00053041949231
-1.00412111890945
-0.92812685580577
-1.10755270400727
-0.993473025514037
-0.889162288034743
-0.860164768811927
-1.01322449497331
-0.915667216214231
-0.916386998126008
-1.00198991301314
-0.967037454174921
-0.930112660764203
-1.04888452577839
-0.887937539987929
-0.900773484972069
-0.834676609591922
-0.853301032295297
-0.894497843252857
-0.793183592507666
-0.9082560838436
-0.863744046485597
-0.945455143585176
-0.900655742853251
-1.0597412467295
-1.08906620068773
-0.957364310257299
-0.819607846738599
-0.930318886806931
-1.00680541246104
-0.852063425543339
-0.79459911716256
-0.893237296593076
-0.869546349845807
-0.882856140304212
-0.835834217088055
-0.838798710900791
-0.865124749940641
-0.826623159114781
-0.893816470659576
-0.831658493376004
-0.968533299169009
-0.954886289661885
-0.846469287374664
-0.869002958271719
-0.909445671681123
-0.840522464943292
-0.886795443896235
-0.94141050590078
-0.914337598564321
-0.816276531908699
-0.888514212846399
-1.02200051316987
-0.96463054198357
-0.880193903000564
-0.973606309079689
-0.807640342818884
-0.830647014694274
-0.87549639005743
-0.880655804214406
-0.897106544641649
-0.878936432110746
-0.671978370496237
-0.88013493644279
-0.825267680990432
-0.814213342182294
-0.856045088007161
-0.924108050793889
-0.844020112390174
-0.784651967562953
-0.861775118459297
-0.787715878304465
-0.936272566553395
-0.796854092839843
-0.736075968726776
-0.866558874897913
-0.822706875963371
-0.772386191398445
-0.859853552470228
-0.837725755459126
-0.723474574265019
-0.778827083170344
-0.707213242851686
-0.847502132821527
-0.751021852121988
-0.745894021553969
-0.676905766258192
-0.727078838853815
-0.915781750481444
-0.616230843452943
-0.722029242770634
-0.741605965041564
-0.80162603669964
-0.834915171967013
-0.870560927474469
-0.794955625314405
-0.828720061094032
-0.854468327014463
-0.822905253795791
-0.871796216279393
-0.602997271023102
-0.770984979871853
-0.740105447138666
-0.768797648229782
-0.901215194668979
-0.814075224127897
-0.589940006094472
-0.487315628470109
-0.6479315069903
-0.715830300887676
-0.739303154441591
-0.756604739381964
-0.794056203357028
-0.779541505791678
-0.727424713961574
-0.737172414719199
-0.735463230782
-0.624815547469921
-0.791818054754033
-0.808748938649483
-0.830442478678503
-0.574392161696362
-0.689302428012531
-0.633364809594078
-0.715482962323513
-0.694224217341501
-0.684318109593585
-0.631584469880022
-0.753648309111508
-0.804219606472728
-0.748129733139016
-0.646488563534844
-0.583720827705093
-0.553826270044718
-0.650534634503765
-0.685736534912135
-0.603189037634422
-0.739982261277028
-0.68697172046661
-0.838549682824431
-0.77265755250277
-0.564378223842113
-0.664532620982836
-0.705285327329449
-0.683967586996476
-0.797788422395784
-0.775027884218874
-0.68357134373797
-0.817673493875093
-0.60622791545072
-0.546808518444507
-0.669499552770821
-0.519547604471449
-0.653309563675571
-0.635529062388192
-0.643013123327351
-0.605560189962148
-0.630679396747629
-0.648396862386271
-0.529803357695569
-0.578130121946958
-0.561926143514123
-0.733809264716226
-0.67466029663677
-0.670421652298922
-0.649394095882447
-0.599212722249843
-0.578517188600621
-0.589829753453699
-0.645322654963496
-0.681445803142389
-0.55336976269828
-0.68889321040648
-0.615244004604344
-0.604057410547311
-0.624599976684101
-0.457154266277625
-0.574997670572021
-0.62598745269249
-0.605389438851422
-0.648760849499269
-0.676553385582645
-0.566510615068639
-0.557106740585558
-0.606747167973925
-0.650504517843038
-0.595464627770184
-0.490842905133755
-0.639426889457932
-0.547633294892048
-0.576355579504096
-0.439372587016707
-0.555982699150178
-0.608937316846311
-0.526283322034328
-0.418093180473046
-0.513780888544961
-0.555239221810426
-0.521772239309366
-0.368693411200509
-0.54368391379424
-0.544154557773888
-0.487611887428569
-0.572562858679539
-0.538912150658417
-0.699823126460386
-0.576752004087597
-0.585377236562754
-0.441923788685403
-0.473632224252383
-0.677408147298609
-0.453269709146918
-0.538418112059346
-0.564420499980768
-0.608044190142348
-0.438331240592382
-0.568728108248583
-0.529530826172565
-0.526690177047229
-0.36811441997086
-0.445556071146409
-0.505141216005949
-0.51346429512302
-0.493427541696805
-0.520380284127697
-0.672782599950169
-0.551716164030386
-0.426028060896633
-0.688040592298612
-0.32012551803845
-0.603498928676594
-0.507618746333744
-0.53275109540267
-0.3894392743012
-0.633589601061198
-0.342166652201664
-0.720937489899502
-0.610109559060645
-0.457869611365216
-0.46856122951754
-0.535070818378435
-0.471994607517641
-0.500437704172596
-0.399442265991664
-0.505389799848581
-0.469447636004893
-0.301003835567662
-0.537185869494878
-0.62027162454949
-0.449943367873812
-0.424986772008886
-0.501426119328276
-0.461149731442389
-0.319646823304801
-0.397926626284852
-0.543665909802991
-0.588263142154255
-0.334600781648974
-0.369439200187656
-0.365093538279257
-0.434326873662262
-0.595853420143892
-0.492375749900433
-0.546646286947425
-0.303078465779819
-0.549147575310268
-0.383650483613587
-0.356301751871955
-0.323244767764873
-0.322784842474584
-0.632379619307613
-0.389462574863819
-0.522589401345628
-0.656043317582637
-0.350272042920936
-0.561336362538441
-0.469857051792009
-0.421953180994846
-0.408230066735364
-0.408960875376846
-0.456299232374826
-0.417657541998631
-0.288590085593265
-0.335762659630537
-0.545322838970192
-0.427289028182026
-0.509318455917787
-0.510603792663749
-0.38924356744192
-0.352901515814891
-0.310817623935901
-0.440090483296649
-0.300446845559387
-0.461315836096771
-0.381979991204856
-0.352751437102296
-0.413201417528349
-0.317491501856797
-0.470523312567153
-0.229184901961638
-0.230914474566182
-0.327046191865596
-0.483752249819054
-0.33562065096089
-0.42956184629463
-0.415270448363055
-0.364729442534663
-0.490885679722386
-0.30815599595124
-0.24190905455888
-0.310160770038529
-0.41581970631609
-0.311981147252353
-0.339817156135494
-0.345630043361538
-0.320767854757573
-0.140841613186807
-0.416400722605787
-0.297783639072927
-0.33806196068552
-0.39820521680423
-0.537331562356162
-0.341398128341044
-0.456151075211793
-0.187083896535684
-0.316760858026688
-0.351481406873349
-0.218173340822369
-0.118000657710739
-0.353973226285095
-0.155685919076949
-0.374881520058318
-0.292584448075977
-0.293893584317697
-0.398086181605559
-0.0791298820951945
-0.198832672197177
-0.351105983082153
-0.316519692301215
-0.313370819969169
-0.364378979855693
-0.307858498653054
-0.326709877818851
-0.272350776505296
-0.406341794574704
0.00812201699118658
-0.424532947924807
-0.183741457608632
-0.334964466355513
-0.303392712919131
-0.0934282170820784
-0.35118572136253
-0.305315202154616
-0.272359096776842
-0.119164503988502
-0.190278738712368
-0.157743193802848
-0.198786801804386
-0.185484253454068
-0.201376434620672
-0.240331187874477
-0.248209021900561
-0.458952650578463
-0.231222932571907
-0.286161988275455
-0.216561076596836
-0.060372803855006
-0.334848658644922
-0.204629941667216
-0.333777441671575
-0.243023097133018
-0.280992374051956
-0.301795078898342
-0.252476573369704
-0.0896849465090063
-0.111651427480786
-0.188556134432448
-0.247245001166951
-0.166567862028675
-0.259252836715183
-0.329054065194708
-0.185730108702228
-0.277003301633687
-0.172005425826421
-0.291117886387884
-0.117256442585997
-0.353886943541144
-0.188534517252014
-0.221964043358953
-0.265395004331051
-0.144687655169866
-0.195384863605699
-0.114892303001818
-0.177491578950235
-0.0859728450638407
-0.0180595945700747
-0.178354328757845
-0.123386179943379
-0.015626395380326
-0.236054369141218
-0.220168164277842
-0.192821480597655
-0.159648969089782
-0.0501360214894984
-0.256563222396885
-0.152787419759385
-0.075301144203383
-0.239555238894419
-0.205287816943787
-0.0750045371083464
-0.044033126968416
-0.150626233222189
-0.139462603813738
-0.130032791859912
-0.172243512098691
-0.255771699658646
-0.100579509497352
-0.0725060984438043
-0.164388735818348
-0.205964417599297
0.0261396521213653
-0.185485107230611
-0.154754587733338
-0.0974198823363715
-0.0930112744732085
-0.0154654479972816
0.00495894207534903
-0.160532150357251
-0.176566161431216
0.19162667280896
-0.00983283831218853
-0.0544078174332737
-0.283506363966126
-0.204024893048627
-0.229210209129378
-0.128334762371169
-0.166139970678648
-0.0906461778589001
-0.148479481905135
-0.0400961399616327
-0.0865783176612614
-0.126518197574479
-0.132491886954017
-0.0716348727394123
-0.0223163628823913
-0.139691124005496
-0.149156680945026
-0.128774300255349
-0.0168866506135133
-0.0325583364900307
-0.05565899852977
0.0230338932135725
-0.10322889793396
-0.0220980346482696
-0.0487009078574794
-0.154348701061872
0.0367031290720206
-0.0683340910268579
-0.113885965795384
-0.0508625984983982
-0.0312280740258567
0.0383398538624162
-0.134880046535231
0.0522710099831655
0.151020544122477
-0.0909132545550233
0.0843586380792903
-0.0677862483063487
-0.0178536087352238
-0.0709320031472902
0.000654308066420322
-0.0472582250112672
-0.144062750725848
-0.00016195302396439
-0.0489533252461529
-0.0491531507015632
-0.0282747914822085
0.105326408085971
0.0647367370830552
0.000771032274405514
-0.0855344743078652
-0.027970093617188
-0.105966817472068
0.0141446240727811
0.121191923382101
-0.0196072050365434
-0.00892654144113038
-0.120730356815874
0.202161898105392
-0.116960342315616
-0.173605107451565
0.0916702643903864
0.0190156792876701
0.0525985754180691
0.0970059722425961
0.0253605939160413
-0.0125029402365824
0.0371940991160439
0.0503264281602526
0.0863620877322757
0.0973735789048887
0.0934854874681919
0.0358374786012621
0.0596158423045062
0.0775892433187101
-0.130043834564082
0.19228157197633
0.0662063075886156
0.0383211374959536
0.153324625999263
0.114985574957482
0.0491857593462671
0.00763856811338418
0.1012693978982
0.0983404385959537
0.0890749356328188
0.0736076390021875
0.183283693126994
0.0395609326742053
0.0764952256228613
0.0349483399443974
0.150495265652208
0.165990408890971
0.10606225167001
0.260309726442397
0.140452116508501
0.0307253683985893
0.079460999350147
0.15023671159591
0.100101226399132
0.0420810594801955
0.0140680814988729
0.0322876564079686
0.137415317483637
-0.0133441250658728
0.0800169964908137
0.00416734324768661
0.176511690417749
-0.0433289770787942
0.164982739566738
0.166169245078681
0.121400169159056
0.255263841318814
0.3029479164022
0.223191030365153
0.144044269429539
0.137659887661122
0.0511347565949164
0.189619571200426
0.0679863781798763
0.0548430919245131
0.199983183806532
0.0202748787395756
0.180525433747418
0.11820630547167
0.0696748578030147
0.134562354247897
0.189944536404409
0.0656852611858625
0.26395492881756
0.278794204110063
0.125414782334548
0.122245698566044
0.0919237593566194
0.0905687761197758
0.214014353166815
0.171370917321254
0.161661222864675
0.255288983708756
0.059553662501762
0.339518068043673
0.231734307983242
0.119365974622151
0.196517155910207
0.114524750446741
0.171376321667729
0.286035299869398
0.0707055442499368
0.247311093124416
0.197147013443744
0.0463772753236452
0.168941165899467
0.115697607370263
0.246228014814142
0.156123235794371
0.29005754334017
0.264245113683817
0.111676333775117
0.390506202325744
0.301111618110313
0.0804905220489044
0.165929953128408
0.118391857712782
0.246803104106827
0.293834593371442
0.240907520768593
0.313372967824939
0.328803653887771
0.248441362188976
0.289374624494728
0.300494342132988
0.275273736381827
0.140166550847212
0.168373891871157
0.24754994304606
0.185952117961
0.295038635103999
0.266520888325443
0.318444058227687
0.259138442160266
0.280823943915609
0.243548506370899
0.310346272202005
0.285018554195849
0.313970003294069
0.304575300884779
0.318923057871512
0.303952148542454
0.224685193044434
0.322516054274149
0.344411457625327
0.259190259426975
0.214781636358772
0.275880887235757
0.333381766634464
0.381584406507582
0.43969680141029
0.26576396522987
0.269367681401937
0.279143177783256
0.386268605935367
0.307648782192888
0.172795748575972
0.335696877785931
0.182872037283454
0.29551452297351
0.276724715660985
0.243488570126539
0.380439892365981
0.385917938776941
0.453272852905269
0.219113034723859
0.331736190305695
0.259551582842777
0.302087831679955
0.269723142304647
0.270884619190452
0.236143609657506
0.40929276465874
0.409732847400196
0.18955178475535
0.338547287342848
0.22857568723453
0.249192389593069
0.195734046785871
0.267125838088609
0.40372918103368
0.378210947808026
0.344383809878352
0.305241440659774
0.26828233069571
0.487772020845109
0.453176101209072
0.562664280881459
0.512656338833443
0.306213821018909
0.393504355807332
0.456585879471531
0.34597497549819
0.415874097038647
0.504473097903751
0.297473779731197
0.337657891672354
0.436772535886074
0.376612422177152
0.352107729121458
0.510020716349231
0.384156759421015
0.284918851031769
0.23397932885778
0.441479329818602
0.280605081221854
0.312047528529884
0.37808713748382
0.306167155870562
0.414211106807063
0.43789314960383
0.34157750699124
0.422624936497564
0.263532223217229
0.391717974055118
0.352978644993967
0.541513572818652
0.448718556169176
0.515898354336315
0.403891843059111
0.378704655595376
0.269779482276645
0.439617644212474
0.533366267211341
0.387349359903674
0.367416745719321
0.46162688210901
0.484764830689939
0.478822371685207
0.349785670313817
0.487992066963176
0.513791878615207
0.479906020286209
0.284596768559335
0.43337870312878
0.418870945314564
0.577696587151276
0.562000468121669
0.393432159561065
0.413084472867232
0.468438780338955
0.448916177702957
0.48247852373596
0.370568430798454
0.434052971760199
0.459954329524038
0.593343873250979
0.540101333844793
0.594579389789567
0.429535360823004
0.559212886206236
0.53183931223817
0.536258941586024
0.49533473832191
0.628797885887213
0.543733097873737
0.509240890566758
0.364249287501376
0.342634750976449
0.485839786492983
0.411472709365246
0.5643552838153
0.447789173771779
0.59519756009725
0.533853384333364
0.467498969652007
0.698683857312882
0.649039424631447
0.6343772482108
0.482479963564823
0.526131328485311
0.412072134227421
0.576781043387047
0.549963749387351
0.518859998048348
0.638786688977815
0.567935034277711
0.559013343314646
0.518871511421789
0.658906477913474
0.593858093312687
0.520572871574764
0.502754509406516
0.653127959194498
0.605886519067194
0.62578824111654
0.374599872232168
0.513953061354162
0.692822476898396
0.523401317262522
0.673569612148888
0.598372366963066
0.642922453999197
0.601343064733369
0.69428299623335
0.59630488708771
0.634500205777775
0.710607124425246
0.535999208227995
0.543231512235003
0.569316868180222
0.498961961165899
0.539169181710771
0.519484008590108
0.620763691082676
0.63095541363753
0.514230806234121
0.616473885873777
0.494097699449118
0.685697102245192
0.625847863595283
0.54132851188691
0.591228892819531
0.488177087361014
0.540925048915567
0.651395217205333
0.641523374022193
0.578266362569605
0.643699189762722
0.520261265410286
0.685762323754145
0.764987198396427
0.407043581983631
0.515512316484003
0.544623858058998
0.646544689501144
0.631308151226573
0.579268090933499
0.59109254525835
0.61002125210017
0.632718165048128
0.655437869453216
0.724683515702568
0.598639954007796
0.761716179661753
0.494799378733482
0.610201781704797
0.710674641185811
0.722432280077332
0.619476621775729
0.548500498433744
0.746727089201302
0.812221359025697
0.59883583671562
0.822968841611026
0.763521015783219
0.623712864448591
0.681119006175623
0.836374540520523
0.742078430879912
0.629345388786426
0.658594417002922
0.66265980140605
0.648485667352018
0.649463091723883
0.579653340149451
0.704004051068584
0.538084521841994
0.797743971244627
0.842309486406223
0.680173560375602
0.599163578172726
0.657452555435475
0.71467502619467
0.647910643811187
0.63085408319588
0.643630608809845
0.684522692973468
0.613203762506256
0.809450043695576
0.722342614938155
0.670178232000379
0.701031912708524
0.621586189189284
0.568428043207547
0.730285750606396
0.82006165357728
0.795080916192266
0.762263273861874
0.631303236441362
0.788381269134235
0.530718022981667
0.854449568526557
0.75581447761796
0.792208185334511
0.635786233090682
0.627967058472925
0.624617238410802
0.865432725833731
0.648450081697982
0.857699579694071
0.782048693851874
0.710447692006351
0.778744979533151
0.678688469502504
0.758567794646988
0.793510869177407
0.735708132386441
0.683236098128164
0.777980922642152
0.750254225085325
0.740829374454629
0.801481918807794
0.823041676790343
0.791675105637145
0.916846243048117
0.810434559331285
0.861570869879234
0.857952502820386
0.832776395377891
0.796597525810209
0.764854062267377
0.615893628913224
0.908396612525505
0.873399598683664
0.88259626555089
1.07320376872584
0.897301381322299
0.849282137095334
0.775929165068828
0.807913961976566
0.925487403226496
0.759985237183418
0.780618706951498
0.873966825610061
0.97799388780725
0.847970907126901
0.836315190060315
0.740139352506261
0.838392066172808
0.875697872307728
0.847027815914887
0.879773972176593
0.72962050472065
0.734145340717725
0.862918659501905
0.881806935309523
0.957308160717096
0.818931608444606
0.945281248844041
0.856472611270815
0.920466970739393
0.821068513964773
0.985218149537089
0.850539102259929
1.05185501195467
0.761990627803535
0.804659826274247
1.04522573477659
0.835751731950561
1.00466373300702
0.936707072082603
0.850035000471198
0.781700823347433
0.959273351659298
1.04583213808243
0.77999553993724
0.936593569169551
0.867221416126238
0.83910719519136
0.971076392918621
0.984892636644337
0.918017996829824
0.879631159088204
0.901019320270721
0.963738744583906
0.852692265399895
0.835193729418598
0.935901620501904
0.927119443546033
0.831566799774492
0.912198425160318
1.03544173849045
0.944359232094294
1.03070027322914
0.873877894307494
0.836182570859625
0.834692624603422
1.00125621538517
0.981360269056776
0.832383813941349
0.934441015351718
0.931867563436373
0.932066076318818
0.911583285025589
0.933055694352982
0.913432987766559
1.07982843639026
1.06501689623612
0.881630046342328
0.988918292524782
1.03728711777978
0.91469057551852
1.09634116319079
0.994387971703397
1.09164588416888
0.993174981103411
1.05617745722064
1.04090956014091
0.909152009577664
0.947011105120604
1.04963155857065
1.02008050129691
0.940922908705609
1.05775623914699
0.940921989366397
0.90835268835597
