"x"
-1.20704687415155
-1.0974239880624
-1.09712587776249
-0.877476818792024
-0.937907247136791
-0.951310261425151
-1.00310937544283
-0.914608985855758
-1.15144305592398
-1.01712679023081
-0.988513861991743
-1.00744491610765
-0.914676621205428
-0.85402703008396
-0.930301005640147
-0.985493988287719
-1.00528756284573
-0.964938508957154
-0.945689494712375
-0.904820855187474
-0.931811293670525
-0.97955788867852
-0.850560798927802
-0.90291492459252
-0.979339056749631
-0.830450167981538
-0.92365616890075
-0.88135424689488
-0.946550618931405
-0.962012635110026
-0.962168052621656
-1.01152573894112
-0.88905000656638
-0.910723635577588
-1.03394301166112
-0.947156540784396
-0.93126119144615
-0.923036007826831
-0.807337099810322
-0.826565699031828
-0.916251023562137
-0.790200688504887
-0.784422792838739
-0.804397589160003
-1.0048504386221
-0.899620343540315
-0.893047414395574
-0.963938288954393
-0.897106427839795
-0.882415550778142
-0.812880497661395
-0.978180474788643
-0.863609701223045
-0.88129431062876
-0.905243317397229
-1.05286843147623
-0.921244669961441
-0.929488663581486
-0.968694081816898
-0.904758206600733
-0.702186764389168
-0.944932323186795
-0.878497281150917
-0.759355492918284
-0.815575627881141
-0.70144040036595
-0.894108792407859
-0.836509414143913
-0.813379122034513
-0.840328282755335
-0.865753727111922
-0.842846618983074
-1.06518429941818
-0.953800108529937
-0.951623062341519
-0.92110501049306
-0.856376986567694
-0.726344699177041
-0.772748213779195
-0.817904118037873
-0.844261521951183
-0.814108950120513
-0.870009560883639
-0.840767808155541
-0.801936598243683
-0.721914254998041
-0.813409465048173
-0.889880939833703
-0.863395389202288
-0.794626954366817
-0.719721306203061
-0.722033433587715
-0.759529584927234
-0.639271426316892
-0.807510672435796
-0.926391237337513
-0.846688958559091
-0.718472069995608
-0.771600996384284
-0.741627854652437
-0.874347327163435
-0.791673004396114
-0.806912226521201
-0.873854423666324
-0.819252293356909
-0.860920016704165
-0.773837694250731
-0.795012960668561
-0.806362104090571
-0.794814094555749
-0.807601037532291
-0.802410399134098
-0.775917597920609
-0.605128646092678
-0.800415034867803
-0.88160718420737
-0.644197980591698
-0.715961801853094
-0.648695715779579
-0.665770060855414
-0.658174980976905
-0.796439848259602
-0.706392568757196
-0.783134106182064
-0.72540036221415
-0.692312854420459
-0.72307183847599
-0.566199134435579
-0.677340824018964
-0.780947629981482
-0.66502374587374
-0.873178490612494
-0.625016018291208
-0.632301423224614
-0.71478695824736
-0.784659407285079
-0.755594012700051
-0.718283783795873
-0.665915234245851
-0.7664526966871
-0.688816793069152
-0.764932690955642
-0.786264998318022
-0.852329142629967
-0.620008129510675
-0.770995049892942
-0.620697187867105
-0.757798164844713
-0.75832953660334
-0.752172610963365
-0.548818778945662
-0.667904047140395
-0.7838582973382
-0.582551411269257
-0.761791022280454
-0.72801618017085
-0.59542242334104
-0.724696955477336
-0.75054039040635
-0.770460002257785
-0.716086860770726
-0.780403800289627
-0.58909073622196
-0.590345209759472
-0.67362942618419
-0.583735452979762
-0.561895741910166
-0.727556032510085
-0.535542489348429
-0.762600604969643
-0.695620521402097
-0.657817070127079
-0.741625947220766
-0.560402287945582
-0.728128799106223
-0.668939728388453
-0.678638290504749
-0.612728072772722
-0.669051865193476
-0.662809317950381
-0.697994333511644
-0.602304779061082
-0.596281253793057
-0.579849044510474
-0.673322294569546
-0.623146493630204
-0.608646567447956
-0.65473036227663
-0.650342280087393
-0.839075854001355
-0.513074029132711
-0.672340478626326
-0.637988437181236
-0.661413211052633
-0.633817589957823
-0.676574647013797
-0.556843397367381
-0.728104445870537
-0.551598707201274
-0.588939049458169
-0.60972247484186
-0.689980545957395
-0.639767403437855
-0.632203024453096
-0.638881151334551
-0.662216388727774
-0.407472763096534
-0.49723373024522
-0.717767551985708
-0.667584519799904
-0.558223770672067
-0.459106246925296
-0.5259289277634
-0.524655857063358
-0.709298032424606
-0.430925560444809
-0.425950126108249
-0.717084794171196
-0.603880282643118
-0.538284202951722
-0.521858297956346
-0.491372508513551
-0.640430430835411
-0.412272884663933
-0.488242681835382
-0.641626178093815
-0.69055738172904
-0.457409626950689
-0.389925869448417
-0.42864646647317
-0.623745773305115
-0.55954393423837
-0.38090376378182
-0.566548796146277
-0.509976866137967
-0.564570063057314
-0.583171662358158
-0.421888258754997
-0.576794897385579
-0.515612608950965
-0.560726413617346
-0.414523051839464
-0.568121010823404
-0.466970726506006
-0.387599127093557
-0.519831959765245
-0.569765459817323
-0.573912209235456
-0.450338938752569
-0.465983979846822
-0.563047506285722
-0.533000724901439
-0.541963500990762
-0.538502863406913
-0.660032436611325
-0.472485976496117
-0.440755141639209
-0.363882016135888
-0.472006321856716
-0.535018219990907
-0.470288664006221
-0.425025325106347
-0.534887771238767
-0.398605446868276
-0.494883549111567
-0.440104219424363
-0.479510348761641
-0.49045606961369
-0.358702190899121
-0.35398764925651
-0.482377313418816
-0.542184362024807
-0.458861118377269
-0.30478006033276
-0.460764352350474
-0.428995296694151
-0.383044638584406
-0.500790438279678
-0.557147969406086
-0.458384794639234
-0.324996608928637
-0.367554505361216
-0.52685650311817
-0.433403302219765
-0.376369004542141
-0.348991047571564
-0.448718239583974
-0.492688721193584
-0.307742925199574
-0.357977086323589
-0.401384670972051
-0.584409583920123
-0.383915177265174
-0.428184240947207
-0.42660390841195
-0.332793606177167
-0.549970155171967
-0.362935580783001
-0.458557450599551
-0.470661105154287
-0.347496952158201
-0.40045598638675
-0.367548115445484
-0.393699559741008
-0.211920213744816
-0.22588816751815
-0.367891488794099
-0.428574796440563
-0.31085991420409
-0.481397212447471
-0.314406906330722
-0.562536982779341
-0.483187566890532
-0.273519946558535
-0.402166868130132
-0.276423393381567
-0.388629744913488
-0.521790644967009
-0.262698627395492
-0.295566327180968
-0.292500074914775
-0.348845917470086
-0.227736868777605
-0.199992558064837
-0.340812306972037
-0.339405150176034
-0.367561800305609
-0.299864517025183
-0.490148942996302
-0.357476100347733
-0.346284472562159
-0.315545764400554
-0.144181109582994
-0.396883106311551
-0.440213960366802
-0.429527625564235
-0.327745489724338
-0.382903463849777
-0.313003820380476
-0.423987653083253
-0.282217604483849
-0.396963528720004
-0.337018723614394
-0.272781271670659
-0.358768531717773
-0.240296426703731
-0.426352609184873
-0.298766911411495
-0.255453173694379
-0.285296336774597
-0.462023179970092
-0.341881807868116
-0.258975914476655
-0.214863469542598
-0.290361172702232
-0.346748989891739
-0.294085404276568
-0.358774507992276
-0.17672190348918
-0.334600231985084
-0.237220230114251
-0.396981849182374
-0.338497639484037
-0.341753515147762
-0.273582053555054
-0.390659377334658
-0.295842749567186
-0.24188479476335
-0.146356988629763
-0.130350750038799
-0.146558767079813
-0.301549506887385
-0.32694944086432
-0.220601354619682
-0.304992216353791
-0.157316943310333
-0.275862715787977
-0.0540182307682638
-0.260612682695184
-0.436985050870345
-0.331234447866936
-0.249807233602065
-0.176218463547382
-0.392694803039589
-0.371445055421149
-0.250089358591577
-0.150082400353004
-0.154643175012746
-0.243391864762045
-0.181778166850505
-0.273197633665784
-0.152818343131417
-0.136223130734862
-0.378988646036608
-0.15573829486359
-0.282379907031264
-0.180892103051552
-0.17242603807866
-0.193674696885746
-0.218559899798779
-0.103317232409779
-0.179360005120592
-0.324158293437702
-0.229012769844869
-0.0886883360870311
-0.345328048114311
-0.156275819030273
-0.198551023642349
0.00160095439477348
-0.18450021670127
-0.157005990956968
-0.0795430849502207
-0.254288694712672
-0.200798152184926
-0.164920134307675
-0.361775943154918
-0.0933156128668137
-0.309616110631148
-0.1380877408832
-0.097378969933722
-0.246325523090544
-0.144663854710634
-0.211403733143746
-0.244486531495726
-0.249213311039232
-0.116938115473495
-0.130364689515404
-0.0153187482338308
-0.15642322791866
-0.0611018612365021
-0.224817845078488
-0.290357722063395
-0.228699449868389
-0.16517500802579
-0.229285439472284
-0.0817905820411459
-0.154614301981829
0.00420996908741981
-0.0426108084905474
0.0410309432275661
-0.0205402138824085
-0.104230871286659
0.0102868808455562
-0.18470271046656
-0.176028106655473
-0.112946639166731
-0.119836697674927
-0.0145437354207687
-0.19309355943049
-0.0892309399477195
-0.126325196138698
-0.0169848019945552
-0.177202841451059
-0.183972919999338
-0.153777497128002
-0.0594799166848834
-0.0579302755829183
-0.0248574600092987
-0.208607435832394
-0.175360884285909
-0.132581206007172
-0.0416962567040195
-0.182300957694397
-0.178424288699313
-0.158333901127239
0.0286176594081569
-0.0717151546629062
-0.065507540164927
-0.156721999177639
-0.165221690619452
-0.15369805812153
-0.164739885034023
-0.232198712732172
-0.11401328054229
-0.0766695999423332
-0.116568938324209
0.104302589542054
0.0444407586169019
-0.141268888640362
-0.110775911454676
-0.140981032660679
-0.0144388758223334
-0.0995662357709678
-0.174791460044189
0.096241148229196
0.115432275611269
0.0598895546341717
0.0468132811554372
-0.172532042833318
-0.0587934896275325
-0.0467706350380939
-0.0232806589401919
-0.0183401863947714
0.0534713435146547
0.0347325307986021
-0.147646870352397
-0.18070102642613
0.114643693952049
-0.0925544515455876
-0.00972071830818827
0.0599147967180796
-0.096379135576299
0.0558509065839132
0.0642116554205949
0.0198761378795004
0.031522605627284
-0.0974978753770813
-0.193377939221659
0.12746151281753
-0.102280866189759
-0.03445743355361
-0.0108725564062071
0.0653686225151636
-0.115526357656846
0.0191698488536486
0.19033317231972
-0.0440009503972601
0.0396995099426289
0.105833529785185
0.0763969848184226
-0.0250626734261179
0.115054139406576
-0.0188189963528343
0.0324998165600912
-0.0104112068219096
0.205891404970781
0.122714313705986
0.142852145391704
0.0440297574735307
0.0815258302356017
0.0980342328571662
0.0514244391621397
0.0394467361466947
0.136006366215036
0.040095091543743
0.126966697172795
0.0417667143437959
0.0276886333104938
0.108795736323816
0.00575526628151038
-0.0116309904117463
0.162682459726665
0.0786129866885669
0.0172640751838072
-0.0506124152908847
-0.00541219561577454
0.210914943054684
-0.00415621458091761
0.124467596544751
-0.0188197538615817
0.0249858944327943
0.0882154527349227
0.0197448931084587
0.168218428193939
0.0839837990671947
0.240666091030201
0.0485447420367966
0.188260155042835
0.00866083620970726
0.135138672239645
0.0538578957215323
-0.0977618855070232
0.0927451208810754
0.0870384087847123
0.21739325695334
0.247373469591704
0.238197499727291
0.0182233776383027
0.123252587700093
0.235875067984942
0.161654587782535
0.0978171610570427
0.126439694007074
0.0951342975132891
0.152061643668212
0.164221312906079
0.0185090591123851
0.137384641036411
0.210356685036279
0.0593837294390024
0.321212953603369
0.0399980599671809
0.202019911080463
0.203776470465586
0.154520422319612
0.11856877553648
0.235846448890783
0.0998091915369449
0.150171350285037
0.330049481573921
0.318759331548104
0.253461126076004
0.12978197018878
0.0867735567097519
0.140769334332521
0.191195321690161
0.110983490647472
0.212966400252408
0.161620046513342
0.308789341290586
0.102056555456007
0.075743763544942
0.203705103079866
0.156134031713079
0.39292346097725
0.30893015624809
0.19122288093306
0.354289202454394
0.222904083928652
0.238700396541662
0.254886228522696
0.233592044221098
0.203578255422044
0.120658476831541
0.251169265527166
0.309221212329381
0.298188600305713
0.221621794963357
0.344336300059625
0.250132436108235
0.353876504895508
0.210798294312855
0.146965421862783
0.233406339641738
0.293285116541001
0.280501672811302
0.170266829492409
0.328270227794509
0.232104773249144
0.299334042423596
0.283773011562381
0.136286784562429
0.0803871894327279
0.177870719560222
0.397041298769154
0.279286423528902
0.2471140330816
0.294813935748549
0.350229272047249
0.22242147444739
0.0786957315610518
0.377579737002569
0.309794591139168
0.22857713836964
0.357618653355156
0.0555108931925524
0.333625754353299
0.209271913828535
0.242010853931091
0.268598286118363
0.276990724064964
0.2600256863963
0.390177065640235
0.31648991069594
0.428533653584713
0.378964092461841
0.443403277137506
0.223141045418813
0.388651454367694
0.283280828247143
0.349212753554685
0.214160171844985
0.374472506579513
0.214458943133854
0.497688125386426
0.459447387010144
0.293627725997403
0.325669790312177
0.372531314152167
0.378166176343358
0.247564640709497
0.262306944124139
0.317597548955499
0.34791634502861
0.404272135676214
0.377293689710434
0.269453979189949
0.47186551687109
0.456743555347539
0.40068930887618
0.478676627659328
0.49282040481112
0.339465298200206
0.389432237194022
0.527023865922789
0.179592918046392
0.364405178606765
0.417173345812729
0.253717251687734
0.278680136233713
0.248441725604471
0.529581438228617
0.390953051843514
0.311445694262012
0.488790186930763
0.412748034006384
0.385599952875153
0.384891369052525
0.437502157941763
0.323523159006281
0.514573312221851
0.42206033901793
0.436027074302946
0.40088681163766
0.452160577083375
0.361398920576463
0.383609422058005
0.434174779950467
0.382732070716635
0.415223715126137
0.424156856811903
0.265185852700112
0.402639889291867
0.394410935177276
0.484536243187243
0.389067731950965
0.468901865789185
0.374017009283381
0.432702084807776
0.436439266997117
0.301687976934702
0.399943516117587
0.55542682727569
0.468860649747108
0.547630425481029
0.629698356762458
0.448407186683018
0.479306370039648
0.33086998161401
0.535876276551619
0.46276117445024
0.346370178593385
0.570645108690091
0.496906211539973
0.469459960789051
0.60125084266725
0.439936714707058
0.51967410187763
0.524172057633868
0.577801245744079
0.446748482050943
0.571213808209343
0.404388359794167
0.547203423495624
0.394686072476958
0.373602364644833
0.453355009839865
0.73494375548536
0.527920469021453
0.516096358277072
0.42578064493156
0.502603177783184
0.560588432736589
0.557071183225436
0.404785894264633
0.581325725688754
0.666069036590921
0.458698342038504
0.463265299704873
0.448784607999166
0.374898964492613
0.526890649319012
0.554085021619402
0.476777034778499
0.529738683355196
0.492177419106402
0.446229139904439
0.418980055193833
0.520135970550207
0.551286389452273
0.595494401918356
0.627916067608079
0.621916223142721
0.365193754724679
0.511266984186161
0.555958435466864
0.588143900450347
0.572023201385302
0.427804814996088
0.5509033762374
0.621475012040777
0.608746284808619
0.556032385398537
0.652283935984612
0.550671077816085
0.539952103388501
0.59843059332271
0.586791314746486
0.66552342216231
0.56226492393205
0.604991749799341
0.371890207134924
0.452056390170504
0.592298687224072
0.548876312636716
0.605001668984838
0.536889648578179
0.569336672201853
0.525164068156408
0.556493896614867
0.628498645243784
0.558646502855673
0.447012254371812
0.828619937565922
0.64683914480967
0.568011902030063
0.599380102591112
0.700403438088511
0.510441430888247
0.70053454643506
0.588095435766756
0.595665944967593
0.585754054473847
0.617167395537127
0.614098740130998
0.61435455419399
0.716666635132235
0.554748006907769
0.73959747513815
0.55247172841404
0.605210890051528
0.684442319906311
0.595072305426328
0.599239704673868
0.788678756915821
0.734202550246227
0.608171927549018
0.662887356870543
0.65995799810899
0.705153515381958
0.711152475751845
0.677708889144493
0.742459493266034
0.78534169588755
0.749741633669496
0.584276799092259
0.604284563475314
0.703255734545812
0.753200879798315
0.748355628442539
0.635118466476433
0.526690666354713
0.627956409285436
0.762264367567861
0.636501362047708
0.73071590410586
0.713455278269201
0.815265762560657
0.650983094474875
0.640058647872044
0.578770163455956
0.78105522076508
0.743766610858405
0.614598113334262
0.665758859625967
0.685814633686487
0.706122952034548
0.718221532029734
0.678864368411236
0.734536055380573
0.581037961762246
0.863335158813976
0.625324460670988
0.547619358844148
0.773757819190965
0.730227814829258
0.781447505664823
0.688287984217704
0.829125672160566
0.701800657622259
0.740403185108225
0.713823574374434
0.742200348669078
0.70207644452848
0.811340829328145
0.887629349353111
0.882160556280837
0.751050324738895
0.682508583726086
0.554669875489713
0.730329632312904
0.71903796602253
0.836880323599512
0.760329202450838
0.698515326529834
0.892730367835246
0.695152256542337
0.846954524046795
0.768416033248844
0.661544725963413
0.84499683952046
0.713504063862013
0.955103207045372
0.757870207647237
0.669804842550655
0.838832210787093
0.849965476946005
0.697232017041601
0.756753345225705
0.742577269687349
0.863582726693274
0.748167613042616
0.813582822342147
0.669307050410279
0.652300809629966
0.872444872273955
0.819395745529545
0.820561020853378
0.86464893627079
0.852155897569658
0.932530094003461
0.825911538269686
0.810672280523211
0.90823726104624
0.956800655500681
0.775435476756625
0.891940543810205
0.683782318245986
0.746789689245453
0.832726033273756
1.00923879054133
0.752091069953608
0.878977266875709
0.792154714197388
0.687846010348075
0.848035863784151
0.908730611555014
0.785155638625495
0.771476060529803
0.885619431449588
0.89472999634354
0.997123121257274
0.85864326083831
0.890205231066306
0.89542327421189
1.00985777646466
0.833846453783166
0.858713810198727
0.947798365331772
0.770294349751765
0.946600734151021
0.945211951502445
0.69207050874517
0.887404968191923
1.03077096986382
0.91461986750789
0.74752744494555
0.943975725570434
0.817051972124209
0.906297065354609
0.881368571130106
0.773026652604987
0.851639732698336
1.07081982953737
0.83167771791602
0.838183634675583
0.992384958454753
0.936691318119535
0.877323377181065
0.951544636876026
0.898616766407561
0.884507430508336
0.931512388758793
1.03992333888223
1.03523560688564
0.824565871800334
0.910841397248862
1.07448069825611
1.0733288399494
1.0204510129389
0.977311698324307
0.944089461858803
0.838623083204124
1.02818162541101
0.976863928558497
0.902230338513451
0.808372028723597
1.02053170065849
0.993131773959373
0.784463942683624
0.7582501454901
0.813005359013347
0.976001757532425
0.845837604849329
0.969069679178417
0.829800655491917
0.964178610551072
1.01663683632085
1.06200857260931
0.997421595642312
1.01767815134576
1.00848252361803
0.997719510707219
1.03630079366952
1.04221169289996
0.99137023340009
1.06727088156974
1.24757061268382
1.13309628537711
1.03595930617052
