"x"
-1.19793314771783
-1.08338895272826
-1.11562294693189
-0.90553195699158
-0.92920965334926
-0.943643935997083
-1.02257447555534
-0.921755257838628
-1.13178986476513
-1.0144662586756
-1.00596069656281
-0.980102647394313
-0.921061021919187
-0.855661098604271
-0.931629631139578
-0.979589032106903
-1.00931045989687
-0.988340459328211
-0.947274060690128
-0.9128734709268
-0.913574793526084
-0.992663834301667
-0.853874724355063
-0.898918081178286
-0.983120557991733
-0.823718621036926
-0.933353918579208
-0.884488176624886
-0.941041193924601
-0.948157417149276
-0.969248109280178
-1.02874535364119
-0.917186104861796
-0.920473664327553
-1.02768541002218
-0.934496118900972
-0.919741950401212
-0.93371454620165
-0.793686118139048
-0.843791670106137
-0.934976100642874
-0.772566036887207
-0.800998918222488
-0.812512365647887
-1.00231195753262
-0.908461981980265
-0.879366915021544
-0.951974988720544
-0.893043498093249
-0.884023840131768
-0.768960240209857
-0.97545469076548
-0.859816053010889
-0.882653517387349
-0.90219122592359
-1.06424098733548
-0.937209237698136
-0.93660281187525
-0.957167685497153
-0.911456514643722
-0.711175461445663
-0.947710563020555
-0.903270644905759
-0.753105210177959
-0.823307942465165
-0.714353064045249
-0.895472092764922
-0.818409289182351
-0.824651308902142
-0.836141240438012
-0.858013890061204
-0.829695268104387
-1.07314886889117
-0.952800830609445
-0.938802857480735
-0.938616136070177
-0.85972315525233
-0.729503819793242
-0.758351545147381
-0.834997669928648
-0.838172593904415
-0.840382647448926
-0.867771660525504
-0.830138296453281
-0.786034688508611
-0.720839016162884
-0.80839071843373
-0.881050345182232
-0.858860654200695
-0.807690339743046
-0.731765413788187
-0.729355410855076
-0.763036904429965
-0.634384913857893
-0.822959949377005
-0.913102506456633
-0.847403880871214
-0.726671765755303
-0.779016177269159
-0.736232158341452
-0.890087296662698
-0.793497994075395
-0.816067029670711
-0.85767180064845
-0.83321562310477
-0.866697907542277
-0.770929466257997
-0.794239514151142
-0.816800552535932
-0.758722640814078
-0.805300194592832
-0.809596754613176
-0.805736973212155
-0.622506979791649
-0.788994302566812
-0.884674323549677
-0.659599773894446
-0.710796609014923
-0.660563920585899
-0.671217982563586
-0.651358994469469
-0.800871055056068
-0.719990935686116
-0.796434991940803
-0.703400175847942
-0.690831280063573
-0.716353118004025
-0.572714842241056
-0.67083731852468
-0.79244050895192
-0.670593536738753
-0.8752060898199
-0.59977887848694
-0.618515250413416
-0.734875720007523
-0.803170124693796
-0.759041767544427
-0.706194842113159
-0.663659965132333
-0.785141665168404
-0.661989608115783
-0.768521342112388
-0.788262441365809
-0.861833166137917
-0.631611823515578
-0.765720893260609
-0.663105623797166
-0.770959350819201
-0.731129507024957
-0.748171368010813
-0.551885770824347
-0.636459932729116
-0.753777278646319
-0.583947188765755
-0.763192259615838
-0.736975154890384
-0.610413252902015
-0.72109222549433
-0.763268294482622
-0.770029927231104
-0.701426824430593
-0.786413235291274
-0.609686390943302
-0.594782569685385
-0.695650560337054
-0.567599142874699
-0.546799072749449
-0.737298426113308
-0.561206748992547
-0.767722516601235
-0.719500998107981
-0.651671136976173
-0.740718337063223
-0.546385644576189
-0.714827563278964
-0.635812582636249
-0.663384098671915
-0.603375886566094
-0.677400052583173
-0.671527626086477
-0.710750773220204
-0.604841449316285
-0.594020443968491
-0.586339593060684
-0.682269767210054
-0.61690380322882
-0.593949048403096
-0.670496333997521
-0.651756286976453
-0.822862851845026
-0.512971396282196
-0.675282524747149
-0.650776510764034
-0.641466060681433
-0.63048020211353
-0.68319018211221
-0.543944241371701
-0.729350083578268
-0.547614388089002
-0.575899416097292
-0.592674321519032
-0.693940296006896
-0.646551417510683
-0.625639664567108
-0.614865065203111
-0.66854667935462
-0.417144576516984
-0.504820606079285
-0.758478129874185
-0.657720264683904
-0.552712417748193
-0.469452341996401
-0.533986529311226
-0.522544951463458
-0.698320533586598
-0.416128702075987
-0.417368327810447
-0.695954606400157
-0.591148695449946
-0.550175811254747
-0.522297913383318
-0.50869728306845
-0.627115807859439
-0.406554736367351
-0.519532420860069
-0.639076290024592
-0.672207003448273
-0.484739334706258
-0.398966140848633
-0.437292353459611
-0.60270085929525
-0.551707889533009
-0.380529874934002
-0.564134359267409
-0.511345811013109
-0.555454584423624
-0.589110342550293
-0.430157387390867
-0.592760752644717
-0.518993108559349
-0.571046502888406
-0.38398759641591
-0.591081662716943
-0.479751230461534
-0.380406874552183
-0.511995689185469
-0.587531379999148
-0.577464517405038
-0.449478599782406
-0.486628487339515
-0.57051621584736
-0.530953755543725
-0.538113238059782
-0.544483814785077
-0.664529800074769
-0.48035231594159
-0.42892039737378
-0.36128228854196
-0.476314455047476
-0.52548367900074
-0.469969334700064
-0.412831617492923
-0.546667600021675
-0.40632779613282
-0.4928824857053
-0.421920881578745
-0.460847834170796
-0.465219205222676
-0.360907085024668
-0.358476689688394
-0.459627988964426
-0.546596011675208
-0.477038254495266
-0.300588498256864
-0.449228865227816
-0.434417172220576
-0.376482919996677
-0.50309657806022
-0.541874104883258
-0.457510629457451
-0.324400970896696
-0.383649989057435
-0.530514190276104
-0.416026034083686
-0.370196989653369
-0.355905967743299
-0.468936119909115
-0.451452827754388
-0.333106602447163
-0.345626178125989
-0.422205572266474
-0.584596124657306
-0.400397366030016
-0.430369015742712
-0.423419673158581
-0.324130037319923
-0.544051648289916
-0.35502197103509
-0.480582606127816
-0.48519388436315
-0.355972632080017
-0.407338474977692
-0.346677552581791
-0.39155299280257
-0.230843985750901
-0.212353881004511
-0.37832386212822
-0.443469721537129
-0.315412932447916
-0.466590163457447
-0.32049575518886
-0.571542796548347
-0.465246038313312
-0.247681034353441
-0.416990624027835
-0.264010466508172
-0.377828754378398
-0.533677827105768
-0.277419283980998
-0.303489836674457
-0.297454752209626
-0.337257085637846
-0.22594644731358
-0.187206414022297
-0.336940168040059
-0.338901194928791
-0.348103334708677
-0.29756522083348
-0.476879427381495
-0.343749219282343
-0.345334069095956
-0.33319668103483
-0.123714528592978
-0.421032384675031
-0.447651404124669
-0.435646296752628
-0.331624142960204
-0.396967788470699
-0.289938061469388
-0.402023810658222
-0.2915113248331
-0.412524039229073
-0.318836358937368
-0.261461771068908
-0.350008411552621
-0.26283246059705
-0.437162393523323
-0.303846191413693
-0.241512783064967
-0.277418331915526
-0.478808794270184
-0.343336589953478
-0.250857341968022
-0.208835895142572
-0.268969748736753
-0.347913351396084
-0.293002762164421
-0.354540254224551
-0.211864071223199
-0.328629076091436
-0.245625361851685
-0.396086977615703
-0.35114305822621
-0.318041582474937
-0.263924035235842
-0.386637162780675
-0.291933290590538
-0.246071588419038
-0.137575609234046
-0.135441468555599
-0.14890905598966
-0.303242814958168
-0.325064837651362
-0.208938435775123
-0.305280625786357
-0.163098437475125
-0.28057646288731
-0.0506224021887049
-0.290693360384598
-0.438590929062646
-0.338541708884196
-0.207344756261413
-0.179627872266046
-0.381608700911444
-0.368818614922076
-0.251700378324351
-0.151000191546531
-0.148433526718314
-0.233880936240517
-0.173466694285949
-0.286768667741313
-0.154493515904435
-0.140374981124507
-0.379607730624967
-0.19651067888213
-0.314175887985883
-0.199506290772934
-0.174759314041027
-0.17572923750304
-0.227333367396516
-0.105988434704695
-0.201812477736542
-0.341409743624696
-0.206351599328558
-0.0781828118308176
-0.313661854631072
-0.172671348100476
-0.196506847879935
-0.014636022714435
-0.199294523587416
-0.162628412740888
-0.0779706695271177
-0.238574099650619
-0.213142119638847
-0.153193030222925
-0.346843898631062
-0.101370063208561
-0.321138504714635
-0.140818517821349
-0.0799149210824609
-0.245432432260419
-0.140313145130746
-0.217421411390638
-0.25131047438949
-0.279007921932024
-0.0992551592731455
-0.112213080018135
-0.00159853967343999
-0.181860356659522
-0.0497650988158683
-0.2302119469213
-0.293745136989072
-0.236970054522261
-0.157954217077962
-0.232780170451297
-0.0476492804606565
-0.158777112006173
-0.0281244743483459
-0.0613014117975733
0.041364523333428
-0.0168264414286966
-0.0944942825773423
-0.00254363348514749
-0.169934197412054
-0.196235641991002
-0.122091603998928
-0.107219867962721
-0.0220550671951948
-0.18919968723245
-0.0814693689519603
-0.114020671236881
-0.0132316924736318
-0.182847469209345
-0.17456731322938
-0.149263474707292
-0.0508577488237817
-0.089470468203155
-0.0147548355492855
-0.196796369841577
-0.216694148407096
-0.116991870574814
-0.0377366856200721
-0.172770180555162
-0.175928191779417
-0.175280980590212
0.0435960413417478
-0.0748460189592574
-0.0559419407018357
-0.132256413311419
-0.15634542919855
-0.171511376627626
-0.140683681722658
-0.22161576866379
-0.127227433722703
-0.0551198781811511
-0.124354762688066
0.106441845663726
0.0160215346749665
-0.150308403388008
-0.113242071860484
-0.12882028134867
-0.0289551214839988
-0.111360882324697
-0.196906874818973
0.0758715007191942
0.114694053583005
0.0647141137362165
0.0394744844086982
-0.16487708714963
-0.044309244180582
-0.0380633120603611
-0.0252559551017442
-0.0134252105548586
0.034897481397308
0.0452403009977009
-0.158940134075891
-0.190777663610106
0.126677618739373
-0.0986296283711689
-0.00571796653053819
0.0617573940227083
-0.0944749423688414
0.0632315215027147
0.0549902181006458
0.0441540313468923
0.0372093994538241
-0.0904607827035666
-0.171342349403217
0.10221477624649
-0.0982958367464978
-0.0354301010749447
-0.0199828272618017
0.0640799198859076
-0.0888181611131487
0.0313987730813937
0.182503625014609
-0.0340215512244647
0.0391546973581165
0.122006770314066
0.0680292417863302
-0.0120550815044309
0.130864553036558
0.000237699888588166
0.0326979034310334
-0.0161715747724416
0.219695875862126
0.126793695516298
0.116591132769602
0.0361453590533043
0.080282498105978
0.0872941700458126
0.0391797202402926
0.033654111353295
0.124326285539131
0.0571662408423891
0.141513722179651
0.0327896226098873
0.0320756882455229
0.105998172022563
0.00749297775395164
-0.0181295785266967
0.140128958734226
0.098704043915013
0.00336578568952441
-0.0445407793865943
0.00361318558299618
0.173461307427046
-0.0127730626336512
0.156181092522476
0.00550520059479366
0.0189101025275486
0.100793681627851
0.0162553927411907
0.168463624104387
0.0855509539134485
0.228304063057393
0.045609563239302
0.184647364613159
0.0474496153652494
0.168854842335911
0.0492027360453204
-0.103350036268036
0.105474464501388
0.0876974954906216
0.211456811502933
0.225598434796524
0.25490879666967
0.00779673740456506
0.117528620548202
0.230260190584964
0.137727066536982
0.115565679643611
0.12219661846749
0.0979887799571613
0.156344248769109
0.158160626751667
0.0205182535925886
0.121463312328208
0.179237953631961
0.0811934717761797
0.31987916976625
0.0441462678975678
0.204999268809549
0.209863787449558
0.18009907810763
0.119612899498221
0.231441137936191
0.102950404102337
0.159508602958602
0.299273781032716
0.333208585562718
0.257749877700678
0.127160265534034
0.07678475908566
0.124991867499455
0.189294863844768
0.130977570553359
0.20430518212239
0.143218202404804
0.296294346406533
0.0975338480945643
0.0847122573466272
0.192510004160571
0.184265513282693
0.383418528123538
0.316810126852658
0.200267365831321
0.342579570808503
0.232747968413901
0.233459103490014
0.25524650215537
0.24286379054337
0.184229790779951
0.126471567367786
0.251430642969343
0.302441543740076
0.289035850125083
0.222845928595059
0.35412929853843
0.260308236753937
0.348438844740832
0.235963442069929
0.140292473218395
0.249493857689962
0.28659583864591
0.293714836427839
0.179111058354805
0.350793309754361
0.244536932123247
0.305827347507353
0.296057743025894
0.116936773099654
0.0615339434158557
0.175928315347243
0.391376716469289
0.295387108394789
0.259128470060343
0.309791759255252
0.354397464059447
0.212591575948695
0.0868947662900642
0.381050194530923
0.298107968131667
0.228882971296344
0.373864258870056
0.0538299852098432
0.31707755340626
0.19416938142863
0.242208748036302
0.270568169087726
0.264332283839245
0.273434882680987
0.368443950350396
0.317579331200254
0.412374287193238
0.392524113279857
0.443525608657086
0.233975202536253
0.403214824213625
0.294883975084625
0.337661603694556
0.217085779483818
0.397413659326985
0.216022174279942
0.50161277180171
0.440813286961417
0.276629590132421
0.321154853202605
0.393183971396818
0.377007528728835
0.244439463272489
0.261635022891733
0.315845939050138
0.328470991480045
0.405034196967229
0.403033569146997
0.27940047482789
0.454341209849039
0.457959292878386
0.422200509057933
0.476071986912689
0.497008509056062
0.346860340956542
0.394121763581566
0.534170300290219
0.177953771125723
0.358947953786304
0.431122611785523
0.269086568199241
0.308164596519773
0.234086644174715
0.541496156437433
0.390291226827829
0.303949219104928
0.488944049948081
0.398457816799205
0.395964871940936
0.393261849753387
0.433835590716995
0.346879570671442
0.485153445126218
0.429180911757091
0.452167161463087
0.392201661266916
0.428650976991351
0.356250075979815
0.384988793730101
0.456540728200672
0.39132877338904
0.405913239011679
0.414817141217996
0.284217292625649
0.373647946205101
0.394408295042178
0.49278388630372
0.401889024490549
0.486729001408282
0.368960302253377
0.460760534514351
0.434202008996297
0.282257233373002
0.407824619779588
0.553420361728774
0.451836704473467
0.555521456518412
0.617650141826202
0.453148958590781
0.468296282581696
0.354287033422388
0.539705278006302
0.468101249628586
0.361895488205223
0.546615942706311
0.500279853678167
0.460408320329972
0.592215105933353
0.444509659687894
0.534785053766903
0.527655052650966
0.581961536429525
0.446238732180511
0.554424879660885
0.417531065938124
0.54524606784245
0.415860751938114
0.382869022881577
0.461419287054712
0.732969075709364
0.527437474227085
0.500873039666885
0.439149106746664
0.52014667407978
0.577187924529667
0.537212186047627
0.407027946645296
0.580828833745185
0.679073256707494
0.44388518824225
0.45281538316925
0.455195966154287
0.367844076805834
0.540560499515254
0.57077225489552
0.469296423832539
0.531050113624164
0.496727140969663
0.471160420736515
0.43433108420834
0.532391041948145
0.51874727920214
0.61395107602761
0.639534632809188
0.606237513455506
0.362612361215656
0.517656272372471
0.583883367539969
0.600702915689235
0.595758202753615
0.417846638871968
0.552989056004009
0.625536619078603
0.611774866171904
0.552740315227209
0.6494383528716
0.556172802790613
0.521866538611548
0.607485564261306
0.567878285463039
0.664723809549347
0.565921695846895
0.6030624747724
0.374697319125044
0.470880107449437
0.58044282359866
0.551247973816047
0.628764467798576
0.520164998532462
0.563244662584284
0.557409861931484
0.556890455153597
0.628458339896156
0.563022393886661
0.458625025481559
0.833939341299307
0.63911156232997
0.586831523103971
0.596172190336067
0.679810378596453
0.518957549696255
0.709541293803874
0.611868554273994
0.609348287648163
0.594931719159409
0.621002453851514
0.606672711198112
0.625709581825203
0.74875098349231
0.571208574287377
0.731257900722639
0.57922962654349
0.586698846930376
0.707628551158171
0.597947595972578
0.578089516508479
0.752334568120516
0.74449061566178
0.616349189729877
0.661171718430134
0.683545086602914
0.708291330732469
0.716920917733857
0.668976402712924
0.780581862290018
0.771710372073341
0.729332474305168
0.581450768662287
0.60637791818196
0.727729368066101
0.737923157413143
0.750536879471492
0.649129440700665
0.525151532188762
0.637918493044748
0.781103849418049
0.613406162080413
0.729389600034129
0.708914503182958
0.82113840143514
0.666165720030722
0.629435010060396
0.579680936869206
0.768023557712812
0.750637236129232
0.62166154566763
0.674944422782418
0.692110695382101
0.692090208186546
0.722638956735969
0.669239811898469
0.743274833633685
0.595280983760436
0.875107859599128
0.624471190455704
0.544725677908027
0.790121793810677
0.728971301873516
0.775617282834898
0.669078646536654
0.845343204681619
0.684150303004492
0.738742344708787
0.724755580738895
0.737338454444876
0.718671055919049
0.83544059323702
0.874008919574896
0.918370161553855
0.751363155161762
0.661161571740715
0.560797234596459
0.741074392059641
0.734768594318085
0.843819526824966
0.763123325377259
0.684789749881437
0.879903191332505
0.701184937907137
0.843888386441236
0.753994401299711
0.688183432322097
0.840815697265326
0.721037299491293
0.955179282850996
0.753551526843059
0.658029762671468
0.827419285316731
0.834508633648544
0.697056947038757
0.776582670723543
0.759819450242582
0.851106990378454
0.784075836275692
0.808196037416049
0.676385322985018
0.651338981781999
0.849889906152931
0.847120196473643
0.805755701653651
0.856492578009623
0.851454409998193
0.919188254630799
0.848751799152454
0.78879687118554
0.903771936755551
0.970414351113852
0.761216199631456
0.902274828185484
0.678487104374673
0.729752860909759
0.837693080023102
1.01993900086632
0.764648826381014
0.877124297845739
0.802209074270825
0.674227521215988
0.835053200001339
0.920640520572728
0.783713696418012
0.776384375074646
0.875123219428695
0.882223197207715
1.00975476247305
0.880703910071861
0.890147327281151
0.899853878804357
0.997655493280782
0.802797323337866
0.857227134649438
0.954999074177061
0.770444161952784
0.96256994885475
0.94333169616188
0.701888714852506
0.873460100069026
1.02422840859268
0.920331735184726
0.725030320840272
0.955548298986328
0.791903969916509
0.894101346051753
0.871223702182375
0.754584197346179
0.86233203865348
1.065852995746
0.84126152936301
0.820403075030424
1.00210453634032
0.951959830004654
0.881322592120692
0.956458538369474
0.909681730401031
0.887429319641854
0.919865390547444
1.02558435542471
1.01859707526976
0.835859402804559
0.915410967399941
1.08355172597738
1.07720890328343
1.00607048423102
0.969732826132442
0.948689273701441
0.805229279626359
1.02991180736021
0.984096700128845
0.908107392546135
0.809725809874878
1.01263569806181
0.989541393064684
0.772335856192541
0.76176784781897
0.816703856044207
0.960079710496703
0.843134324933116
0.963338655516076
0.843255517528469
0.967958011453114
1.00441035728716
1.07004914766558
1.00125050417088
1.0148107240632
1.01159364016726
0.972480844456697
1.02007958565325
1.03568603759
0.995930302538604
1.03994741553385
1.27870323760183
1.12914066971258
1.00068432350345
