"x"
-0.947066802465161
-1.01899194896688
-1.13826272102874
-1.10045571931003
-1.05153347506771
-1.01366653231613
-0.929435877937497
-0.911824387099001
-1.05424705064948
-0.949688357168538
-0.941907721225839
-1.11070035667068
-0.937299678519932
-0.829001679765232
-0.79292856387468
-1.04496349571559
-1.08342521422263
-0.915210083809229
-1.0172650555017
-0.812799433394153
-0.821887223986613
-0.899692090995938
-0.961359770106207
-0.955643179717854
-0.856566968195799
-1.10404526781144
-0.958503838277864
-1.14109766031193
-0.942715214678856
-1.01470202311933
-0.936765244461559
-0.882266034097099
-0.964083286758944
-0.986076952607333
-0.866995437215015
-1.00542147345122
-0.904669873792042
-1.07816294539288
-0.863422781893709
-0.901377869583827
-0.952344145356544
-1.03023935687578
-0.972967624484465
-0.951039573614622
-0.881335204348861
-0.933978362680367
-0.881914974237457
-0.683226068304351
-0.877769180189199
-0.966753110519772
-1.00329832456785
-0.891811290759775
-0.817225990706381
-0.81580330187703
-0.905325955621501
-0.917378347168598
-0.847754515469695
-0.885268719563502
-0.899828549535175
-0.781664512384911
-0.874969197080613
-1.02267690499127
-0.89768584851152
-0.852930329529194
-0.896285257279869
-0.885138112971737
-0.799003434947096
-0.866226187392202
-0.859025090892565
-0.955259380400909
-0.722466884496426
-0.719304800174222
-1.02600797795087
-0.903505317321375
-0.778966836689459
-0.848531721401814
-0.948383933514356
-0.71782113431707
-0.882950607606337
-0.770485565234972
-0.811046924616829
-0.773078906517769
-0.977513792502581
-0.764976093564118
-1.0268311670104
-0.803313817695963
-1.00705707878764
-0.832435836626604
-0.74051516045715
-0.738299150066286
-0.768256964107088
-0.813425055138212
-0.819494901560361
-0.824312324279471
-0.788770531334728
-0.799732397011387
-0.754947903665548
-0.696643349546455
-0.905288127813108
-0.722592284992176
-0.74734174121138
-0.806319729919009
-0.595971744987423
-0.698167145264729
-0.760412688827497
-0.805614291031909
-0.741695415996597
-0.673475871903409
-0.842767801109828
-0.745102079135347
-0.59178991758641
-0.830992330123711
-0.857272007286027
-0.791363490243513
-0.844922813756572
-0.828956895724708
-0.743128770629903
-0.769417588954729
-0.607111760333265
-0.750880371336921
-0.65664393289579
-0.873329098363859
-0.819550346580233
-0.846131100048827
-0.847764510162844
-0.701787843429411
-0.896557611579735
-0.742526770880429
-0.823350982035703
-0.669250805814676
-0.682555345496961
-0.708659795915381
-0.669656606664655
-0.828553816222008
-0.734334564306091
-0.740736110358922
-0.65557908231966
-0.807784490227228
-0.657051047371092
-0.647327937444809
-0.630615911421211
-0.572498481896124
-0.870615207538337
-0.549486057426858
-0.667039732867466
-0.759253034819272
-0.764866865287635
-0.692341761835423
-0.675154864116991
-0.633171663233158
-0.546751970198606
-0.576643453655902
-0.629473089382337
-0.758772001628141
-0.740395275687667
-0.641028330495196
-0.685275268489781
-0.591235540915902
-0.672854859965239
-0.647074756832941
-0.785207810354242
-0.62474280811486
-0.663282357499219
-0.566593659349133
-0.565897216508744
-0.744036109206611
-0.732843197135381
-0.616938836396397
-0.747143080245274
-0.739344217690209
-0.586092344367331
-0.63224221110046
-0.53048569617891
-0.668279955199307
-0.70664690056081
-0.63801168505974
-0.703575642891303
-0.625378629994231
-0.804199641367871
-0.654090153520078
-0.732126155059973
-0.625953779565194
-0.648936762883531
-0.688747572731835
-0.6794119296182
-0.609612042008548
-0.612802753533206
-0.597988307440764
-0.62329844087763
-0.740904664597358
-0.625055652465657
-0.746188778067917
-0.49768627425668
-0.623738438390422
-0.651098052893652
-0.597890568871781
-0.678870929557257
-0.593432967051669
-0.640960749718363
-0.70996848650679
-0.697176235863601
-0.497016888998884
-0.554424326539333
-0.513491984285491
-0.652571012756718
-0.63473528948314
-0.388680742936933
-0.59791270905531
-0.479774417405286
-0.310863811381353
-0.515336345937628
-0.526724771614521
-0.64407547923505
-0.519067726383756
-0.632373400731745
-0.517362810859141
-0.341284854446982
-0.505140367233619
-0.712991336915388
-0.734623093552762
-0.610964204759977
-0.597992691100235
-0.385288927774895
-0.802083094090269
-0.708890068744824
-0.622654748244828
-0.4529289126633
-0.518099351070435
-0.400403286786514
-0.578045403126519
-0.664201448547433
-0.663433180317934
-0.586689819827125
-0.587276071142654
-0.538763417857062
-0.433970982650027
-0.712079791860301
-0.467051710144149
-0.527406837668328
-0.471587320507657
-0.537737838064192
-0.583714938427444
-0.524222304340144
-0.58690340338127
-0.572714469757524
-0.367676155297115
-0.518906855051948
-0.426262712772213
-0.435150862015281
-0.644246523757579
-0.408099357592139
-0.484768084418641
-0.414927255410279
-0.41053838971653
-0.636102232332915
-0.475697104831123
-0.495633256150036
-0.466411861792884
-0.462275162336999
-0.369030702689273
-0.578914268130365
-0.537726569145805
-0.259165669851306
-0.53637669472438
-0.62316103816286
-0.558656025410295
-0.405305056943252
-0.536680787977252
-0.530948428594517
-0.475850606268777
-0.470615860854556
-0.337032436245798
-0.426709163308596
-0.400402673107299
-0.433200379021097
-0.663776369538754
-0.457674486787736
-0.475452134816743
-0.428814428057946
-0.462846532447285
-0.418768645053192
-0.454565632664111
-0.50326341459191
-0.421218762856347
-0.474169816107829
-0.493110757485588
-0.368594977673384
-0.397727448287476
-0.328099808891881
-0.632298778899245
-0.486513435651888
-0.383418672354705
-0.587919691776437
-0.477624148923622
-0.376314976651645
-0.450390040284325
-0.437691351604233
-0.44882935964592
-0.308561063905048
-0.538104156736118
-0.471311502354729
-0.445846183748443
-0.323202326312199
-0.418691904880144
-0.24904658519819
-0.383959227865696
-0.541249753398854
-0.180421485451313
-0.330898496060744
-0.318886513761707
-0.348895763935268
-0.319648432762194
-0.377361039429482
-0.249946661821885
-0.425553008049201
-0.338965478085534
-0.35682790898317
-0.181910072514348
-0.468778693065256
-0.407948079978539
-0.299646593641857
-0.367701056110537
-0.309018994942984
-0.420374842033278
-0.426627496703879
-0.406633776851087
-0.190564970325934
-0.290722170352276
-0.396695264186467
-0.470222759754368
-0.187840695661314
-0.192800794563879
-0.26713867507221
-0.289731892615526
-0.302005156632421
-0.354560192743556
-0.289497200683425
-0.26444711115774
-0.331595997446551
-0.217006493638129
-0.302816832582213
-0.262587645399438
-0.341099505632642
-0.227821868374786
-0.360126136245606
-0.363069370403461
-0.307164868081478
-0.382254994966954
-0.277748455266775
-0.400348604484646
-0.20884060741579
-0.279142454838623
-0.304563233522606
-0.167979935617732
-0.422698771560312
-0.29032322081297
-0.257903650095966
-0.322610672448155
-0.255862988957123
-0.273452893943442
-0.270875138991681
-0.354755425301128
-0.282439105677401
-0.120254388413066
-0.182234193704817
-0.264017216762527
-0.304556609745286
-0.213787520764669
-0.211410804745751
-0.260758610760301
-0.235627191656924
-0.27179147964845
-0.154914640169627
-0.158236026753251
-0.277751399088218
-0.29495824182192
-0.16427277241554
-0.344400980065479
-0.171105592472547
-0.239061190866426
-0.223343647476888
-0.310121547508081
-0.159022662544494
-0.193080573990289
-0.19601712864236
-0.254208726189205
-0.275041791544309
-0.25237803334199
-0.263740023214326
-0.169992698723874
-0.290115198921033
-0.141724726138988
-0.225107959808672
-0.29178697669606
-0.262763584698941
-0.244064100676501
-0.0492198944904532
-0.30981161153668
-0.249115834034846
-0.0115156118877332
-0.138247555755955
-0.312653269557089
-0.0576688120430356
-0.153258203963488
-0.266741679488649
-0.270683416379473
0.0284587613009682
-0.327282503615971
-0.232485190955646
-0.0973462857372423
-0.187212794275988
-0.107890028136997
-0.186960898885581
-0.177837711115488
-0.1278030109426
-0.124080082083649
0.103383845423023
-0.0346134482378945
-0.0757476113957029
-0.171187710643556
-0.136911078559047
-0.14203973203177
-0.125944495230829
-0.120198825782498
-0.116633371273512
-0.220931803689814
0.00910766113035343
-0.0383251236167043
-0.0521740927512231
-0.164294641425395
-0.254277387469799
-0.16889304888718
-0.0915133150401552
-0.0749678121124475
-0.118169557908083
-0.114094842177967
0.0609265863272675
-0.0472613991233805
-0.134079196788092
-0.128676037077855
-0.0938913617116062
-0.186271197530542
-0.267958922998485
-0.192155866894127
-0.164593285580803
-0.210699531839628
-0.162942344802633
-0.278963569237416
-0.204413428580832
-0.132418303386758
0.0673443307715049
-0.0729699190238215
-0.024183007238313
-0.132136694561818
-0.0315038785100599
-0.140902615712729
-0.0192646980759234
-0.117559591516349
-0.158491928692902
-0.160586457316677
-0.0728460790290111
-0.0346724510017369
-0.0748639115117651
-0.0727246511469358
-0.14506401015017
-0.197106431676716
-0.128448789923191
-0.00188490107087878
-0.0271588793234771
-0.00318224180237345
-0.0877793303495311
-0.107405026409151
-0.0288354450175748
-0.0169548358146376
-0.323794853825493
-0.123750699999264
-0.238949469079909
0.0143228294010053
-0.0597284680344106
-0.0431941316579161
-0.017244229552044
-0.0912520220338987
0.0472326375296495
0.0405424743136583
-0.0432206624585303
-0.0207168206937526
-0.164707651569144
-0.0303988442551066
-0.087826367330551
-0.17673499564431
-0.0019906691484066
0.119220021009501
0.00311833383205556
-0.154673083302422
0.0645953550078269
-0.13022402105088
-0.17437694425898
0.0399459102792391
0.00554911971849831
0.0402749017816938
-0.0432325805529928
-0.0387460492618986
0.0202727686554586
-0.0363240725011721
-0.0656214224209365
0.226682037775771
-0.150248588086071
-0.0497473424068359
-0.0406721010892486
0.053649805727696
0.0488167595325858
-0.0583113495435799
0.0401724194231732
-0.125549902100918
-0.0322568490182783
-0.0227669960851566
0.0585553071622795
-0.010830268283305
-0.00345156535068126
0.1727657769095
-0.0796631678107583
-0.03706048416744
0.0226015588472393
-0.0739632767883691
-0.0125782148456922
-0.0325539677001174
0.199273871047645
0.103909646560184
0.0737540040849428
0.190481553921627
0.0541074853564165
0.0163594997738207
0.149026041297731
0.142039866699252
0.105410563040498
0.207532125062464
0.0893155705660447
0.0604676473566161
0.176021942288089
0.150034509920436
-0.0719278317216071
0.139394446267425
0.0924956996736823
0.0357010672122161
-0.00162008307917809
0.111184911624322
0.0921118108617463
0.110929136981119
-0.00765343932744937
0.0730455514948069
-0.0229393399554703
0.187653775101542
0.107348871880919
0.129930734580659
0.18740426288914
0.0531870696094856
0.124963244852238
0.160605380976897
0.151047929521194
0.221612277201173
-0.00460965642040858
0.00960802650837564
0.0482270173482783
0.069493479129115
0.376429057190728
0.267433701034246
0.220522822936759
0.0439818094423275
0.178101722607299
0.0129913657823697
0.160253001444117
0.252136676061212
-0.0042683912308247
-0.0100810966953321
0.10429639218142
0.200481978869639
0.157301070057591
0.135904331450371
0.189325327576571
0.248617997213634
0.184684404224324
0.223537318905263
0.0748223715999562
0.190762388489992
0.101749613612187
-0.014075411066177
0.127611524485101
0.0976743063748937
0.184668038016001
0.266582478374197
0.216345490696006
0.199034911602822
0.254663823832895
0.191205024131632
0.158033018418342
0.199547834972806
0.237415315920193
0.205697800801491
0.146046715428573
0.127252947203158
0.210281114066754
0.230608495529938
0.208807951624733
0.367202238387591
0.239762159807353
0.0206271877550993
0.223633759862989
0.204973820128597
0.402375553911793
0.131628892898024
0.239351127113362
0.274704123278324
0.146513661036985
0.396245483853153
0.269084674493447
0.237125743081788
0.25949796209045
0.135609763632854
0.306311972284979
0.437896029005351
0.364083516044573
0.139212553120788
0.252962592185539
0.226427518157737
0.319165181070797
0.285422825178493
0.360724019011957
0.166190869524666
0.329303380274078
0.348252077540167
0.216192931401777
0.198847314135931
0.248238640367255
0.354375153777249
0.232525100698475
0.391792296685004
0.305031499904547
0.417050550797546
0.259454341282536
0.279855326714172
0.288168669335529
0.27826401592778
0.228119465629019
0.238806335922072
0.206917038436983
0.372673805363436
0.412804976524097
0.370806911083964
0.253945840520431
0.447422454484208
0.520961454351506
0.390846017237234
0.353228825766103
0.367619239123536
0.0907677047254305
0.353606693044857
0.375060409641123
0.172361894391244
0.437832492656371
0.330807730573138
0.355675484893986
0.379369016773187
0.316276837034371
0.41367587646993
0.312536173946264
0.354617381934018
0.29798002691489
0.304343034398671
0.391496767968198
0.32264475980893
0.358670360097261
0.36678607641035
0.263900706905153
0.436525884758746
0.345758668522517
0.277407363276174
0.325800041582928
0.349998860048222
0.379068755946078
0.468440700532352
0.313604448690055
0.380202078488999
0.38411400441441
0.510634251024777
0.42448865101582
0.401307553140813
0.377954045749873
0.424489342711109
0.345464739744649
0.393341903104055
0.469575158292919
0.288577363460154
0.502807289167967
0.397093642606142
0.390735830715953
0.369301025032834
0.369570626012688
0.478158953387828
0.426553111970184
0.478648457629014
0.334367270544397
0.261737928338257
0.380154974498361
0.614182656233342
0.373945335514686
0.567245233287058
0.341960571665935
0.300609791461487
0.34462677473115
0.443426075245605
0.40004652924885
0.400451160220333
0.350365860267019
0.467115700317245
0.439263160515802
0.640632786312825
0.475710000969458
0.489486432030865
0.450014790344757
0.382716493639858
0.512706140790275
0.432889957253392
0.366823130548064
0.544513746855377
0.625632334222214
0.272791607458284
0.51346884461436
0.458755857771615
0.605527705453541
0.321368040318034
0.422444625481377
0.543980774210972
0.46160358686952
0.498301094042292
0.508589957137545
0.378009048222963
0.564726446845459
0.523424922359998
0.536709484933183
0.260690580146458
0.452996273630391
0.440192956777586
0.338985446835266
0.585945939152034
0.420470954751122
0.491244078465431
0.54173527217544
0.412363322039848
0.360111051376972
0.586585786904822
0.455660348539836
0.381668037448456
0.541930098266125
0.478970103747362
0.492103404128268
0.334947259694446
0.471683749380334
0.565260415517861
0.491455681106249
0.545575040900233
0.530990904846694
0.44381172436224
0.449747758821696
0.581565609616799
0.440257218597004
0.531067706431044
0.559924040709211
0.571284780847604
0.495510054314089
0.468655166915912
0.488819963599956
0.40396806286522
0.525363920182928
0.557214697343896
0.65861057450694
0.658402336034694
0.610089244872663
0.372675395902139
0.565796917814275
0.514396306474023
0.603961599550486
0.488405269090152
0.488511124951487
0.616438323965759
0.56973888078168
0.433514147049741
0.573991922137134
0.507231954385128
0.634655247542871
0.554679872067342
0.451098018742181
0.726837977053237
0.615075175452422
0.610256818369187
0.564158953834276
0.628394090912395
0.516290207807503
0.609882163675288
0.456084024567477
0.649788964353388
0.551905244371196
0.563763317696563
0.649769726372666
0.781427358786754
0.626468240613644
0.711320673722553
0.561801079063388
0.56670721464861
0.68456066987359
0.656622398333647
0.751952250107719
0.715217720431397
0.591582138023787
0.656383436021761
0.709265288242146
0.521646870997458
0.651396978269249
0.541349730826324
0.595284753539438
0.536101761573831
0.521903137776392
0.627548997693164
0.5180652485746
0.624246741156729
0.776780547005289
0.573446757653837
0.728157987987011
0.754382148866152
0.67672470252801
0.657077618393429
0.60977597840476
0.623217867538521
0.665068421200545
0.794279014856529
0.651804963803155
0.554935347662188
0.685043979579421
0.586421101260218
0.506374235903714
0.63885755642729
0.599300907634797
0.760143466566452
0.712799746960727
0.613698049351195
0.559198753295518
0.621206360784123
0.729454960328644
0.685876101192184
0.778707278575929
0.686238077468178
0.740569166676816
0.855624782103603
0.818392006222319
0.561147920110567
0.798374017816814
0.740827092945395
0.779844648625851
0.654115436374056
0.705006782891546
0.790322360041374
0.715550324503369
0.760900414182914
0.739926859138325
0.672691074880646
0.734243748028436
0.766706336093013
0.69796695350711
0.686493268258275
0.740798049616993
0.648051471645758
0.730321310842131
0.752681523042636
0.684434423456902
0.705480275979325
0.663925454045286
0.840901316737381
0.671300083524195
0.655114548733986
0.740450209355149
0.613464821952974
0.670558093315686
0.755247787220105
0.705833493740925
0.773598598260535
0.619033121267662
0.652480955586111
0.636479341382839
0.784587061047783
0.729394683723701
0.861553297315755
0.781956410512286
0.748715686208258
0.879015124791431
0.692989340339625
0.751513140927438
0.786071834251098
0.774156229682367
0.783629058557354
0.885680457477269
0.762839979424755
0.827619216003758
0.762764671704051
0.806304667763426
1.00874145010884
0.901605409852324
0.852169847082073
0.844796424783337
0.929815452323551
0.780292221673106
0.799607354161309
0.827089521260524
0.833917490592358
0.904629470085191
0.771026504242176
0.785330527154302
0.814035837462221
1.00176884895598
0.646836027037345
0.825284941906769
0.791551149339516
0.872513516792019
0.821831424044282
0.825108785279847
0.782172511464704
0.925121658686834
0.631089289455876
0.932012301574096
0.857165274350657
0.653182768158258
0.901125900536628
0.931994398463232
0.945363863927164
0.859391691073984
0.956450592324392
0.777551825746684
0.80166827666422
0.870206128580795
0.976503304516338
0.898488703958282
0.843088313026062
1.00942116626029
0.847729739075223
0.793966100505118
0.956318836395979
0.946839498322602
0.799367703411904
0.851259918283657
0.891937175712189
0.968992759650859
0.932031504369928
1.00239094927041
1.01721711322443
1.02379502807147
0.931138108089469
0.835069756768542
0.903515826679144
0.9542144645023
1.05688435359736
0.932698532527404
0.934855078978182
0.991827697686392
0.945370381863778
1.00110672021491
1.080131517383
0.927253588304946
0.907561637000074
0.836373018523493
0.998226888377071
0.959097569233152
0.931665401008231
0.887472158435469
1.0879943452798
0.968364917966865
0.95754373635885
0.911424108174526
0.935542368995923
0.858384695276143
0.924660376193367
1.04870982850902
1.01392706171661
0.836310478743801
1.06726975119395
1.0068215028582
0.825890552891161
0.902756587495586
0.926584406662361
1.08821113934788
0.977789630534158
1.0798002813827
1.02664743768745
0.917807900510175
0.799756843831202
0.98717926539036
1.10289128886155
1.13997343440919
1.09067752920119
0.944916012114727
1.07543887779478
1.03364064634688
1.00281878942378
