"x"
-0.949518865344591
-1.02274771876194
-1.12903759786379
-1.09370251253648
-1.05388568007699
-1.01700319293375
-0.922944619948654
-0.907361631577488
-1.04984862802817
-0.945304277387067
-0.939265023126849
-1.09629981466131
-0.93289345019529
-0.855715140697359
-0.813464744731082
-1.04632914640178
-1.06838906245369
-0.918715350402623
-1.00027417887815
-0.820575085388422
-0.828224916526667
-0.880472293523419
-0.95710107409794
-0.976171084954479
-0.850277954986004
-1.10997396872543
-0.975286612422454
-1.11559297345197
-0.942204109797824
-1.01427167620781
-0.912326368912899
-0.862485783715358
-0.946517466324055
-0.997353319873159
-0.882567107326404
-1.00346229471327
-0.88575471424428
-1.07546221864875
-0.850163952732359
-0.927769229250533
-0.969080308040993
-1.05943062640096
-0.978437211748389
-0.950903876594486
-0.899684894836234
-0.941175493248031
-0.907526309093607
-0.667959381358323
-0.874163519665357
-0.939810059629865
-1.01860765552585
-0.883955342262397
-0.826601502920202
-0.811763403679112
-0.920412948764969
-0.937117322323119
-0.842398591877505
-0.868240273233634
-0.887890015682538
-0.780340485130153
-0.868607394400919
-1.02976237758014
-0.899039561697286
-0.848548482450938
-0.913659079984254
-0.859871266639499
-0.814828136787238
-0.865766443166177
-0.845585659164653
-0.971787934180326
-0.686726565825469
-0.721160202116595
-1.0146058549933
-0.900032236407266
-0.789868089209274
-0.839682658679103
-0.951983793506563
-0.735643438663818
-0.903917105512679
-0.782645172106744
-0.826189136969816
-0.783701829382386
-0.986882432694973
-0.732371215583373
-1.01554145652766
-0.817079638937624
-0.970758127412759
-0.846376993301097
-0.725497638859581
-0.720239314413805
-0.782715194938866
-0.815521945423298
-0.831751971804631
-0.798292554920281
-0.783287810136234
-0.788913128420156
-0.751627342996946
-0.685333724607951
-0.896332724125244
-0.734711003708996
-0.738656830584133
-0.81827058144859
-0.590104912884081
-0.696576509631188
-0.769389820207674
-0.789858570604062
-0.718920210207841
-0.69088300322377
-0.832077274551027
-0.753099415271232
-0.59543848068027
-0.825107990090319
-0.84823486239501
-0.748369652681214
-0.858958487466543
-0.846115353563636
-0.737927415436638
-0.771322703420383
-0.589652154255276
-0.749627580648791
-0.642218379921641
-0.903674169513942
-0.817733200161983
-0.857715302719146
-0.833541907393047
-0.688052386586261
-0.861073844366286
-0.755737504655168
-0.793794008382513
-0.690435141973506
-0.689697170122697
-0.705372464997759
-0.689035904868692
-0.826378139437528
-0.73649806851549
-0.755781138437731
-0.65143114340743
-0.796851687100375
-0.669457927632199
-0.647808924149441
-0.630472777968108
-0.573961953349833
-0.868811407544502
-0.557825156263419
-0.662883824021364
-0.772999504051862
-0.770849380841219
-0.713055056054212
-0.658461432090026
-0.640641017740988
-0.569501830578988
-0.569368395925932
-0.660254917258808
-0.784373691073127
-0.736401307164094
-0.650542160567183
-0.701903339217371
-0.609762373685041
-0.677032351836247
-0.674128252167834
-0.771589408400572
-0.618083889801738
-0.666065859949046
-0.564016650105466
-0.588654920733771
-0.724954844921441
-0.746521460379108
-0.628265695966727
-0.737461613190396
-0.721838892438867
-0.599680749891203
-0.623029974593492
-0.521667911127727
-0.677120946697388
-0.70053096220563
-0.623291999043124
-0.724956017708045
-0.624477251374134
-0.812645921825676
-0.636583506076767
-0.730371053096989
-0.606130745129053
-0.653647036710305
-0.687222086426409
-0.676305666686029
-0.600820016775422
-0.619313879487219
-0.585357118542878
-0.603545328263701
-0.75336909571634
-0.658148099787199
-0.73963807589936
-0.507303920165953
-0.632523051551951
-0.663507376389678
-0.600936991433124
-0.692774867861161
-0.564170209134285
-0.629665550900307
-0.696045122839584
-0.716751560067822
-0.522222680197774
-0.548918481229361
-0.51226025550055
-0.662709293467015
-0.641321917459177
-0.393659767643485
-0.607509815428174
-0.466332551169218
-0.318983909198162
-0.504791062656355
-0.515898306797896
-0.649746117518453
-0.523420848345059
-0.614428008185423
-0.535927841925519
-0.338000368675261
-0.498390433241525
-0.710939115173369
-0.718877541232982
-0.616336109196798
-0.591403241106867
-0.409940278450886
-0.809008771280255
-0.698140805724853
-0.609859760272621
-0.441707826794414
-0.503213291769889
-0.384277881398543
-0.570019025979116
-0.668222484060502
-0.650607148019309
-0.604611446311933
-0.578789486410715
-0.531589486881145
-0.451510378680162
-0.733169175401529
-0.469118431416359
-0.556252491947712
-0.478969607706906
-0.52951453808681
-0.585391210425568
-0.496174353025335
-0.578607331072063
-0.60322457038568
-0.377220323770109
-0.528216526064274
-0.428616072240481
-0.42849335516539
-0.6614648182623
-0.407077547421631
-0.489915563311583
-0.424298019301637
-0.415447633566313
-0.6180693661105
-0.480305375075034
-0.492000079773332
-0.488746923178106
-0.443877665703803
-0.384701462820683
-0.582881375552481
-0.516682792047282
-0.252363367891559
-0.53741769346211
-0.632024860430419
-0.573693350329586
-0.419642580874102
-0.539884470477636
-0.531208419274131
-0.459741746812054
-0.497834761051418
-0.371087822996402
-0.395103338939639
-0.398790128107396
-0.446928766898942
-0.670493867210672
-0.447735904066088
-0.497171989116003
-0.446296695698839
-0.442684260930948
-0.447072716110216
-0.45270795668409
-0.496378089805447
-0.425670999673879
-0.487090082146837
-0.47944045824333
-0.370446694953527
-0.423418282913002
-0.347420933049263
-0.642770529728829
-0.473551694123136
-0.413762270665865
-0.606756753256029
-0.44456293291523
-0.373964150238695
-0.451152082480692
-0.45669055579051
-0.458178640825583
-0.311441546551189
-0.563382807258656
-0.473393525366217
-0.437444148238667
-0.340803046209859
-0.395846708254953
-0.246266114565262
-0.392223823009633
-0.542571119581078
-0.204490841624625
-0.330853692611576
-0.324620429838657
-0.341182707986863
-0.322868534490104
-0.391342423142084
-0.222510734800394
-0.393564271506993
-0.354925105322083
-0.350101970810658
-0.16258270141947
-0.459011702675188
-0.402412924087742
-0.308448989286402
-0.366107405814421
-0.316599763699206
-0.419219003699763
-0.419281207198473
-0.429036876461293
-0.168735031244823
-0.284531592051143
-0.366294421161929
-0.464003826745969
-0.205052709054756
-0.229651242815795
-0.290544100240387
-0.292006251268913
-0.308715223077287
-0.352618477457533
-0.271964027902808
-0.252534128716973
-0.327764888179208
-0.225377159460244
-0.296691682239064
-0.249293617975008
-0.353290021571738
-0.230668266433906
-0.34819803805263
-0.362485073931019
-0.310336503922269
-0.377694867314713
-0.291742156334652
-0.42767571063716
-0.201550668125051
-0.297121386144866
-0.310172486303142
-0.163925621317042
-0.420994196778696
-0.287755002545976
-0.272781521627743
-0.323758185062283
-0.235983225289679
-0.256391770301969
-0.270938128364226
-0.365516351154067
-0.297730891991617
-0.12738984997362
-0.190485409897166
-0.2947251050621
-0.318656829635945
-0.231539806162997
-0.200488636052018
-0.280310063559828
-0.214471036071828
-0.276926782093408
-0.165696722493329
-0.139645916841789
-0.290074828848979
-0.27214220420993
-0.187352171737405
-0.329220561027925
-0.182662630030037
-0.235936993829902
-0.255634789710153
-0.329065286607621
-0.175653565036171
-0.19423225588104
-0.188897431220453
-0.252684866812337
-0.287689838122975
-0.254835575220365
-0.270604139728267
-0.167941615542883
-0.274265769222111
-0.148958808617983
-0.244967922299891
-0.259131747684087
-0.26049343074699
-0.246639596348016
-0.0425007550020957
-0.327974617476099
-0.239831310998036
-0.0300965035233568
-0.148104251000349
-0.314610192213033
-0.0643463653959069
-0.159940499754047
-0.29568740692418
-0.272918970019504
-0.00171430098164482
-0.326645905758623
-0.232068821734333
-0.101450734076208
-0.183729658175529
-0.0910519832593264
-0.181141908480219
-0.188068307875373
-0.137083587815382
-0.126674175082473
0.117828746475941
-0.0363674882805587
-0.0902860157098643
-0.171453385030395
-0.143272891522421
-0.148481986454417
-0.148223103438779
-0.133023654881248
-0.139581934801621
-0.201527138570238
-0.00759606166273598
-0.0655557269708312
-0.0376655095144017
-0.181258630925326
-0.234956577775472
-0.182795789984493
-0.103591149615576
-0.0836550585917267
-0.11270389139009
-0.0952842924638388
0.0440867219617161
-0.0544425576662593
-0.115153130710788
-0.12606205875507
-0.117434483551431
-0.211425880027012
-0.272345515439586
-0.194717806392067
-0.170729880163956
-0.20062163962534
-0.164159249172889
-0.294333016083639
-0.216384008299122
-0.131397161016786
0.0799899351053817
-0.0736802526105081
-0.0184963267140618
-0.161216553352451
-0.0323778111752797
-0.143678607326552
0.0168263851671132
-0.113764600505876
-0.121538509971053
-0.165905272117767
-0.0863787945225356
-0.0288847660435445
-0.0806317525768015
-0.0560919088917542
-0.180742207916134
-0.193569440821447
-0.148893578667064
-0.0175632492061002
-0.0250080184936728
0.0252795513249352
-0.0800691633416311
-0.116770690505539
8.38481215904217e-05
-0.000941132578763772
-0.32910508180553
-0.11255085010875
-0.271521099626192
0.0179400636813102
-0.0767031391075109
-0.0219769176409464
-0.00464748380566974
-0.0930083945398433
0.0470254988968937
0.0291155762866007
-0.0338558197761895
-0.0023616624382757
-0.170492306516741
-0.043585604964303
-0.095563125608688
-0.201457601000033
-0.00126054745213612
0.115436260884437
-0.0170025792485358
-0.141050691202528
0.0694204258408714
-0.14309775803481
-0.164026328472065
0.034373060698176
0.0085478354153564
0.0160403359229135
-0.0307324559209473
-0.0309978453725459
0.0160128215345682
-0.0262553886443402
-0.0535165924372894
0.223028575641214
-0.15276669223614
-0.0284718155809815
-0.0709064190597068
0.0496949103247804
0.0480912459168579
-0.0497722173159329
0.00232753125853886
-0.124577750451435
-0.0362549011317294
-0.000895015025680605
0.0576649159823247
-0.0109577722711787
-0.0167945814785148
0.169181670861389
-0.0816915842321186
-0.0346147074948367
0.0338504056793871
-0.0916313690035851
-0.00869361103780924
-0.0319187848397485
0.1845283986599
0.0866213711055048
0.073064833525216
0.202863026799298
0.0368518613387996
0.0380319497673802
0.161920341435168
0.133968425215136
0.112084033950398
0.200120564473696
0.0952163519602272
0.0522990280364562
0.173928702403552
0.114558301633671
-0.0562710993877195
0.128321784508833
0.0761776028973206
0.0436555147989497
-0.00275991660579544
0.104543494652136
0.0775511506117359
0.142782283828793
-0.0110351600101197
0.0648831755561161
-0.0149058576787617
0.194688956381656
0.109057847923487
0.131675914483999
0.206309053950781
0.0560531311707286
0.120117159648438
0.156666692247316
0.119960228279102
0.223995583983349
-0.00486225208451695
0.013017293470641
0.0595058554664122
0.0461487709804731
0.359256926534526
0.244715609175279
0.233303743827655
0.0421609168352142
0.190271365275103
0.0291085786717221
0.134591445044534
0.2680067562157
-0.0150553424655773
0.0172200518164944
0.114551574006422
0.192044301433654
0.147740006045861
0.148435149073456
0.187559247533492
0.240626330896437
0.180159923806009
0.219061442174079
0.0730163366700929
0.196210022119919
0.0957460709024908
-0.00435909525380431
0.122377572026462
0.0878316136535616
0.187198987492056
0.256463402973096
0.207992573332464
0.195107418462548
0.260869132231848
0.191229969578475
0.170368514363732
0.196318199077085
0.24081183607264
0.210362079055779
0.146261052923662
0.112268691370149
0.211209743899513
0.23370674991581
0.224991192685976
0.350253566325425
0.254107116271631
0.0116468120836075
0.233449146406294
0.222707264692818
0.376205358772005
0.149670471844586
0.25210745853055
0.261437125656697
0.145886605842803
0.388598665747979
0.275676825568002
0.231194299374529
0.267530500123059
0.156768942905475
0.311196681209024
0.45584113901944
0.355749113612368
0.16829202553869
0.265570981456128
0.247256850108753
0.312646084192881
0.299929576864818
0.371456069801852
0.176684756702792
0.325878139238989
0.333774906399657
0.196754494794883
0.184207251923928
0.262177377067257
0.353498101059668
0.233798460264057
0.41471031237718
0.28202104523402
0.442860703233884
0.241656802802851
0.283405128885016
0.282249182319813
0.275947311780067
0.243985049796212
0.23253333613393
0.20850698263662
0.37393691928176
0.407957516207327
0.355447784184881
0.234502440043444
0.448626409391475
0.526233112052834
0.409772583192164
0.373626913605036
0.361918257778581
0.0670374649660514
0.358775892674381
0.382353733272069
0.196569719454376
0.430334587384741
0.331114012606115
0.341122330463292
0.372894992319295
0.331165847977033
0.413461418945047
0.308915974842517
0.340128713929519
0.317996153906589
0.280993027095355
0.380041601712314
0.308563526612016
0.37663234291796
0.360779741236056
0.255957004842719
0.424180250474402
0.31902908094869
0.256462576734619
0.331578551037106
0.355960668327522
0.392685135072778
0.47789866142498
0.305677671240883
0.377021554021691
0.387853452320652
0.497479533023627
0.422899604889176
0.400207855876427
0.374027298617071
0.430408712126526
0.352723535304016
0.368507005232283
0.483027918019557
0.282419856182192
0.499449970685394
0.39784457677454
0.388431623850041
0.365114563488375
0.36547355761444
0.453091987583203
0.422442660478045
0.498704455173799
0.334674612917906
0.27424077833315
0.373223436341209
0.600233700631153
0.360151292078387
0.572076253451222
0.361990102639685
0.284483849561473
0.338390814517474
0.443803681386611
0.420211353005242
0.39176038153782
0.374761863538218
0.469591142735726
0.459677118744754
0.652546187913037
0.458437063872239
0.489518207227128
0.469502043367755
0.375294807672502
0.512422389921408
0.426377836060333
0.363759152545274
0.553340393949306
0.612779223153233
0.288658761816261
0.51670533251961
0.455796762031532
0.604335354737224
0.327100978672725
0.412086464081629
0.540264225839456
0.43288480904372
0.505002922686213
0.518563413621355
0.387250252007916
0.542398017418386
0.525129851969618
0.527256706282824
0.253545120945347
0.44144825240866
0.417579266589491
0.346268030909305
0.567218697607927
0.400893050750591
0.47545974364538
0.54169163581601
0.401965897966314
0.35168362456488
0.591457823747406
0.450370431540271
0.4106403211245
0.543252913531332
0.482507259587418
0.485879498473602
0.332603553212427
0.459987456599729
0.571552990524751
0.46571117444134
0.534093995887852
0.530119996466218
0.452809440531445
0.43429611733317
0.552667249068753
0.41615636863763
0.539362832022127
0.54872145293711
0.575567224606641
0.510401838709918
0.473738680055645
0.484501207941777
0.402000020962509
0.536194822326186
0.549381742610244
0.643645846229102
0.648838777081917
0.587583516095176
0.353941563067927
0.574915134997741
0.507536683854535
0.602950262500222
0.478754669734415
0.475516262607508
0.598042778782852
0.572010745491329
0.4334521954989
0.565572721843293
0.513394367252674
0.635104207563124
0.537734885057333
0.458964497502075
0.72487887262994
0.60915033671412
0.599318860778839
0.576284353015071
0.626370759905821
0.508892457653713
0.589984016191026
0.446822330462089
0.658582564431866
0.552864111084654
0.552108787389162
0.637190054517607
0.774484808180235
0.629738625126591
0.727716749712829
0.574449684616132
0.538460382831689
0.683762878345108
0.662588750922007
0.775400291254631
0.707466227892853
0.591854437963153
0.651473702624918
0.710050101519326
0.51060920767859
0.636931931192909
0.524689806771336
0.602684948648762
0.539264999735614
0.545388364983038
0.62565987950135
0.510347412680101
0.647709728524848
0.789254179394253
0.581556760950878
0.74863369021191
0.758557080612552
0.696564205397445
0.674169690681958
0.610318564117193
0.591216066709701
0.666810245339753
0.802636083148284
0.654675614514425
0.560190925745915
0.708898148409852
0.573486957738969
0.518780796915326
0.630210161159779
0.603741897126948
0.74665953828254
0.693633572556752
0.621213330289467
0.554382254424789
0.607714875613408
0.710617019850757
0.670676932437679
0.758255319561671
0.688515365689625
0.733122495145788
0.863257878910782
0.828251275235127
0.56189099070344
0.796724027287776
0.704421632704291
0.787293211654435
0.65021645318946
0.716851935321265
0.779014951830989
0.72732377915672
0.743216431793446
0.73800145766796
0.684887455464416
0.706319783502527
0.767775487265287
0.712609943349333
0.697705933245626
0.72383983691331
0.648589575305736
0.733062355140012
0.730313171691782
0.667175536781758
0.683116528054942
0.640391902422602
0.825771753003512
0.697307251847123
0.680923182036216
0.723976837629274
0.602473238829322
0.661822032404749
0.741685727542211
0.72573551938527
0.772711271636173
0.633405639372532
0.652258393426627
0.637017290545626
0.789469220732296
0.729687221400673
0.867782126001549
0.791311384961665
0.753980554995587
0.866732439091023
0.680738642217517
0.740304213146242
0.767250414111936
0.779822719660634
0.776694877929147
0.889733970476951
0.777483367228425
0.799246865755528
0.763787441209831
0.799122602607986
0.999245771059816
0.916353605336886
0.856276994732203
0.846731083301458
0.925405917235768
0.792172298659057
0.799795925522022
0.809559512117502
0.825533491911491
0.947257863477209
0.801337405930274
0.794847247873968
0.828740168863792
0.998867227858274
0.629814586873432
0.837556154659477
0.790490372366496
0.875697446706892
0.82609275198374
0.824987883624205
0.780427286655118
0.917080935597602
0.617914293598404
0.931251555043689
0.86927443269333
0.643415124331459
0.908498365901434
0.919699605725956
0.942362897151728
0.861483987864052
0.956951650135314
0.754195560021014
0.826327991877572
0.87278750795482
0.989523780238104
0.910482986091626
0.848845821236195
1.00330586061594
0.842987289400895
0.795050024887138
0.975498254050063
0.960937640051665
0.814658124874521
0.848175661343061
0.887653821256081
0.971384024072118
0.943266341330024
1.00304215757517
1.00795497884332
1.01826920863917
0.926529486803641
0.825482940576197
0.900784703251434
0.974960229298959
1.04989531578665
0.933518331046828
0.948761803307317
0.982036618019577
0.968530703290728
0.988640962427086
1.07515943827447
0.924149141569998
0.902010889318386
0.845740896065916
1.02028871031055
0.967197729150737
0.923335533704733
0.893107259701367
1.06798213025965
0.973853642346832
0.949656423115593
0.919660416771954
0.935102508055404
0.864232520518949
0.939428840379294
1.05493366997312
1.03733867092672
0.823826719306196
1.06278694427042
0.978549430986923
0.814788082140207
0.916934011545734
0.934136059942527
1.10620478225284
0.961296148089365
1.09081125885371
1.02128802061396
0.906916453445108
0.807490754224004
0.980070005051725
1.111157958092
1.11249829167954
1.06922445595773
0.936246176160877
1.0850376455282
1.04119002616337
0.988691778088884
