"x"
-1.19682923481081
-1.09911246011045
-1.12403565464457
-0.894254060969245
-0.923626334962564
-0.941419419174796
-0.99779388634472
-0.906742130400642
-1.13289606096551
-1.02786964984348
-1.00308317327392
-0.970834044710356
-0.922112612940233
-0.865228397781835
-0.932933645627514
-0.984038030259773
-0.99190629490155
-0.98138638363764
-0.943636048831644
-0.890495123999262
-0.926677254930452
-0.967391452045604
-0.853894495815468
-0.924494402626122
-0.967093433969616
-0.830215537431855
-0.947341545620751
-0.892370660413614
-0.940475316010232
-0.947092034954131
-0.972155571071022
-1.03095785696086
-0.916511495563293
-0.91688186417093
-1.03729096580161
-0.961005646438344
-0.923553964534237
-0.908650519556928
-0.834333795181438
-0.827412109135386
-0.901316713639952
-0.789712093846313
-0.771947872462898
-0.797192776433055
-0.990103043101333
-0.905729137171182
-0.889137409690682
-0.948118251274947
-0.877400682801539
-0.862768999790022
-0.779230367651514
-0.988829830206351
-0.870477943726192
-0.882808192927968
-0.904810490771104
-1.01067427771017
-0.914014926009691
-0.923922499063401
-0.96055382320456
-0.919420879527467
-0.708936964080321
-0.938253429387894
-0.890985410959468
-0.763588148021591
-0.808839430512249
-0.702129867693736
-0.893750268746361
-0.836313938283929
-0.851563767890458
-0.837496974863729
-0.845489916705963
-0.85155192983707
-1.08031712789114
-0.952017228078207
-0.934826991589108
-0.945146541793631
-0.845247017742422
-0.726889990057654
-0.758158622866075
-0.830580326158597
-0.845410811132054
-0.833677081731683
-0.873879075152413
-0.824133432180763
-0.782751794232874
-0.740542653691967
-0.815678610368446
-0.897723854887935
-0.861638575197441
-0.780580482938386
-0.722990049398392
-0.723770230503082
-0.759639765089587
-0.636163461188606
-0.806510827998138
-0.915788304691652
-0.840132408825534
-0.712156580691487
-0.785312006540592
-0.715697455451805
-0.876509203538037
-0.787650841946049
-0.822537939822357
-0.887608770301353
-0.823685146993647
-0.859920703940516
-0.780112337736393
-0.792583637907802
-0.799346041435327
-0.787550208071137
-0.806748604871608
-0.803495808606163
-0.795364934497055
-0.6180275418307
-0.79138826193423
-0.903461021393538
-0.641025527001508
-0.720280825327635
-0.634895291354951
-0.676106681926932
-0.65836562620828
-0.802270159901537
-0.706967272990862
-0.815220969633176
-0.708313729743638
-0.671396634623136
-0.710575357535251
-0.590042581956602
-0.673183838311876
-0.799761866816124
-0.669919127020363
-0.868509008204162
-0.622337613948115
-0.628483661881059
-0.741968087430468
-0.791437199379518
-0.753777732333352
-0.705729280032645
-0.646333783612081
-0.770841621853806
-0.680714788733458
-0.7931761889488
-0.785967485930095
-0.841600475784543
-0.614684990172934
-0.755097690108283
-0.639736590243989
-0.762626635806046
-0.746532240565173
-0.742945750480723
-0.568310288833856
-0.648881730049855
-0.754603530328104
-0.603218305844265
-0.770539894709436
-0.730550560963358
-0.580783140439051
-0.727804349016854
-0.768341001633416
-0.774586236035013
-0.680739645069765
-0.777144652225644
-0.586308464357828
-0.614645769343832
-0.676700522886495
-0.56094285617792
-0.555601821512435
-0.720158417884197
-0.549747292154499
-0.780850517948677
-0.723761304029795
-0.647095919329596
-0.727934094541398
-0.551876591265403
-0.711735436219921
-0.670156074379541
-0.682792222623273
-0.603782856493991
-0.69218261055547
-0.658207001963317
-0.701312309611271
-0.586024136861633
-0.607241630167379
-0.58088994022372
-0.677807499115982
-0.616345492549024
-0.605955791153514
-0.668986625640904
-0.64198680899335
-0.829895208087858
-0.525470738099193
-0.656390969834239
-0.639878951431574
-0.634913317222431
-0.623975156063885
-0.650580412798067
-0.568885091897117
-0.73950876324942
-0.554866048983313
-0.585717315648202
-0.595422176148494
-0.655904258946554
-0.61237361657612
-0.633697779573846
-0.623036364325691
-0.651748945173301
-0.399696399600851
-0.500114594501891
-0.751567414624617
-0.642737497819466
-0.56085827891856
-0.468334301378793
-0.518700104352002
-0.513120835024254
-0.68546166060562
-0.422544827071146
-0.408461804604039
-0.718560921006056
-0.610770506686358
-0.545762332120375
-0.518924549409113
-0.498502006791309
-0.644707056099247
-0.411413293018758
-0.49247982029481
-0.637706739372754
-0.685541415446499
-0.459756764751874
-0.415422664608485
-0.435613681536862
-0.616367729332679
-0.57160892472166
-0.383106805014124
-0.573851087428951
-0.51457011041131
-0.583083812912238
-0.566825254074601
-0.417246405785717
-0.574899857639062
-0.533930511266149
-0.560622601131337
-0.404239509525063
-0.584680126157128
-0.492037910282588
-0.411726302356742
-0.51532243503701
-0.563411286395043
-0.582024116788854
-0.424413650559057
-0.469906751976307
-0.558848914075324
-0.539165087137556
-0.529169670307806
-0.550345553489178
-0.664213924362541
-0.472853129516246
-0.427533019857949
-0.368052361550275
-0.461103435689753
-0.539585616299834
-0.483619468831356
-0.42364501173945
-0.547398576620255
-0.4013568578883
-0.478891229152833
-0.422754610594875
-0.458365061666468
-0.475609576494963
-0.346818808840475
-0.35291402250278
-0.479383637551745
-0.549930961171161
-0.465662161390477
-0.298080162880897
-0.457397659731782
-0.424262919101249
-0.379822623501996
-0.53530640799727
-0.551064224599906
-0.4594727616922
-0.332766461925423
-0.360920850286486
-0.526002559182104
-0.427353883399226
-0.387206634778011
-0.361827990644512
-0.451499913709406
-0.46377018253625
-0.299675152362064
-0.357294797177246
-0.418222535961186
-0.591976916280321
-0.400102875710365
-0.398802032741657
-0.425839346452595
-0.318926459959585
-0.534280565945835
-0.371396067338917
-0.471341183557363
-0.499749778816056
-0.359877528263349
-0.409636023500392
-0.321682715300662
-0.389026758872145
-0.235613347566993
-0.233831928469299
-0.379132364345968
-0.429414915464363
-0.281001031537495
-0.48073625183572
-0.3048967398363
-0.582037281228454
-0.467341843150808
-0.267087981054475
-0.40109043203009
-0.275569399925321
-0.382076302816397
-0.538856003092399
-0.280466139792389
-0.29300421016002
-0.306371512361562
-0.334855377557285
-0.240236573486036
-0.219769324990844
-0.330273829923549
-0.313261903994052
-0.355864334098841
-0.29852666679316
-0.477386160817915
-0.34970461976911
-0.329375636537394
-0.317390357162362
-0.141956430639792
-0.403910964866603
-0.43731842005771
-0.433298746486397
-0.343179255489211
-0.394036393408817
-0.294206073055279
-0.402994028070651
-0.286249785186613
-0.420486985423372
-0.328994426018444
-0.251297333537958
-0.338145942978187
-0.262228541046483
-0.419892955745996
-0.298659372797173
-0.271451672943881
-0.290765365717331
-0.463366850301784
-0.346911789956937
-0.241055024485924
-0.211537765876084
-0.298368920977673
-0.343148911008685
-0.283178172795723
-0.348948916109456
-0.186847258305506
-0.314622370539837
-0.243792623955107
-0.396960295200326
-0.336003319272481
-0.306137356156435
-0.272397491710396
-0.383211410861942
-0.291481013504244
-0.25008703925251
-0.151849546811766
-0.116786570900257
-0.129700637951025
-0.310473409221338
-0.317663346232886
-0.207149170693003
-0.3121010471877
-0.178835043305044
-0.272996277026059
-0.0536489299976038
-0.281047377966568
-0.437254678201202
-0.332475731331546
-0.24432506669746
-0.166121793760416
-0.392595870560619
-0.363249782034811
-0.266121659333094
-0.154618012451061
-0.15772006341253
-0.233369395353907
-0.169760589298724
-0.270752520302754
-0.152260638728043
-0.132165658430945
-0.379475062378422
-0.178904813217721
-0.297795178119335
-0.183424177431992
-0.177386712025173
-0.177454876853747
-0.219572897376658
-0.106862317551479
-0.199287304231917
-0.34107626881533
-0.208461896918106
-0.0802034471363088
-0.335936828090571
-0.180419329568543
-0.186324715136588
-0.00680420583998979
-0.18763113541023
-0.18890974081256
-0.0857283862780316
-0.240172751679511
-0.191161181643881
-0.149891744062588
-0.349159216211307
-0.0985675818080809
-0.311672170531409
-0.140434459916108
-0.103845802488366
-0.259636649720393
-0.155410196772522
-0.244843118681777
-0.255658558677736
-0.234424269909495
-0.12241834437648
-0.133763305271555
-0.0127323728419601
-0.186427377645272
-0.0445805807652833
-0.221075718362584
-0.277708238287521
-0.235337426170845
-0.168691296916631
-0.234723015668972
-0.0778780942617484
-0.171034746764625
-0.0240023803091923
-0.0778637738603753
0.0400979236725511
-0.0285954219455821
-0.101495491891412
0.00431005658004004
-0.184993737350873
-0.171226161482527
-0.0963955515791191
-0.127293204418129
-0.034032414781222
-0.183815174610865
-0.0732738682294871
-0.121690402807035
-0.0112503636975532
-0.171894382838573
-0.165919201797569
-0.152576316702299
-0.0449887433917083
-0.0857335010293963
-0.0091248564452165
-0.162721702393025
-0.192960217053151
-0.119137921464764
-0.0746401379612995
-0.164349048834779
-0.182219158635512
-0.156049431259605
0.041788185820401
-0.0873562439758493
-0.0457529514023474
-0.154513120179804
-0.18214526364738
-0.160778206157433
-0.147090042492141
-0.210615605086684
-0.128792854320202
-0.0661445356711533
-0.0897380640598554
0.0824960858943108
0.00902452180509524
-0.134180811931005
-0.103964459065873
-0.129363144135354
0.00253281525956533
-0.109682354636128
-0.204162253618125
0.0903583992178331
0.114703844228423
0.0526417571882089
0.0129219098309075
-0.196657073233237
-0.05661803258909
-0.0478173863784161
-0.0211876343230547
-0.00669048510716624
0.0565540752217464
0.0415878388587243
-0.144164132754773
-0.189713025981591
0.110933313415697
-0.0886494957777331
-0.00445802660080836
0.0376711681209461
-0.0763574851795813
0.0647883034275463
0.0642290967648421
0.0235534183727036
0.0381855958664653
-0.0707557289270793
-0.177968326350041
0.103233717743384
-0.0952741494721009
-0.0401478973071169
-0.0149907999840427
0.0741422139367364
-0.102110607524553
0.0267524095649964
0.175100511392617
-0.0210699968438133
0.053770300427703
0.125271360021639
0.0722993360657903
-0.0117030157367727
0.117044128652624
-0.00604233773492648
0.0608528743623115
-0.000728203886809751
0.193335222767007
0.124293792123111
0.137017690474205
0.0370055576264998
0.0813423819498385
0.107902869514104
0.0479434414191932
0.0411245533484116
0.118457959541472
0.0533370986548798
0.136146521137498
0.0430607703683199
0.0256417053027222
0.113593638861803
0.0140934120367164
-0.0309455710698042
0.143636879524266
0.0978605728253381
0.0259776632155913
-0.065350283106213
-0.00623532042101615
0.188403044446339
-0.0136590458612964
0.147132460159802
0.00166570306772252
0.0347093171621973
0.0903972293991634
0.025166669099904
0.169374961551421
0.10922913032826
0.22118323628232
0.0408901445004985
0.194070356367086
0.0157922554810804
0.143578128267449
0.0364491267716449
-0.0988299041610275
0.118632897267057
0.0820054079302051
0.223907119562469
0.242619201362339
0.251103336147373
0.00354198263775699
0.123774763022878
0.245368972814525
0.141035717299505
0.108257257719657
0.142156020453441
0.106796345446683
0.152904718520917
0.140378059597011
0.0288083803116852
0.120597900461758
0.213579933650263
0.0674912194146829
0.332690382800042
0.0266266433976857
0.21000346103023
0.20549321684314
0.180422659174552
0.124775654720655
0.224151885079555
0.120970512235594
0.161017887604882
0.312436930860968
0.304234789308567
0.27243062510364
0.124174160926268
0.0919005933112143
0.148968164101258
0.196345398089085
0.112461491221155
0.199135355064294
0.149275897994991
0.307726283775567
0.0901333465990277
0.0777485085053822
0.192372111161324
0.184771150790693
0.372684271703516
0.32408922721981
0.194262952912951
0.356176459942601
0.229475624782125
0.216805334192842
0.259166534485204
0.228038885339433
0.216443315076822
0.134164693237428
0.255893775522353
0.320810950398072
0.278650344565951
0.240720838927459
0.343331291855114
0.246835456178131
0.366711895857383
0.210740882060089
0.165565280827827
0.235153530405013
0.278844957599275
0.283878883104558
0.153861091053842
0.356474052244624
0.230749071010177
0.300337124137775
0.27316338076255
0.130176277016606
0.104498348876705
0.174980337317497
0.388837753831519
0.261032625504083
0.262665003553796
0.298051591036676
0.349148203214511
0.2174203355493
0.0876304332544617
0.375875066390308
0.307132451164869
0.217847257708143
0.369870719826639
0.0650279549270791
0.343970123480917
0.228363692635319
0.233329694131338
0.280435624124938
0.283950182734695
0.265152349547333
0.379386432087624
0.307023872855228
0.430134795988894
0.399985056912174
0.4343501652609
0.21742531539765
0.378789093101411
0.287421330772893
0.322493724972724
0.220467258554263
0.383153447402051
0.220759415288723
0.52539083715038
0.446207647696576
0.27813780886785
0.322150983130651
0.371877320232185
0.3628651026137
0.249278193642228
0.266906834449239
0.31366251303261
0.340370764680413
0.418197682152629
0.398415489688902
0.262713450463923
0.471075618012144
0.446330060890718
0.377637607275799
0.481357860483249
0.493719439910972
0.340178267208139
0.392568128330384
0.538686617791388
0.170808181203748
0.371614907865014
0.41874609265343
0.239459489477824
0.288965209085154
0.23875498972273
0.543018272522393
0.397213325410335
0.318416644959652
0.499319459241136
0.397655567261404
0.396411441627047
0.401032425214792
0.428303318235758
0.359349288013849
0.491565615979553
0.413924081215588
0.458106596252941
0.398130573003257
0.449616235290521
0.361764139615093
0.386353728342896
0.462122157061146
0.384742852616418
0.41708058863213
0.437902434735798
0.301123365625082
0.382672672304929
0.399499959312752
0.48657144812596
0.393011603036505
0.462212916743616
0.379289950964795
0.448369697645526
0.435588179437849
0.268307433922464
0.406384281927172
0.530894521852089
0.473680739795406
0.563048863551884
0.62755527268536
0.425870366674666
0.463247976118094
0.326791646939552
0.530726710635348
0.480956180542958
0.352091127677912
0.566050114945944
0.490877900472119
0.464453937906466
0.592874078076107
0.451123778564443
0.543503902245611
0.537327784276616
0.573346860822533
0.446257446917228
0.570149505146566
0.408970736099224
0.558608363029643
0.399124768104705
0.386406656595669
0.452588197248279
0.721083183720633
0.513728113035073
0.498775868704199
0.421677325000045
0.51849936037189
0.568278420130491
0.539218754807814
0.409920055647796
0.582727331943707
0.672452766193429
0.449270488888117
0.442858941108854
0.434734548644474
0.3828250120376
0.536856372690347
0.585018413302658
0.469641210960031
0.53088752881424
0.513371102597971
0.443522351320051
0.443754835384027
0.531044447021587
0.551412521286386
0.603456572751541
0.638760488408728
0.626400250030156
0.363674593918219
0.506275336773263
0.576925746887574
0.598002035402914
0.593478413590407
0.460204527210726
0.562886864115013
0.629925917914291
0.616750027227224
0.550624598267627
0.671225662227492
0.55462002569576
0.541370990202151
0.612737500218647
0.564094119703893
0.639440338089153
0.55943864984455
0.589889605263863
0.370860616873308
0.459660557573453
0.624916076245565
0.540860323394188
0.606345136677173
0.545568531496615
0.565530038286442
0.542139659496844
0.535515277503949
0.622074976922564
0.562357928143926
0.455768071753842
0.833810673848932
0.665497492329358
0.573634624710518
0.596595342670309
0.714691262036639
0.517880546453136
0.705926707142177
0.610989263176205
0.597058588463673
0.595144107234588
0.609701457440538
0.608195215234978
0.645574496296231
0.709509824800928
0.568784403098034
0.74621158205359
0.546378296082314
0.587319023732956
0.691965462298088
0.599024208473615
0.580972393437273
0.768730015917559
0.723992652642077
0.616022117564377
0.660948345782666
0.678203118796337
0.723177859650061
0.715002325068768
0.660372720542277
0.785387301294133
0.752853658457941
0.723230716133338
0.571392074096969
0.605255389794804
0.697155240595533
0.728741288881978
0.742022589249651
0.649173740785911
0.508731002807716
0.607182131614243
0.781282558621327
0.599118864942509
0.721645858496927
0.721031729215115
0.823804254985778
0.633017216831856
0.629566045299523
0.57372632410891
0.779128288036232
0.767555300920703
0.61005226185446
0.67135287074621
0.675620531305512
0.693844061685255
0.707033687484606
0.653898873301302
0.723991659579415
0.578843092674296
0.871767694307621
0.610797095821655
0.543568647748542
0.788752205638952
0.747939117600895
0.780490511234553
0.685341749925638
0.831283215463334
0.690770817258585
0.740500748194627
0.705464010799882
0.725080544248374
0.696133924630522
0.832139329460783
0.869164117464274
0.868515646649047
0.752965063488876
0.672325122037865
0.558088651395861
0.725678916367356
0.718362643592657
0.837403892660479
0.763327159893399
0.690329028615942
0.88794009484832
0.690276075919736
0.872020944271911
0.768489902446304
0.671113047076773
0.832170263567443
0.712933571485845
0.938589642241222
0.745255753451374
0.680017882931668
0.838682880728091
0.843057717603066
0.711650735543234
0.773132694859744
0.75738819210691
0.871539775673699
0.765866669687389
0.823189183441746
0.678823123847366
0.657983640389596
0.856271921503036
0.833999470058538
0.802101988102576
0.853006079886435
0.83328442829154
0.934616413825458
0.821663256246088
0.773392186145984
0.893493062060728
0.960172120738224
0.765801947339923
0.902555377186669
0.694788933483621
0.746049128967433
0.833347183284366
1.03140075502726
0.749573241398743
0.890458843314102
0.818107880794336
0.684682630738911
0.837110498624839
0.92875171552074
0.792829338686128
0.777090930815802
0.896662412716352
0.863421678518854
1.02343241732222
0.879583800231946
0.912266410604362
0.899858069194042
0.991229493686528
0.810401217690391
0.857420357896938
0.933852283533461
0.75896224564305
0.972186243587053
0.947285811160447
0.685695065498442
0.876042253442855
1.04411286650543
0.897560442673361
0.7553379834533
0.956485765494492
0.786349115903489
0.901703226998419
0.875518676542186
0.755408318284026
0.864311408937359
1.0831258442174
0.829188543375896
0.816207273462474
0.989123730886396
0.927458198123729
0.899003348722486
0.956291944396629
0.908796137095159
0.895609713516006
0.919443028593364
1.04557872429574
1.02085480366961
0.827340588724789
0.9284201064876
1.0734595772487
1.07356683287252
1.02548859542
0.99567630869907
0.946073591829489
0.839147491172346
1.04667346060967
0.9684372760136
0.903501495276073
0.819919353472386
1.01697309865487
0.982436121641171
0.794340419317934
0.758916980773632
0.835574511352499
0.962480484237921
0.829284859434969
0.971768424344692
0.83134271146912
0.973659837351832
1.00404472345223
1.07855689521421
1.01051710635346
1.0022365830442
0.997044976131916
0.968513762337864
1.01313066119244
1.0365950688404
0.967670037421099
1.04889933420186
1.29287607450496
1.13813295707087
1.0135585684371
