"x"
-1.11196691302149
-1.03752139104153
-1.03264885311237
-1.01031488013704
-0.914658595224664
-1.0184438551743
-0.90188051346785
-0.94314536164484
-1.09224369303673
-1.0735100327214
-1.00645887724189
-0.949460106626921
-0.939416976225132
-1.04292659743368
-0.889838282102737
-0.964503589166255
-0.912043464519426
-1.01231505550246
-1.01184805467806
-0.920904519680217
-1.09526949902206
-0.991404518243933
-0.902679219507744
-0.871092877853332
-1.02159262954289
-0.907718423532253
-0.904265919613566
-1.02596380675292
-0.971088712420416
-0.932254441837877
-1.07324189763738
-0.879864603572096
-0.893654517819406
-0.835365754947788
-0.848297918225383
-0.900651105049865
-0.78121314519787
-0.910802914051878
-0.889794198637094
-0.951633359721119
-0.881942473441633
-1.08374306818047
-1.07685547647571
-0.970559655779017
-0.83095816484354
-0.917514354006825
-1.02000698091738
-0.841317732657012
-0.76928252476557
-0.920103208002549
-0.856873249059506
-0.881164519275182
-0.84222306216401
-0.861522128448754
-0.876316934860982
-0.815379364007491
-0.898714868212711
-0.825111639505961
-0.978116345142891
-0.951282617964039
-0.84273171630565
-0.872977603376992
-0.902163202710887
-0.84056307332424
-0.8901600166077
-0.946729718461957
-0.926290638798663
-0.81647451976987
-0.885956364556851
-1.03792645437202
-0.954507211632697
-0.897011507356589
-0.960231487878432
-0.799821468671963
-0.840605860289819
-0.874447852809526
-0.884730031587797
-0.903186219706324
-0.874570032897011
-0.677658657009477
-0.87349127868783
-0.848770992127334
-0.821280342211107
-0.865462989748843
-0.918081670914573
-0.843034707509722
-0.791096822128993
-0.86600187380041
-0.788116960524467
-0.922619522656384
-0.807101981159106
-0.72100954389933
-0.84813804455115
-0.835543588155134
-0.780158528221637
-0.851289620522093
-0.841819394229826
-0.71392339740974
-0.763732072337598
-0.702218926896642
-0.861824089840337
-0.752632806571062
-0.73424824075277
-0.698018227410854
-0.729832606284828
-0.888640268774302
-0.638858349548442
-0.709062991456581
-0.730561808555824
-0.794602316780381
-0.846605177587665
-0.880248588684191
-0.793065916399375
-0.816427194935053
-0.860859750963677
-0.833420562308425
-0.883988367652275
-0.603498580270555
-0.780074954658317
-0.758421101089897
-0.770814425946319
-0.887155643136607
-0.799374799428443
-0.611694482972435
-0.492616740800909
-0.677587597976738
-0.704806280856588
-0.754133592542913
-0.754170761885459
-0.836400481520606
-0.751952578077606
-0.736665451440072
-0.743188750750185
-0.705452703876496
-0.640405292289708
-0.803808721154581
-0.800004940077388
-0.834341004310839
-0.562911740520884
-0.686248685616651
-0.662919084188345
-0.729605026616322
-0.680683328885129
-0.701773891889779
-0.613550301472308
-0.754885951024308
-0.80687174761602
-0.76883088287302
-0.626721705568338
-0.575245683075086
-0.59196181132182
-0.654767716944912
-0.690286594669036
-0.624026544691208
-0.741684712097789
-0.681583022964501
-0.840295625087525
-0.760172770802245
-0.572563853714981
-0.673307205941574
-0.679435516199002
-0.689294085770182
-0.805236348140837
-0.779298140997707
-0.688019421748259
-0.816651705842735
-0.605888412283043
-0.556831426674669
-0.653844557436946
-0.534337711501924
-0.655543675404454
-0.622367686069733
-0.624519410284751
-0.590153165143208
-0.651807098158383
-0.658321340510361
-0.520198756957426
-0.599319584097217
-0.527195082649123
-0.74504950428924
-0.681455063350439
-0.670473991214636
-0.622513377716241
-0.609055628297775
-0.55553629664073
-0.588446333798591
-0.620368406866026
-0.669255770491325
-0.561251682238943
-0.708141391399824
-0.608933890005838
-0.592921046089954
-0.605852049030956
-0.458418184730405
-0.59357771685606
-0.651403022391051
-0.624180109712477
-0.633096254777616
-0.673448943948334
-0.546202503948272
-0.546148184278179
-0.584369511492987
-0.671760737502636
-0.619073388690844
-0.498684235159675
-0.643340624563879
-0.54967985904437
-0.567202870925638
-0.44070820549144
-0.533119260260077
-0.593611109471427
-0.512312502702904
-0.456242292775849
-0.498805930817311
-0.560219997759635
-0.497941549496779
-0.368570162157957
-0.555017598111057
-0.555094900221275
-0.468492327662538
-0.577831224297043
-0.557385520647634
-0.706083711003309
-0.564154479036903
-0.571186789673412
-0.442251422347574
-0.481308904626035
-0.687406168818601
-0.431399584827929
-0.547371062051607
-0.559337638171733
-0.5997980384457
-0.456385116644994
-0.568637512912795
-0.545855887679333
-0.535971434733243
-0.376398098036941
-0.432833277234004
-0.52230666431845
-0.541674608452371
-0.471733989235129
-0.517572272168404
-0.662475168259703
-0.55402925339055
-0.446913087997677
-0.673072804899514
-0.303175128847705
-0.586360030201139
-0.498919850259834
-0.536223910726149
-0.383770867331408
-0.644040127662528
-0.340336102350666
-0.711928014328154
-0.609178138360193
-0.458211666258008
-0.495742569835212
-0.532022818827544
-0.470870519213957
-0.494801259676443
-0.411833177730581
-0.522563390532794
-0.474833765596314
-0.294685006430263
-0.514848131902808
-0.612842402407455
-0.450354679308751
-0.396274310806073
-0.490852876449096
-0.481355591463728
-0.317132183016069
-0.376074275337304
-0.549558483792008
-0.582096162989424
-0.339688655515675
-0.367511818340517
-0.377699062512649
-0.411539179400527
-0.590816955754054
-0.51634800820533
-0.569436012645853
-0.293884381596783
-0.54386607705249
-0.372764375912441
-0.352503945789926
-0.318904088806951
-0.32243189201356
-0.636065475951139
-0.375533740149944
-0.520392880036241
-0.655291051333791
-0.339978093972461
-0.542294734958245
-0.453273926603416
-0.433967331372385
-0.405288143997067
-0.410793668438833
-0.445003922412645
-0.403158823898665
-0.313688449290716
-0.325019940164958
-0.524303528566568
-0.432389587996187
-0.516759915125607
-0.498888955941446
-0.38482622002786
-0.360321145178596
-0.315374401097644
-0.43993624591377
-0.29503286216726
-0.443219493526675
-0.403864858425837
-0.359464069325318
-0.426269063487133
-0.296901493215086
-0.467789829740836
-0.247728326060984
-0.249694701594925
-0.325097839577332
-0.483661608614227
-0.32032603741827
-0.416718062402907
-0.411208827749153
-0.365288611854628
-0.470190715506681
-0.32412734533135
-0.229209383539711
-0.305600170253769
-0.407447310303946
-0.326761173870291
-0.34438802509949
-0.344939951841238
-0.307153415405832
-0.115113959233035
-0.41166634826764
-0.296291844296367
-0.337106767769869
-0.40901261887061
-0.537879244915469
-0.367593691755557
-0.426307467748369
-0.164360691083203
-0.308056269682393
-0.339993360768064
-0.221236168875404
-0.127860037054859
-0.34256760726706
-0.154899516657422
-0.401597142040301
-0.280524993773705
-0.288765423930589
-0.398470054002077
-0.0939905828590514
-0.210514040501473
-0.342611090315634
-0.309616333020916
-0.323322678488268
-0.367116785407359
-0.306321910393077
-0.336240236072629
-0.258065663502259
-0.393098956731585
0.0220253111901842
-0.422334888997792
-0.217979946092046
-0.325851845125273
-0.303131891006254
-0.104254405094652
-0.362763357736479
-0.327122313913533
-0.299437534132853
-0.100009280043872
-0.202902315732875
-0.139081200467261
-0.18084947370475
-0.188207114732635
-0.204801356640793
-0.229569064972145
-0.230504790818035
-0.454163027292767
-0.233080778006704
-0.277787485592683
-0.197624526287121
-0.0737527955861849
-0.331608409397227
-0.193549195545091
-0.335520498817476
-0.266658787318058
-0.279573559896733
-0.317382736128158
-0.283451846628041
-0.0840890487041515
-0.0887670601316736
-0.192040700694756
-0.239131278523526
-0.19700293155465
-0.2639898949046
-0.344014799605191
-0.193568942542501
-0.265460173429542
-0.18778020449025
-0.289210655131049
-0.130943226603244
-0.365380689660968
-0.184391172347784
-0.202112244338735
-0.268362885626915
-0.153352682026239
-0.196775770892551
-0.148737513707724
-0.16915022310141
-0.0672047173680114
-0.0375702739943832
-0.189541756550275
-0.122343410283264
-0.0125297677662987
-0.215983540011892
-0.220256736932412
-0.193910608314376
-0.202196065635162
-0.0643771704617046
-0.244741875271264
-0.159734260709885
-0.0872262620848541
-0.25043457461556
-0.207630341551845
-0.0782177821924433
-0.0515901946573635
-0.148656659428442
-0.129675834653738
-0.140190924443515
-0.159571022430497
-0.286493943585409
-0.103173972863045
-0.0912795897350741
-0.176966682058717
-0.207739344539969
-0.0017726069422669
-0.19066929772435
-0.166116400622242
-0.103399799371755
-0.0872126151683811
-0.0403702996894227
-0.0164125397881722
-0.132297403186117
-0.171993377874222
0.187003358069746
0.0105471505922576
-0.0669838393988013
-0.295619353953152
-0.211513080447233
-0.252789215934367
-0.142239595937723
-0.175558587907829
-0.0892234986243118
-0.154900495659724
-0.0451991952329459
-0.0995026052264505
-0.112070054149251
-0.100656026930872
-0.0579780796416331
-0.02857793626139
-0.144059014967734
-0.140531980871604
-0.138165995178984
-0.0053833846714036
-0.0215583536762795
-0.0712456473265955
0.00931374773734397
-0.0975732836014799
-0.0299357533419299
-0.0437340910629058
-0.148664660521306
0.0462511413380484
-0.0638760237248675
-0.106607394640003
-0.0522209511947471
-0.0446666964711835
0.0482893776353866
-0.13502742803613
0.0864319419053203
0.137334409848797
-0.0957856624876949
0.117503414913731
-0.0694876274474311
-0.0137661344145209
-0.0768320869361057
0.00770414789354772
-0.0565112102412602
-0.132087976794059
-0.0229761003001301
-0.0721658475690721
-0.0454217838948491
-0.0417455888877658
0.108507392855278
0.0753922939203574
0.00688976603466051
-0.0726555124477452
-0.0220889934254525
-0.0936110917458946
0.0234197636218133
0.128882323110357
-0.0173953067629538
0.00247532630401878
-0.128137227543942
0.211264391131003
-0.096437369549011
-0.185222623348017
0.0946688968247688
0.0195109312574752
0.0500381280409796
0.0854575994477606
0.0161552028082035
0.00808326388053744
0.0520495779806144
0.0572906392585414
0.0930731602276693
0.118072627952128
0.0868251567901422
0.0248835463123289
0.0668626688281011
0.0651664382707687
-0.126018457576108
0.202264108743854
0.0624988087609153
0.0250756983028607
0.150316457329845
0.095505228170669
0.0490228044830329
-0.00447750310306057
0.118084275818972
0.114902660476678
0.101746888304921
0.075652191433901
0.18828746258091
0.0224336205880916
0.0405403465569592
0.0113392056252978
0.143766615883898
0.160154760730202
0.07852563540674
0.264078417113693
0.131978951019562
0.0365456914034249
0.061724435319181
0.131562169919288
0.0704378463625487
0.0589008824551754
0.0346799363628397
0.0458222112321117
0.136994788671454
-0.0198913497714217
0.0708217678596469
-0.012921252430519
0.182198474865813
-0.0392154254938108
0.157831627698755
0.146057704766548
0.101892998631361
0.288204431406055
0.295333421642139
0.230285944545793
0.160621170056572
0.12570392257477
0.0413167083693483
0.203788560634755
0.0645763774012027
0.0345211182097972
0.187267596887233
0.0238856566026466
0.166889757170018
0.149234085188634
0.065597865661026
0.129610122696113
0.183840685896239
0.078712015564253
0.263103016254039
0.274298962696901
0.104287891132044
0.115098589984636
0.109242566938789
0.0944071498451529
0.212644215042233
0.18871570849284
0.148954087133138
0.253279460355826
0.0496253117636592
0.354665096081515
0.237856071350883
0.138893064201358
0.20090511668517
0.119778624679924
0.198529773256508
0.262795952846793
0.0547135709002785
0.241802532276552
0.197593954900454
0.0292132808307627
0.178047767426233
0.126320742558694
0.236381715137815
0.156745183586234
0.271672145745322
0.267208241648803
0.134812387287912
0.40187105254946
0.297498127072034
0.0703857998328689
0.173809608724623
0.106608540497107
0.224723573306207
0.291990848548668
0.215660715370787
0.32486694283844
0.336346333774332
0.252577806675192
0.275801743430018
0.308994558321106
0.261216691446197
0.145979740670169
0.167948659927274
0.252881500116142
0.200821876129665
0.317600962027343
0.276296212619581
0.332234161440805
0.271903056651889
0.280068426608009
0.269575998951473
0.310791706402013
0.276334979830782
0.314325008325695
0.286696973519675
0.303491881652801
0.321026656456045
0.249904802707126
0.319442996846243
0.321674586024623
0.256682191004611
0.191787031972948
0.278227254738621
0.319679991487006
0.373934103910818
0.443850844009063
0.273241582953504
0.255145314476586
0.297588241880151
0.391512237469848
0.303503191641401
0.147247730855411
0.340957491035858
0.182695084859136
0.28658557053053
0.28771595754814
0.24888395936204
0.364868476827993
0.370959873564937
0.465133068010013
0.213107246056535
0.327920412842081
0.284408590403137
0.314184405090396
0.243035846681299
0.25977421674315
0.242523541672718
0.403456426190087
0.398149062371407
0.211350463584327
0.348700464692515
0.22579498846077
0.255610714389306
0.2054195593321
0.279605719221437
0.427830156391814
0.382584805870808
0.358004906407875
0.313683069025347
0.250401130738463
0.47975645159905
0.433660824396603
0.559675639883434
0.530439018376172
0.319286462036781
0.385472262290496
0.478392571978383
0.354824536299929
0.436767619454511
0.534536784877369
0.287730221516277
0.346760540669026
0.433106039521567
0.369433701540494
0.335791182768086
0.501757782029659
0.408776482574077
0.287614043956393
0.250512404914786
0.457620590054496
0.309645264680311
0.297055272854071
0.373689935060781
0.324154143105374
0.427926920308987
0.428061427689111
0.349165827614815
0.403739630219085
0.232821401899083
0.405198637967313
0.326514687289811
0.556761974007581
0.439324672322253
0.514850138894572
0.401020669627871
0.382280160958682
0.282601510361583
0.43096776826018
0.526898301535889
0.408339534841957
0.357512857306215
0.455471790071266
0.48379483961178
0.444393218502196
0.361154579442359
0.483322547019735
0.516205754103278
0.48741480458444
0.283816407951129
0.423038084462764
0.421536800745446
0.57912729836868
0.54236374323567
0.381884077025863
0.394615034739704
0.462689665559579
0.437468702649313
0.500240732179476
0.371632548503029
0.441168742124301
0.467644250471205
0.597972735605298
0.537471986248306
0.599922498509484
0.412522256307054
0.583479920331496
0.533931624021844
0.555757389641262
0.503329442514342
0.622824101773003
0.55807804289529
0.510881877378063
0.354384878868788
0.347320310281384
0.486988896459627
0.41487223030544
0.578953497053846
0.464260097178479
0.584253955512276
0.539632375984389
0.478510437983411
0.699049290206508
0.624879544076551
0.631575169044132
0.471107233916615
0.537799632197326
0.40549530647462
0.550357954644212
0.551259867249148
0.509261812615549
0.618447440424758
0.576113335531691
0.567905358579338
0.499129709062292
0.638916116606579
0.602834195643883
0.514636390130285
0.512783350874271
0.638602290936515
0.61754119493149
0.644347354865568
0.374269534465432
0.514740527831487
0.686415026166371
0.517055014162603
0.670381394743365
0.569965257897216
0.620435758440291
0.624482867923613
0.698844879602408
0.613081576977991
0.629954499474235
0.71300251940317
0.537876094542223
0.541102156138956
0.552390286807069
0.490872404026565
0.515025222972849
0.52000850412773
0.63755817676212
0.664913087929978
0.496881627716079
0.609717436188522
0.482674922681374
0.669351603431259
0.637762150129341
0.532433758383524
0.560043404152051
0.476128085600711
0.533345577226854
0.636925435888937
0.626660369400396
0.568796683280886
0.644755396917823
0.560938679176602
0.696986515659323
0.76377308030914
0.399546210771499
0.505504453932313
0.550938526183925
0.653864230274258
0.630901215452448
0.564918619289654
0.59571765065385
0.605251148962452
0.650494416504149
0.662684963834118
0.739830908763045
0.593515015441206
0.73958708982611
0.484626654230103
0.599022269164339
0.705680654506596
0.691827764759007
0.625130712487009
0.555907127399348
0.755600919310876
0.805801318027153
0.613635319250271
0.822338724342503
0.767319395791808
0.619106252490368
0.704260143607253
0.846227745614402
0.773343075281185
0.646302842609642
0.635600915173255
0.68060429348653
0.655113060069628
0.660403690626561
0.572952160754187
0.714782365137083
0.526366020683649
0.769870325402621
0.839525669143443
0.668443870355581
0.597351944746977
0.647284603504285
0.697776496980596
0.675587435378358
0.644286477161939
0.624216914470879
0.663176975577214
0.612134755317675
0.772862125979481
0.710264274372947
0.678065444295277
0.722669265362948
0.606667769591943
0.566202146675788
0.709183993025095
0.830794388388023
0.777806267969278
0.75396101720328
0.641306951530564
0.778066021166473
0.513417383011014
0.869013854277064
0.759132686826518
0.777149485038559
0.657451853508634
0.628129911249928
0.625495816898809
0.848398396057199
0.668540495552228
0.869475479852993
0.767946050215681
0.713230570090486
0.781391826828758
0.666394470726133
0.751986861007319
0.793140049197321
0.716486815136819
0.691189292412144
0.766156872917455
0.746544335347818
0.723489186901662
0.802753494561637
0.815828634789899
0.794583559840517
0.907870507503912
0.806900575885762
0.86206995097827
0.866693479616903
0.827953397815186
0.798724734646753
0.740172050783437
0.632670328810169
0.915050959256057
0.874104711804715
0.913650663480113
1.0546749965192
0.903153749058096
0.845077252126493
0.778956074118877
0.823060028854074
0.917250541278795
0.769582223583393
0.783452535212861
0.873739173965748
0.979603227593258
0.852923354645647
0.807111425760458
0.741850043970213
0.860517759248047
0.885757751549017
0.861206910106303
0.891440284979068
0.714737324896635
0.746613872968095
0.866015867873339
0.868958775220471
0.949896331385832
0.816539973363969
0.939251107939654
0.850716660587622
0.919984014344611
0.792580932910889
1.0122136349768
0.852076577416685
1.05337177977831
0.758568964884116
0.826160244680996
1.0364033173047
0.846636177886014
1.0068819141722
0.915960902690418
0.828996187206
0.789415130917863
0.952054223191498
1.02060006403456
0.788858137702002
0.936674417910423
0.876964964872445
0.812581161647984
0.957378325622214
0.980476163345256
0.905784355155847
0.896880045935147
0.885555197158585
1.00561450581034
0.85581769516609
0.82930810739266
0.940713882240157
0.927936132456528
0.826633836366235
0.933016872447127
1.02184026162229
0.971610264731176
1.02036294886247
0.896251588684394
0.834089974916626
0.839056644515731
1.01341374086336
0.989120733158712
0.829525972402337
0.947372788705719
0.937958929217792
0.904050572147735
0.908362165923038
0.942627604972298
0.910834736905388
1.08365838379299
1.07695350004107
0.877019705694075
0.982454040805546
1.02855232668321
0.909863231114553
1.11674168117671
1.00794915845102
1.08011125694873
0.989084929726073
1.06678053160904
1.0523366501333
0.909908529332296
0.941854564044701
1.02748523505637
1.00020933407258
0.945419563406814
1.04924507422821
0.958823630241099
0.897758630389247
