"x"
-1.18212711478287
-1.08079920616576
-1.09711687633876
-0.889605548114585
-0.937619222662334
-0.937938292132093
-1.02095808886861
-0.905039253552716
-1.1228478918479
-1.01610374875513
-0.993159096843824
-0.999782319128967
-0.906386834964933
-0.858155171515491
-0.939202951022282
-0.983733302879399
-1.0080489322726
-0.968885508037755
-0.962018423794788
-0.879399868255606
-0.940652180058593
-0.969705463525554
-0.850025733021487
-0.896475012733187
-0.979968893055021
-0.821938447183209
-0.929642695184475
-0.872482817398039
-0.946346708666604
-0.940496099715296
-0.978250197294052
-1.02673718425392
-0.92075763473021
-0.925575963276348
-1.02802824706564
-0.938758840085283
-0.929205463876251
-0.919441391630183
-0.812972397762052
-0.831921697026664
-0.911600406800292
-0.788516100394197
-0.801570684777149
-0.800020323816462
-1.00264036636394
-0.884564343030556
-0.883963113326278
-0.954155975811506
-0.891169393497045
-0.862698614327318
-0.803317970523822
-0.992673051615494
-0.871076764752852
-0.879198791257864
-0.910903727482606
-1.03316697903298
-0.916243084056383
-0.924387869474473
-0.958360461630996
-0.911869178781509
-0.701708470204559
-0.926597095883626
-0.889783430657431
-0.755781572265699
-0.821951800404667
-0.702850954968659
-0.876118468367015
-0.834617808516874
-0.811770898748075
-0.803636036622922
-0.866053731667141
-0.84503160932248
-1.06344166466961
-0.97071692295672
-0.950126375086378
-0.930467161529028
-0.848248949862371
-0.717693904812167
-0.75883866660017
-0.8186025709936
-0.845027170361876
-0.846398792567215
-0.872129240401957
-0.840797435934823
-0.802136733146486
-0.735851473543729
-0.824957516288545
-0.870876396826157
-0.870627056770683
-0.778682310149564
-0.730406117658325
-0.718056767058407
-0.764556123503899
-0.633101020145078
-0.823206611082746
-0.93829353553969
-0.853321024582121
-0.707272959336829
-0.794745820907035
-0.727621650077755
-0.868124829784575
-0.790200728477333
-0.831451655556404
-0.883174064155357
-0.826240837145841
-0.85799397992532
-0.785571053634532
-0.798663661872904
-0.811382091882032
-0.777134385960309
-0.790091752412498
-0.824971017341191
-0.757097237656314
-0.602552870956019
-0.774670724401128
-0.887510957754471
-0.647357692104408
-0.722890957129193
-0.631393594353811
-0.650153792962645
-0.667782128732381
-0.777167519519305
-0.709576176648028
-0.792073468998423
-0.702679857054788
-0.682185574352418
-0.72529032439654
-0.568722389367475
-0.67919674722763
-0.802168760074463
-0.673320004683986
-0.867566484228106
-0.631742897562942
-0.622721877168569
-0.738984170976025
-0.78524429852277
-0.740359713825539
-0.721794456557597
-0.654984406772877
-0.76461001969762
-0.67342503199065
-0.760711855106392
-0.781261085987216
-0.870680599566693
-0.627102552339072
-0.773936739736487
-0.626166113806535
-0.773216629034751
-0.776407823343077
-0.734735374838843
-0.537295211945586
-0.643258198484833
-0.772808116025475
-0.582887725343222
-0.76165795612341
-0.727212200897507
-0.585496580442391
-0.714429695068809
-0.764927168783617
-0.753366091086965
-0.696344165885979
-0.795343857636519
-0.613300287140951
-0.599222413779414
-0.676986310153903
-0.564798410019801
-0.56855890381746
-0.719762810830053
-0.546424673890967
-0.775438048188632
-0.716983433674104
-0.637122635432032
-0.728234925510187
-0.555949454435691
-0.700490719202509
-0.656068505185764
-0.694286516029914
-0.60211528867987
-0.675888564899708
-0.671453093085853
-0.712789716722192
-0.609992145115027
-0.618904807472129
-0.570141817983882
-0.665703082842416
-0.634695656375632
-0.616235247002298
-0.6805218457994
-0.654317637736684
-0.829149623811683
-0.516251603666727
-0.684270912119218
-0.64044334182844
-0.639635922043574
-0.64480552031878
-0.658587056207289
-0.553930333893933
-0.740505110615418
-0.551703084759086
-0.578865862331144
-0.603061867111838
-0.693793473677054
-0.62803597683598
-0.636827182998696
-0.601860257373385
-0.646189962209563
-0.416745858375107
-0.517742606734727
-0.75271881294921
-0.660851273768532
-0.570351350752535
-0.48080867312611
-0.534024502842436
-0.516615147284657
-0.709076970998722
-0.420440118780424
-0.397196234035659
-0.714010035710412
-0.601898169879586
-0.539436873115043
-0.523533038393317
-0.504412781797468
-0.646083568274964
-0.399349224224838
-0.487378467394443
-0.639845617462221
-0.669530061432723
-0.480278446961699
-0.388261617240747
-0.445451802179287
-0.600530457155106
-0.549402469789816
-0.371508447550408
-0.572088464627554
-0.491619810998426
-0.556748623758067
-0.585954545654289
-0.444164005414876
-0.57133734016044
-0.502367296467855
-0.54972720930661
-0.413673363831932
-0.575594110341839
-0.480236659436079
-0.389663069004477
-0.521586816124282
-0.588117599744138
-0.579576645287113
-0.451315721247984
-0.487393192036206
-0.557270844535474
-0.528671477012169
-0.536840850053818
-0.541722767154033
-0.675989415408707
-0.459797519624562
-0.421196322046861
-0.35634412028663
-0.486713481029326
-0.552327937103589
-0.483944350953369
-0.421633202141509
-0.532214359460576
-0.391882181216934
-0.505515619968
-0.434575698820262
-0.484873032168198
-0.476624801842436
-0.36608058164527
-0.345098161709477
-0.507573380239046
-0.559741067211206
-0.487667818121079
-0.293646655914845
-0.456764704506174
-0.414017077908328
-0.369991361913316
-0.510605064582638
-0.560067945602098
-0.440556290927149
-0.310079621709622
-0.362729124293376
-0.546645259057519
-0.423337516842663
-0.37772137975177
-0.354963135743669
-0.472874350516355
-0.472689599247391
-0.305967087055689
-0.340891145209303
-0.403997071670599
-0.560046795693647
-0.399569355977748
-0.42150323331344
-0.429797917200475
-0.330418178155279
-0.538556865698365
-0.37026929817501
-0.464839471703914
-0.479035996793446
-0.338146686927379
-0.41311143382497
-0.351424182761943
-0.388679240459699
-0.222104150798871
-0.244962797027266
-0.365186245634179
-0.443515521143174
-0.314874228156543
-0.480999536565986
-0.30308015864097
-0.581878722956964
-0.479143424647181
-0.241877164021176
-0.4000276858638
-0.275646953022801
-0.387227593271532
-0.532313185319796
-0.266897677091455
-0.291294034618783
-0.297059664631293
-0.335412010988928
-0.229369069627478
-0.196256897530169
-0.34438524972387
-0.323534120553407
-0.344495632564867
-0.290079078744394
-0.465890841028088
-0.349144289028024
-0.343334669784921
-0.307275386305891
-0.13854294202906
-0.424543267005713
-0.431549415622032
-0.421792084464687
-0.355712264056042
-0.390282831434844
-0.291923810942651
-0.411362364562285
-0.285017493926998
-0.397792677550235
-0.33528151635865
-0.252026265791157
-0.341982481796755
-0.275570679172608
-0.421383297889097
-0.303037526900814
-0.254453824007011
-0.298949720080564
-0.475691734473603
-0.357491573197257
-0.270395455058931
-0.236321364612024
-0.290272398104962
-0.349564939235248
-0.273224575933574
-0.341625014025984
-0.199706815840588
-0.326175837496681
-0.237309392654456
-0.392611723185789
-0.331574172590386
-0.340341592444521
-0.257506018441104
-0.398283749854734
-0.293636141748941
-0.239785117043593
-0.139502526053162
-0.136060676834106
-0.161824206143859
-0.326393383683276
-0.321207404132928
-0.208790099421067
-0.30725073062041
-0.169936120563804
-0.259968941687138
-0.0573865489784244
-0.276475513773614
-0.454547370435796
-0.322241456855368
-0.221837366272355
-0.184657403049234
-0.397885678160566
-0.377362880703458
-0.279964551600264
-0.158049618910539
-0.155266079938
-0.246074004493286
-0.165856918862187
-0.272655833542273
-0.151517950192654
-0.132705694798565
-0.377254568508233
-0.165891934159854
-0.315917250454264
-0.191369181595911
-0.146723283846727
-0.196923342392681
-0.205137252888493
-0.0939049773314077
-0.20194277702415
-0.333412981117565
-0.214678776540183
-0.0812637280556306
-0.320971723532284
-0.173699290782694
-0.186486957725627
-0.0202152254458561
-0.201851119937321
-0.153119903375577
-0.0976046278717283
-0.232330273283091
-0.198537477657542
-0.152939134638683
-0.373213792205526
-0.109315325084886
-0.325510798306132
-0.142126770664087
-0.093353289083636
-0.258564324004732
-0.142242039325958
-0.239832726041814
-0.257103385307031
-0.267200788285626
-0.100012099573686
-0.125841125281068
-0.018794960194875
-0.173507178387854
-0.06136722814686
-0.236352968837964
-0.294334470982807
-0.233843194681951
-0.179389022050183
-0.219221523915177
-0.0507271539836305
-0.167841042206827
-0.0105452052262477
-0.0584893969869009
0.0311180602102706
-0.0276077097739649
-0.105763800006899
0.0103547865701717
-0.190872015244089
-0.189873404841021
-0.12946390958813
-0.121615984463694
-0.016382654341073
-0.18448156831684
-0.0811911671168746
-0.10238460115721
-0.00868744236851634
-0.190965398146579
-0.151166516578652
-0.146206133685602
-0.0727528170583726
-0.0735073874566801
-0.0269515586763795
-0.188909587769626
-0.197375292518602
-0.119396400915913
-0.0419844581791263
-0.172208415316077
-0.19071053005796
-0.160484886966231
0.0265182428593325
-0.0717868686165875
-0.0415213893517785
-0.138724659365293
-0.168152650587824
-0.147566512802564
-0.13411170209767
-0.209241764893082
-0.123221472056652
-0.050767895508811
-0.123291311114257
0.105344269114608
0.0353830439681922
-0.15354220961716
-0.098732535814124
-0.128556009066434
-0.00869518836671836
-0.102402488109239
-0.183519878269309
0.0887291269776804
0.11262766873928
0.0574566763954061
0.0405171537010747
-0.165595601340313
-0.0486456674512341
-0.0246732651137096
-0.0192296992746464
-0.0198168826896792
0.0362857870080201
0.0423772452470871
-0.136277804681494
-0.189487179579048
0.127944772610709
-0.0809117527294927
0.00339276235233522
0.0397948513273872
-0.0863918876705296
0.0623376687929023
0.0544290463167049
0.0263683544549834
0.0260901501217047
-0.0920364775273513
-0.178469385362109
0.105095986061681
-0.108654511810017
-0.0377957014100804
-0.0341218900264611
0.0641635048505919
-0.117588601508378
0.0288453264014006
0.178796511788123
-0.0459693797351807
0.0478077975102866
0.125160550299318
0.060268678379298
-0.0255136408862339
0.092575763101038
0.018474556501366
0.0569919122160356
-0.0338273694395311
0.204439069770835
0.135489785818994
0.136554668792625
0.0498239224259048
0.0880497136028477
0.096567109711737
0.052852052419808
0.0361051035960563
0.12447358258782
0.0544209859043719
0.11677132966646
0.0173914455776077
0.025824591756949
0.0948101858738767
-0.00181849377916196
-0.029391712241595
0.138734765889573
0.0759447102522184
-0.000904999961170664
-0.0586722277449342
0.0156324608785555
0.190830690963405
-0.0198545958991501
0.118816298713013
0.00101470000869556
0.0394829657823991
0.0940779802221203
0.0215738771409979
0.176299980413116
0.0990430509558919
0.23450639292977
0.0184008104428786
0.184999465827419
0.0230115452041499
0.170219338477977
0.0391255024283035
-0.113181580683534
0.105994184923092
0.0756035890755123
0.195536968872602
0.243063540718755
0.254561439164115
0.00890915520206749
0.122219589358284
0.231840062018495
0.133991524726046
0.120228412382339
0.128851479568337
0.102325449982731
0.146499366222852
0.15236156614328
0.0134720056443591
0.129536149915346
0.18175662907492
0.0618859074598173
0.34107079916427
0.037030116701654
0.20447487834601
0.210777378410656
0.16115552624465
0.109454623027613
0.226873017686611
0.0973732233747693
0.166788146457731
0.313034845237983
0.299227739078303
0.259604796631077
0.122617623675885
0.0902338146932928
0.147388128502305
0.199609324671371
0.133010918349859
0.201097720029992
0.167432420195586
0.291804215493428
0.118268204390473
0.0592427689435628
0.177127924282128
0.180514199401377
0.37563856100999
0.305645314943157
0.185439639229673
0.33497455337413
0.231799916383116
0.235504611936612
0.248234996500191
0.241067890564158
0.20193147140077
0.127270449812889
0.26666290367237
0.310117697525245
0.263649307705173
0.223027385187257
0.361354264193316
0.246138623475136
0.351612563645624
0.187051605078699
0.154036759896707
0.235143102918945
0.277516768996856
0.299279223213992
0.158862553517674
0.348816117794994
0.237784625922335
0.291963727870071
0.29935891558024
0.1203366297358
0.0895227253531703
0.166484211835816
0.398905172703591
0.271406291499447
0.240513219591312
0.315984441503641
0.359060318913762
0.198472741446051
0.0901183940479311
0.37255530659806
0.313921101068822
0.211352623765322
0.363145861986916
0.0902236568781378
0.323643822057738
0.182353289281453
0.242288710497567
0.289313552177007
0.272648589846453
0.265980654327306
0.382746194445956
0.324674745398556
0.411435278033627
0.385759557206204
0.435191257315746
0.211800774641208
0.37077577480345
0.280232784627877
0.339375340280365
0.206056752915088
0.364561819001058
0.214585835963697
0.525055234748696
0.466503675420643
0.296802910881582
0.332254055913905
0.370053311218544
0.368245446532753
0.239787235719387
0.275898298724461
0.314514673809335
0.33317741975713
0.42563403439769
0.38326788015362
0.261079270735156
0.46929602058582
0.455525478713673
0.433320480037866
0.506420224618461
0.491689940074472
0.35513448766245
0.406512247031
0.544913962801871
0.185532546603197
0.369533759908174
0.42923395177808
0.256391017107176
0.282962569207099
0.251598026522836
0.527355678405613
0.394405762655663
0.322370441529273
0.485783483268869
0.40736391702523
0.399058330662368
0.379251487376757
0.434777564784203
0.344081649024868
0.493901916921615
0.408141029422479
0.445651194092151
0.393547003856551
0.436192788846266
0.360595898502778
0.39416130026699
0.43294472619943
0.380317848335916
0.411056754628749
0.419594881181222
0.288813195910924
0.385318291120612
0.427701925057987
0.486269498115435
0.407213712620848
0.46484348841347
0.382551097145046
0.429888350615363
0.433013441343138
0.286603859094404
0.397479893711706
0.561030926569068
0.466698342483394
0.553506099642161
0.624093412708783
0.456263869453231
0.468976313041807
0.322021824074719
0.552082236847322
0.466877972248671
0.346971183872818
0.564654199351526
0.50350622505637
0.477922410957065
0.589153946770437
0.447434505502335
0.525562813217598
0.531082383011512
0.576117641832222
0.457643731840666
0.56953560842222
0.423830176972118
0.578115590855942
0.412954563668994
0.394262489906728
0.445661826403988
0.739074293026019
0.53248377821136
0.486118272726155
0.444098454670817
0.505699113640944
0.563695879926416
0.564114909321443
0.382861391644929
0.577062495112259
0.674290609953158
0.448265576674517
0.444350431852373
0.438555180514068
0.385238754783
0.543111511847375
0.550448949052007
0.486582326286294
0.517817105581572
0.492848448465777
0.429940658132954
0.430931810639937
0.536751006933743
0.540080011861109
0.605783279333575
0.63441888865606
0.616986389579468
0.366181587727529
0.502120177346149
0.561130884276119
0.585510017237662
0.582099060261816
0.433789213748641
0.557336207614832
0.636195052591895
0.620434477809763
0.558543670763489
0.657234835698423
0.578164790661096
0.522917261646125
0.615821218992383
0.565918180458248
0.662379692030475
0.57150760286643
0.60179013422479
0.385841412404675
0.452648881272818
0.5935478818852
0.541754814998005
0.616393889846871
0.54197077808372
0.564554202606868
0.536448517300441
0.556019296685512
0.616299480630901
0.579210333753627
0.451490787326455
0.835354737943651
0.659844903198043
0.585573465624154
0.610040948899349
0.71263808175734
0.517510374784656
0.708000917438916
0.610188347295857
0.616343032192448
0.600852642884572
0.630204157969952
0.618308400589989
0.635669907633034
0.728189318738391
0.576125550623052
0.727397569307557
0.541329683946971
0.593519246340319
0.668656456170229
0.592363249092754
0.601671642147411
0.765533799953965
0.754046994330472
0.607863232364155
0.663163621400327
0.689796748397781
0.727282522321221
0.722087417859679
0.663676244874239
0.762432124660866
0.761637779151659
0.745502298318363
0.567877338006843
0.607020998046616
0.698291622443917
0.754229100537442
0.771767478735499
0.659816357796749
0.520718311616147
0.64196059421667
0.758266411352719
0.60991705525529
0.717138123429542
0.718392633390535
0.812645695382071
0.651195485587657
0.602878873964592
0.597971418815189
0.77640211984816
0.752557488167161
0.612460780124786
0.649768173187584
0.706095354636845
0.703042864382315
0.697517357308765
0.657042130810372
0.739993434277524
0.583148610067019
0.87817669733917
0.62857776611516
0.538246360656898
0.77093407631881
0.728970511816449
0.763939169166305
0.687976960093724
0.834517167833618
0.694994091865015
0.742625654431467
0.698213610479996
0.728888202315456
0.702109846069056
0.813781063680187
0.870186357369541
0.875929712370968
0.751538075063354
0.660859060515747
0.558654387079509
0.729699305857183
0.72428833806707
0.834270627810294
0.747445611703553
0.692816359724933
0.910117448180739
0.696959365399767
0.860489428147167
0.784658612612555
0.662837094543694
0.844224072416169
0.717220305064073
0.94850926966275
0.755115642435148
0.662382183081422
0.820939629720344
0.846391757047376
0.708408321302345
0.771978255546674
0.746393568362301
0.846749568937652
0.780368026468864
0.812963095938861
0.673893283754666
0.655156073151244
0.865667743922652
0.848326830231403
0.815291500264727
0.858045872388415
0.839668649621567
0.928598220439283
0.820588639712394
0.795322567987787
0.900893814834139
0.945238301060545
0.774973847323965
0.906933327880369
0.668061474387592
0.733003407287183
0.822430931359185
1.01406597788124
0.746541902844593
0.880259013248845
0.813473647177678
0.677715872286339
0.841031830361122
0.901013550415009
0.788606121333744
0.766877567729779
0.883051304011878
0.877690629620959
0.99704775778038
0.875317826892723
0.898760884555714
0.887398684737026
1.00028674480213
0.815230412438153
0.85627128302474
0.945424162448379
0.747652987021798
0.973839951683889
0.9343084890888
0.69922439606529
0.884341117713792
1.0311554743106
0.913718804954851
0.733897289487537
0.957598497490953
0.786037243273684
0.914455794795667
0.88977194499137
0.75809150329174
0.840010487383094
1.05711498354881
0.831620793404303
0.819819012838519
1.00175581978111
0.946677832238295
0.885485637641496
0.954410879536353
0.876238016136007
0.887116852535117
0.928893435117964
1.01975952569387
1.03048869478982
0.860690728658241
0.906714847525892
1.09069908341877
1.06414667391296
1.03251389497491
0.982336440087268
0.940810876803585
0.819044944064461
1.03425537611299
0.990929533791127
0.892959544366572
0.79956378164279
1.03294902186213
1.00041554806213
0.795276988975133
0.751906238783457
0.815464355664674
0.950800825396463
0.851593274851878
0.960122933095327
0.824370313069855
0.965631176331507
1.02335511647398
1.07510201772931
0.991503045933259
0.984118346589513
1.02330729320328
1.00180352778616
1.03622832664606
1.0178583042567
0.982017450533999
1.04111414361949
1.2768487052217
1.14742668118129
1.00190961126583
