"x"
-1.11409383395164
-1.02511614513238
-1.03852777271759
-1.01797259897066
-0.93829563398049
-1.02793232601872
-0.899323970212894
-0.961418577541543
-1.09283106621692
-1.08881412367894
-1.01537194249085
-0.966812223465125
-0.926277065498082
-1.0441456949839
-0.897789030652301
-0.974469993813072
-0.910428441899366
-1.00453013603345
-1.00018100082527
-0.90925571464757
-1.08318010106071
-0.983719269161486
-0.883000553771952
-0.863790582891733
-1.01832712141076
-0.900782312713565
-0.903503633257983
-1.03442789021958
-0.958723433441635
-0.937797190070028
-1.05046547085564
-0.857906448709785
-0.904484674227062
-0.818446902557743
-0.840575643762899
-0.900159719735854
-0.791905120940219
-0.927841143229979
-0.880839258938719
-0.955348079009352
-0.890189533301839
-1.06906239228977
-1.07559845714336
-0.975265583195011
-0.836277334379257
-0.938328375556374
-1.00950630968208
-0.846474928592692
-0.791114907968229
-0.912173378391442
-0.88803022470727
-0.878202884679371
-0.858059126930594
-0.833566581885559
-0.853389582814915
-0.869853065620326
-0.930244567384565
-0.821470198556691
-0.955385175893382
-0.960173014617026
-0.840482830782892
-0.861517047795717
-0.899433546834543
-0.850260561252433
-0.890430347609365
-0.923452441917767
-0.905205689509416
-0.809363714140215
-0.905898886730606
-1.03582230939796
-0.9602720861813
-0.885928996328287
-0.973373714246356
-0.813043336028201
-0.843059677790439
-0.87220494413447
-0.891237831197945
-0.886389303004749
-0.867192990013453
-0.66972932516096
-0.876662798857141
-0.835473331719509
-0.812715778744472
-0.867107400064835
-0.923333984340302
-0.816546517100496
-0.78848947609357
-0.871682582429431
-0.815390516717294
-0.93313232782923
-0.796558250278376
-0.737565134667258
-0.837680040163062
-0.84395955520347
-0.762700287883523
-0.864301641215679
-0.840691224273881
-0.721818707433304
-0.771166394319719
-0.698877387336438
-0.845486534986873
-0.748768325932325
-0.739426272081126
-0.675665998130373
-0.723437642057639
-0.887575979107008
-0.622106226969981
-0.71228945667406
-0.736508494976681
-0.796201887604204
-0.836642076414131
-0.853573679938183
-0.797110998060529
-0.797714212763096
-0.875223728522761
-0.833541162141629
-0.884248293645183
-0.605719203314541
-0.780609996454319
-0.743526550121448
-0.770474126630036
-0.888728822678934
-0.821852841170166
-0.586921324531691
-0.470510998333056
-0.678862911165663
-0.705613836232093
-0.76996178857707
-0.751991133247942
-0.795199312149524
-0.738644402659152
-0.743081734021078
-0.743486871146033
-0.70428749503047
-0.653577507314549
-0.806810910115705
-0.799395518937698
-0.838410332730049
-0.564804111388632
-0.675815358261911
-0.653253380850504
-0.722074078892512
-0.696033179521586
-0.673338730045809
-0.621933329860835
-0.742051828553068
-0.81398621632185
-0.753370707993988
-0.652734300959969
-0.566514133274708
-0.55781135393365
-0.654331311206326
-0.679624931325258
-0.598761941473662
-0.725613817535867
-0.685690373590513
-0.831855792100892
-0.770421625091742
-0.572372493731566
-0.659287950773298
-0.684295725816689
-0.693986635514621
-0.792807785128455
-0.77953592615602
-0.698723180742682
-0.828147867899502
-0.613617302270727
-0.535786385963377
-0.653843645346297
-0.529379709305776
-0.641395958022066
-0.624447538734436
-0.64443441067049
-0.592342293468468
-0.637283045744239
-0.676086996971701
-0.534144148813613
-0.567099503579654
-0.539820330555729
-0.748617920664044
-0.679338086282057
-0.696040646618063
-0.653545632846302
-0.608475435461714
-0.564920703773234
-0.603433744990658
-0.649127083078447
-0.678430129074527
-0.539300162624709
-0.700378268568327
-0.601767103325198
-0.579486527666283
-0.61446669131435
-0.473036626783498
-0.586845574045678
-0.634324727569301
-0.607618066991264
-0.646008484327863
-0.677804791134907
-0.529308047320567
-0.554443286425028
-0.606009237775433
-0.66053154479867
-0.626944911698006
-0.476796930457526
-0.649179756661583
-0.54917331797193
-0.559853366454606
-0.424212085058466
-0.542127433628954
-0.599102486114263
-0.530967604331716
-0.446736680898039
-0.492785442196428
-0.554297652088243
-0.515013917429324
-0.364347920309626
-0.549784670819614
-0.565434797653226
-0.484764582344686
-0.562942229123926
-0.55284505222731
-0.702954212927577
-0.57111374247903
-0.553738785227876
-0.445339105259146
-0.47796785930184
-0.666063881080645
-0.457210873054736
-0.554297978354788
-0.540147069705359
-0.616669464691191
-0.442981672490396
-0.568974076521452
-0.54502993759483
-0.530597121113781
-0.368228186338549
-0.441568799972088
-0.50562609552092
-0.529809643176898
-0.500416054902996
-0.543417016048712
-0.673047298724012
-0.554137480151738
-0.440528825056209
-0.6878490451096
-0.301800860740806
-0.578636326365089
-0.509953440184016
-0.546189925438735
-0.4073650901264
-0.636700713725508
-0.331850899787598
-0.69992446907678
-0.594440130144906
-0.446129405583302
-0.457526927838726
-0.535032756244284
-0.486479965254002
-0.503138756794519
-0.417071410366432
-0.491367734502315
-0.490579195867331
-0.273897431925017
-0.518730288591119
-0.614373508046196
-0.43008883015917
-0.420809164171873
-0.493708514860991
-0.482927056623401
-0.309710165135908
-0.380517936779362
-0.576745197306089
-0.584724056921397
-0.351112207227974
-0.367862068619728
-0.384660095617387
-0.409955012213461
-0.58750936383325
-0.511369441246278
-0.553989470621502
-0.290942435783039
-0.549989647500026
-0.387190410991969
-0.356794748116904
-0.316241619214268
-0.340421618178388
-0.637619944448273
-0.363732056765295
-0.52643745926284
-0.683898434804847
-0.33122570998744
-0.552722671910918
-0.429236745068671
-0.431205660762495
-0.427660197426937
-0.424914874916665
-0.450290979898177
-0.432286905149026
-0.300125092407857
-0.333904801569563
-0.530675165315388
-0.433252600451486
-0.505085353567492
-0.496633393710104
-0.407714522503615
-0.353037292693947
-0.312685115996849
-0.470714549096973
-0.298963742727544
-0.441397861909548
-0.405337829183084
-0.356663718824478
-0.40876806311161
-0.316747377424741
-0.467276138479494
-0.224012163248267
-0.230457085260971
-0.320006590783831
-0.462708160844344
-0.335521616932793
-0.437880088052811
-0.4221237028184
-0.368669537083631
-0.49268007565645
-0.318365301980109
-0.244841156641635
-0.277299170955203
-0.40619610228345
-0.30237002498164
-0.35340122099109
-0.32178483409991
-0.303949061072774
-0.144676134274174
-0.424529568011784
-0.284545444224417
-0.311917283526147
-0.395873740271534
-0.54009871380908
-0.339232964930788
-0.425938697914045
-0.173793485052217
-0.328511900991638
-0.320811432812956
-0.209562474829431
-0.135083243525985
-0.366659253317738
-0.16167996709297
-0.403378909402784
-0.287832123376372
-0.277481319435214
-0.393798277774925
-0.109532938654318
-0.202336263710372
-0.342108936544734
-0.323634476296524
-0.334903679424247
-0.361791135751206
-0.324191354658845
-0.315626363281094
-0.27159451213482
-0.420191416452425
-0.000496922650148087
-0.415577289541843
-0.210047340307057
-0.32529187199516
-0.304645131066231
-0.100993608991187
-0.361939351495737
-0.310801826289556
-0.295400414801243
-0.115919649954405
-0.189034380595719
-0.121375512231913
-0.199781158392289
-0.189749968060758
-0.205857016573516
-0.250406493507913
-0.242539875484668
-0.452234196340384
-0.257662512305952
-0.311990529521304
-0.210121122081243
-0.0881726334556814
-0.336217498001872
-0.195025448683569
-0.341267015098613
-0.265538682172953
-0.284595660765282
-0.279635315630807
-0.254526953492735
-0.0918841573901662
-0.0865183290913998
-0.183652074927491
-0.24849984661104
-0.187808312732558
-0.273363126759396
-0.343138184510344
-0.196902456220706
-0.270509793962233
-0.17976838017415
-0.283251790367474
-0.128532739741449
-0.356947954852196
-0.193890504961255
-0.198796533780293
-0.282124430153815
-0.160608946604045
-0.204611847157584
-0.148473061674479
-0.169915247585963
-0.076185200167654
-0.0320320553678358
-0.177247232158898
-0.13301729662476
-0.030115711014383
-0.228120794892482
-0.214095968906231
-0.179936094845452
-0.194554984630644
-0.0690089265732897
-0.240242015896673
-0.14927410250236
-0.0810355846283586
-0.240215943832887
-0.203168975751639
-0.072002939634998
-0.0608124561197982
-0.143453469241426
-0.14136817649239
-0.142237965159477
-0.169503092661726
-0.285742735947826
-0.0812140295656862
-0.0801961538675025
-0.181352431802997
-0.233610870001692
0.0276852132678312
-0.19660227992453
-0.17417139583872
-0.104986711456295
-0.0859950470746583
-0.0229651299362523
-0.0101229570887242
-0.158658826239399
-0.190605789101074
0.178491578146325
0.0123061598469985
-0.047101157019233
-0.295624062222576
-0.196625191778815
-0.238307811962231
-0.13077529667526
-0.15053646844436
-0.0921165158463386
-0.148679657511771
-0.0394651003493428
-0.0906433113330962
-0.130642130180083
-0.124578143780592
-0.0687964405915042
-0.0309527963820088
-0.128360720446061
-0.160412707445582
-0.116196641376017
-0.0244479990622771
-0.018334239145573
-0.0875772988724008
0.00217999251232785
-0.0983647008399397
-0.0149051944963365
-0.0772576561817764
-0.145295676165023
0.0502340674143881
-0.0414823921747096
-0.113890824151038
-0.0522164994508006
-0.0245481847042875
0.0293605077094702
-0.135554775983208
0.0624786426466822
0.157038390744871
-0.0901612105250218
0.106401997788113
-0.0444595808971973
-0.0205761136839622
-0.0593292658186656
-0.007242678981809
-0.0542705656801967
-0.124302825990344
0.00752214568391924
-0.0545481037392023
-0.0516217185871743
-0.0313493153245787
0.103259032422373
0.0763755642892445
-0.0167632309713683
-0.0777680575175809
-0.0343834485170791
-0.102467919849092
0.00727859158857716
0.129438361200523
0.00188992000918035
-0.0179306896232909
-0.116553819361029
0.185295323831039
-0.100807717613085
-0.201450603033647
0.0759472805751182
0.000393108440181464
0.0502153257250785
0.0898998193816146
0.0531339890205141
-0.011985097702988
0.0460981290118213
0.0472546473661568
0.102375620008131
0.105211892243665
0.09543822654902
0.0554969900422608
0.0693929844137577
0.0970883514185268
-0.125476239375544
0.199617576125266
0.0597963086019313
0.0220712552432599
0.149921277488048
0.107133046359302
0.0478227287624683
0.0066977596686721
0.102418003086737
0.120252798293137
0.10298760946104
0.0781829637966589
0.191469286990647
0.0145938690032318
0.0544838089638686
-0.0128977509646014
0.141852086347929
0.166423311913367
0.100462970413294
0.24564070608217
0.1402312319662
0.0179470642009719
0.0710852487804282
0.172779576511608
0.078370626903327
0.051934013101662
0.0210062748120483
0.0448921211793342
0.127140455095139
-0.0106506997546674
0.101688035665594
0.00810375501987428
0.171508779830898
-0.0440015733567411
0.161003739040922
0.158375556471669
0.104215377637607
0.277159833966698
0.274625464340388
0.242710997038066
0.146177884676658
0.131935149113055
0.0486489754832019
0.199308122396191
0.0607425232040274
0.0590561543616357
0.171964496873691
0.0249796504206896
0.147666166007295
0.134862262470937
0.0421090765911643
0.117623218897106
0.176662875703483
0.074062787029447
0.268652627875107
0.269344422108705
0.131868884258273
0.0970143824949535
0.0812320238714142
0.0998382906515438
0.20196948831246
0.184066753740364
0.130396405443934
0.246211755375317
0.0682305451520606
0.334482614526996
0.21546788678135
0.147707573350309
0.189816240446722
0.115969411081612
0.194053940823757
0.279096954828292
0.078431229452469
0.248773439419647
0.186648032706625
0.046788275463899
0.13804536062922
0.114170565472809
0.23444042721632
0.157472687212267
0.290575174366085
0.231707616151986
0.143818569741408
0.403108111712939
0.30200738657322
0.0571160896047796
0.173703196376743
0.12131777708623
0.234815915935464
0.265307363218731
0.237061103308571
0.313645485057297
0.305012550608753
0.249933756979294
0.259073099087868
0.303711849276036
0.260161869324142
0.151021145506474
0.184387374396195
0.253278484218747
0.188325931125768
0.319365815341778
0.300989079293362
0.321495467524404
0.269213483334704
0.273702940312024
0.243989702421892
0.330704685543214
0.289549075723878
0.318304501555943
0.263081917194894
0.317288083104068
0.309892308803461
0.240092885686974
0.330995961756866
0.337753722761912
0.255584237922467
0.189807410446289
0.291025107840304
0.335936564389544
0.372344393697323
0.440694929947905
0.269563989925167
0.258759976234966
0.280337941574372
0.381379206257013
0.315489959803614
0.146726409578716
0.341388393499809
0.208087979853216
0.280142487422841
0.278072109049417
0.258890793786284
0.368657282528429
0.368719452273246
0.450559381325167
0.23387625167229
0.327580293447973
0.29505057310307
0.288239530086041
0.257979355482398
0.257110066521009
0.243781104106623
0.39044200298275
0.392947216105712
0.211111563859613
0.329668369998855
0.249153431617392
0.25700153901727
0.205915241700028
0.265229353718273
0.43299275533368
0.384438074396055
0.348759099919704
0.297909303111798
0.251295419092339
0.464378314324844
0.430451271079818
0.554384846256161
0.511011829965966
0.310094080573961
0.399416087960461
0.464895694213184
0.351790758509644
0.425991652785963
0.531904432828436
0.289338201524384
0.353887744944792
0.457937697876756
0.360045632262099
0.346475127791393
0.519026951109157
0.388614606588413
0.276583480520918
0.241216404396184
0.440673832090924
0.314576853327904
0.295804879675111
0.374516694045377
0.312371389053019
0.431075801018882
0.450394663902204
0.328869306126568
0.40673784762307
0.260093754867374
0.405921100262453
0.333965023414462
0.527923453874947
0.428650956541922
0.501159698327696
0.387095258456196
0.383528476568451
0.290926010049924
0.419628366796329
0.528894933974792
0.400900598943038
0.373431917826318
0.462110879790614
0.482197230930625
0.443330192676332
0.380056176602763
0.483015830079608
0.49917836075345
0.473492216587632
0.276304830849012
0.43738238489076
0.422934043126222
0.573467980752047
0.539838576625931
0.379100421915987
0.411100221753715
0.469193042962461
0.449361145767481
0.47466204921261
0.387175454288454
0.434480713430672
0.495646376203566
0.615545119652078
0.526580668267998
0.590894520796656
0.425370137316986
0.562661477200468
0.537189966721521
0.533211153505219
0.490263263108762
0.622159547389912
0.560498955391918
0.498318975652253
0.362869363612812
0.350474845451794
0.482664580918133
0.4092443436423
0.576938552278268
0.462848272157062
0.602486165349965
0.523243040935175
0.462297584646146
0.7048625982578
0.619652046085731
0.641656118699002
0.465257608053844
0.525015505933692
0.414363960111969
0.583088071437793
0.519176806265834
0.503899053524427
0.623860858389296
0.590879130539411
0.537895496306648
0.504106728295544
0.658807044591297
0.60065922503459
0.52518281326221
0.501676372598095
0.644621997069301
0.593070107375798
0.645290051635445
0.367577382822387
0.51248835357287
0.696592890757725
0.548704775051228
0.657489329350854
0.575304742861942
0.649471042354356
0.620471988472882
0.700566876734774
0.600544195715928
0.639775476466717
0.715320622314222
0.537526500472289
0.536286955702832
0.556143927285376
0.496159786205714
0.532132772777729
0.535723680034141
0.631315031660947
0.64021072306407
0.487085027762118
0.630854483141814
0.505970903395771
0.685762927290724
0.646423311274591
0.526464825858768
0.587567491256171
0.479687712015036
0.526606247754523
0.654732616735879
0.653537710328601
0.57622309397567
0.640502585548386
0.542405961999123
0.679872795244041
0.7580976430593
0.422701177880422
0.517867624158341
0.556287493683118
0.633337806043226
0.630990764247125
0.579248886426984
0.578153126241875
0.622074349063155
0.657510303300833
0.67081428432408
0.733409570463719
0.598142609441207
0.738422700950798
0.500541689186609
0.58509574211001
0.717427145388899
0.712545784449857
0.624036286171899
0.547419922996465
0.745619661326086
0.833974469535222
0.600447348222581
0.820368193508255
0.744773403145301
0.639234524571018
0.684964498675453
0.855213471654768
0.764449262771651
0.614870671876804
0.649313717328439
0.685248666490284
0.655557273373602
0.653370831750546
0.590044830835148
0.714915594943768
0.523992596976033
0.793710406520175
0.840967139169702
0.65544614677094
0.598178965740394
0.685736157205994
0.693385247697537
0.660069772145305
0.6386999298525
0.640889246209255
0.683851687899383
0.595268814849656
0.781480453664928
0.700235231568066
0.669284006389016
0.697080713017849
0.59565236635383
0.583768264647622
0.711028286305771
0.845762866484216
0.800056662244519
0.757400900155038
0.633969419195286
0.800529075366745
0.518572032326932
0.865671074413578
0.75405974439359
0.782131815651261
0.644575064485399
0.618688321903127
0.621495252837147
0.865285412088925
0.672227072303817
0.882583744846933
0.779698473556123
0.7335628464603
0.778600314296249
0.659240307667774
0.747705572624983
0.799295977767408
0.72151573058188
0.705725290714762
0.79350967175274
0.748117467144827
0.75492368497227
0.79834377000835
0.824626785721215
0.802720515299747
0.922293907293064
0.796144768775439
0.864837238016826
0.859828271517337
0.849113166682292
0.811746578047975
0.752746524457533
0.627054278293307
0.915533148701488
0.860548617139366
0.862476368197716
1.06361399711802
0.914653740634341
0.843165454249696
0.779144449640248
0.825554624859843
0.928388175561655
0.763718945948786
0.788054386096752
0.854484708954678
0.973536501636431
0.850628620542679
0.81708270634093
0.731131522753079
0.855406080292977
0.870803573797592
0.870285555589262
0.871328217139997
0.737851799939051
0.741140762142186
0.874654291571828
0.889487282658545
0.960646035561443
0.817526777457402
0.947478620403134
0.859333506885367
0.898333435715804
0.795914806132718
0.991143265721654
0.855548023807326
1.05201572857923
0.761686240390858
0.795517910797738
1.02569683343001
0.854251512595566
0.982637287621519
0.917681282626964
0.849619184908084
0.800794614723207
0.953772457107372
1.06036516555229
0.769023342953566
0.927048981376059
0.868713834696885
0.837934015235074
0.961523878633636
0.975854637979297
0.916835326919611
0.863597922365999
0.878886124275454
0.997442686612377
0.868342474573416
0.846928522678325
0.904260561826881
0.932438960922869
0.84106417045858
0.927337622530059
1.03371654171412
0.939679741551254
1.03011721724193
0.87203228082538
0.837709415554022
0.847116195645932
1.01683442185644
0.989346855196719
0.834479220860386
0.940688800450995
0.922342779645476
0.898183956449233
0.910051901130051
0.917729470508286
0.908303402493883
1.07560057948269
1.06866232863243
0.878810279795795
0.969432775323061
1.03710779320737
0.903439086982914
1.09695333441409
1.01624757232082
1.08881332364575
0.991692402016471
1.0850612456266
1.04086565244273
0.910263354224878
0.931011520703871
1.03432029872726
0.998852778659745
0.962857515192416
1.06239302126548
0.954441534141805
0.907586581193384
