"x"
-1.05201371675402
-1.1425196206824
-1.01954953361406
-0.935036937166039
-1.04837624837943
-0.994729666985579
-1.07855354280879
-0.964405851652335
-1.16383149748985
-1.04225363579333
-0.965035239041203
-1.02933158161267
-1.00954058387196
-1.13031038191678
-1.12132136343953
-0.976647797421965
-1.05765543273687
-1.11795378937115
-0.849419662694308
-1.04562316590632
-0.985797625690117
-0.913928905399591
-0.916483130520597
-0.963916564421772
-0.896574238703363
-0.871011437591874
-1.00752566921171
-0.874111950399327
-0.925664787580783
-0.888258573323161
-0.928358850631576
-0.92375066989711
-1.00361573944315
-0.842561025112786
-0.882588502058363
-1.05890971528213
-1.03913008719409
-0.942548424797691
-0.885732259252627
-0.962793708881566
-1.04777776045656
-0.804061782539738
-0.976709174717355
-0.980336650050662
-0.937648750115309
-0.934469061557475
-0.95547648829716
-0.948974136798869
-0.88089186297127
-0.970601356957133
-0.914709271903375
-0.950483042926453
-0.873651172687491
-1.06587062428153
-0.879004175978462
-1.01194837411775
-0.933364626980985
-0.722632902751162
-0.784898691664556
-0.875451919229938
-0.8736526924536
-0.884111867377947
-0.721836255626166
-0.868866973076561
-0.931610474768325
-0.882606608632512
-0.931909266406712
-0.980915633341504
-1.00449315978899
-0.841042785094897
-0.783021146447138
-0.884116740785783
-0.818520250734429
-0.823445347541135
-0.95951718465715
-0.85592809435681
-0.886382700640621
-0.649474662985056
-0.850651981556643
-0.735544365873326
-0.708611272203236
-0.74475144426796
-0.853690674041812
-0.892019185780363
-0.991259649343318
-0.817761677296642
-0.788894286903413
-0.908960764165052
-0.793046341792117
-0.877388397713807
-0.795823986289906
-0.863364015115233
-0.928663395537991
-0.794546684576231
-0.794751415522543
-0.717094341197439
-0.721167361317988
-0.745636795011535
-0.706332092190428
-0.729034437132633
-0.847525882015559
-0.737305720207705
-0.619416939844302
-0.860932350332914
-0.822418781181229
-0.798429112682903
-0.869457770617206
-0.825083185248518
-0.751777150417359
-0.719693350423599
-0.705301223733061
-0.806572952257836
-0.707226416193106
-0.866969562665134
-0.721415086741742
-0.906967009230587
-0.738994565166617
-0.907802386698922
-0.658209087772527
-0.891481752483166
-0.728931184553729
-0.810341838639822
-0.824640918631242
-0.964206615480715
-0.747457808558457
-0.814914652242971
-0.743660587335348
-0.630691411522808
-0.732283358281527
-0.687280481177621
-0.716390394902276
-0.775305087026912
-0.798078347332515
-0.861376812396795
-0.914884205537152
-0.804853652047292
-0.628900503373624
-0.618787613290085
-0.738902024205501
-0.691536085488069
-0.792353185372285
-0.469498577050564
-0.674531411709906
-0.773148469282842
-0.631690462602425
-0.50517523473964
-0.869058950871944
-0.555832333145349
-0.694621819280674
-0.617929847491624
-0.82108033613294
-0.693588775092749
-0.794665835103966
-0.724763501129617
-0.616571524522713
-0.665549703117497
-0.577064478920414
-0.637338416732963
-0.61130715385631
-0.688428872850061
-0.601470569542448
-0.707208533209413
-0.618419295634366
-0.541456472647971
-0.644864519216734
-0.595925473705109
-0.717944552218467
-0.581480696670895
-0.577410457944331
-0.681008775027829
-0.754726775252417
-0.602526861631839
-0.632116297916488
-0.63457482057864
-0.579070600644746
-0.516137259512212
-0.592307888964159
-0.580818622641603
-0.661137442700488
-0.668629261587186
-0.754780751259258
-0.700453503290408
-0.457455150389324
-0.596243929706184
-0.617924388209003
-0.696304978030111
-0.576649548050509
-0.574770181849225
-0.722662283201474
-0.593763340023428
-0.697735529080912
-0.605228421090605
-0.74836530827206
-0.68433208670036
-0.511000417230611
-0.658383616843715
-0.636473726494128
-0.674842789803076
-0.723526524206645
-0.501501876713855
-0.651754960380574
-0.624792281454987
-0.645889505244069
-0.615136881968788
-0.600940553945427
-0.515437494768139
-0.651564751756103
-0.594976657998136
-0.648214024385327
-0.473770884897219
-0.476951206813984
-0.497731725475841
-0.562556526142152
-0.48912389105778
-0.509837628193732
-0.522043170324731
-0.46691258923074
-0.508663969041303
-0.605332893103786
-0.563886218635743
-0.55768362366096
-0.580925652172923
-0.618791902879707
-0.520881100618647
-0.406919750103199
-0.568978107940216
-0.510902821169038
-0.592417501577775
-0.531335768122057
-0.468730544524338
-0.422323710874593
-0.609811049044468
-0.507991113300389
-0.501281003915824
-0.527151880414627
-0.478223261909065
-0.521854707969631
-0.542534300432592
-0.584583093351625
-0.526872781531786
-0.602801394831888
-0.577061138845047
-0.468078979976136
-0.627078426206023
-0.534213717873337
-0.526387089054563
-0.502826878796341
-0.575006356664181
-0.477263037082336
-0.5457187247243
-0.52125767621058
-0.595580611731523
-0.3858714171602
-0.633324204308781
-0.471690170778296
-0.575599328213992
-0.516785120376668
-0.508881817884106
-0.4751981739483
-0.494620523535885
-0.619316683780121
-0.610267495430694
-0.359592530305093
-0.543860137141137
-0.417678801662131
-0.474974075492811
-0.431707615579084
-0.524576880580013
-0.416265952350811
-0.38504244922884
-0.322871951988741
-0.443495523927316
-0.584975298729313
-0.440258863947716
-0.425199753862366
-0.333011448126755
-0.448942407310295
-0.493000809402612
-0.521700611393341
-0.444315422581504
-0.462444470933415
-0.540779158683358
-0.303403510690279
-0.429294298249625
-0.430251699735662
-0.373916427427955
-0.375696584665772
-0.33879347977955
-0.312887833040821
-0.346368689928319
-0.425257118965077
-0.280776106009204
-0.29756089120563
-0.53822844362037
-0.367753163819918
-0.383448500562333
-0.457099407485737
-0.239452037035445
-0.439818145224309
-0.422140683153669
-0.418086997707372
-0.379335560093656
-0.356037133588262
-0.517451511010399
-0.317775862600433
-0.383840023573304
-0.36994245213357
-0.487232146497434
-0.481982847182069
-0.354401809055717
-0.416906390776678
-0.305451699670333
-0.291889007440772
-0.407060179902216
-0.326640596762413
-0.338630146675807
-0.422200925001115
-0.16007498990277
-0.45028401081545
-0.257760890286288
-0.355543727178685
-0.417793514347555
-0.401963994890256
-0.411867576004562
-0.367229439719921
-0.454001639512152
-0.140658521200031
-0.326164814674268
-0.347578159012355
-0.172529444346588
-0.339399191462939
-0.273943356390078
-0.381052007302454
-0.328634292001275
-0.342082703961569
-0.455557276803055
-0.333021292660245
-0.383131946226577
-0.409736403877009
-0.235258037882662
-0.340028147596714
-0.35545069282582
-0.229032537646617
-0.435281516134582
-0.369034558703613
-0.24500104701084
-0.351381700151756
-0.492201022320906
-0.435653513282256
-0.199129249934401
-0.285420353279079
-0.303668447350181
-0.192481034085709
-0.279824077494399
-0.1959430675719
-0.27099522258519
-0.318020341525376
-0.285147741181456
-0.434597539829909
-0.203743346257588
-0.385407860966406
-0.391949775851614
-0.285664216351319
-0.272861936524607
-0.195582155185344
-0.40336007175999
-0.295524432753547
-0.315894672849244
-0.19537432692218
-0.199193057841763
-0.223270771389691
-0.294124009078973
-0.30161494977043
-0.400970148111392
-0.255551396868885
-0.216484476420055
-0.294685473905278
-0.278133746029518
-0.336550379285017
-0.375477665574152
-0.285355841785186
-0.247448353204176
-0.355354684531138
-0.23016243456694
-0.334984863360826
-0.326801830309229
-0.37184879695617
-0.183429112968107
-0.222621207936166
-0.198804701392434
-0.195524636506048
-0.140611450626894
-0.282237080296663
-0.0696312303990745
-0.350254259798568
-0.232144043533235
-0.198475621193931
-0.128050329865666
-0.292281887077577
-0.304406137435507
-0.241050803310844
-0.105503612489703
-0.20895749310107
-0.280803693730576
-0.33290711960149
-0.029864574609266
-0.0802103390007258
-0.365657156911538
-0.19894108998368
-0.242649993942838
-0.275837151087388
-0.0567951206965835
-0.173107415903975
-0.238339892586178
-0.219228923518206
-0.157770809834113
-0.232325724440865
-0.191912785307429
-0.0668874832769424
-0.150122445359144
-0.0979342045022324
-0.202901187630997
-0.130586477183004
-0.186230140609942
-0.215766911002106
-0.0746185077732614
-0.0911807675701133
-0.176063286828992
-0.0895390898364436
0.00285086083027061
-0.0975055421228472
-0.097665662289502
-0.244837473822626
-0.144833557690642
-0.0786273261297389
-0.0545122984289503
-0.0843129914408882
-0.0581030746386871
0.0771638574252656
0.0173862031157115
-0.215769639816945
-0.129201232884403
-0.0593489321393779
0.0845866384414384
-0.131128602758701
-0.0652243661287093
-0.153716317735219
-0.0630146525919977
-0.0711626205519969
-0.276338465101264
-0.140053615477526
-0.118793084146614
-0.134622418018251
-0.214118573511892
-0.0201691133914477
-0.113258234120949
-0.0356447662681955
-0.0574157406838595
-0.0823292797436217
-0.113614497497739
-0.089378992666074
-0.00609327558840309
-0.0446359819277673
-0.0518454685756025
-0.183057532838242
-0.112847798664467
-0.0406065548069057
-0.144213392576947
-0.14798728668309
-0.154514926779705
-0.0888652262861419
0.177315659440972
0.0863916184869672
-0.114190167161583
-0.0167501569798454
-0.0308661792492353
0.0636181235576008
0.0991535524600109
-0.039757146521066
-0.0641163915347593
0.0152748319134588
0.0826507160888971
-0.00613585518693687
-0.00836699504240017
-0.0437021254434265
0.0106025694782655
0.0431918632632745
-0.094497032189196
-0.0611847627664334
-0.0125193130698276
-0.0162041568646679
0.0235896845038288
-0.141215684610917
0.120086996839031
-0.0508439390589326
0.0779150416482706
-0.0150109836457481
0.0285801274466402
-0.0885666556896184
-0.0415106480398573
-0.00343335149799073
0.128211637487605
0.0471745775769147
-0.0384900757259168
-0.114062778672093
0.20722763081095
-0.00887358978255788
-0.0249130305229324
0.0748612984831506
0.133675452913035
-0.0226657498791411
-0.0197720199447636
-0.0783750317491234
-0.00729590812708753
0.136445606304981
0.0257413523484832
0.160125999308237
0.0580695634024586
-0.0388362924063224
0.215498641832083
0.116130691930748
-0.0743562752336658
-0.0816615523201659
-0.0487718356859196
-0.0736393706014078
0.0368114314646559
0.0806289994006058
0.209027467280315
0.137863922250105
0.0409022394939039
0.0563960851490513
0.0649387904880525
0.0273872244898695
0.132111075039447
0.343462291774723
0.116405027256754
0.0677519975688285
-0.0307743836887267
0.0827836329191451
0.0808612654956391
0.113139089111433
0.161125249546655
-0.0231040953018346
0.0915368000419375
0.209556724722002
0.0744703064428567
-0.0252879342808381
0.144588464492139
0.0197741664636923
0.0902868983173821
0.102059025202183
0.119781754822362
0.162860139513742
0.0757782879928988
0.0729036884136393
0.108304517932495
0.0368447385652174
0.123260634108004
0.13045121491459
0.137350761615718
0.217162468702631
-0.0486442569827904
0.101600705077847
0.159505985177191
0.242556440938866
0.0416375531073393
0.0577799997265693
0.193356230594523
-0.0227489558628852
0.199978245688191
0.0184428255014592
0.252980229079464
0.185628708290831
0.131609474810879
0.127010291008209
0.0753185931351166
0.255782106528636
0.0628176440881044
0.215008497447699
0.0316556471781792
0.253959492937535
0.205231399323394
0.117392651196582
0.0700455307104534
0.356172127933227
0.228110269375643
0.235332298776357
0.198372602209858
0.0896216326834883
0.0658606920954
0.115720544756681
0.0406229007859527
0.257867452527615
0.283889249180083
-0.0319441903030114
0.269534995853586
0.298192235017064
0.236663051189139
0.240612155243828
0.184593185299579
0.161859739766106
0.185369825526402
0.282181176134018
0.0821469933117832
0.330760431775837
0.284281594561851
0.167014870068388
0.240189221236976
0.245539240618771
0.25939361182508
0.283261894171572
0.0946803612034287
0.200624986322677
0.271715664502007
0.273433825063759
0.398792570660921
0.242227742400597
0.23456314414308
0.265285794836122
0.245718047771718
0.135983423196643
0.242631380411228
0.298036613117972
0.0766740591739038
0.190809318241083
0.251800046558674
0.383702741428789
0.168197630487787
0.359354583137373
0.364442751028752
0.270744211181029
0.156879927287009
0.290269207429775
0.229788251184354
0.346590389034928
0.18830385426043
0.375608696265053
0.433692374883396
0.28735822326231
0.251896950729854
0.244776023000076
0.20375984197028
0.407759473777788
0.455255458861677
0.328550419693987
0.195497885425963
0.112566509690821
0.445331145565508
0.325962666977309
0.230164683507547
0.318327829709901
0.236228250841235
0.399932059894665
0.272825864720662
0.290798090862036
0.248189576705885
0.253650429857818
0.38265049313989
0.291019471837535
0.486814821218148
0.272036426685445
0.374814714343617
0.35768992084145
0.377865552654598
0.286619480751453
0.257797177743933
0.404682118196314
0.330836695717466
0.446880953465997
0.333430212241816
0.454535718897614
0.339509461282949
0.285167603692206
0.357864146678136
0.473135813703797
0.452836828906465
0.410252162523942
0.357720262527686
0.345633978298974
0.321705970291363
0.185743687654601
0.433744295383936
0.197331077332562
0.221262282386632
0.430763766717455
0.441225056624771
0.414588002776294
0.352121417238058
0.342723867452763
0.349489032611735
0.383503187532446
0.39036612365531
0.348028791043196
0.348647786102621
0.388725316230532
0.325530227929251
0.306003895706093
0.357316926884268
0.448550222259433
0.36499192029639
0.437902590662412
0.310337600541664
0.337209708593207
0.299402795967864
0.249556599630715
0.552517065193913
0.475903302188196
0.329614566349751
0.432474070805118
0.518819116843342
0.429586647206743
0.450920113147007
0.359240159646992
0.349032944267485
0.406761815530699
0.356256573459757
0.314025326068319
0.403413208564584
0.285016215134272
0.413462464176152
0.518625203968019
0.467488859422106
0.468524225092288
0.456847902417628
0.537994511217258
0.434674154151347
0.511453988785389
0.407734051002836
0.641196305985263
0.367598798028776
0.520442783771076
0.41273161474544
0.399774338853391
0.509316161339253
0.437775740861974
0.537520909212968
0.503373677531395
0.34455100126711
0.367721166528904
0.417649097040406
0.392519893185001
0.579635950841933
0.62128096351974
0.671288272929236
0.461626526530036
0.48629028314961
0.603256049388407
0.493727505061929
0.400659798474532
0.473170091079433
0.451445103676869
0.547561144323068
0.502456894912732
0.651722940892943
0.347453102083966
0.606197491439826
0.577385926501952
0.452002285134068
0.629567817935996
0.55816666031359
0.577298368364776
0.648008045683638
0.524337521084702
0.457942827034138
0.483975307548853
0.61973184376657
0.456328243313275
0.495737474478331
0.604658037268073
0.57148820580226
0.511015998944813
0.576740698081124
0.49498591809885
0.754043792792875
0.696940353940963
0.377765815617153
0.444557215296978
0.56974360617691
0.560340861791201
0.504724764220224
0.351012541038142
0.463235340783239
0.54513444913245
0.588580023329983
0.598700640133447
0.431464339218069
0.689921566778629
0.635344925098469
0.577133729595472
0.567289678026304
0.688465215889786
0.421565067684145
0.361591095360293
0.529140628450868
0.532980305980821
0.528798227898249
0.462364549896486
0.433936639067519
0.57759292748876
0.560080371875226
0.842029252893217
0.663715373563162
0.566896576062158
0.620812788558449
0.706481003743053
0.646800880467575
0.674437455049269
0.64999637188693
0.583196277810716
0.574432398859811
0.565774089505376
0.675867015726726
0.51241941320413
0.692999617669352
0.704051114669798
0.686387188132996
0.739572733606421
0.579307577735258
0.683163801398626
0.617057580221806
0.679120904464689
0.592283830804654
0.756722405832465
0.83247571110939
0.833324909149975
0.648302326901998
0.626222199619764
0.667681671873688
0.797396161702242
0.645878978591235
0.724236249591705
0.688900492849907
0.677960469265522
0.569173985018848
0.591200469015936
0.631409331619097
0.567940055738235
0.781728301413206
0.590830617080689
0.623387546067913
0.477231547504488
0.606642208061353
0.635846958920819
0.53475154830925
0.670988366213771
0.649658322187111
0.725650655115838
0.610651666443567
0.743401893742028
0.662010142811554
0.537601319831367
0.607074944627749
0.746815277707382
0.805736248241845
0.823365865729213
0.733237215397351
0.725656236542497
0.790091068323038
0.632851446878945
0.609093056373831
0.758638556868947
0.721278122137656
0.744883667785655
0.776178611131269
0.806502641388194
0.668011747663336
0.799813149577708
0.813044709961854
0.662854785498629
0.636340493002121
0.685398815847458
0.69209832775825
0.849396576162847
0.853203411239347
0.584467829934322
0.70060286998007
0.876498574389268
0.790939576065636
0.840486226609092
0.660801298128789
0.855991465384358
0.799085520149029
0.798579809093242
0.76239317418314
0.775844365192366
0.917998428344525
0.649314458278256
0.837143028943664
0.812764073189071
0.775457112497113
0.728409672075328
0.784062659376381
0.876690634952582
0.786568819149237
0.812616692012235
0.783257148869656
0.784104543691918
0.754045381075258
0.772105976562357
0.848584473707471
0.716481556222392
0.592161501489736
0.951783504138192
0.672542514029354
0.896334151166999
0.87159571914554
0.863915277774371
0.700433789366161
0.828254869121284
0.906662735416516
0.736271487375344
0.792252653892781
0.827474249620448
0.893721874387236
1.02317915304025
0.865125580576745
0.637553618795103
0.765218615928539
0.803217748507657
0.895381292249887
0.775979320256344
0.840216704522885
0.85704491382432
0.839478355603059
0.693647825851708
0.894097370116451
0.826294388463371
0.946108111562835
0.906699691715629
0.743935435847792
0.971385692027854
0.846421642495018
0.823811901557276
0.750588807686738
0.8239987672878
0.7971050397557
0.857795784107314
0.943478366558172
0.874733639513415
1.05204137676428
0.881771059485996
0.866987744830157
0.681282194572797
0.958212824038762
0.981667660211399
0.950022417050118
0.849028575900116
0.948828293240739
0.848480704235961
0.803071047381313
0.819673498341771
1.03270625818433
0.952690527411287
0.838872190455355
0.914974316825421
0.867994091663827
0.906838769681501
0.929041166831202
0.946126458137162
1.01672880598745
1.00400316745586
0.898085910589665
0.803798226900122
0.834296269299749
0.901178843368854
1.031592818437
0.929879792812771
1.02816994005451
1.03696140334129
1.01412370616632
0.919265258224476
0.821674962209949
0.886817267616557
1.01511765070446
0.85304623362898
0.925467487918514
0.949347171025403
0.909681860520655
0.850738311686236
1.0954463930387
0.908883837949848
0.774385335080824
0.885141602111712
0.880723254723794
1.00579344836905
1.01999935340023
1.04288656141266
0.944348313903589
1.04764574884727
1.08633140569756
0.976973145633313
1.06469860047181
0.976171032709528
1.08606469583864
0.974542046591818
1.02092309834952
0.99928764447846
0.913773708215575
0.946982045376872
1.12338933190345
