"x"
-1.05815446684005
-1.12680142937404
-1.02213686887334
-0.942637175704409
-1.03379060983524
-0.988103669163452
-1.08983076611057
-0.955753680476867
-1.14149731127603
-1.03995584952673
-0.965411863454718
-1.01541221172762
-1.00492241869803
-1.12685605189855
-1.10665964647985
-0.9860657197461
-1.06064168716398
-1.10848372947779
-0.855878276611477
-1.01854722759664
-0.988430169077673
-0.896184321444088
-0.929942276229138
-0.963510371542092
-0.905650655646099
-0.844944574409326
-1.01869344585398
-0.853725530612928
-0.921147476336548
-0.881279280838193
-0.930863666691211
-0.92061471369171
-0.999815266175952
-0.819711238402134
-0.871149478549877
-1.06279679326316
-1.04208134105137
-0.940939811782498
-0.891167321978044
-0.966118953276899
-1.04379604784094
-0.788079261655869
-0.990628091384191
-0.973832776789617
-0.955839244373048
-0.946376926203952
-0.97071815002378
-0.955546264160033
-0.863160316969002
-0.98235066057693
-0.898905936661789
-0.941230321745398
-0.872570235335414
-1.06777588963349
-0.90212949146678
-1.00893482271678
-0.929917621568316
-0.725798231452853
-0.802827029496894
-0.873990528097833
-0.881721544024771
-0.888172188506842
-0.716008578864086
-0.865280395258136
-0.948989228204802
-0.852917914180955
-0.922816592393212
-0.989175366228812
-0.979510843021591
-0.83584959155171
-0.776286012367522
-0.876357986679662
-0.800776164182571
-0.815472329527555
-0.96198926239497
-0.863825587432582
-0.902657725944682
-0.646172599135892
-0.848125058827438
-0.749598166705441
-0.71676940380311
-0.754908288064495
-0.877155788090135
-0.894697818032343
-0.990081266961758
-0.811675804081841
-0.825806706930256
-0.885510249192375
-0.799426469904375
-0.877147283955397
-0.76183154663444
-0.854171584636897
-0.910934092737529
-0.78583424977734
-0.790281026708961
-0.72392752211586
-0.720357979930791
-0.716106092430595
-0.7147604696008
-0.715045957018418
-0.860677729823977
-0.735286239462043
-0.612350550790289
-0.868420802960743
-0.820905039596953
-0.787224502227771
-0.853689993576661
-0.804742603277393
-0.758442093880267
-0.703102030980695
-0.692557880630126
-0.796854164995692
-0.702382438435633
-0.861377204866154
-0.710605878871406
-0.912668217257521
-0.724156376645487
-0.899357005888097
-0.645679616019204
-0.884348618633143
-0.713517596633472
-0.815080625078964
-0.81359440449973
-0.961441157418945
-0.752448313096636
-0.844732297392167
-0.745455291807441
-0.615526221225352
-0.704645101219449
-0.698561255318783
-0.703959048842688
-0.78046182737977
-0.814972681745144
-0.877530952927798
-0.898859878813193
-0.808582347026871
-0.644180845851686
-0.635837434531936
-0.736548449694264
-0.695129379319566
-0.793207129892442
-0.472238237933868
-0.685750265829069
-0.738692686776844
-0.635498578081697
-0.519303296544092
-0.884806210927108
-0.550264691198619
-0.693053457276
-0.601022698123703
-0.806495024048707
-0.680534135430276
-0.786970414028381
-0.729311527817116
-0.605603481024683
-0.660248066137077
-0.554457104456433
-0.603822302376456
-0.61483403293049
-0.684312490134277
-0.612408488967187
-0.719948551003572
-0.615177431719559
-0.541437658839124
-0.617284211312028
-0.607808963581185
-0.697925390523238
-0.598711989969537
-0.557082182011653
-0.684535598389579
-0.771784305329611
-0.618934540567179
-0.648530161473465
-0.641875067980739
-0.59067217278759
-0.493994947017418
-0.56845336582124
-0.590471907708977
-0.646944047228424
-0.680043521277852
-0.732751590342712
-0.68499615444422
-0.435261112673565
-0.603560357861014
-0.629338432885566
-0.712352717769369
-0.590765200079734
-0.578928490306031
-0.730719062254337
-0.594021923726302
-0.697793088653357
-0.606297187267062
-0.740194538172673
-0.685430030319916
-0.50865731692874
-0.646580636850109
-0.64020017234242
-0.683514397513057
-0.730621821349824
-0.506021527094403
-0.682232034114806
-0.62632454609699
-0.646654980533116
-0.620626337678391
-0.594344314944388
-0.508788789243541
-0.648521393283321
-0.599195380844223
-0.650816819363827
-0.512580562288619
-0.480002534473892
-0.491894713817795
-0.585169671287018
-0.496557014282033
-0.505792169107614
-0.537082897685924
-0.472908462226257
-0.499687487097654
-0.604893190082205
-0.586776400116198
-0.544370110963311
-0.571761923037999
-0.613177524467715
-0.512544246578741
-0.419764027475376
-0.584242029063739
-0.473567189803004
-0.593770975819144
-0.544980404636498
-0.492276713894718
-0.433628696879427
-0.593666553673503
-0.496477231754084
-0.518114917559514
-0.546116799591428
-0.493484469221982
-0.525570096271692
-0.549049195281389
-0.577481701726211
-0.524666002429308
-0.589445572673333
-0.572158496281432
-0.472899873232872
-0.620478968634148
-0.534069001182164
-0.545212609292645
-0.510080638652364
-0.561912705284697
-0.471578083820892
-0.526278968307566
-0.515466942416937
-0.595588660448554
-0.391832940794364
-0.616720933883419
-0.46711625950678
-0.558052092400831
-0.519724779058047
-0.522009061971519
-0.458905098399666
-0.478769982991862
-0.614588589356778
-0.634411164846545
-0.36571332864811
-0.554338936753577
-0.409832704512161
-0.478738306821789
-0.431728549777731
-0.544165462129358
-0.416168224897079
-0.402811136825993
-0.330209229972427
-0.413635888974291
-0.590389598593123
-0.452907926831649
-0.429031366214033
-0.340323060907343
-0.460944133152543
-0.483499872344187
-0.519996589406836
-0.425588516616107
-0.468897828517274
-0.527117451059314
-0.315924758349811
-0.406427292310364
-0.43409681268833
-0.378962210275141
-0.389591498266614
-0.327714778126937
-0.325730364885739
-0.331512177510446
-0.446403374014618
-0.272732643314129
-0.304197226453232
-0.525672780913446
-0.368206504270293
-0.395560953977453
-0.458354409465764
-0.235034515868467
-0.437522867715154
-0.41665576441693
-0.430937018847206
-0.377374111193069
-0.362130630534206
-0.490096900971091
-0.324756971387029
-0.378630180359872
-0.39203766859497
-0.478288985081027
-0.46307872361999
-0.347282215045261
-0.433352622146115
-0.29312284809651
-0.284776999641003
-0.439690975155495
-0.34389404699173
-0.316541913548061
-0.437534306999301
-0.185333331252734
-0.439530778516606
-0.252611386912664
-0.379917741434491
-0.402093308014229
-0.390807006614109
-0.3951580846004
-0.376048217344628
-0.47119504381298
-0.134514249014512
-0.344330312456345
-0.335976914646763
-0.159433439372111
-0.344971152968344
-0.266049586894311
-0.35656057788074
-0.321902215273638
-0.356610229333871
-0.420772194521818
-0.343366222077939
-0.401177185421119
-0.396230950235513
-0.236422468429114
-0.327428876531105
-0.368517004755615
-0.224537181977091
-0.428935943826388
-0.36823089812743
-0.227685160732728
-0.366667767471979
-0.488355179782214
-0.41912219259258
-0.204089672915572
-0.311731176764893
-0.282412729399989
-0.204439731507083
-0.270028997753641
-0.20307819640861
-0.27285493121895
-0.320586165133513
-0.281959289295728
-0.428932146184627
-0.210805628410329
-0.400305067282743
-0.386789365344534
-0.286852231195312
-0.256227977488934
-0.186413690826972
-0.41835318634953
-0.277896828497437
-0.334353086637219
-0.172031526402325
-0.230437960357412
-0.237277771409771
-0.301549508904877
-0.27044653815757
-0.392856033108056
-0.236057115519203
-0.209750144199574
-0.288828207594888
-0.259583357618311
-0.323951265211102
-0.381705811697757
-0.281478050922318
-0.252675172182016
-0.364053850139371
-0.224755141179266
-0.350731350031747
-0.317993815310194
-0.376193151721646
-0.199916933571964
-0.221416687443318
-0.219028312930282
-0.17406717369735
-0.143330472028872
-0.278079775541769
-0.0811197943532877
-0.364361509822868
-0.216905750212974
-0.220847189087285
-0.143689967716547
-0.295540714059372
-0.304972992344487
-0.242615569516539
-0.109146440511675
-0.201918552115712
-0.286076173904065
-0.342935975601226
-0.0336032433870965
-0.0512873103759272
-0.35469437032426
-0.211346407411111
-0.225699473393911
-0.296647274373041
-0.0369032786151377
-0.152822925020602
-0.261441046840665
-0.208349336345802
-0.156538533387816
-0.217602858885937
-0.176329563825213
-0.0901632058394754
-0.152505509486726
-0.110892916690055
-0.17722385911617
-0.145460216756089
-0.198689441326038
-0.211622721233714
-0.055330536545662
-0.0830192114858134
-0.180164704394853
-0.0716928990837361
-0.0214004624791054
-0.0773332615725636
-0.0885146580335136
-0.232096722894484
-0.162370648189555
-0.0799247895030533
-0.0526336515696091
-0.0716794513723882
-0.0598930473041736
0.0540220557873646
0.00854292590981164
-0.24858814089268
-0.133804696536723
-0.081507534496593
0.0884281548473189
-0.125630357138103
-0.0575968788811701
-0.139764498921774
-0.0623372179021051
-0.0692548491569085
-0.277550227207507
-0.127690926901149
-0.14493403717381
-0.139464639592185
-0.21930952319219
-0.0316698409446258
-0.0967932266756182
-0.047587514484001
-0.0395390910744482
-0.0580181703804723
-0.133962048684458
-0.069721363425504
-0.0136083238467556
-0.0381167775040717
-0.0448196310698079
-0.18841500252536
-0.127551972101959
-0.0437800857218392
-0.154702987569959
-0.147157004961781
-0.139101851313571
-0.0916195084352592
0.154422782874608
0.0791064304249926
-0.121429304727543
-0.0160617210592102
-0.0266882142338886
0.0563782139505687
0.105245752382123
-0.0319066626049408
-0.0620071746913838
0.0117130644232259
0.0787014859262947
-0.0111306234693506
-0.0118312883295916
-0.0035873516546935
0.00490193726503412
0.0365059519668625
-0.111614957650177
-0.0625950512225348
-0.0106679368009575
-0.00207265774219992
0.0293693723331085
-0.130691877157693
0.112878968572286
-0.0399549652578555
0.0519124379320574
-0.00485216486565697
0.0446564971672601
-0.0780363767724244
-0.0399967778998728
0.00773155902941768
0.131945713795884
0.0354176685322957
-0.0538251442582158
-0.118641033265742
0.213343063466628
-0.0171292245641056
-0.0399589248692869
0.088125045845644
0.136661182405381
-0.0326264585912042
-0.0263241987749683
-0.101897299707832
-0.0129771508865322
0.141741402304501
0.0504412605696135
0.14845194710587
0.054760960753869
-0.0370268216901809
0.242896425676378
0.107427784923783
-0.033583482610186
-0.0792094207327947
-0.0294014751316722
-0.0691556309367027
0.0455577042129231
0.092098483643578
0.164984814064064
0.144709364234086
0.0409464921203964
0.0579257209646286
0.0606757030434103
0.0509772356371312
0.126096777113328
0.329468008380334
0.116308472196281
0.0811691902408788
-0.0254840077900449
0.0823319588270242
0.0783489855776366
0.113732875394577
0.166272227263054
-0.041601915079012
0.0685187875538009
0.217335382587772
0.0762689509374924
-0.0170348507824162
0.107733945094991
0.0278519785935928
0.109887326492494
0.0958012133437037
0.0997510052177613
0.16213269695271
0.0585376559154636
0.069710151773786
0.0926179907920576
0.034111429648308
0.131326695433741
0.145789481592058
0.130974742224043
0.209974445285907
-0.0485348587622896
0.0758457370792888
0.171858939409709
0.258042761610646
0.0174313009103966
0.0403323921135483
0.170174685566007
-0.0234038568990214
0.181691061828781
0.0154370578860465
0.246092255676338
0.180532646734483
0.139032779842819
0.141626721208292
0.0919782835997465
0.26124731614126
0.0699097569524651
0.239022986512532
0.0217265004262083
0.256784466576701
0.211455114971366
0.126959856487625
0.0842788156223538
0.348124880927661
0.234391348295966
0.235129175617402
0.177221051749401
0.0907145979814974
0.0574623665431168
0.107743345633974
0.0219186283343187
0.259492748116962
0.298936245839416
-0.0230407620439465
0.269589775676453
0.302038571517449
0.249822347322664
0.239432565283495
0.205966059138989
0.166382187317768
0.175792958022854
0.275342015894268
0.083191692842659
0.314939816067306
0.293915622235161
0.171715708293274
0.198918237871655
0.233882045628497
0.255684562771041
0.309045296892007
0.0987995156814197
0.193490961741291
0.267558032936043
0.267530111292089
0.398589774410904
0.273858464720859
0.215371392940092
0.262928721195139
0.258043845416383
0.132871886034003
0.258992727966836
0.299979712804745
0.0641018891466279
0.195732728821472
0.2379617987092
0.357730595455463
0.152452425278326
0.384898427445621
0.383050896540462
0.268147601832727
0.152123828831381
0.287026917326046
0.271119945206337
0.333124446931831
0.170647286341658
0.3952469680806
0.44845029988808
0.287743680233032
0.263866186367094
0.248998929500643
0.211366733328936
0.383076418159372
0.462422772369367
0.320357888042935
0.21084697321506
0.128331426928526
0.433919531753953
0.306804798921231
0.221875665840959
0.32274823240373
0.249448228253497
0.398594162091736
0.267912505335969
0.291481964618139
0.248990904422467
0.242013778858131
0.395978812623203
0.298937284265879
0.495022389744865
0.297611330714734
0.351459672256026
0.364044252675499
0.373317424552674
0.324830590459395
0.270296707740676
0.409513377823254
0.316539984919155
0.441724352165875
0.31039458623749
0.436541269957944
0.340041640912087
0.289694039287793
0.365854731735384
0.467851155978706
0.448184434118904
0.417446198043283
0.376952035039278
0.351619798810701
0.29274439281396
0.171096751537456
0.433118020136649
0.212377660125107
0.225463550727531
0.408835667489518
0.429833023786313
0.401036237103831
0.341649376657194
0.319155026323443
0.367995215691122
0.359904692678611
0.358769832173629
0.320755155159473
0.358258290443786
0.373113957567318
0.321960654576841
0.293389377288678
0.36027962777602
0.45041053409949
0.36322748397291
0.429257680169189
0.331396846994771
0.353245614034561
0.305982576318375
0.23118110192592
0.563144535867913
0.470552063979614
0.345885591156442
0.429116289837997
0.522692427648161
0.450217046317351
0.455239552590913
0.336813178816962
0.339371822319043
0.408708682844149
0.357859635601382
0.318452963580862
0.431097514893168
0.301854670639379
0.441779792967893
0.508868307735022
0.480653237777369
0.471795571602834
0.471679577407114
0.537670856226973
0.471200868074671
0.504226978018668
0.398853601540936
0.644036953552972
0.379170907932569
0.537468540221147
0.445063769333008
0.415500317142525
0.517730248651519
0.431707626207476
0.535294795183067
0.506463015784239
0.337523225410144
0.371977139900092
0.418253207665985
0.371865550169822
0.575986401740619
0.633780558637648
0.674509342514047
0.449352171004602
0.480128674607452
0.577571522156639
0.499010107613749
0.417324886268708
0.472829197241751
0.457210300341741
0.566981800520126
0.500902363903156
0.624228555238318
0.336192252029199
0.602792739012548
0.556221841624198
0.461896844508518
0.639393823648778
0.572787488151178
0.579920553788619
0.65654308743687
0.527603448151516
0.456975927212316
0.469130386288774
0.600929116331402
0.479033227664513
0.489843735958201
0.599666658898947
0.569704224560806
0.51428781833641
0.57953746031957
0.487885304095124
0.742356147902545
0.701847569101878
0.394420291630096
0.454958586176787
0.556013827481776
0.582803167469615
0.472906253102796
0.37572226476948
0.46100219473396
0.553500118716241
0.587056541278762
0.5973403125159
0.454161160182728
0.701936229103699
0.649132672865885
0.567047604727485
0.559851379822633
0.69708955826081
0.437697497378838
0.350236096021756
0.534942865244572
0.534553201526427
0.540857563940178
0.456751435241365
0.434621730684344
0.568377875966735
0.565447603243093
0.819804601417021
0.675878554659317
0.573370593791102
0.61823532462215
0.70914130300685
0.632999280578306
0.659181785494424
0.635372006947448
0.576577960222168
0.586494072450786
0.570021251245812
0.682064463458018
0.511015697180393
0.676243642404104
0.686603300773172
0.697547274472365
0.732455169081159
0.58937567118802
0.703833998530686
0.642259569272578
0.673779327049179
0.595236241446436
0.746112587501692
0.84167985919303
0.81968125798674
0.636724920100533
0.608873281759378
0.654600320308411
0.802719168229063
0.659250552475308
0.704273226630319
0.698384914807046
0.67066645899456
0.565242391925023
0.591646780631746
0.636794360669471
0.556362771531781
0.805844995818621
0.592876296462946
0.631612262555967
0.479720428392235
0.633675138481451
0.64002301105859
0.49602220688739
0.67088088326545
0.630591193689481
0.736266015354076
0.618562535143219
0.711375926799398
0.65003902059479
0.544524087852544
0.598211321301439
0.729558641815378
0.798580670396687
0.80317312988709
0.734990747741843
0.726155338103886
0.769437198550605
0.634335173182154
0.602211509441334
0.76489998580986
0.738479129201519
0.72866000129178
0.75973394598872
0.804806867271013
0.687518180409881
0.803350463218708
0.804131086161495
0.664381725564418
0.651113642803578
0.680559132165654
0.707269725978718
0.843193715734688
0.846336638127487
0.577305052963178
0.699088027647451
0.87221822732818
0.780909158486405
0.816348015197111
0.655330336197488
0.868762798652083
0.790421832555114
0.822129940641549
0.77708266576809
0.816162578609102
0.911290008873725
0.641173824109232
0.840331931034849
0.807690473176302
0.775230618366308
0.719305220200448
0.775322182371981
0.875215828594869
0.784719953193618
0.799717929747471
0.790211495393148
0.766946740425034
0.769978624094739
0.793893312254811
0.846436821097982
0.713214341972676
0.596079845690813
0.944187431832355
0.70067589872364
0.878991595734709
0.862177354282527
0.858606673352577
0.705317620822957
0.83021910174556
0.876410239917823
0.730541993965603
0.823701931354611
0.850041788501533
0.885626871799706
0.99806163368397
0.856281045798883
0.659073435907701
0.785724983993352
0.817888534879369
0.903982168691859
0.77519116246296
0.824026143754554
0.873153526310683
0.821231539343552
0.710067178696804
0.869733148043707
0.81277691067391
0.968155496073312
0.896930800438342
0.730895591393579
0.967593269020615
0.825226182509073
0.816970352829891
0.716911897495111
0.842739293622447
0.793236202486057
0.862577359420825
0.926221930201443
0.860030030160221
1.04195758642844
0.867828318577858
0.878104060210685
0.681068558412951
0.972540000291618
0.958030530147758
0.945296731761799
0.825113960802691
0.937851776406847
0.863424742852654
0.802167289225625
0.834821346298979
1.04016295004393
0.956077491014791
0.838451665568675
0.903116258286714
0.86812720340175
0.898799422722285
0.965843879519724
0.948621432786456
1.00507677966097
0.995355832400005
0.892903227077585
0.802672223782986
0.831981705631105
0.911595033808948
1.0370894131256
0.929591656600756
1.03112608873818
1.0197265563497
0.998475364189436
0.889516593010079
0.849151219546256
0.881403807728172
0.999088911694112
0.8578834856567
0.938198435773253
0.963163240562993
0.92667115938944
0.850194513998458
1.08760614596287
0.897795585040849
0.755753773449663
0.874534919165962
0.889944002575866
1.02356469370998
1.01858444091612
1.04552168995394
0.94630717012331
1.05613570546001
1.0932704982425
0.980305489723014
1.05556453236986
0.982745982134571
1.08623137153019
0.976177017195446
1.01274402871433
1.01277735805961
0.922436658015788
0.952552153022193
1.12111560201214
