"x"
-0.95005236934274
-1.01758442300928
-1.14747775243766
-1.10329127059728
-1.0526766100111
-1.02224362204637
-0.922999989451492
-0.884269336347885
-1.05266460300614
-0.94067578383294
-0.934209975972447
-1.10972816289834
-0.933145466842439
-0.853897290762077
-0.792900868708506
-1.04414137484487
-1.08396532583051
-0.913968798132911
-0.99987236958536
-0.812319600130935
-0.828585179226719
-0.884154984276107
-0.971818255057086
-0.958798865279293
-0.864786021666762
-1.09059108523455
-0.969468073963477
-1.1231185392557
-0.943825770491297
-1.01309633496863
-0.925084459143553
-0.897386176638933
-0.954302151493082
-1.01689305679593
-0.874435206356508
-1.00735242480962
-0.882985143124955
-1.08672488166071
-0.848278040264536
-0.921805413709588
-0.953691043748425
-1.04405571438642
-0.966738088179581
-0.953436307486685
-0.895355518035205
-0.950081440596962
-0.893915536053091
-0.700830917076922
-0.87927122616104
-0.952251053256695
-1.00955432195676
-0.903224280466589
-0.81384046851665
-0.821325644027608
-0.903658616414731
-0.928387465215822
-0.836588631259801
-0.887053095046594
-0.88777239923841
-0.770828392187533
-0.891064536563682
-1.01870036914689
-0.895058107994145
-0.838751341206745
-0.889030912249087
-0.878479590675001
-0.815930958894765
-0.881205388330973
-0.825018833587776
-0.950557595925357
-0.694164249978018
-0.748050333780104
-1.01575245334379
-0.892114736353863
-0.791910073782485
-0.867586152599388
-0.934395117504823
-0.730054252941707
-0.887462903445504
-0.789248832626674
-0.82786507052618
-0.764478717593485
-1.00132635866768
-0.753971647680502
-1.04202687697135
-0.812263814637788
-1.01812476854403
-0.835607389728559
-0.755920291154116
-0.743120144464858
-0.78084315997715
-0.840484890792061
-0.825925699030396
-0.81356563394711
-0.78258797874637
-0.784589803758863
-0.745773856820457
-0.674815876981394
-0.901706780543678
-0.731012624658241
-0.767086121622866
-0.82125135127953
-0.604067935302706
-0.675086326830915
-0.762836605822255
-0.779706545917171
-0.719678184317606
-0.687994369129072
-0.820119779461185
-0.738383306542212
-0.591677519760478
-0.831928317112747
-0.843122203150687
-0.773724550713095
-0.857544669383518
-0.853473812509991
-0.748973578217248
-0.759228190672634
-0.605447544020209
-0.778082692883787
-0.643785305709751
-0.893379120476373
-0.806348501778782
-0.860060129062478
-0.857796706197397
-0.705161604119727
-0.872000019918897
-0.746095984401465
-0.814736182272327
-0.668393713938553
-0.706713672331059
-0.749283998183798
-0.672149736641803
-0.83526467066561
-0.75089765681514
-0.748508631850442
-0.679999672272206
-0.785985828313421
-0.659372602771683
-0.669212456290174
-0.633236225582652
-0.571760617056085
-0.886300703267478
-0.545035115845686
-0.675788581493229
-0.767851705609058
-0.792246958075175
-0.710510625958852
-0.679772739374498
-0.628034847729732
-0.582713844869283
-0.584497386488375
-0.654578656966229
-0.768023848459187
-0.725675468746973
-0.64344476495647
-0.685480495713353
-0.627545224233075
-0.69855866102313
-0.653566895729653
-0.779518196858314
-0.629764839182528
-0.671921472412513
-0.567418651798861
-0.602518147018275
-0.721579340573715
-0.735322490948002
-0.631611231110648
-0.730205257401361
-0.730180108348548
-0.596485712725274
-0.623924249934976
-0.555774872040559
-0.685729051258106
-0.704706002868277
-0.62738858100053
-0.727245815465767
-0.629492480736792
-0.807573908437035
-0.646503772560804
-0.726096045633405
-0.619266028997509
-0.646399220288806
-0.677605780083266
-0.673591120030073
-0.583921939904705
-0.636177233585075
-0.589470202532328
-0.601291271403108
-0.734939062872138
-0.643391192567626
-0.728538689485174
-0.498094589260407
-0.636966698528233
-0.657238100494319
-0.591555616847796
-0.643897143140071
-0.571534837464307
-0.629674814439907
-0.67245901824988
-0.685610740835881
-0.509676942452686
-0.559405904070512
-0.5414963374758
-0.676035582412497
-0.647019643163022
-0.387557214974024
-0.59080866038412
-0.4825631726273
-0.309637044794293
-0.50849492886798
-0.530095564698011
-0.648133057901142
-0.512122633794249
-0.612329961150712
-0.524008716437818
-0.359235529822989
-0.511483590908834
-0.723812225712825
-0.733504941049227
-0.622637237211398
-0.576669212568276
-0.404880038998822
-0.806616604983559
-0.702777902783307
-0.607485719749662
-0.452439479373571
-0.514467602319608
-0.392834651669486
-0.557422187300328
-0.659099135677735
-0.660527491555504
-0.620239303878492
-0.602653964269935
-0.530932420844346
-0.440655088334048
-0.723333351031238
-0.448588928070921
-0.52885179641383
-0.477316384064557
-0.522776406374821
-0.587225682084549
-0.489760608637519
-0.573298159616803
-0.58929248603649
-0.356884207953732
-0.529721476159929
-0.422965055221021
-0.42921646350589
-0.659939643399382
-0.386134707345158
-0.476799892846149
-0.416111987112169
-0.394994421572648
-0.639114633090672
-0.470129529881859
-0.501766237185366
-0.478640966697808
-0.459608032494303
-0.383157173684714
-0.58326421465837
-0.518723876384924
-0.238168041186846
-0.522537392090381
-0.642596167949339
-0.572734957640123
-0.412947369038616
-0.528976727705809
-0.535311056959798
-0.460667882582723
-0.479277970241391
-0.350074486627881
-0.424342327938739
-0.403372970124323
-0.441579914914503
-0.633794610503466
-0.462644982508943
-0.482619805868198
-0.441544258548677
-0.463728422098228
-0.411330200665545
-0.455786495455806
-0.501005199840983
-0.424608976447493
-0.481519503632698
-0.503171823463923
-0.373495387167908
-0.419926453820789
-0.350997907919145
-0.645289667123405
-0.470111256081137
-0.379478170137445
-0.581910053750355
-0.454160622507232
-0.391194273029172
-0.439721502840688
-0.460282720969787
-0.472934443915005
-0.326998386825394
-0.544655237341107
-0.458917196907245
-0.452488866512354
-0.335587927968898
-0.402064310703009
-0.234498715679005
-0.375948224899609
-0.551193650204954
-0.178559791940737
-0.345754294567981
-0.313247157172609
-0.339372082125938
-0.326309160721298
-0.406184651634304
-0.236328504637813
-0.425689071256632
-0.358319519066807
-0.344519032479664
-0.168777457857693
-0.466293256156961
-0.408107918459436
-0.306883468060868
-0.346145846687992
-0.326008694080057
-0.422992609814546
-0.415435404583888
-0.413271577352453
-0.202546607892539
-0.292784506694747
-0.385882149148158
-0.478441371835879
-0.194496408328923
-0.235726707927568
-0.266784645639578
-0.288586725772484
-0.300798380468349
-0.355387048510698
-0.283627550549158
-0.266819824929242
-0.336961891042115
-0.245536838860952
-0.294587399456524
-0.255135644064888
-0.354551237933066
-0.231362654395911
-0.360172541387009
-0.353241535637794
-0.301285547635481
-0.367020217912513
-0.269471728853021
-0.44218169855879
-0.210085713592411
-0.291369276779814
-0.32286288803039
-0.153648803692466
-0.419249815261827
-0.306427249672803
-0.249214316997482
-0.327678045131189
-0.24967962762917
-0.272523161281121
-0.255923015394732
-0.366786768629785
-0.283790132968758
-0.137503387737759
-0.193346389190249
-0.295403336220322
-0.321288863124723
-0.218409287665496
-0.218588712567969
-0.277673323180927
-0.226314162580722
-0.271774675763965
-0.157472740727848
-0.152793786444923
-0.287350469431062
-0.270496701637072
-0.155570168217053
-0.336429551244735
-0.172866532026711
-0.24399464313175
-0.237056425241287
-0.314334906324831
-0.151598956877616
-0.197005183073789
-0.189207392754318
-0.260200271458975
-0.291254461759176
-0.234142485437869
-0.261022860480491
-0.164728429044092
-0.291372257510163
-0.164677851728445
-0.225143712206294
-0.27374684940301
-0.27127745301192
-0.26058036419968
-0.0459706604771066
-0.322156686011219
-0.239983847969455
-0.0196976734148988
-0.160966846645065
-0.347741917917611
-0.0533574586802089
-0.144774469538358
-0.276232829679573
-0.268081408722571
0.00325610009968491
-0.329505968325188
-0.209041647731454
-0.0883061392289249
-0.199101821744227
-0.106289458626054
-0.153353546607899
-0.1969977893497
-0.131799653401846
-0.132367748987777
0.102558787821988
-0.0307198622814531
-0.095839362689611
-0.183978791793375
-0.153904479138453
-0.148435201098325
-0.131588334017613
-0.127285025652737
-0.124002442657497
-0.209229304938957
-0.00752561717938326
-0.0382638558817051
-0.0382053803601465
-0.184935242316618
-0.2189585589782
-0.163709488258079
-0.109095205474288
-0.0845349442565605
-0.10845997449574
-0.115261019954868
0.0451910218717405
-0.0594140377382658
-0.119594130214573
-0.12380569241771
-0.114517131754905
-0.198188376876317
-0.266109118861762
-0.200361661409197
-0.168309702030157
-0.210771631736164
-0.14924020253869
-0.278999995926309
-0.216893170417079
-0.142402716155082
0.0619705580416413
-0.0638325775499413
-0.0504125356354496
-0.130159492128814
-0.0263014460052409
-0.116045088845618
0.0149642691415441
-0.129571378664602
-0.141666958149095
-0.162245398307775
-0.0668509056808219
-0.019841339969586
-0.0766819409707317
-0.0675907183106067
-0.16208745487463
-0.190732932523873
-0.120987999013462
-0.0144737101325116
-0.0252782561516639
-0.00591687057009078
-0.0763276376077805
-0.111542813062962
-0.0107270133963005
0.00269345467992011
-0.310882190835634
-0.136819617021177
-0.25509703492729
0.0372865033554365
-0.0665864311579643
-0.0489828590093027
-0.0200950835469925
-0.107505521338828
0.0613342842851086
0.0124902790182618
-0.0551814577455533
-0.00436076681570798
-0.180060417573939
-0.0320827110406226
-0.103305479961823
-0.163304220974816
-0.0142572828998196
0.113308924842665
-0.00122363515024539
-0.14293225761703
0.0614348771696382
-0.141107366599904
-0.186999545091584
0.0337360289894544
0.0197833101007184
0.0301774903740645
-0.0363419837237958
-0.0218981651908864
0.0160450213203663
-0.0245324757136723
-0.0617770384486832
0.210201266581265
-0.154046033464255
-0.0453338807706263
-0.0557469377549997
0.0563889961899078
0.0277570142163201
-0.0728399548470064
0.0178299963323657
-0.134908165445872
-0.0378432911908611
-0.00397162870789369
0.0664867842784238
-0.0141911733212781
-0.000604765525324673
0.187214469423964
-0.0895899718807328
-0.0274286588525342
0.0317402534583613
-0.094959242309884
-0.0158234624334911
-0.030225700416919
0.185661071938823
0.0955177103334525
0.0727223665203504
0.206276401937697
0.0346976377137448
0.0459037556629224
0.165137891196466
0.142769067397883
0.11942043414938
0.187516642730714
0.110286166154263
0.051374674542251
0.164037228063139
0.112742908061589
-0.055642858437691
0.111684844029661
0.0743743288116367
0.0411970287490695
0.00274199884189244
0.111940875270389
0.0857529325852849
0.129621081411992
-0.00649831614767434
0.0871759113953853
0.00967971501640809
0.178672684249256
0.108006444028453
0.12763095280849
0.204169222487411
0.0485272529953691
0.137930318872883
0.151587878530099
0.131251584666039
0.216864159055574
-0.00978338009818734
0.0329350811894488
0.0677168510256922
0.0497160964304894
0.351674082335996
0.253382313547472
0.235199762338095
0.0334163521938229
0.18095034460154
0.0170285712201845
0.147827541463705
0.26993202008081
-0.0167507752864855
-0.014692097411479
0.108450913680476
0.195953982125343
0.162800543975531
0.143128455392354
0.201946948903637
0.249061694454864
0.174652319875621
0.236813212822315
0.083932352557929
0.195971334326063
0.098761192193861
-0.00114697876205906
0.112634613374136
0.0779587760171247
0.168808507873787
0.274233728655911
0.198963580232786
0.195703543325178
0.267432445921489
0.190781085291295
0.176053518763279
0.195315022793965
0.23051964151217
0.213398829680601
0.157956939976922
0.124264920081017
0.211329041707705
0.22066233773853
0.222179370808601
0.361890369900382
0.239698021767803
0.00420789873699821
0.22506041569415
0.225674571593319
0.371178902242175
0.15626017285093
0.236169562334585
0.283953866512167
0.156439251918398
0.379109068950506
0.278070805124156
0.219559657829923
0.240063295419172
0.131231216512668
0.298711131328471
0.420685696793117
0.349278353634188
0.172116387571611
0.28013329835879
0.227283251624041
0.308448875910049
0.295662341146359
0.388157242901472
0.195329910411786
0.325306382503783
0.337512931450019
0.193152469810378
0.190104793962311
0.268910375396884
0.350817565484147
0.242299593543105
0.410053778012026
0.299971021024635
0.451630352229252
0.2633099430153
0.268791490507036
0.287024680271299
0.286015671481443
0.224478109130542
0.249273954845719
0.210480446829845
0.360891528830007
0.405392515522662
0.331322971669804
0.259565602700752
0.460688826394
0.533491100098672
0.424049741798276
0.370511544518845
0.359122586595306
0.0664454804911669
0.349949291395385
0.39859371367814
0.174809513417325
0.449572587454543
0.334034151209423
0.340555663546352
0.389592731909819
0.324706730258058
0.416920770382855
0.276862188246742
0.327214927385754
0.302109498385684
0.305867405921284
0.370407919369193
0.307106958127235
0.384540530699654
0.356969808485882
0.260265177775924
0.410806568614368
0.311133590703778
0.278129919850362
0.335561306063558
0.367721537070987
0.374789560670906
0.46474875254297
0.307817337519045
0.375250061517092
0.355099253753832
0.488869418761818
0.429491737716663
0.383616679327319
0.374343987125328
0.414257490371953
0.337013295779787
0.383073674567082
0.495049822622425
0.273925921382501
0.476835854169086
0.385364448431752
0.394581676151323
0.358522986940407
0.365272623315921
0.4625776421883
0.4149078231304
0.515902966809194
0.335004260997958
0.267773107327006
0.379909866623028
0.631573723497101
0.389145210882135
0.56254703285431
0.339655901563002
0.276607539579187
0.324189759991172
0.425612763684176
0.400487906873041
0.398563372338122
0.341573347095667
0.46262627988805
0.459179076282546
0.646180775434296
0.475893696893589
0.493979709588132
0.46016748577476
0.386766507182194
0.508720850296457
0.437387184543021
0.350744131146215
0.544013964734315
0.616271557376283
0.26311693522896
0.516183008679839
0.463502711396452
0.613374728660527
0.326566717344254
0.424238169950875
0.529081546301084
0.468047435899008
0.517173909698196
0.499597315788414
0.374513524311859
0.547391374650033
0.5445322201242
0.537051790557787
0.267046761677558
0.443108826846032
0.412444425945349
0.330282135960305
0.573529816439435
0.397723138694397
0.492050550672476
0.546964124604747
0.404515167669017
0.35065064923638
0.587999253112447
0.455809983306518
0.417571136299202
0.535424928960864
0.458090745781076
0.492109320364511
0.340437393792241
0.479584591427665
0.560028201128865
0.471203369366145
0.548155485072633
0.532230512107536
0.44838727565585
0.453680328650531
0.605120392846625
0.420533773690747
0.545068575570723
0.552630741774695
0.562541753503389
0.496246978343496
0.500429222090223
0.489729081981834
0.398346603074332
0.51533066751916
0.566517819696383
0.647592422952391
0.652115759549343
0.598466018832161
0.36288278193713
0.556935429148567
0.498335597434022
0.609281850581349
0.506097319346505
0.472016030802234
0.597376653854381
0.58033312323114
0.434999640655204
0.56372039572357
0.515152057072373
0.636716268344789
0.554235108290833
0.454131716415137
0.73557121811571
0.63984719434745
0.61201595247735
0.580621437811422
0.629996536294769
0.518027170379916
0.597300647024044
0.451923984612403
0.657122933337722
0.523225747413612
0.558049024391451
0.641468278379744
0.80550410296076
0.623608875597273
0.719414854519082
0.56398153502325
0.55813620917296
0.67325738386414
0.67391382484428
0.740747717081584
0.729929135414585
0.596638085812342
0.645520867613331
0.695881242362004
0.515725286677317
0.670157643445938
0.547927132232209
0.604052458341444
0.544845068044339
0.546802103991481
0.631054162952885
0.51685161188475
0.629344468281156
0.787217809809013
0.588192494554469
0.746744508934515
0.762558714436384
0.669609874793266
0.660576091039025
0.613204231272033
0.59378281077541
0.661140094870923
0.809703596486277
0.637187182202315
0.558186617585044
0.710087763927567
0.585333112358105
0.510960245266264
0.620975057540839
0.598825834624795
0.768270104799593
0.698558779881399
0.610549855596112
0.549138557116851
0.612125946587814
0.697799586340135
0.684226017271365
0.767255078730276
0.693763119914621
0.73686466235327
0.864194142049604
0.828508309184434
0.565323920583568
0.794975759269848
0.743894960832902
0.786353043086012
0.643997140945739
0.716362731612914
0.7885140117897
0.739540104435284
0.749016823727138
0.751752124794456
0.687863152855755
0.713024162139426
0.761658353403202
0.709675145891627
0.686910718592836
0.758309261029952
0.632632376254934
0.706765544531178
0.751520418686834
0.6706992255108
0.693272754311866
0.664303469291035
0.835997899513817
0.693499788872034
0.67398838216721
0.732535125235374
0.60028242895294
0.676213653803981
0.756378066287047
0.729668149206702
0.759683806241096
0.623851317326902
0.661664457664069
0.625403497206292
0.769540443167327
0.727021612544879
0.859908134158636
0.781712081532261
0.754312308414326
0.875228318847805
0.674112735764958
0.748294787378528
0.784463203260326
0.788025803840265
0.780787707457296
0.863827078587653
0.751933656358839
0.823463727749219
0.763099107114533
0.801239744898787
0.999596377409769
0.913240084775256
0.876760799010381
0.836694171836694
0.929321440504247
0.773224000113622
0.829056876993214
0.802573544972818
0.83307223886111
0.947037169641488
0.778193402982553
0.811680952022625
0.824616622669603
1.01456586332439
0.639438508180547
0.831068643869713
0.784832802975855
0.860254184597078
0.822257761978939
0.847901460496723
0.775044704621171
0.942510352470319
0.636085102095836
0.934646100145475
0.858266862811348
0.651338016868821
0.925371212065031
0.928527061919308
0.936137125270984
0.849049352003688
0.952233975170973
0.76206384064304
0.79323901548434
0.869000300797395
0.999237997660376
0.909398624607486
0.857630476729417
1.00771473044546
0.834326297793592
0.781141792784745
0.953921544752589
0.943636538305238
0.82478061287567
0.831472826753389
0.902889973251742
0.966891428847318
0.940529880520866
0.989039323070674
0.991515455735897
1.01719833235374
0.930727259065695
0.830948779421584
0.892225849475769
0.959953244183062
1.05143310764679
0.93733508842222
0.936002348549035
0.992428231462159
0.948026396538212
0.983731630452163
1.06267504957341
0.920783714448758
0.913367019396081
0.819913602261171
1.02538902383426
0.968060934816943
0.922311164314369
0.893486493951236
1.06195407233337
0.959413339450502
0.944310742448093
0.919121536947216
0.947556560701236
0.872011270044653
0.927496711133209
1.05137507115379
1.03643845052536
0.826525762719382
1.05797087370402
0.998303783885917
0.841505601579647
0.922651789795989
0.930604896681171
1.10922738370373
0.98611659472065
1.07838785682385
1.03764658134676
0.903080935006148
0.778787565134951
1.01378415923218
1.11795440102194
1.12207429680923
1.05098299503252
0.949143929083645
1.07364798007172
1.02845905963782
1.00303517309021
