"x"
-1.1157829820204
-1.01460475639746
-1.03569502866894
-1.02174167366365
-0.937704046445384
-1.02159983469218
-0.889093799222666
-0.948624355422788
-1.09965109847717
-1.06738146287976
-1.02188616178044
-0.988761626047508
-0.915002957053439
-1.0569727403993
-0.903730037531459
-0.988600049210242
-0.907350265909641
-1.00302562546688
-1.00786676798148
-0.916687952987988
-1.08819269846346
-0.985324182847942
-0.89368324971494
-0.854998171715765
-1.0317800936761
-0.896598938870394
-0.902082996834181
-1.03048534901162
-0.974768540667471
-0.909244175487875
-1.05231536249931
-0.866579604090671
-0.896298688200942
-0.815682776787157
-0.8503207955841
-0.885641235615205
-0.777995902877704
-0.932143675104563
-0.888246805650772
-0.952987780344243
-0.880008481811416
-1.05997980007185
-1.08090255896066
-0.973617065130028
-0.82730521744932
-0.931969400076725
-1.00683743165803
-0.840443680808012
-0.773259194570672
-0.902657330295745
-0.882743751531763
-0.87412667359724
-0.847357152081822
-0.864246325176763
-0.867957675132606
-0.831419275429948
-0.914766573494295
-0.815908565592875
-0.979209550308962
-0.945801266900942
-0.85858210055292
-0.884902677013755
-0.906417958525672
-0.831784791979061
-0.870095890771614
-0.938613633513007
-0.915830873402779
-0.827305406022206
-0.897514907914312
-1.0309536708266
-0.934506535825044
-0.897816157337918
-0.970190019082558
-0.800505782541505
-0.833741647045157
-0.875688781175413
-0.8883266731377
-0.888910484248636
-0.869553253489678
-0.646255462285426
-0.86847118705384
-0.840442488125466
-0.804033259457494
-0.847821299471938
-0.918917197117466
-0.841133756360132
-0.771726136334087
-0.878224307356342
-0.778784523364091
-0.916101329588851
-0.811902010752753
-0.737843328621529
-0.83002000381483
-0.825388909308957
-0.764134867331482
-0.881677426339422
-0.857142310126559
-0.748233748031726
-0.800102694260521
-0.689515698239228
-0.844212015564619
-0.73278633356742
-0.738938450853956
-0.687326843953632
-0.740032958571036
-0.910501477090671
-0.630694088113772
-0.684461367376527
-0.740191210820595
-0.802818177084734
-0.834859698493999
-0.865241473724747
-0.786194017216494
-0.821323810255122
-0.852563547907509
-0.826271388277515
-0.88447995465875
-0.593395563296502
-0.785242278330354
-0.751054951260423
-0.767505395430161
-0.881940567707423
-0.810245803953652
-0.608069990287753
-0.477719559009701
-0.66708383873905
-0.702012014909249
-0.743291692848741
-0.740575832730779
-0.831840605232704
-0.764838778455528
-0.729575812251314
-0.751514385962763
-0.717318367614886
-0.639821873480414
-0.790563035419157
-0.810209261259694
-0.825635371623975
-0.556684052766793
-0.678216627018997
-0.653212503468051
-0.728091756936375
-0.688801627429027
-0.695416924295217
-0.619142486571779
-0.747549253641557
-0.799350341823084
-0.747274915276959
-0.656200648179702
-0.587415649135141
-0.550923454202607
-0.661989827101504
-0.68930124903428
-0.61952467314213
-0.72701149546662
-0.682753344951988
-0.844142428934887
-0.773296578674545
-0.575282063387596
-0.678961884394578
-0.680829073793885
-0.682749909789798
-0.788095471335239
-0.791338308036584
-0.695076977716463
-0.803372725961741
-0.604665896575152
-0.565176575598295
-0.682767713230699
-0.530181579212289
-0.65032389750969
-0.646066909466681
-0.65284541788287
-0.61383427427457
-0.652314885181573
-0.6498886784391
-0.506054090057322
-0.591264371347651
-0.543164038410665
-0.750154507076256
-0.701208947132411
-0.696569270540966
-0.640329663164142
-0.615570900829488
-0.573011352987578
-0.599759509107708
-0.631074141982619
-0.676510384952717
-0.563177690142912
-0.695463624346909
-0.603216969602643
-0.611683866352453
-0.603229395866968
-0.476626690777331
-0.607105667902598
-0.629682485293801
-0.622231371302039
-0.630670882188643
-0.70037871083432
-0.51596658417629
-0.558690813696453
-0.585868343818797
-0.654579526451583
-0.619920282557809
-0.509399114690177
-0.646803092777097
-0.560132579376713
-0.556274708925646
-0.42332352165688
-0.549061811914431
-0.587046327997428
-0.527749620661091
-0.446203642224155
-0.519633461314892
-0.55139174191666
-0.497384392860603
-0.358751852690622
-0.552602836326218
-0.569258685596829
-0.484319771012776
-0.595373957586866
-0.554268987354022
-0.696346475408781
-0.549191326688799
-0.575365199724207
-0.421658177058002
-0.450038076898507
-0.675861593749321
-0.452697069923007
-0.54533430531879
-0.543167151752024
-0.593051016637093
-0.451297056115022
-0.574374653377002
-0.550493834175601
-0.517298725002205
-0.374742459768452
-0.442779128582667
-0.513308940806965
-0.538533489111033
-0.496400474557084
-0.549552155468585
-0.70066842150413
-0.557273413320397
-0.452524046469674
-0.668905517082695
-0.311498805481378
-0.587748890745163
-0.490452612849081
-0.533080171231066
-0.400783742328658
-0.655239990593761
-0.333994243172645
-0.707142650066675
-0.591767749418429
-0.452507730670192
-0.47651526253256
-0.519364976198183
-0.475869549988082
-0.487512232945783
-0.412933718921947
-0.494709418910213
-0.462484025856986
-0.299922383655217
-0.512627594374569
-0.60693627060307
-0.436853716469877
-0.404883424707517
-0.500179752535191
-0.475999519794557
-0.337155828390158
-0.371330025094051
-0.539900998355086
-0.563910847157149
-0.347383888203967
-0.369713001373162
-0.372156045746737
-0.396832050461657
-0.592729585144739
-0.501338691120112
-0.552821605541618
-0.30549402061851
-0.557057977967862
-0.38633603105501
-0.357629173702275
-0.316503595652086
-0.331450091217857
-0.617433948241039
-0.358728333707905
-0.527755238539571
-0.653605560733249
-0.336343491450292
-0.55152216714193
-0.445265405421761
-0.418869754033788
-0.402058373522268
-0.410865821412749
-0.448881908754524
-0.425162668184557
-0.309398362352341
-0.344440311137011
-0.54082763165327
-0.427207714039995
-0.491920665221802
-0.510121236796716
-0.39229755352469
-0.361717096787067
-0.315403849967631
-0.426455296795894
-0.314813523841691
-0.448797258472601
-0.382661089317942
-0.361054335945872
-0.423386223492402
-0.31677569150651
-0.46284779864805
-0.226173325530826
-0.232743987048871
-0.305568152261372
-0.481760820892255
-0.325122541936861
-0.433163193549461
-0.427927577335013
-0.35820731790645
-0.483584944535138
-0.305317783555656
-0.214994564182332
-0.285143707198695
-0.409279268310739
-0.313408186697214
-0.362990489549872
-0.331695425275897
-0.299137217196309
-0.152051225745182
-0.400266256401393
-0.2917559844261
-0.319545013003922
-0.398086752688576
-0.553412765861786
-0.344906601297457
-0.440704530782012
-0.162941588410157
-0.334216055162205
-0.337816732030828
-0.214062286935331
-0.140363903332863
-0.336453546120711
-0.168513315147102
-0.39715296548648
-0.304058789323982
-0.304809788571746
-0.390424135884472
-0.114944071449719
-0.188607906809626
-0.336638998271219
-0.305425803973344
-0.333607614235782
-0.351535905306245
-0.320708785448412
-0.324042088577057
-0.261101640964942
-0.42791151596406
0.023529923129758
-0.41785568648124
-0.218321743857309
-0.330770178148591
-0.317444181086209
-0.085673688603735
-0.353774153042818
-0.29455367102456
-0.284592705785729
-0.101034170289714
-0.187970928929867
-0.138577044442728
-0.182638701691297
-0.160137867817451
-0.182759946952862
-0.245463089350826
-0.247322498427406
-0.446562551810206
-0.22909677612527
-0.278095945576904
-0.197038081163719
-0.0728341583606582
-0.331640824475952
-0.193629371261827
-0.353041555012995
-0.257789868939998
-0.288687923327605
-0.303510231387181
-0.28054506166321
-0.0865430497159625
-0.0919115748910078
-0.199965126070311
-0.257686806562383
-0.181448259742002
-0.261113084501375
-0.331732088188902
-0.184229109214114
-0.284943840799906
-0.186474330126837
-0.312943459303081
-0.143120699153191
-0.366119857977221
-0.179658327519466
-0.218504924521895
-0.261511647803137
-0.142757373918457
-0.196208072838395
-0.142262600072338
-0.158151227957569
-0.0986576646195085
-0.023398587646171
-0.176262456376532
-0.141788238729196
-0.0377384014768308
-0.231789262650245
-0.226393607211266
-0.17604625073003
-0.191363222332723
-0.0719079684672379
-0.24363602137849
-0.137947771793551
-0.0636921705062746
-0.248824951147634
-0.200703538658507
-0.0733165355313783
-0.060725372309218
-0.147870663920683
-0.141521433782005
-0.119378488476966
-0.162809281363003
-0.276276526144559
-0.0943731407610354
-0.095819314657101
-0.172719999327044
-0.232023693473358
-0.00235466951382177
-0.183333041106486
-0.1695107033911
-0.117586046802924
-0.0964584225143192
-0.00802939036878302
0.00570083779564908
-0.144085345590734
-0.157625833204226
0.171230918144339
0.00253879101484042
-0.0571419547453293
-0.285370020854356
-0.208717471592885
-0.236698639427038
-0.131568879056958
-0.178419217002082
-0.067534966855778
-0.131851554792478
-0.0400157665221354
-0.105633977015893
-0.111209667776497
-0.112666715202887
-0.0351227106766903
-0.019414354681168
-0.143803562279587
-0.146341956420869
-0.119487386463529
-0.00131555985051549
-0.0150137276761261
-0.07832751737976
0.00556601435774737
-0.0933513651649957
-0.0277808563545591
-0.0541422469152432
-0.157196789575027
0.0556609477027204
-0.0748510116384054
-0.0979002010758992
-0.0358791301366475
-0.0260150173230366
0.0244318213958976
-0.129673244860418
0.0692487586807593
0.155025477609877
-0.115718182603158
0.116082732546928
-0.0653057743471047
-0.0052356261773144
-0.0801698876039532
-0.00557331942443481
-0.0477495268060303
-0.156491545453744
-0.017297895173342
-0.0618260347503252
-0.0517941482064009
-0.0364430293851951
0.102809254710589
0.0627456016080137
0.00663489434056356
-0.071887059242971
-0.0267359972550474
-0.109241944229021
0.0159828760567779
0.135487038516062
9.58639846301781e-05
0.010929203138831
-0.135111907496964
0.204455309697432
-0.102013248093562
-0.187847566980493
0.0877706795933174
0.00380248945003274
0.0360156483229344
0.0989493999654432
0.0405704285356559
-0.0144093589741271
0.0413139354116316
0.0431192409665021
0.101126462388426
0.117451182091741
0.0815746455551207
0.0387150715937713
0.0603448650847429
0.073273587200381
-0.133492843366938
0.181604475044508
0.0578497809231539
0.0260323538954553
0.151877718255422
0.0933934249593886
0.04568062935883
0.0212981864044298
0.107990896582377
0.108171999721401
0.115786793259291
0.0793079170143909
0.179305997770263
0.024980113634843
0.0362295775066311
0.0230135232251236
0.155078916866897
0.150253415702072
0.0984954554320431
0.245045692373397
0.121994131014464
0.035245066863685
0.0722409260166465
0.148036159458299
0.084067907038069
0.0732659223118268
0.0143159969430282
0.0348856586666929
0.11937299143239
-0.0359534884391278
0.0958981679917442
0.00602360647838721
0.182695520699964
-0.045490777882394
0.165310349947789
0.155065869514797
0.111171084891147
0.282905081111588
0.289444535057411
0.219911420914851
0.139170004627647
0.123373592910555
0.0519841911917946
0.190949299489254
0.0316993344510226
0.0562316545915032
0.186232441282263
0.0249305190777294
0.179498177827317
0.132598645408065
0.0404837941183222
0.148109006346161
0.189366044176142
0.0631263779374859
0.267024552275683
0.259526371093926
0.133110422651535
0.104081487234141
0.0933750246291335
0.0909825222875779
0.191587913200865
0.166429389882017
0.156146326161178
0.250486818013957
0.0484444297207687
0.331132530258354
0.245320226050247
0.146282099482374
0.177541616936825
0.107417903097146
0.182191551262703
0.279482927688131
0.0523722849912126
0.252109253603901
0.171337756459191
0.0404222892670374
0.170902184738406
0.127542519565265
0.220511809021545
0.168978936459736
0.273438728521639
0.258068631635398
0.128779255421854
0.403680103876781
0.288285366380175
0.0667614427068911
0.169397015703371
0.0991280122807698
0.2476723215734
0.294632695809548
0.231986960823366
0.322335042215136
0.336614355634323
0.262499759172443
0.250109554409337
0.305166863584603
0.284980886276032
0.141740854676503
0.16496037525047
0.265485303198891
0.197189692141184
0.317888623983006
0.280955831175804
0.338554289283439
0.259747560420609
0.257896809053066
0.263751432932874
0.312569067175455
0.30419621435586
0.311201902859325
0.291110140295561
0.316903451022589
0.278235977759855
0.229307153258744
0.312259296292414
0.326141702072816
0.26514600695789
0.213779381631295
0.285862625118792
0.329076668030951
0.384623548110105
0.436595919773231
0.271329053526017
0.251739734825236
0.285382002412743
0.368169016229193
0.326272981435062
0.150318219136187
0.34274153389862
0.193936568167606
0.288374968231101
0.275685171805355
0.255074602154563
0.37145327818307
0.378393649720575
0.446210350691238
0.210275823590453
0.345101095453535
0.283786340376706
0.297662346075665
0.271869417365004
0.271308393272761
0.249032982358743
0.39484145169235
0.427225572447295
0.205108685152799
0.345111223077503
0.236737241816104
0.231067969027228
0.177293051686456
0.267574344692349
0.408072915321513
0.374769057709284
0.346744695507251
0.321184030775507
0.246953090964815
0.476442727673977
0.454677738553495
0.571976851129747
0.520635109824548
0.304210832070064
0.395024657716962
0.456701094146965
0.359231872949609
0.412703074343362
0.531564533747909
0.315005583359708
0.3525679709867
0.42655196515854
0.355338296905842
0.348370839567558
0.517196928340856
0.387165533517065
0.311395387380374
0.2403445295648
0.447551215803127
0.29058044664687
0.29278778795578
0.382876778515488
0.328146875077685
0.43688908002343
0.420071944881089
0.328726781495336
0.406280042856141
0.247081811679698
0.40208302835413
0.353289191810737
0.538960373682476
0.450386740714057
0.505681633872165
0.392135377888265
0.39234078296824
0.284202238624791
0.431421919735568
0.557960887977842
0.376636356760604
0.35205458362437
0.464418104794608
0.502281687803947
0.457109596598481
0.368024354542423
0.489249698311224
0.510401737018418
0.490781096568298
0.281682572769448
0.448146191919549
0.419008282632312
0.602215699945799
0.533971739865938
0.399229686596961
0.42436807226056
0.461670146539691
0.440045034377576
0.483178320015673
0.382243153963598
0.451012722574268
0.466705416037943
0.606871606614614
0.53560241457522
0.608389231212234
0.408533691352637
0.565850739754731
0.511795801587505
0.528268839825626
0.490254989024038
0.625026597919283
0.55041471306051
0.491060008981798
0.36657170524428
0.342565268625968
0.465815645413299
0.415266269860679
0.596412675396987
0.452424222084051
0.593862226771654
0.519747541212888
0.472074970177481
0.711988707429746
0.635799932564221
0.62773553207953
0.474421715792592
0.493607006478649
0.423994185408615
0.555318029640233
0.530893043032103
0.517704121814266
0.625323438408224
0.612907066055982
0.534267216071936
0.501835265992299
0.656926534363049
0.59978834992173
0.530736566438212
0.491978578359233
0.643134181977182
0.599663791512178
0.629386278438982
0.354830456693851
0.49670678753307
0.704254646698096
0.546788970214103
0.682962611155774
0.580332220393139
0.632755473480043
0.613095520700888
0.674746199568299
0.615939158556049
0.629691555646233
0.705048726181631
0.522806458421418
0.537040830498456
0.58009032348015
0.496335333100296
0.518077189614538
0.532054651078129
0.629760568981846
0.642846357108985
0.503556632967212
0.604411031068983
0.506853859232576
0.668893063851202
0.647354661019893
0.536304437245488
0.591678745457683
0.486860892787972
0.521489134222444
0.653653339933178
0.620510099028808
0.577025760451793
0.639430339252215
0.550365914336476
0.69622620921239
0.774257293708726
0.42103831309792
0.481968916811396
0.55031800734991
0.642187636319211
0.617769101055412
0.574379720333482
0.577491881442543
0.623705548922469
0.616191226372198
0.664851662581927
0.744178789229556
0.600748041701904
0.739458322708485
0.50673521523438
0.615295133923256
0.732252979410819
0.725451368816868
0.634218051431047
0.549168707463455
0.749284366181557
0.831141555898892
0.603115981205539
0.814825982721662
0.775056562750795
0.621002321305358
0.680247000969118
0.846293235880889
0.76484144801671
0.619014049906508
0.634054768169948
0.667302783382036
0.667942704641753
0.63731023727049
0.574352790958659
0.721399093629718
0.528577168327426
0.767762227318282
0.838701726101531
0.660630766447442
0.589331036275879
0.659651794999525
0.720255432764238
0.652420736920352
0.657926515419146
0.635779043396984
0.676204597696758
0.607759718593128
0.792151034441816
0.714296014051516
0.67357182875906
0.682643436974123
0.611855727629904
0.570844929633715
0.720504666870619
0.82754266253435
0.786874534152876
0.762270802445791
0.636215121725542
0.799764680520962
0.519788151575986
0.856627383134137
0.746833188127059
0.789151913887641
0.630382416903697
0.636139956293296
0.59262827683289
0.867769590219453
0.641841384757111
0.864626316048594
0.756172138031181
0.738057100876531
0.801133468591107
0.674277299804573
0.761000679969895
0.786514192075674
0.713227550820901
0.689075300520106
0.776549886435289
0.759679869556989
0.736057513969932
0.783247738969566
0.825297691461475
0.794579562969186
0.889908747153714
0.82617622682073
0.871415442619225
0.873583602552259
0.82993389890629
0.781002409942954
0.748718407228754
0.631483275910029
0.932821867345509
0.872065256635185
0.889090064638328
1.05050778245347
0.899577933762439
0.850573072576164
0.767413784221222
0.809943954907344
0.906963478262038
0.770226014921271
0.772562769147497
0.85274105130293
0.97686885389113
0.848232874288015
0.832479815627736
0.756265980572064
0.859597730193652
0.876783146320083
0.853854046975053
0.88478225749331
0.735497981669719
0.725161925045632
0.879003556931961
0.875687196504694
0.962773225717677
0.819922617782108
0.954990509931115
0.873383286577017
0.907407716879577
0.823903366484737
0.984480281243872
0.856938320474797
1.05715700934458
0.764691982642552
0.807853378348457
1.05699681428219
0.826202338303475
1.00079739406311
0.908134132812595
0.83236487478204
0.780528403671475
0.943239554481976
1.07591773189736
0.775078952292547
0.956987609589274
0.896660840980817
0.839239989248889
0.975836693820033
1.00251258983629
0.913884903169083
0.865228097745816
0.884284615250229
0.993564503762582
0.845812307995298
0.828250537885836
0.927551479656853
0.925759515075625
0.837489721236151
0.915039545189204
1.03147064460625
0.940275009862624
1.04848943745973
0.885092052937372
0.832318481589769
0.845782143484254
1.02483500843964
0.983645627453386
0.844970692092962
0.941610027097456
0.932154979556945
0.910675610798912
0.91795189082822
0.912405457061908
0.924379391627081
1.09073067418162
1.07017703591934
0.882634704111999
0.990375442464928
1.03571645035361
0.918239141777575
1.10277392359313
1.00103318852989
1.07512488096793
0.971168414879394
1.07774097107425
1.04037436480529
0.919041353189732
0.942643544199905
1.03627712648981
1.02183234774663
0.939401784098555
1.06517316990135
0.957068180528296
0.913321950630211
