"x"
-0.954568444066861
-0.828580284137997
-1.08648400870938
-0.858425292577933
-0.884637473714323
-1.04538910904881
-1.1105737298059
-0.931259308610192
-0.945147886004294
-0.910431200445818
-0.989658933950325
-0.982466870046701
-0.954264102434719
-1.19006901012742
-1.01001965381127
-1.01285332055596
-0.987089880073752
-1.00787376481445
-1.03543463351226
-1.02569185575409
-0.962942756910179
-0.852307459176176
-0.992361345652287
-0.868138686857349
-1.01736040314915
-0.968801688953093
-1.05982602673436
-1.03073752393431
-0.961235009847324
-0.87486691881746
-0.966023385285321
-0.843332623991812
-0.861161052046465
-0.887637165697573
-0.801899469087463
-0.85858080987341
-0.712612681042806
-0.992553792714671
-0.855491397566079
-0.879951783081445
-0.892932582513232
-0.893619331827794
-0.910426476599424
-0.900056799698825
-0.834627679603717
-0.814167276692281
-0.916483466495447
-0.94503443417277
-1.00765606040398
-0.784412076666795
-0.873382204455043
-0.88424578559692
-0.740602231307865
-0.835864822682031
-0.838757098244546
-0.987050136819424
-0.873400412815623
-0.984772474925475
-0.846475791541539
-0.899650255722294
-0.783505108713565
-0.933801394230647
-0.83077258853695
-0.916012404907411
-0.944617356461229
-0.917974394556243
-0.820837371601205
-0.929598517348141
-0.901574614476304
-0.890763275908782
-0.769560860436106
-0.820501820564766
-0.945348125734121
-0.810242080254097
-0.747984301349097
-0.840373079521034
-0.791619288486216
-0.747692534022729
-0.70585653745923
-0.87981316065118
-0.823233399916619
-0.712502453375273
-0.915061972654736
-0.776013069861181
-0.812514994032538
-0.866493834224692
-0.861724217823241
-0.867658297647834
-0.8445261025494
-0.842602855358183
-0.722828308217781
-0.901895272364199
-0.917417815570215
-0.73670154703287
-0.869644561501453
-0.764389508370346
-0.735711450740359
-0.658108486544573
-0.740388359213524
-0.880154435406548
-0.834240048085561
-1.04409811109303
-0.734968977047399
-0.783614094091217
-0.538805149543958
-0.744804949678172
-0.84129553565922
-0.828771933807291
-0.720408681133464
-0.801457909074423
-0.737843555131235
-0.768797165111761
-0.784541366140308
-0.685062026018779
-0.799857187450959
-0.821532234351425
-0.744251322837321
-0.788304688454133
-0.651178333348641
-0.84469743784389
-0.621519684803229
-0.844588307708206
-0.874774887111774
-0.683085772259567
-0.902167353290506
-0.759733129615079
-0.784449771998304
-0.602851360044035
-0.863892397065158
-0.658144941148475
-0.709791860531994
-0.691352620608821
-0.691472011205147
-0.667172744068565
-0.704119194879049
-0.674725851632862
-0.701868788377007
-0.79493077999529
-0.694867737655342
-0.861131770195813
-0.794374541352656
-0.770378427277432
-0.707020297104601
-0.811626564082272
-0.71071476612997
-0.443499660368831
-0.688188006730319
-0.742626513915748
-0.774393885562704
-0.673366449711095
-0.748562051391984
-0.625090354693599
-0.758271838320508
-0.69508957234999
-0.740098119855292
-0.68060597046695
-0.73941159971574
-0.692800635206219
-0.807148871166873
-0.756876012637632
-0.761727745873628
-0.718481175230957
-0.611465725064255
-0.653311791528386
-0.574144487825756
-0.764955997820399
-0.616079382426534
-0.672516555533975
-0.647427406724325
-0.645131023045513
-0.644351985484536
-0.718431523412118
-0.68830731806903
-0.722742778562547
-0.726518880023439
-0.642915703307212
-0.656730071879237
-0.5857521357401
-0.744695692979022
-0.679607708460131
-0.778021314460884
-0.655513572417807
-0.721155680430027
-0.564917542645305
-0.694931713179398
-0.66794615411896
-0.604496315700307
-0.531129368371113
-0.659825516707567
-0.569199236741038
-0.575994003069861
-0.502855428476647
-0.612192280004299
-0.46097162353122
-0.71652934082977
-0.54806665712072
-0.628019828722716
-0.695130968735569
-0.528509269170583
-0.524686676692468
-0.560114506769548
-0.534174703660648
-0.67583792234227
-0.604904490377827
-0.616735524574509
-0.655055782783231
-0.514360306692651
-0.68540381747308
-0.674645519605073
-0.537728871991637
-0.564628878102438
-0.568888888967759
-0.444200129622641
-0.525176184301642
-0.590323824146031
-0.452875445396362
-0.612089360889398
-0.508514576599945
-0.604870844321923
-0.491718354756541
-0.66217680034344
-0.57069082108662
-0.65567339219228
-0.464948704525293
-0.510915631444244
-0.595620073832187
-0.599632051913649
-0.508388888355416
-0.604854072514587
-0.564686278833821
-0.58929296544209
-0.491727632532726
-0.385787987241227
-0.531790062109952
-0.532905533446297
-0.507982276154352
-0.404219432467754
-0.495864796635195
-0.509859744059984
-0.451206744173055
-0.49718363286168
-0.55450210932718
-0.50071315774077
-0.636970222955422
-0.551160738071155
-0.487535575899824
-0.550241999249984
-0.476244266522492
-0.561501553192072
-0.429604998070714
-0.555863399568179
-0.434127442746995
-0.429653316439898
-0.349500484892151
-0.599223446961755
-0.404725694190961
-0.510718018116619
-0.579748125206125
-0.450103997127973
-0.450180960876688
-0.507938321972343
-0.495902906037896
-0.324519589076008
-0.643436430030389
-0.56378921797196
-0.480415019521065
-0.517244046831345
-0.391379835318522
-0.487423439953242
-0.373147972171059
-0.382436509725547
-0.551184541039009
-0.569375320420141
-0.356312116164865
-0.395197601935431
-0.516052609088956
-0.440252196118726
-0.410182408499846
-0.325014982737051
-0.490262860474744
-0.418091807094311
-0.286755842646772
-0.420755941285319
-0.421420711342654
-0.423672413503189
-0.434116488541535
-0.463359536491912
-0.508856940528808
-0.500950985444909
-0.371867509033865
-0.536162275536409
-0.431394342655649
-0.28935352854425
-0.530410196247188
-0.436198842813812
-0.423642110347778
-0.510133806527737
-0.273935738350865
-0.491420269773551
-0.398873530202547
-0.432065302617183
-0.47658339021489
-0.478165513779713
-0.34887870147447
-0.431422879129775
-0.388044252703789
-0.498058749874944
-0.441395955219578
-0.383363867810761
-0.520006981225367
-0.431736772360761
-0.362772964878572
-0.464466690639064
-0.369352389871695
-0.605632967074843
-0.30748945833419
-0.252490692798251
-0.29009097535351
-0.362785877274274
-0.473408087260783
-0.326852024116
-0.3309566750859
-0.439712271694287
-0.251167485268652
-0.431901253642794
-0.352464865742015
-0.454016447614135
-0.332625825148492
-0.204957947520087
-0.294762353729352
-0.329146987239706
-0.35476004852381
-0.328989054092326
-0.417050427678166
-0.259753798001859
-0.370575303856543
-0.313283842931529
-0.279759557385243
-0.353307959944717
-0.318898986200496
-0.278776884428296
-0.368192384971265
-0.246766027111414
-0.199694369437051
-0.27028089371387
-0.377038057700947
-0.169250082396855
-0.260631467002039
-0.43870563799112
-0.346854375141867
-0.260177748201147
-0.347549032920117
-0.358703890533862
-0.345824646498226
-0.155255985553035
-0.213449044457192
-0.15748788398071
-0.14482228001024
-0.221334175930185
-0.488761690560054
-0.346634534196194
-0.187898574851152
-0.280626823826237
-0.29771345493659
-0.306673643894747
-0.268941638724018
-0.28833192987616
-0.111828350653379
-0.179962564716398
-0.2242113173799
-0.420328762554625
-0.247943195613505
-0.12239047405694
-0.233483269470033
-0.376549024206401
-0.232095325932925
-0.410789017987464
-0.190522280582616
-0.23704568697867
-0.108531734430362
-0.121144353403829
-0.175008360000279
-0.228297828825165
-0.214337946575835
-0.250089481173929
-0.335483002052421
-0.208365401407829
-0.156579497953223
-0.0981605493088681
-0.284220354737532
-0.171033655940662
-0.201605170673278
0.0158284177211758
-0.300974337862904
-0.132563856035258
-0.249105399434388
-0.0929168340946382
-0.10173412410522
-0.215208060878551
-0.0337898578733715
-0.233761519891016
-0.300209547773847
-0.279215906002428
-0.0993349482213728
-0.159976873775068
-0.123399065575457
-0.115542164231798
-0.111479277232804
-0.325067456540323
-0.2064565349865
-0.231307097606153
-0.244759144108553
-0.0178414986726929
-0.116781753070896
-0.230519416938139
-0.0783370561277844
-0.140238618722659
-0.0999635520152546
-0.210978348335866
-0.17550158304455
-0.183964407009738
-0.329511026000235
-0.256392397272315
-0.183001046575375
-0.311528449554092
-0.128095508443135
-0.0824605212064099
-0.116825632204927
-0.0605964099360031
-0.131101073369713
-0.202464185330671
-0.0913277747533166
-0.161572573848434
-0.0649606787826515
-0.167236648411627
-0.110541894909731
-0.0282669908400038
-0.186010300091272
-0.128540189785624
-0.0599906259471293
-0.142123387337858
-0.128677608633534
-0.123480982126098
-0.0314372745972772
-0.0427289837193092
-0.0783798226716522
-0.230276450516333
-0.0284597319444359
-0.0400381988113133
0.00193942556506084
-0.121926121431162
-0.0407036292309564
-0.0776852787132519
-0.0985177142515152
-0.115219100783795
-0.126056132691545
-0.206093656239965
0.0849901382131041
-0.0264180939813223
-0.0215624469323058
-0.127016163781122
-0.00711032967262455
0.0948427461320531
-0.0101403661146647
-0.049239391087924
0.0153312028941634
0.0506185997183946
-0.0976891785153054
-0.164753756009122
-0.0495395093134711
-0.196887465538545
-0.0130832631182735
-0.104863625409913
-0.0405421164155928
-0.00660875197741023
-0.0552891419256065
-0.0301012116358104
0.110913430971263
0.0320711255522515
-0.0886541798211518
-0.0384084732832349
-0.0192521624810086
-0.112595219523524
0.0124511005470748
-0.0889973117126638
-0.0888304082303615
-0.0093721504864186
-0.129971268641306
-0.0705913223925183
-0.168524995061918
0.0145198116110905
-0.0543511089483497
-0.0223513681928147
-0.000126409161626094
0.0932623424784121
-0.062027305123912
-0.0193931045708506
0.00367423425650298
-0.0370558068119872
0.0562467420311351
-0.0776527371979788
-0.0630921272601853
0.0361134578565922
-0.0100896985581211
0.0247312485437095
0.0362178346738044
-0.0381578906197567
0.0492161340549239
0.240217130115776
0.051246626327986
0.00114463536403615
0.0732343275642517
0.0545456713313588
0.0646211209408423
-0.0773651782159934
0.0969678855399246
-0.037905586227177
0.0510270493136214
-0.0681528123528612
-0.0640488686496455
-0.0294106054836387
0.112701864281868
0.27575719770504
0.0261345423341927
0.108201845664654
0.0255552352486885
0.0536521029721017
0.164808751376731
0.108210945621405
0.0672852519459859
0.00778213512786886
0.164965714580573
0.0207600417624327
0.208883067553079
0.0747746685012361
0.219075171361274
0.211171585719629
0.0451265573617372
0.0674691692118918
0.116165163857848
0.0648025088267299
0.0203719484226562
0.15307624315646
0.164855239669129
0.168873990345041
0.0731256016571663
0.10367395439185
0.00900503648606606
-0.0530791265011504
0.080479554694957
0.144399925196218
0.0675470087730412
0.109815626441504
0.217584925228536
0.172689921112162
0.0579260856370722
0.106947911648147
0.0888448992501202
-0.0188874578850387
0.151155890734013
0.137295340584298
0.182039672149069
0.00943653873178346
0.14927951322552
0.319567050834946
0.0703928931590675
0.119607390918821
-0.0112154258854485
0.0898896067126649
0.153897738156225
0.141909962588347
0.141862451252868
0.271522271790255
0.0688622760854091
0.153811466204153
0.195305956667687
0.20681891766957
0.14093773623643
0.111331298423101
0.30163610255685
0.0657351585068513
0.221757811030581
0.211177020485429
0.106622974664947
0.170937496881848
0.292966968152015
0.222544389699594
0.193294761547552
0.118639207669484
0.153918781281944
0.0697721433466079
0.144474150754161
0.102478926246554
0.218790972328566
0.228169297329684
0.217400913952399
0.161358714575125
0.256502267598233
0.241932654213148
0.236821508735714
0.265764592014672
0.224336178247707
0.183450275055476
0.162530655919401
0.218966451909795
0.20198297373786
0.239901122384427
0.295288387709634
0.183301345305306
0.117737158831394
0.214290563429921
0.15572855124482
0.220154075081298
0.212694877379715
0.273429782842001
0.180297244139804
0.218034776391956
0.145725671352826
0.156101669228841
0.270137368822629
0.190353302573015
0.240441922106132
0.275577904262202
0.376216487082551
0.478075426238302
0.266092003195686
0.198115004582723
0.20140678231496
0.222502738862992
0.229398174376295
0.210520837208236
0.180957291065463
0.321751005326874
0.137382451936503
0.356323651915281
0.417004855834956
0.20088596435074
0.252614639899934
0.162273205241951
0.401167189020154
0.258554876443579
0.184200890661563
0.298338658811432
0.314252153526911
0.141344939789181
0.283700721663155
0.346051472935292
0.390483674651914
0.143835492821162
0.308822133171335
0.426673744672459
0.298996754526043
0.238906163141209
0.366879168695113
0.160905038378392
0.422138323427751
0.37318683948549
0.339065663225965
0.486291274996827
0.408991297127101
0.286485302758761
0.306253725223885
0.351462853092456
0.187753134433464
0.401106076426142
0.201033524177787
0.259782756794467
0.377952781124062
0.300433373013907
0.260973524559221
0.41275927914333
0.552837446063088
0.450474211430575
0.284012382049167
0.248185277921224
0.448910290503266
0.387041556625444
0.345056569076285
0.31930267516475
0.41167430677482
0.409936238414247
0.416167398870559
0.331597042786071
0.249146031587504
0.38788865212853
0.398849704748109
0.35018144607572
0.323003680650161
0.426893778489964
0.366175503594685
0.425072432975585
0.343242352272782
0.461034205020475
0.273282730858254
0.350655186465993
0.25780267262159
0.207986560915238
0.482923310787512
0.430412299002966
0.41295885298304
0.342426410665341
0.406034644218766
0.458568509492092
0.519790276549954
0.406339970304579
0.352093230340269
0.425487418224106
0.430547087182378
0.482644021684711
0.42973448849059
0.325879794008674
0.615732999540344
0.43136830891741
0.565724594246464
0.52259594160611
0.50591473763286
0.522425771143911
0.456508422203187
0.459960133014884
0.538439498080333
0.497279425223635
0.410740411280564
0.497704397190338
0.465016017247994
0.489494878295067
0.440428445804536
0.394623045113624
0.318805459439129
0.314326529488989
0.419941464724103
0.397649677081008
0.431339399117518
0.414482433037701
0.51200303658251
0.415344871940494
0.485223679303776
0.458307976786324
0.491185928001783
0.499251125267142
0.51362629546403
0.374343609722404
0.579644812883682
0.503551676380338
0.392881510012099
0.41138182094092
0.385273297550192
0.514948557091976
0.350841511090715
0.589147043190773
0.559603634359999
0.425839394620467
0.517066610394432
0.611569750272145
0.528106889978506
0.546995940386947
0.580700052102001
0.408121675498679
0.399040572959931
0.530614255528628
0.576522370899603
0.425439905851966
0.387782040924766
0.619944274348364
0.549622340672017
0.562928719015611
0.581197774527938
0.571276131532602
0.520052665947047
0.521793407599798
0.584819944312875
0.468277820031057
0.584354312380531
0.552448015885305
0.434868339077119
0.65581741182368
0.580931679477133
0.647000332774788
0.47012475816951
0.511327397839088
0.482768586175368
0.649640256042894
0.520059302460626
0.591567717196217
0.608438203165478
0.533480070352643
0.629469717088597
0.624731304689923
0.595655386287538
0.69664872953775
0.608314513518334
0.685331230263908
0.51046357089757
0.581441074983913
0.351558423757641
0.547225583056571
0.521545877163422
0.516387392621361
0.654043726655226
0.570774028570776
0.675121880819793
0.509245951908899
0.480602513679454
0.617456207533603
0.756438784140626
0.671726490235831
0.655790055933766
0.473470164604758
0.599785352473563
0.623900883348841
0.605470975136137
0.682339919941826
0.648058376570471
0.49321604261222
0.627086621602624
0.653639223317928
0.54774138535319
0.683770123174797
0.786973136405125
0.45455617332029
0.760771570236117
0.543536569541394
0.740648935030928
0.476097083776477
0.585264200246071
0.695672796738564
0.654766976084691
0.485285510644904
0.658846342558862
0.543689640448348
0.705832099793605
0.717016805438829
0.701788580560169
0.580711440163567
0.798114262823262
0.753014556102433
0.518682696394176
0.644792302063006
0.798095443519726
0.790891918015991
0.646486410729303
0.824884455855154
0.568906857918416
0.667213869399642
0.727172260898784
0.631417282161639
0.64246774005192
0.757498368958268
0.701775043201937
0.751658596934068
0.672608501258723
0.641598170109601
0.723422861585121
0.600827986591914
0.754879426704622
0.655851616017484
0.785678161644598
0.693928481321465
0.770568901125431
0.531618498898884
0.855452043270839
0.727594033533006
0.761300599799921
0.694705965677536
0.73935866310336
0.640801624732983
0.70489741905148
0.816525867865851
0.771704468772344
0.753779741650611
0.671139046965967
0.539088380996153
0.579491321690053
0.806153653040805
0.793884628561879
0.686903097447104
0.765796475661184
0.711196948053592
0.694645564831334
0.825587436647888
0.904765740868875
0.698554243281284
0.768120256225567
0.777574822801057
0.700470989307106
0.785237245478098
0.815819640810762
0.851283458853623
0.868980835641691
0.808174081166836
0.762826710484861
0.603607815033976
0.818720493024567
0.518102270274186
0.893011862465882
0.834578297729663
0.879782466922859
0.778802715680525
0.672127541439718
0.776007067335035
0.778476151272463
0.746034462064015
0.765511528088967
0.83367883147266
0.780799676022867
0.756377589363418
0.649649829832526
0.971736142521904
0.740949477502473
0.825105200579918
0.72380713371047
0.783826070252663
0.834676548344083
0.983750396743972
0.861594359417881
0.74927098724214
0.883165332925227
0.739730701412692
0.73371383139048
0.819538771743202
0.796928286573239
0.779333339716051
0.862208922931459
0.787366053032068
0.948237195106563
0.742500324614216
0.944604632104844
0.923001238340758
0.713351778744567
1.01331601484276
0.810999056056518
0.87641604731836
0.773793191144752
0.826600297911411
0.920900779065082
0.823504941534346
0.845249443925042
0.915520406899864
0.854563014917889
0.927164171062926
0.941566222911812
0.913456493334798
0.91531024950227
0.871628695253315
0.879956755584118
0.859493050578035
0.89961705941552
0.827318168245022
0.739020529444608
0.901065069791268
0.895754627028233
0.985587841364963
0.719649148511176
0.892350330933661
0.907043265383111
0.817165538434641
0.748829145737054
0.774764126925461
0.799183867947633
0.862651997800141
0.822005535837307
0.884959996091665
0.900450117206556
0.974446039594114
0.995075625106234
0.999387594012601
0.782744015084179
1.01246340410895
1.02340866660174
0.966351117749381
0.934276472556663
1.05904381826839
0.941231180418581
0.877531045891256
0.996802159851065
0.915732016896712
1.11249569752174
1.02123085848668
1.01263126601004
0.794529856804991
0.920879418813115
0.976113998878532
1.07616168788134
0.979379671192734
0.99141696854774
0.922720568690636
0.923769327791542
1.0542860720597
1.05917693703914
0.978760547218145
1.01230810804415
1.04312489250139
1.10195297872157
1.02582976697826
1.03478660384352
0.952704977404257
1.03308642422461
1.0227245201886
1.0055530697843
0.87847276528491
1.01491931780082
