"x"
-0.952295255831331
-1.00723285022217
-1.12465382263103
-1.10637005824105
-1.05453525372468
-1.01871789148221
-0.928813012571961
-0.875776348218271
-1.04331571951459
-0.956601757737286
-0.940318586990683
-1.10770146601815
-0.915210379183361
-0.851016482511711
-0.789912446996874
-1.02505522482736
-1.05900688352258
-0.913679296761922
-0.990980083514134
-0.813132430293467
-0.821633087596715
-0.890808591480795
-0.958690675584328
-0.974146793719729
-0.845378594883649
-1.09668419711168
-0.965228197173086
-1.1238730649104
-0.939820334494294
-1.01081820055577
-0.921558174004763
-0.866010439745584
-0.946677659591889
-1.01073288661426
-0.877529532125908
-1.01212758061384
-0.868252813533955
-1.0715218868364
-0.865341825787469
-0.915840003543391
-0.967249653746094
-1.06255876125298
-0.967337636062302
-0.957556438223996
-0.890770951644482
-0.925991908263532
-0.903774607895092
-0.704281418236999
-0.900191764123559
-0.952782345355952
-1.00789055155817
-0.918537143141449
-0.820159951154488
-0.81806157793114
-0.908552619461491
-0.925183067998178
-0.834970634457513
-0.903749798838068
-0.883102008053587
-0.795704703523055
-0.889761386009324
-1.01478577698183
-0.908482359254734
-0.831420736208976
-0.904610896730815
-0.874342063042239
-0.804951232010591
-0.880639360672037
-0.844966817351188
-0.948215096901346
-0.707160008423726
-0.733448970456145
-0.995546623561946
-0.922978435622502
-0.790073092412636
-0.859339751113077
-0.969309066241137
-0.742266163008138
-0.881926080638875
-0.780453080847128
-0.829163307430841
-0.764475889391737
-0.960105549743182
-0.751348737759707
-1.03581118629161
-0.816128631300633
-1.00571729127168
-0.828942144072829
-0.743424134898473
-0.740374562488817
-0.788707682315413
-0.814898411884029
-0.821263064779823
-0.812880613223659
-0.78855003327124
-0.810818358551443
-0.781338999941583
-0.665241413654645
-0.928114297660536
-0.731669570671842
-0.757219529065742
-0.810620498745879
-0.596099184748581
-0.676526778411742
-0.772010283465348
-0.771431051603581
-0.712560608341518
-0.695898965766164
-0.806444676930278
-0.73909982011825
-0.59479539265463
-0.84003840329304
-0.843542198817787
-0.763953870035047
-0.856573625343335
-0.839059299305683
-0.763919820292888
-0.760294679491666
-0.61454423086831
-0.750538441338969
-0.648143652503309
-0.88388607884415
-0.820760948779186
-0.875842493862676
-0.835375436778061
-0.69958540111847
-0.8635236702209
-0.77035594975526
-0.803849863119474
-0.681528856765376
-0.684503926538345
-0.72043988986581
-0.661551225457457
-0.84174493344235
-0.735975875062008
-0.770316497650524
-0.651412658219701
-0.782575017522478
-0.653091942309679
-0.655660262066784
-0.626552669856413
-0.578179908817633
-0.902383141396433
-0.556829022018117
-0.683258922650043
-0.772950098701807
-0.780644563355858
-0.706501512876809
-0.667108915322725
-0.646913567578484
-0.572750474399907
-0.576355739134883
-0.64870167705098
-0.769232491647796
-0.733801058456323
-0.630122397136434
-0.707175960533735
-0.612152448901065
-0.68679975257056
-0.646190919148758
-0.762979462276262
-0.628609874403188
-0.662555372989887
-0.569202353868356
-0.590280723041637
-0.740612330723415
-0.74102731234818
-0.637126961957488
-0.724085264109311
-0.741272477195143
-0.585405184143172
-0.625456397943544
-0.533335924406342
-0.673236782242526
-0.704762172689903
-0.650526245177736
-0.694143708265733
-0.631480627564512
-0.798386816577265
-0.649884177397627
-0.7285517880482
-0.608928175364717
-0.645652846675227
-0.677583743470375
-0.678625478208886
-0.620968959293797
-0.62612448732981
-0.586236765832023
-0.622980606909664
-0.731619983084886
-0.637885527591001
-0.739910030622951
-0.496087648117889
-0.640591610577192
-0.663207501922596
-0.598494825602852
-0.677261830763276
-0.580620324514686
-0.638329120043409
-0.688538514124776
-0.702470918416751
-0.529519780620255
-0.551344354253059
-0.525798632444942
-0.667926579741261
-0.650091142908352
-0.403214799176423
-0.594888646298501
-0.470018881519471
-0.302007015697927
-0.492300500738125
-0.530857501477327
-0.64634724125345
-0.509005316698794
-0.632471369419728
-0.541395474880031
-0.335239787009166
-0.508327851804603
-0.687115940204254
-0.733185634501745
-0.597804151191507
-0.592951909098404
-0.385504943704086
-0.806513217783313
-0.69753579796017
-0.61496112774284
-0.453209469628875
-0.503119824738397
-0.380069579127609
-0.564946753799817
-0.660983904125699
-0.660369485514733
-0.600758261647455
-0.57463003402768
-0.523536487072104
-0.452130140300294
-0.724243163676905
-0.465340079357023
-0.523089753207542
-0.463598906719703
-0.528999603397718
-0.579748150871038
-0.492391204533613
-0.595476467638257
-0.612023894374978
-0.364786455753953
-0.530335478801704
-0.418726656210703
-0.43254323093926
-0.659376038533982
-0.412727149045132
-0.462423595270205
-0.431752216351303
-0.370853535361765
-0.611071890896451
-0.485644913342455
-0.484833323218647
-0.476531348325957
-0.465827052217389
-0.364655202687436
-0.599711290112278
-0.537798379715999
-0.238495817276516
-0.535534928610571
-0.631427414348822
-0.566677238597333
-0.422522742868676
-0.537647303684202
-0.560874423208063
-0.466965026858382
-0.482423755152302
-0.352911309986979
-0.421831521508942
-0.418033962497311
-0.42214096534855
-0.665645489713693
-0.418282979404415
-0.480885496830724
-0.452259417007157
-0.462226991903933
-0.424661881177822
-0.459747460650512
-0.49639165345744
-0.424395366543894
-0.465132403289113
-0.502405252804352
-0.370795881245134
-0.427373411303328
-0.334632442471233
-0.638670937174578
-0.475721414220344
-0.366641919730524
-0.592433380057943
-0.460345421618536
-0.387009644836668
-0.435908574283127
-0.457892220752853
-0.463602109601286
-0.328968138658599
-0.554758178228059
-0.468574913770291
-0.446542691316863
-0.317706005173353
-0.419989431307793
-0.248996858059292
-0.378245100376467
-0.571703656069546
-0.209593896425175
-0.319894515957554
-0.293242499825385
-0.331971549965913
-0.340400143423283
-0.38821726140055
-0.245059951462472
-0.398535725272404
-0.356783889189938
-0.353227945460706
-0.178889038898607
-0.447683785105403
-0.412887187896803
-0.293936545982416
-0.375658333147452
-0.312339736978106
-0.422412359941401
-0.424898292281848
-0.404314555714303
-0.192677292884301
-0.292684384059057
-0.371870146784975
-0.468110088587259
-0.173808730131343
-0.228900535078685
-0.283087178827676
-0.29465219601511
-0.312627729684579
-0.370320399688083
-0.294296490769976
-0.258056607516229
-0.332539357671724
-0.238738190518065
-0.31567712748208
-0.239636019875799
-0.349289517749436
-0.226436032993463
-0.356308967058636
-0.340908402012968
-0.298045475396718
-0.374206886812136
-0.273869781688976
-0.422048178635075
-0.190823779257192
-0.301635445884664
-0.29504687181898
-0.169392992363005
-0.411749215469574
-0.284006881054064
-0.261047694860995
-0.323188177483929
-0.250213024289079
-0.27918827715699
-0.264065118911595
-0.369639912546135
-0.286211276667159
-0.131021615429601
-0.176800986002112
-0.291852055462828
-0.296682941771285
-0.237818176180874
-0.186597994559153
-0.266845603669114
-0.22802941024253
-0.278948294875885
-0.144016298913974
-0.135996000797932
-0.275232226992038
-0.266385623779395
-0.165760149043641
-0.337864046219279
-0.147867294440604
-0.253112982977968
-0.241473111685185
-0.300942805098697
-0.147335084312592
-0.199814210576136
-0.179539508298197
-0.266211120261889
-0.299096548872986
-0.250825445689958
-0.272146235973299
-0.18204923490886
-0.278072886959819
-0.145004545271439
-0.219999854022848
-0.256760723729823
-0.281760327268468
-0.236411037117153
-0.0738887769012502
-0.319452197436134
-0.232056787536601
-0.0117297899169359
-0.137061702577466
-0.33662772964481
-0.0615653274737112
-0.167236706652743
-0.278313094610375
-0.265753786129854
0.0252041486037725
-0.315598944884785
-0.224153702140139
-0.0860253680006248
-0.192495865323366
-0.127948311876809
-0.175432113116067
-0.173645246809593
-0.1295534682072
-0.131178391394108
0.0996933725178031
-0.0444872110676815
-0.07736489485225
-0.175999118177516
-0.135951624840726
-0.155292027318943
-0.169804166997454
-0.144868436109474
-0.123208347255652
-0.191937089992125
-0.00967433671127885
-0.0564373456868871
-0.0411474607773139
-0.195903176713707
-0.242575926728272
-0.157621125110323
-0.104446906863798
-0.0664478726745165
-0.128522171146064
-0.0952871249302041
0.059421959432571
-0.0765034727990053
-0.12355827824558
-0.128670051446121
-0.100189389705595
-0.206982865932625
-0.254804827780886
-0.206447099642479
-0.198047485975127
-0.221233654439887
-0.139177857726597
-0.261995639130864
-0.19282128006711
-0.127586088851051
0.0609149452281157
-0.0695785318704149
-0.0132659810048252
-0.127117040208706
-0.043447352224544
-0.116430435544189
-0.00430804641392136
-0.111800911799499
-0.136933126164504
-0.151585023394787
-0.0769818422965707
-0.0235611162393742
-0.0854929381327214
-0.0504734879886271
-0.154281990432229
-0.187434243648618
-0.138216491281834
-0.0255212995951017
-0.0340783043922891
0.0122674127815202
-0.096083308947875
-0.112951019233916
-0.0134912724910433
0.00148634176053404
-0.321631889394064
-0.13733655459595
-0.257585733976017
0.00971258868650455
-0.0640037472286881
-0.0351521687849097
-0.0165197749623111
-0.0785698839371708
0.0740912506001104
0.0160499376959327
-0.0562701859318724
-0.00226843657311707
-0.180469518296222
-0.0321298490807479
-0.0819201254547648
-0.165572728884144
-0.00243404428280026
0.112485914458168
-0.00668650815162691
-0.137164216556611
0.0625236205093214
-0.127438753174776
-0.179531988391292
0.0243677925680001
0.00690486115824727
0.0207271310488725
-0.029602107765161
-0.0102882042135486
0.0322284020828129
-0.0320928828269316
-0.0724829999996219
0.237985691607569
-0.153338389554871
-0.0255535310947776
-0.0431533701377331
0.0592863740331442
0.0573091521774467
-0.0626274116649327
0.0151317829433338
-0.127176865705498
-0.0117179194732432
-0.0168503850365309
0.060771115246025
-0.0428292963781289
-0.0200925853417724
0.191210495346753
-0.10333534565766
-0.0440149678627886
0.0201073251404242
-0.0629468739408145
-0.00976793146992923
-0.0484449937757612
0.181969442335077
0.0723607415220478
0.0466180673493591
0.201569349890744
0.0500087792675848
0.0262790310202881
0.140752626716262
0.129556432965507
0.113334709595862
0.212309565592361
0.113489631366528
0.0472968958035739
0.195493134718524
0.132686194473729
-0.054828314920936
0.122791137231558
0.0619536146047053
0.0590670079257465
-0.00394759601154284
0.0928998007748698
0.105022468597182
0.142956888464696
-0.0221926558647383
0.101996488482837
-0.0201747152299726
0.183568851080125
0.108775283822882
0.134057446705397
0.197252864398971
0.0363268975824434
0.137217186798158
0.141750092066134
0.124479583167316
0.226873512071004
-0.0114984377228288
0.0156033835821229
0.0539310567512876
0.0484655601263253
0.366507103643717
0.250128208024821
0.222670128565404
0.0406064779186134
0.170896787084048
0.0298865349114295
0.132184553532858
0.265237315658238
0.00338604500372941
0.00328060648534104
0.0888183704768284
0.187004353094768
0.135831085202507
0.144699313149281
0.206161388180621
0.252063891971652
0.190055982827768
0.219100252599184
0.0673260491064182
0.192761619083926
0.0850482044458731
-0.013981918338998
0.111947867182649
0.0938002961451262
0.184349332303832
0.246047697783631
0.192312662453891
0.189100785886964
0.262257584505342
0.188559051578046
0.161624195693931
0.188303511385429
0.241968537775329
0.201419947644683
0.137782737336572
0.109671338284671
0.216357091219203
0.223335467057963
0.220227574902564
0.36232202744869
0.235498379701188
0.00733508223021101
0.228503308478213
0.210418672761571
0.368356898745315
0.131762795954766
0.235449911458595
0.261111900146189
0.158927515708288
0.38344830914954
0.279234468293259
0.208314594613309
0.238622309645818
0.167983484632877
0.304862663906904
0.43718917730662
0.336957090745443
0.153370104239201
0.249757072813149
0.22495632218141
0.325965563275151
0.282046059568762
0.380089017175112
0.169790485712561
0.327399791538493
0.34868338376352
0.200405837653784
0.187193485596406
0.255204005218705
0.352679661841193
0.23412673150939
0.403326784940974
0.284227930584574
0.4400379620143
0.270340514751268
0.285493605749306
0.281514215397122
0.268276747260705
0.209675949170497
0.247831119883185
0.207953875829775
0.364120886772491
0.394252915896667
0.369356226528488
0.255237670883629
0.458162144895894
0.534267793916269
0.396907268608755
0.365267743452538
0.345468948333164
0.078487107414564
0.344397847371476
0.397913993356986
0.186724848307239
0.42543789219649
0.316879656525518
0.359393452758056
0.371677987554607
0.320825750054887
0.41100068740152
0.272744394136541
0.347934632286475
0.290529819088282
0.289670861364686
0.382628847869147
0.309364910387209
0.374713584291274
0.364225030853252
0.254434921607619
0.423784081026247
0.333709270659293
0.287199943777742
0.322977774512557
0.358579109495184
0.404084283523674
0.45610814013264
0.298498625974773
0.387290831449264
0.398886734819374
0.524053353124701
0.437563406372955
0.405224461075624
0.378483883979525
0.411357382608934
0.35876006685471
0.390541500361377
0.475199818988766
0.293928184082397
0.482098046786822
0.39742688706018
0.357716361630333
0.345178446132106
0.37696768606465
0.457688251167683
0.434520586702698
0.492840543113565
0.333111003555439
0.27412056840788
0.367269698760514
0.596180940266256
0.400525551277774
0.571417760436412
0.335338878690255
0.29484071189408
0.365563201040018
0.433273682249601
0.404148407614065
0.406358097228078
0.342301534334183
0.453852875526177
0.458446076370031
0.651025251485581
0.457021669203816
0.478730564143514
0.488710689059453
0.395810837659486
0.515477414159465
0.42761813102296
0.357451339869493
0.545901216536635
0.602613216116663
0.270409034788044
0.513116626435386
0.45884703462564
0.588516642889609
0.349545740004593
0.410357472372664
0.565137068598075
0.40787062609215
0.510678157759098
0.512892595064528
0.388566157376389
0.545227985164174
0.513311442486394
0.522252735457016
0.274062963127275
0.439109445414975
0.422383058813209
0.345372091088408
0.572771917484301
0.398179169150171
0.480288064151062
0.528160235364773
0.424925936644538
0.344203283241755
0.581921929924876
0.454823780450324
0.414232100520243
0.561703384521837
0.460641422488207
0.495104437049759
0.336144903061
0.485358758381374
0.575415658144399
0.469712281563246
0.550367940343601
0.516102342953786
0.464016307447256
0.452919833539044
0.55955974483931
0.421427900903203
0.532630685772581
0.55469555349221
0.58877302177395
0.510505704493879
0.500879521811431
0.457499474310808
0.425883454655121
0.544950040474923
0.546327683755544
0.658579653769184
0.6527829980128
0.58976163775138
0.364057560210526
0.56620726823605
0.506629873339617
0.581218652481502
0.490225718543027
0.489056643583836
0.598067520458472
0.559998215332011
0.441914723019066
0.582730268927806
0.52369204596499
0.632061339384052
0.538447063955407
0.464347652059122
0.730988376358335
0.629867247019457
0.627957434228662
0.569134239517613
0.646548508440389
0.502917927175667
0.590562420055087
0.44587345410252
0.678862024076754
0.550127710820711
0.559936177476809
0.62941956172228
0.781293617086066
0.620355040372354
0.72440008075393
0.571231750261638
0.562596466108852
0.690478432506897
0.66774990572184
0.761482736290248
0.718213857896047
0.565097712626106
0.654581522802667
0.697445515063748
0.496559558509603
0.649442219497128
0.559861449208722
0.607887076874441
0.52962715656532
0.539323581075018
0.631624668010003
0.510707144147795
0.648670629441373
0.776978235635182
0.565380878118789
0.740986759021346
0.760539683848881
0.68421713788339
0.662018969535235
0.614573334707556
0.610021257986748
0.656766826229373
0.809544839788801
0.663454473897926
0.561690502422726
0.714618582664953
0.609364007006688
0.520369957053721
0.636315072924779
0.608757312464744
0.76708975283904
0.68343189495631
0.618975559644317
0.551240693628115
0.613995835585776
0.704075990598476
0.674572746125146
0.760665930445498
0.682659649302813
0.727519336295998
0.862676643016315
0.825346267690192
0.546240347328417
0.795688390612311
0.722221544539572
0.800646289083078
0.650274397770778
0.704783217682436
0.786440521538025
0.735756198501865
0.767117793780224
0.72916801323852
0.679182011693358
0.717981613943247
0.766601658317262
0.704745000076181
0.695799970722952
0.756593688071027
0.655772513395935
0.717492578621861
0.734851051631096
0.69205406885733
0.678886116506295
0.650513957631638
0.82196616469694
0.695376512347292
0.673329983492017
0.750484207350722
0.605269731206738
0.661705320044818
0.746616684703619
0.71013780342659
0.763280723842171
0.624486166325769
0.667042314960734
0.637487563747819
0.777163717867013
0.71786804879306
0.876513407923007
0.775504628745663
0.743741388011384
0.86861371410499
0.67342439479714
0.752790853542615
0.789591021579765
0.785239019014444
0.785828381160597
0.877493890992265
0.77871354639151
0.824909513908784
0.764877363485947
0.810828952492755
1.00216631658079
0.9105299097187
0.835966866607976
0.840876331522728
0.917597061754829
0.776405079351262
0.798267276585636
0.80787793501292
0.831046764133017
0.939937935391816
0.785739305083234
0.792713992089188
0.860239625240363
1.02982686696261
0.642626098268202
0.823407684717622
0.764634986024569
0.860159760628837
0.823633532323918
0.832997145106148
0.786150569089146
0.933882501161408
0.637338385735166
0.928437406240922
0.848854271961606
0.657412615565806
0.900861094733537
0.90676861174529
0.950640882290683
0.869115657443206
0.943094415299435
0.77671671188856
0.790124007188878
0.854814484265802
1.00533235808558
0.923391959619362
0.851791453255352
1.01648311922115
0.82919686993392
0.789021845838086
0.960616161570601
0.921688674359223
0.818807542435204
0.845450793159131
0.898226844577858
0.962212595961383
0.935767706114552
0.993590146192375
1.01840351081038
1.01782441524337
0.925006924692081
0.825393162101312
0.892095306396013
0.937662332661503
1.05769813003067
0.919318510148145
0.952700363230423
0.970864816454561
0.930029879358447
1.00213759967896
1.07312230377812
0.930769482532302
0.883892932652902
0.819263133604396
1.01062642590333
0.964279288474984
0.92844173318437
0.889334478891892
1.07431601105005
0.977285135132191
0.967978383262224
0.925447401037302
0.917152062602179
0.877659933359412
0.909292852026891
1.03580470453961
1.03245990828968
0.861052900468398
1.05617054993454
0.986493667865953
0.822328704888846
0.907521657176195
0.925669078447063
1.1039351758504
0.960738128102082
1.09281233152166
1.03544385787252
0.892904272685971
0.794168881812393
0.954985211827384
1.10130458263079
1.13140482773617
1.0846384009953
0.951482683117716
1.10486852058116
1.02336711404441
1.00641519738791
