"x"
-1.17846543542763
-1.08607918700276
-1.10885819321693
-0.88063374064803
-0.927982238595826
-0.955159396510866
-1.02724736517466
-0.916202573749707
-1.14969336443891
-1.02666974198874
-1.00105107397896
-0.97657283866596
-0.909883571664783
-0.861196731166175
-0.920656116247501
-0.973260662638063
-1.02333206605516
-0.973853142204066
-0.949016443853316
-0.89544183285865
-0.919905681180803
-0.99591236758193
-0.841387180483149
-0.903389316961924
-0.966492298621371
-0.833446684913703
-0.908397184979141
-0.876976781290056
-0.953800442726714
-0.964120699402348
-0.97118099841131
-1.01732543876571
-0.917689004993866
-0.922699968407472
-1.02865881028662
-0.954060117968914
-0.919876230065142
-0.917151999556784
-0.823007614007575
-0.825273033632526
-0.890061703809541
-0.794225636825453
-0.788969515727792
-0.790106447308914
-1.00554779942939
-0.906428547780407
-0.894699924052125
-0.944750293694226
-0.878308673524361
-0.867601004899451
-0.795754496802168
-0.994352006187588
-0.862454363355153
-0.864380935309128
-0.911543882656835
-1.04156489398653
-0.918892582438418
-0.929418442584489
-0.953107919931075
-0.890146476441825
-0.705310960754349
-0.920539228603993
-0.916849469792011
-0.760677586594295
-0.811734746727572
-0.699976278393895
-0.892056746023795
-0.844133010359654
-0.831403123945869
-0.824036177596464
-0.861174204539111
-0.827634077573836
-1.0703133454334
-0.96231754410572
-0.930586085941495
-0.938793497417964
-0.835942293765604
-0.727210511255274
-0.757543936678811
-0.823084878466681
-0.837000417669082
-0.825378554348553
-0.876820725791788
-0.816420046299338
-0.785780124572179
-0.731164124177174
-0.809877400991348
-0.876324129494968
-0.888267850991137
-0.797932480297316
-0.739334225926209
-0.739091445708417
-0.7730492715021
-0.649617439952209
-0.809216885254077
-0.921368440940155
-0.855523210572188
-0.701983764409305
-0.785683352142089
-0.741900521147436
-0.881868440329756
-0.807992498928754
-0.823748324109688
-0.864742264820703
-0.813031293245198
-0.882723496000452
-0.770713546397006
-0.809402148989727
-0.804070462677007
-0.781513085057085
-0.816059766258704
-0.811701716341152
-0.766151673472042
-0.618982474076931
-0.807313888298639
-0.885243281575202
-0.662292516417316
-0.704899521285187
-0.632721634892958
-0.679830864355729
-0.659196565413683
-0.77961713528372
-0.711556145063774
-0.794732188999631
-0.71590771225586
-0.674331674232331
-0.732134324255227
-0.57227435739659
-0.676368350547385
-0.782755092920416
-0.670770833560924
-0.861759727477257
-0.597983563013865
-0.629010610482558
-0.726524733306811
-0.794111474851082
-0.743961437954057
-0.697731918882702
-0.653642242987948
-0.765731093603105
-0.673790051669764
-0.781339569414662
-0.783509219920098
-0.847599781672463
-0.624105567715774
-0.761142512621133
-0.630135413328179
-0.77797691356341
-0.771257129120711
-0.73966335070152
-0.561552871983355
-0.654008874880472
-0.762709955833283
-0.596212473086019
-0.766149157678757
-0.717193014664949
-0.601973217406448
-0.720698330786405
-0.760579969907926
-0.734660062725082
-0.692295440300899
-0.798022332718283
-0.591909942253788
-0.604616721403337
-0.688474270160591
-0.546002661150509
-0.553235290315601
-0.702312580535466
-0.553115619473311
-0.762895671255703
-0.724383712432058
-0.663366952556045
-0.728226376228692
-0.556155636605876
-0.706912566225468
-0.662520437097888
-0.687479480211355
-0.619160867220515
-0.68380223287692
-0.656769334302604
-0.710573430286645
-0.606478145337401
-0.602624199248921
-0.580656807174401
-0.68745542199314
-0.616913764420275
-0.576618933242405
-0.65070479915337
-0.653570836040582
-0.836289716956256
-0.529371869990198
-0.681551719994654
-0.645956209010644
-0.662854782106875
-0.646499599868307
-0.660690324225691
-0.559729410412805
-0.727033666304001
-0.563315136795085
-0.566248148585818
-0.603644070908632
-0.708919344096373
-0.633475378401197
-0.645948914179632
-0.633623079109631
-0.664443179989873
-0.427991003521236
-0.527524415840079
-0.76474142169053
-0.650772589550855
-0.57625080852991
-0.482221054343207
-0.516598556797493
-0.499403167298774
-0.695898497149654
-0.417220058592354
-0.412522349064674
-0.717167872236705
-0.607435564441116
-0.562439214109107
-0.531563354718769
-0.485823637793198
-0.640065045541575
-0.417447550799246
-0.499648565383989
-0.634052161017528
-0.693302173298963
-0.490621030137155
-0.391849898141239
-0.42795652671984
-0.620485629126704
-0.565066097352471
-0.369753202891022
-0.575904094560569
-0.513177543662913
-0.551078570404319
-0.58296358869657
-0.430720052013401
-0.573156484407294
-0.513683311212292
-0.586429578310721
-0.429703993235833
-0.587919165811515
-0.483610853631464
-0.397363330460859
-0.539578518137697
-0.578110817331181
-0.569910003104994
-0.428353815238712
-0.477280160495279
-0.561059212092069
-0.530285363785184
-0.55110323851864
-0.540195719081485
-0.68547608442805
-0.490010420886425
-0.408902436593362
-0.356186877106483
-0.468401946976703
-0.542634049437248
-0.461822964798418
-0.41217130235218
-0.533839338731065
-0.399500586335051
-0.491740906483991
-0.43600180222138
-0.469333787667199
-0.47437325259312
-0.345668325702403
-0.360668186601892
-0.480806187522579
-0.546044977244505
-0.460953422940405
-0.295503273715765
-0.446186178844139
-0.413451273079761
-0.383317388958537
-0.501374739533052
-0.551286015983679
-0.458593227217177
-0.315837458378158
-0.384639803400821
-0.552895743074227
-0.421641761709381
-0.381929048712265
-0.373091985286661
-0.477379914846867
-0.485381831532801
-0.321815839672716
-0.368457490818948
-0.42284700607067
-0.579215681951238
-0.385386932822723
-0.407722881088597
-0.412064445712647
-0.317830837727232
-0.541577535757933
-0.365094914177042
-0.481653217014171
-0.490493169944032
-0.336874980474089
-0.400900776807533
-0.363645530635381
-0.390378005851371
-0.220500294096265
-0.225199490312505
-0.378391417976716
-0.450707481767461
-0.305452077062418
-0.483192087090726
-0.322220006185634
-0.571987790200216
-0.497257488896333
-0.260009345850573
-0.402398261131162
-0.306094229679423
-0.383982214243598
-0.531168320165127
-0.279569496753895
-0.304689274306157
-0.302268841812664
-0.336658519940266
-0.231072524295802
-0.216278122572947
-0.326244323500399
-0.333963412515297
-0.353043183597321
-0.296519847395328
-0.476265766377641
-0.342453298653323
-0.351275682110161
-0.313514017615273
-0.130856731240427
-0.401442361747549
-0.432464977254069
-0.449800030129884
-0.342604994898023
-0.384277906970331
-0.284311425350606
-0.404669797820739
-0.282406687711428
-0.417667481405411
-0.313913610499084
-0.255167265669558
-0.344442649378419
-0.272141597214855
-0.420911945332124
-0.300703065562816
-0.248946751662472
-0.288624147257767
-0.488526856942902
-0.349155689968701
-0.275702972743973
-0.228990389041266
-0.270037293769908
-0.339999227975021
-0.290376344633502
-0.337176696510849
-0.185328838078652
-0.324349064026207
-0.255930110204665
-0.402775797020434
-0.342852029154639
-0.324266179985595
-0.276850428911447
-0.388530579711109
-0.27883183275703
-0.259097138220717
-0.120172928223936
-0.124614481866339
-0.165267386084076
-0.314885312208276
-0.322571968183158
-0.218636024157902
-0.324791845899631
-0.171016342586537
-0.292970963890295
-0.0588494837086262
-0.279039802113081
-0.457063546465777
-0.337907661972532
-0.228137214443142
-0.183410103400691
-0.399231514574877
-0.379284907937617
-0.251476320774112
-0.155198644083047
-0.146135793101756
-0.245180609284777
-0.182325716892322
-0.273527096706908
-0.138117643837882
-0.128895841758556
-0.367259157186065
-0.177361681675767
-0.293053689897792
-0.201058455876105
-0.175492189427131
-0.178969009539082
-0.206952357765841
-0.115285868880369
-0.218117591913254
-0.331559970459103
-0.219975763524409
-0.0520554000998249
-0.326407144469653
-0.17147352339081
-0.216540320515314
0.0125169128390625
-0.187554774558771
-0.155060481731089
-0.0819067510680581
-0.236243902975004
-0.222285399012442
-0.170392225730467
-0.34807411047831
-0.104626666380636
-0.310312385039623
-0.146479241258223
-0.0952078599931125
-0.244588821964365
-0.136115007959255
-0.215004457666384
-0.247476188060296
-0.253960157673221
-0.0919137599992067
-0.133227647107789
-0.0262250729304926
-0.177171022027405
-0.0358837115454212
-0.227364484433007
-0.288435807261046
-0.222491168054722
-0.183250738704406
-0.229392586029977
-0.0835429837691724
-0.174286286952737
-0.0277548268218217
-0.0669922426378611
0.0480374317404665
-0.0113645132007294
-0.126127710149822
0.00837986660960095
-0.187941076282208
-0.187673980477729
-0.120123760782782
-0.116803868904226
-0.0217136933901029
-0.186283380279276
-0.0599930626744734
-0.122660524718373
-0.00667164394445336
-0.168661311776202
-0.193264679389266
-0.153063508116929
-0.0678377972088823
-0.0705452616105398
-0.0130559870176333
-0.181746781523819
-0.191078525079393
-0.142356907429959
-0.0338387452684601
-0.18441705061565
-0.182702264770897
-0.167852896544544
0.0447973493674007
-0.0843061268177029
-0.0473362539627014
-0.157041184070964
-0.159377080387384
-0.159020468369981
-0.155330969060414
-0.202928019874233
-0.12156403420301
-0.0759392990863355
-0.119228586675052
0.0773496672572162
0.0210618185526275
-0.136671895559824
-0.111803530158687
-0.119655830116279
-0.00895449630625891
-0.10217539304719
-0.182729348746094
0.106399645305332
0.106898261611241
0.0684991468790842
0.0358044630206838
-0.170975661718473
-0.0635196625882652
-0.0348075433171242
-0.029157916969824
-0.0126379232423058
0.041556756986166
0.0417523418188206
-0.139416473240759
-0.167604295822598
0.121172786582883
-0.081923974303601
-0.0236023579319941
0.040548889369029
-0.0857690886536803
0.0550108264770601
0.0599204517372368
0.0301351669659224
0.038854514508254
-0.1007349084733
-0.184615928098568
0.098166941362352
-0.105730871755195
-0.00995300352833788
-0.0129778115955254
0.0675222461963282
-0.0833124127556744
0.00837355389125079
0.182957629266375
-0.0258417294228655
0.0570534609678614
0.139942862930379
0.0642032907837707
-0.00306064488152979
0.108481420815717
0.00184078344067369
0.0299203029782974
-0.00149157038883264
0.210382947427808
0.13874260154756
0.124758626762049
0.0524919127598487
0.0831306461394427
0.0939342463977332
0.0558900568084578
0.0411832709768381
0.133711877002809
0.0542614111086648
0.127320841180335
0.0299927084282638
0.0191758271442647
0.105273123608524
-0.00831704187552759
-0.0211746037582487
0.154807472693285
0.0960688410002763
-0.00500507582108726
-0.0650252720066312
-0.00735509478485175
0.195153330839831
-0.00403706717008033
0.147896750339789
0.0045313655948137
0.0332401703523625
0.0762264747023046
0.0318348412876652
0.156832605183323
0.106286001656608
0.247353094412126
0.0337870361770872
0.177729792395129
0.0232393653666191
0.179207080481593
0.0258936189527229
-0.0930089175488908
0.0979962626636789
0.110253152938232
0.201718166371589
0.246724520254676
0.235718110063671
0.0133654562719282
0.116755335085185
0.225260733925878
0.147956941289786
0.121584199650587
0.127784248046175
0.112179076928136
0.142997131104777
0.15525447796595
0.0359469197335285
0.115787605946995
0.201466482584459
0.0764986499210424
0.340775036498043
0.049710887441778
0.21170339052473
0.196780276551472
0.159930814883217
0.119434078772944
0.216126425473593
0.122289563425002
0.138708569907128
0.313603967641894
0.312930693694993
0.256695690419338
0.104820840558169
0.0764860550928422
0.139542817707068
0.189987377466838
0.128454427300754
0.224405245098561
0.143558144383438
0.304000035551014
0.109516040020102
0.0754812132533766
0.192222162166351
0.182015523023556
0.361619774372807
0.325499244514172
0.199529780164418
0.353207680414997
0.235161886558328
0.245130054162275
0.253499182980503
0.21541938099201
0.226658069404065
0.15073181460619
0.265370380525793
0.319831714442617
0.283990781536605
0.230520999537342
0.328596900194335
0.259748079342636
0.348292962632578
0.200751021117934
0.135597116015319
0.246733336069245
0.266572293892088
0.304452007984497
0.157376392880881
0.349532582447839
0.21054035262785
0.295453472179964
0.272002682309811
0.126534827667416
0.0947105969599561
0.175614060056286
0.397194040685044
0.272085565852362
0.275010543928511
0.308026572967735
0.360496138076087
0.23031222854226
0.0998540465959271
0.375799793471239
0.305996820958559
0.216008117854558
0.352295939011305
0.0575150045015792
0.322284987239134
0.18190565820987
0.257508463102442
0.263874412928357
0.279919176692635
0.260965473621146
0.384914092856415
0.330820530482187
0.379171661038159
0.399302478872302
0.449697679268869
0.223458108254475
0.406208051110701
0.277540713994742
0.332902126581714
0.219168235640487
0.407549865447341
0.221925763447872
0.508919145510237
0.446774847008261
0.279618833557752
0.343802054808683
0.390939112493158
0.362764920646925
0.234198940649535
0.272613135733935
0.310043773143011
0.3367455513882
0.426148579936493
0.401102840942359
0.250442086839431
0.479304928172311
0.447872670638874
0.412267871635466
0.497702876045766
0.497155171277935
0.332696766131328
0.410220860211166
0.540695734598008
0.175822891640548
0.357971747171845
0.424222548067326
0.265405849799451
0.292040076361137
0.240011632753507
0.538644532924994
0.402367306367515
0.314004719391643
0.49180945425546
0.395315195178186
0.400111224771273
0.393411051495378
0.436726590921193
0.34243755858511
0.480971731088483
0.414516623849656
0.453387817962838
0.39905325135594
0.441136933155482
0.372340621822411
0.385007265765836
0.449853565571745
0.389526189648505
0.415124065253874
0.417867101076722
0.286133343044023
0.383140139303176
0.39359149574105
0.493466347109228
0.383611345586088
0.466110630277488
0.389098440779455
0.413791137087985
0.430572719017733
0.271825889396837
0.384980673923919
0.555081602300155
0.468855920454486
0.552328840186814
0.626078368842967
0.448186547452057
0.457023330412611
0.342823112695522
0.540673971560368
0.47815849189747
0.326306274059337
0.569439044031096
0.520480873965991
0.479639318740051
0.579439698240179
0.44249817867655
0.525914902119313
0.530126815984561
0.565813282766183
0.452557074301131
0.563785921548076
0.431244783584909
0.54976864460907
0.408467929266671
0.395512915111463
0.434924249803579
0.741532915063299
0.527061107540897
0.514332598995288
0.422935111532811
0.499745585551655
0.562164298954988
0.560193126539426
0.392583600631192
0.564928026945165
0.661230546294447
0.438672457087826
0.456887408479232
0.446668243789561
0.391788905068288
0.522768869672645
0.573796386693334
0.482349094587202
0.526388626262831
0.513118750309764
0.447900668459328
0.440900757645461
0.53455426618353
0.540998217472456
0.597631661516504
0.640640289006485
0.616972277017177
0.359622543143933
0.512671787389013
0.58705492792215
0.604461366109003
0.601342323615869
0.428695748398701
0.566018879805023
0.620741675281345
0.607852368545654
0.550137945151503
0.637757471374038
0.571764303969533
0.523900535834263
0.608334332763665
0.553606387505237
0.662178635172491
0.551182191466143
0.596151302352671
0.370269516255478
0.481007585126533
0.585748247155259
0.551562918574105
0.62679417356055
0.539138040485214
0.585940200778219
0.523075750402046
0.581662491410738
0.627248820003757
0.560584109866721
0.464750556023139
0.83413180228763
0.645320769202761
0.585734807887936
0.593103505250964
0.724522432701605
0.518865539370539
0.722875067527812
0.598117592438029
0.587942968205018
0.61983904198158
0.60676097209861
0.611597405127043
0.642791210062328
0.72251846764757
0.575854329075699
0.717748000180221
0.571050084676594
0.585293355700374
0.673230878324062
0.607585562294721
0.570601494453866
0.780233278991842
0.721071314715729
0.611391429880238
0.667691015593926
0.685404061056773
0.71174675530654
0.720088087184046
0.674789222107864
0.755778141577336
0.762994772753325
0.732439284495294
0.567143209921407
0.617559010619537
0.721634718699179
0.728962868158261
0.718367964537918
0.65532684974479
0.54209323072206
0.638805112346509
0.780119322359853
0.608046172782955
0.724762573030775
0.702433403694867
0.814152155703617
0.664814595707111
0.625715917201987
0.575741590305894
0.760094462252807
0.738722081662443
0.604730299886867
0.677149060806802
0.692977273162979
0.68275251121053
0.712909584348743
0.659859693702317
0.730612691403713
0.61858329058553
0.888730364946757
0.631058859087774
0.539032718519547
0.785958197481391
0.747537752107536
0.782317289021262
0.670581655036163
0.849818571059511
0.688013343809921
0.742914482592449
0.715959537019252
0.72711122751434
0.705965153434617
0.836875465534417
0.868811208134021
0.889172368038129
0.757129493237408
0.652908555362257
0.554875958279013
0.734586397693114
0.732514603808551
0.861144087784322
0.761630206289122
0.709261100681121
0.857154282157794
0.697691150438728
0.864387150090328
0.76883099987582
0.663630109740734
0.842991122748958
0.71907939927267
0.945390430111707
0.751056133698682
0.676492900788698
0.822060342460036
0.84329556503569
0.681864771312467
0.764238118282566
0.745228531511824
0.838808489807563
0.763703234898192
0.814698213963258
0.682530662222999
0.651020134614874
0.846392712999854
0.828305978720529
0.824179189381776
0.854625464318064
0.853843895243129
0.91725638519933
0.834663473177161
0.798523311658739
0.916719202373376
0.96544586664585
0.773505424515231
0.901264032643519
0.674256673263628
0.751079672275708
0.841682772579272
1.02527705139246
0.763282289595974
0.872388183531556
0.812960332040454
0.686110046664371
0.852268446799788
0.93556680567897
0.773958374702868
0.7698374565383
0.892400662791011
0.886013863416243
1.03089182323411
0.874519095758829
0.896965751614468
0.908401853114129
0.984147427646857
0.823239349989215
0.853024429907174
0.940339827638144
0.77103701169681
0.97537658342305
0.942580579178661
0.697126712008002
0.888397397511573
1.0381959724588
0.902465256890906
0.73050733935476
0.956646469531204
0.796021609239728
0.90693841241283
0.874315237474852
0.772521922738115
0.864137618557889
1.07860746767047
0.849833702317894
0.80959295283405
1.00146377033685
0.92913371582461
0.883437047215907
0.953659981117825
0.893959579145394
0.886701139724953
0.925854920522786
1.02728593883987
1.05837105903485
0.82012298838366
0.908260745042781
1.07220233124457
1.05172672698004
0.980923368187146
0.995371114345252
0.943066214061564
0.812341242964341
1.02720830269428
0.994721727128556
0.872233487090764
0.805414719385853
0.998399331553256
1.01246280378179
0.809193570281391
0.768034550635736
0.82547624283975
0.945304041411288
0.849319682161088
0.966244777525134
0.832148984283233
0.981600301934124
1.03153629286405
1.07478595784327
1.007352732751
0.978765934642564
0.986025929940108
0.985844391878676
1.01950135076176
1.04618758314248
0.97002150734836
1.05703504300652
1.25783632883158
1.13801273084344
1.0040231771952
