"x"
-1.19978920660531
-1.08190431591203
-1.10971100088371
-0.874217899237063
-0.932033676858791
-0.960550018049821
-0.990204675314645
-0.921534961313592
-1.13709244423846
-1.00313281430805
-1.01048158754176
-0.980757687041619
-0.908487171789685
-0.85376538370541
-0.926172902568692
-0.989683909456237
-1.00854453669439
-0.985568948298095
-0.947823318158125
-0.899676288790581
-0.922617281716042
-0.999717502269848
-0.820567992774666
-0.903565136079719
-0.990688585213321
-0.84182626082304
-0.916415339855267
-0.893244961877752
-0.947256264087111
-0.955001271687114
-0.977475468331447
-1.02474417949585
-0.918320806766245
-0.915819794582782
-1.03604873403072
-0.941627607641437
-0.913849768947134
-0.924665547492081
-0.817187952807389
-0.829003465071993
-0.902294929126668
-0.782918451003123
-0.794269531535259
-0.809253718608073
-0.986529664043231
-0.891475021052362
-0.891440318416468
-0.960156928305976
-0.880349384692179
-0.854459866480255
-0.814923161565649
-0.971364891217031
-0.871061511772594
-0.876780894305161
-0.911947909327812
-1.05103517975573
-0.933067834271807
-0.917288855104105
-0.966741883955711
-0.928822991398044
-0.707726882000848
-0.940299293209825
-0.890067426514452
-0.757205605565288
-0.794670241081981
-0.697893816251068
-0.912931322709684
-0.850730331186316
-0.831350847734132
-0.804981120464349
-0.851479110947483
-0.834357118996654
-1.0673343776505
-0.947578866166359
-0.958949268875569
-0.922743747258175
-0.860664876228505
-0.728697832086984
-0.774677204116119
-0.844483355048908
-0.827287113543875
-0.84062975490811
-0.864652144118268
-0.823938219802836
-0.793526675532512
-0.724462016772577
-0.800393880211977
-0.899440045455287
-0.876500830602775
-0.793418237698707
-0.717800921572614
-0.723122611901163
-0.781123091141626
-0.643481237658959
-0.807954626820763
-0.915583803011185
-0.853140616873755
-0.715034082127762
-0.792937480976354
-0.724096838415356
-0.873943613666662
-0.790074293276094
-0.811213013784442
-0.879974435404015
-0.805936775394713
-0.865393431945916
-0.781904512837633
-0.80168116461549
-0.817851776493821
-0.781017301725609
-0.794005659239247
-0.812804182668307
-0.7591211473304
-0.617579484643011
-0.777926590851679
-0.886186812150078
-0.663186216605303
-0.717947619246806
-0.640573188118327
-0.674973710897815
-0.651077115971885
-0.78574049635038
-0.711187807081837
-0.803738216997946
-0.716894601058619
-0.662808243396808
-0.725913902702456
-0.585966692283
-0.670456269963143
-0.799547355011934
-0.670537631527776
-0.869418872860229
-0.618929275672401
-0.622931285366878
-0.72680556407023
-0.77203259067469
-0.737662818197156
-0.725573611235522
-0.655967362768127
-0.77071550021895
-0.663432175455648
-0.769162000226459
-0.793338189671568
-0.846246432908429
-0.634174978479904
-0.775173821324828
-0.640450458158419
-0.777379209973406
-0.760809150432681
-0.724192187977244
-0.541495150887818
-0.656633939164813
-0.786083639527397
-0.602179266247902
-0.755793013659204
-0.710236848639967
-0.603363195300446
-0.720496056773383
-0.781330548715523
-0.75659135769778
-0.688364990444829
-0.79103779434245
-0.605804356191957
-0.595915343142738
-0.684167285567754
-0.566423700125155
-0.551678874738204
-0.717505872961914
-0.570915622339341
-0.74860236989458
-0.709366176377472
-0.655486624152897
-0.72245253301087
-0.549982041734705
-0.71501474587957
-0.662713847021539
-0.689168068468872
-0.613071422599832
-0.678588882653874
-0.656836999206884
-0.703303433235707
-0.629591865157324
-0.603337837971326
-0.578279088665912
-0.671540602818485
-0.626960279023944
-0.609664263888618
-0.667095007244977
-0.641825441452732
-0.836223110041171
-0.503912829869276
-0.687857378391932
-0.627071895548396
-0.649711657586617
-0.637011381697143
-0.680508804743468
-0.564426216136696
-0.72543930060259
-0.556130861054411
-0.578334123447913
-0.602653499666366
-0.691441148634746
-0.631579184767233
-0.654930812576933
-0.633551967969001
-0.653374314801801
-0.422652687703986
-0.492729795393436
-0.746809345857381
-0.668067301786478
-0.567518460246482
-0.476438852173706
-0.523134244407661
-0.519863351443447
-0.702747257698895
-0.432423038572439
-0.424495315549645
-0.718687295084758
-0.611474291088435
-0.537291292504225
-0.527288369635538
-0.488853871418986
-0.625535737200049
-0.426421462349626
-0.489246800674563
-0.64165696530182
-0.694220587020999
-0.469185040277257
-0.388533179031733
-0.41895822085919
-0.602947435657059
-0.554363741185497
-0.366858892494036
-0.570983999817262
-0.508977919119096
-0.563249529071706
-0.583794699063065
-0.42442119304665
-0.578121947411724
-0.522584825094143
-0.566483737563703
-0.402870349559967
-0.578276830631095
-0.491041239435063
-0.386901822805234
-0.515674597841565
-0.594004301882912
-0.561562615562857
-0.434507590628917
-0.474508249378922
-0.544891048722816
-0.522506194410186
-0.516524735427276
-0.53207025604849
-0.684439400530895
-0.47227072782097
-0.413834623479327
-0.36231437936659
-0.481083133117066
-0.534987598500586
-0.472373005632585
-0.430147493235429
-0.544087208535162
-0.403553512149708
-0.491968049139392
-0.430604279782277
-0.474650239710837
-0.467599086985749
-0.339320261776266
-0.349323898044228
-0.510412592893
-0.525192772964536
-0.472558910136361
-0.2987096951019
-0.445919689942374
-0.408504163285618
-0.385798750220148
-0.496763351603867
-0.550838441390179
-0.446294797476656
-0.320501972533398
-0.368475750481782
-0.52651659468704
-0.436627926161529
-0.38775111955637
-0.355972187858726
-0.476285153497846
-0.463088151299162
-0.310357303272443
-0.344348562297414
-0.407823383983442
-0.573514340252318
-0.389014692094709
-0.417920212616217
-0.428999390419125
-0.308663564017017
-0.540184603986114
-0.35947064705614
-0.483758120430796
-0.463772422035503
-0.345488835473207
-0.405691431215292
-0.362029616394837
-0.405220818334361
-0.220653911356821
-0.223378951731539
-0.3803568336124
-0.440874015129761
-0.31700402216389
-0.470973775440745
-0.319730645268821
-0.561114501860551
-0.491510022859369
-0.248864011153187
-0.407863580234709
-0.282614841575454
-0.393751160816025
-0.52802624551784
-0.282189334377621
-0.301438336205866
-0.291944080686585
-0.336428646917133
-0.224060542642909
-0.205698424323868
-0.337292974553914
-0.310993570265895
-0.362612814672644
-0.311144193837647
-0.483776146586165
-0.329141231032849
-0.357081174203038
-0.331163356940086
-0.151403764231134
-0.395143911523549
-0.438384447152696
-0.458285015197397
-0.345859080397916
-0.379869419907549
-0.295042869083606
-0.375704399953765
-0.290904848249905
-0.40235440371976
-0.303545564356444
-0.260802658404692
-0.325235642686712
-0.272546390046439
-0.431417717286773
-0.298055873675926
-0.258974144509081
-0.284411438580212
-0.483673390029992
-0.355452488516479
-0.278389309658842
-0.204203851746763
-0.301822755703427
-0.339982437201104
-0.288913146708395
-0.349131649183665
-0.200233454511948
-0.316516457297307
-0.22934814931059
-0.400218312981645
-0.360940746801548
-0.337477749393858
-0.274373111314542
-0.386116554317375
-0.286466098607401
-0.266973720607536
-0.143877868041503
-0.137361554179143
-0.145951076558518
-0.291482138328263
-0.318660574321019
-0.219230836696538
-0.309798915486352
-0.163978177609582
-0.267543132729395
-0.0449942962372288
-0.277769558041315
-0.441367893996548
-0.337561569864004
-0.225928753563883
-0.173462547395588
-0.386358642630946
-0.374269841975742
-0.241337116449155
-0.184695660715256
-0.155191343873222
-0.233027152105409
-0.155809742244016
-0.276439281631058
-0.141343638028009
-0.135737067938171
-0.349879412540382
-0.159658335489545
-0.292747292576612
-0.205826045667733
-0.179078196307399
-0.202580130304835
-0.216095925717646
-0.0888804403691666
-0.19938598416884
-0.352355554748815
-0.221961783164322
-0.0912671177736405
-0.333874214328633
-0.177317607406152
-0.19235684768517
-0.0114133247375845
-0.184916267406484
-0.156585452252589
-0.0751644540906787
-0.254632295869103
-0.190651866341906
-0.138662217835007
-0.360606782540337
-0.1124582975526
-0.308767987310923
-0.150770073415021
-0.0951281245455799
-0.242353156504345
-0.133081275479586
-0.241346271474396
-0.261079562412009
-0.254174423869831
-0.0885002751961473
-0.135857616286872
-0.0129219041548222
-0.163276026673614
-0.0361762092735334
-0.235760949369095
-0.296366640455404
-0.241891602983332
-0.159717159382218
-0.234576466605751
-0.0606418825330037
-0.173876110632751
-0.0194072431552914
-0.07184319220229
0.0456851979273654
-0.0108571019713337
-0.102839402632169
0.0146070388655018
-0.191973728545724
-0.191085253559137
-0.136868405376445
-0.106030569181766
-0.0276830047555679
-0.187654849277029
-0.0753888004868535
-0.113201517538451
0.00174037010894185
-0.188419276175083
-0.16259915812365
-0.153046745772492
-0.055292695034726
-0.0728813723672709
-0.00563156819143065
-0.189216938673829
-0.185118864518694
-0.130160178435787
-0.0256595672220889
-0.16365347146091
-0.172016011391103
-0.159967937129537
0.0412507100801935
-0.0743218679760346
-0.039609934893322
-0.162144673039476
-0.150830530782655
-0.152437217252915
-0.155690292250345
-0.212789844623402
-0.135691499983334
-0.0720040079827104
-0.113117689476212
0.0992102359641235
0.0274618086807389
-0.150818512180248
-0.107139604276021
-0.136518916686074
-0.0102617083868698
-0.101898781105703
-0.204942198137691
0.0895238798796108
0.112377021634119
0.0800436102931592
0.0425071281463297
-0.197448863999899
-0.0512529101906548
-0.030512188132236
-0.0157837478753466
-0.027389395245689
0.0478057344204838
0.0540918975326929
-0.170942910360691
-0.188217132305095
0.108610595713936
-0.0742044711328621
-0.00350580869678052
0.0595456808288633
-0.102417219599724
0.042740558569223
0.0289286637140776
0.00714053198508782
0.0305079575710836
-0.12494894142778
-0.178308028344539
0.105647156231158
-0.106932496150468
-0.0388632736980505
-0.0119618346540225
0.0602029376497921
-0.102258415415305
0.0218235395601361
0.172075366767935
-0.0423211468706055
0.0416249175644995
0.107586561923799
0.0679393754189805
-0.0275132171723532
0.111160781849697
-0.00424872979070935
0.0556423695395216
-0.00251017441407807
0.226941096130871
0.137846306256676
0.123876026024584
0.0779296123900919
0.0718395599349953
0.106631390061673
0.0405391490061555
0.0345827891131682
0.13859053758646
0.0504133048094975
0.106753107427304
0.0394548128493389
0.0283822721119543
0.105888247608879
-0.0170274535839861
-0.01643572651986
0.141273181991645
0.0824291172833276
0.0265887109302769
-0.0505679203051723
-0.0149869053213891
0.183571753523263
-0.0165977645010532
0.146873595975273
-0.0101937718980262
0.0281953294953702
0.0777452572492662
0.029856777514825
0.167548495711736
0.0995024416486523
0.241001999818365
0.0550665485691873
0.196600070222257
0.0209210386239457
0.153208227428283
0.0394547194271294
-0.0818618115509214
0.115647703482985
0.093981259787373
0.223089718953547
0.257614780655257
0.240672635383426
0.0066935705492659
0.12887604182814
0.224477382185531
0.126137970561166
0.113800450904611
0.145480923109158
0.11320277511952
0.140704521093361
0.143165923017371
0.0296130338114006
0.129657266488938
0.183602101402453
0.0746843747453503
0.337355529231934
0.0347434468852914
0.212172536315959
0.208381736893087
0.164012131989078
0.11046790544197
0.229808604998685
0.123241649620203
0.146088363251307
0.311449605808693
0.295895666504609
0.253008548292772
0.12651324713108
0.0869543539525913
0.138089018952184
0.189866303464964
0.147678254923763
0.221934361615401
0.162100432212876
0.299667005313375
0.116981643009915
0.094049154670949
0.220499350982871
0.180847566686206
0.377885627761383
0.332136968250169
0.21365953000194
0.348123260570044
0.219109234407682
0.257894638050711
0.269414340625887
0.244318240820081
0.200515447420311
0.148534252755444
0.256325160971355
0.307605835431557
0.273390206979529
0.251801549441882
0.35443853741555
0.240885349724883
0.355029641423469
0.215453999300059
0.146038514994776
0.229841327628691
0.313797854027472
0.287426250603705
0.162265958827507
0.34954707553591
0.23437665696925
0.28406259523405
0.289059773008682
0.133168695899862
0.0882037012528471
0.164362320745378
0.39462195243086
0.285385670478513
0.24723898756354
0.307438433017539
0.355419107409486
0.213029957657177
0.10311494744203
0.369289884618605
0.298552875801896
0.226735357858558
0.346975511614496
0.0741564761775091
0.326617564564805
0.197525465558949
0.237704822741342
0.281462496408755
0.278331281731309
0.254587385777993
0.380151724981323
0.31491840986329
0.419022192558609
0.399071779690693
0.437176778771506
0.211150253166142
0.392424854491131
0.298683099771447
0.341289357732914
0.191124793495924
0.375956345903661
0.23258879850375
0.538769716395347
0.459810463634935
0.285783703763499
0.345357899604679
0.358624968917426
0.35853312600697
0.248099398700657
0.262892236260073
0.310058348558414
0.325249030885224
0.42836152832602
0.390216915846324
0.277764690829986
0.46792935177124
0.444789946427194
0.409255066834039
0.470586246534959
0.480357786334044
0.354255138674429
0.405230924872352
0.527272824382209
0.160587839951055
0.373179464287033
0.423668970166862
0.260972852690782
0.283974976271417
0.231233513634578
0.512986117166136
0.403905754547078
0.31635227245138
0.486971755325556
0.402160364220406
0.401218565451845
0.376615682072483
0.445657391363561
0.361069335050265
0.495201253402382
0.427672484640809
0.427337152816736
0.377798739196167
0.435973665763738
0.370816023593407
0.384438537383823
0.465906376377548
0.377535282188482
0.399976364938475
0.417793527592453
0.29171311768851
0.373414258233919
0.42201191906294
0.488822487511598
0.395595524461938
0.459445971879096
0.365673096657953
0.432192911259439
0.439362291975505
0.285277415692864
0.400058127884864
0.557102299052764
0.482410724231378
0.572374436609682
0.638473467120582
0.448631072420586
0.452024343538413
0.349731700823283
0.553484804725947
0.48874713587254
0.342135796078085
0.581158209081438
0.494068379923495
0.468825224599919
0.590061678718097
0.435917634208079
0.526601489207039
0.530638902469145
0.572585231389886
0.433104383155219
0.558567745602239
0.422287525914407
0.557624665089917
0.427714014357067
0.372579781965698
0.446264565783538
0.737293592596373
0.525342720672394
0.510263686377335
0.414612340126674
0.497745819819751
0.560401457217974
0.556057126646786
0.381091700431628
0.564726013478664
0.682295488526731
0.448303409886836
0.465437938662758
0.447354851884376
0.37513177034378
0.535587416305936
0.569050208278661
0.480971704416256
0.546100281754256
0.527916765725433
0.449939405994064
0.424534766265733
0.525362222146369
0.555319870226016
0.588424713899363
0.645411011745202
0.640683156853099
0.386273097726643
0.500331088114449
0.56427329098925
0.588432055204702
0.586812901918438
0.442976283866817
0.576357310209692
0.629717914976511
0.61090513152014
0.563976662787965
0.655471075493871
0.556232624762203
0.539439886667936
0.611300467327943
0.567723311361504
0.661355440737174
0.571263677567313
0.606080128943837
0.373378323722684
0.466515168049027
0.604048865753785
0.544080602402321
0.635267486264154
0.521813971829531
0.563273758229965
0.537011112290848
0.558670719312564
0.603854274770823
0.557609059151176
0.453604582334186
0.81537460840399
0.662199323128219
0.566004141027666
0.583421952620133
0.703131599746395
0.511550892979636
0.697269855938263
0.60528633408065
0.593694010527961
0.594935543183045
0.645366399222237
0.609758324037461
0.631531998977661
0.720503137914153
0.573695027917239
0.741812756684124
0.532777001444716
0.573685592447927
0.686700493617387
0.598213477921015
0.592052392915205
0.761515737061488
0.743172885801051
0.595823829405864
0.662196049052721
0.666379862558618
0.725373590755434
0.717052006233985
0.657893799496077
0.75063671235497
0.766525574456446
0.731486796823402
0.553236968857563
0.612394558005823
0.709887625985561
0.7408676795036
0.739519876262605
0.652745439680652
0.529728490021191
0.632785393458643
0.772680313047701
0.616169450677659
0.721534122078127
0.71856495683707
0.82926804741455
0.641730308621032
0.623101638791308
0.598053657929172
0.765233859991993
0.748965276989505
0.610754667371285
0.662136743142496
0.695497140054773
0.703645070453541
0.721743817703517
0.642837122846577
0.738192246937997
0.599366578086093
0.874112048033179
0.61398253034547
0.546969049450929
0.755511303013932
0.739176464323529
0.74475787437572
0.6948842578697
0.83988648056037
0.695392417118008
0.724579960997994
0.709356516907494
0.730189373905516
0.716677259901701
0.833347538635518
0.8806053036165
0.879338907447101
0.743401380814839
0.669633902250071
0.557679256170673
0.737755553966933
0.730822366725463
0.824036434964258
0.754692807670201
0.696770830058913
0.877389471323956
0.688829756431658
0.851537271246196
0.763317270938686
0.651895853526881
0.843190947052592
0.70502495136671
0.95865189817795
0.753930105268723
0.670489864477393
0.821813885104607
0.841576345774571
0.700234620012191
0.763104913037556
0.738515497104565
0.872834053571429
0.759368092984359
0.837601834650746
0.670068443089391
0.650587144815751
0.869044547294658
0.827583263983605
0.804335205527092
0.837835235687932
0.842446053171104
0.924174610272042
0.835375701073692
0.800150365146465
0.899939377819801
0.951312294638907
0.771743309330741
0.893714801383021
0.686519163138836
0.761055606700801
0.826174581443229
1.04729571845579
0.750965605384319
0.886460683455833
0.82095104124316
0.706708292002963
0.86177144469473
0.926179435043296
0.783528895669111
0.768351615052123
0.87727789576498
0.863991011979345
1.01599913884291
0.870271560874726
0.894973348302962
0.906380833354902
1.00686896744904
0.810895949656117
0.852790866259071
0.935210924451428
0.757252942114074
0.962412716071055
0.939777040479612
0.686929483389715
0.86261900900747
1.0282885828726
0.905379539177722
0.74492309826797
0.943051124356
0.807476623362092
0.891365380254695
0.87891411714991
0.779269954558095
0.874282816550217
1.06851320037537
0.840181153346469
0.819084510973915
1.00873237446747
0.937608000500908
0.876528696835427
0.964939101789415
0.883664532731999
0.883027154237247
0.922732571508268
1.04752630681359
1.03747246425372
0.844453076076703
0.90389786358454
1.07684497930106
1.06987334072329
1.01393308560469
0.964540019925895
0.95195256303619
0.812746396326657
1.02449872546599
0.974030739352614
0.896146196821856
0.813712100013088
1.02590022214326
1.00572215535515
0.791005393734109
0.761023096484644
0.819876020949992
0.971255582730781
0.837587418973659
0.967309192015909
0.840206214731696
0.967343098877714
1.00946367824242
1.06316500838408
1.00745894203842
0.995741619921705
0.98140066799258
0.956159539576126
1.01695519589396
1.03613342968779
1.00071093109398
1.05591861297363
1.26029464942147
1.14856536338369
1.02039376258765
