"x"
-1.11322949591312
-1.02270003830501
-1.04366053406834
-1.02983551799932
-0.933128247380041
-0.998840182668041
-0.904541313591163
-0.96792769287633
-1.08773314147834
-1.08844698187427
-1.02531143867426
-0.980671890512449
-0.919680071537731
-1.04004543161659
-0.900541258972419
-0.981381635707612
-0.920737007719653
-1.01104560530028
-1.02432114817602
-0.909771844003387
-1.0924580855314
-0.972563827451077
-0.892148553022456
-0.846345217162578
-1.02328862804121
-0.906461757165966
-0.893447467471073
-1.0135770891379
-0.967206862196017
-0.933694376041645
-1.05603135661184
-0.86938037722837
-0.893194572456894
-0.820220784469259
-0.861376878442891
-0.894854091789773
-0.80778452088508
-0.915959939715894
-0.887056395578372
-0.963225384819442
-0.880070687673736
-1.05985822358938
-1.06059887408556
-0.98914130986289
-0.835195585169745
-0.938933378835317
-1.02113356871793
-0.857157282801056
-0.785656138783193
-0.908267584660911
-0.894654359061311
-0.879476204384577
-0.847457274387669
-0.843763853047421
-0.87366141396934
-0.817889420441473
-0.924325394863726
-0.823364660408793
-0.975611841874187
-0.975097839961169
-0.832938609528198
-0.886730903479161
-0.905591652527334
-0.83438392210156
-0.89508774517097
-0.951539389718765
-0.90496454995099
-0.816640967131851
-0.905422945955143
-1.02543873400798
-0.958244758852096
-0.901792484391685
-0.958489848264184
-0.813040953124783
-0.811597659876575
-0.877459678383897
-0.890527220153082
-0.892285110006141
-0.887464219979704
-0.664891521372884
-0.874942412580158
-0.847516889069894
-0.821653363070532
-0.864994870070383
-0.911215091138544
-0.835656437077211
-0.791557779456468
-0.871572765016611
-0.786694016620965
-0.912948658358238
-0.799539561533801
-0.73344835123082
-0.859271889174391
-0.829848562967757
-0.788698104756324
-0.864176288200383
-0.831995064202123
-0.712126565511906
-0.76594797776856
-0.706760394492334
-0.855443754458377
-0.76184785905527
-0.752835794207334
-0.710144275881988
-0.72873125681123
-0.901465950244339
-0.642730649252534
-0.706844421414805
-0.733221284879238
-0.798113180360178
-0.841381415290591
-0.859958202598523
-0.777712075742044
-0.811467244333646
-0.866992615849045
-0.828482098104086
-0.872271515297044
-0.582346207284225
-0.787896105082554
-0.748772926689209
-0.753680924135918
-0.868746881141526
-0.827440549644066
-0.59952862061149
-0.459480854336734
-0.674048038585326
-0.71131153984087
-0.745001639227238
-0.738114433751871
-0.813890718544059
-0.750630117773175
-0.729830799982069
-0.725178366766092
-0.706941326002262
-0.640920708539174
-0.803288249214335
-0.8050950514641
-0.830017944351128
-0.572872725386899
-0.686757285187512
-0.659983640546888
-0.728997539951339
-0.697687660235875
-0.661563740544477
-0.640834325875128
-0.749049383721997
-0.782311938375709
-0.760994058154672
-0.652925889871792
-0.575160946927246
-0.558087378899623
-0.66209204831375
-0.694811062271765
-0.609563324534206
-0.723475359712572
-0.683244457431519
-0.81694056434411
-0.782174323466058
-0.570227101392657
-0.657066479965395
-0.70010720803751
-0.70011861744711
-0.789548593185751
-0.80569169081487
-0.687801764777496
-0.80903335190665
-0.606589185182246
-0.564117241273443
-0.672670882410716
-0.546305214417675
-0.650695971993366
-0.641354457799221
-0.625514685941217
-0.591340811942289
-0.653640406195809
-0.6613544131875
-0.528829291495009
-0.612288284923256
-0.533982610577634
-0.746414623337865
-0.696197300100383
-0.699354464921735
-0.658276468803496
-0.604923488294586
-0.577295748193469
-0.590359062030587
-0.627426430104241
-0.671172369838623
-0.567996798912586
-0.696781598826128
-0.601626646126122
-0.58870715523968
-0.617779267383401
-0.457875677128029
-0.599856509875612
-0.641375684272587
-0.620531455828774
-0.638515481630419
-0.667517674015861
-0.543073315535667
-0.572615588578193
-0.593662666129338
-0.653090972904762
-0.604138805649451
-0.492218967649816
-0.654436149647652
-0.556212677756282
-0.586787283159361
-0.428702743846007
-0.541195189497441
-0.589439996133035
-0.529056096985873
-0.444552871554089
-0.509399132861579
-0.549829115511509
-0.491662536756483
-0.342800250358755
-0.536933648085022
-0.555303082154373
-0.475500709285562
-0.588999673047589
-0.548856999351793
-0.707067273610317
-0.551926039500185
-0.573619381849702
-0.431041490631057
-0.476208062467354
-0.677197886251627
-0.445105597123427
-0.550722036587697
-0.529858766072718
-0.585674464577099
-0.439175588482165
-0.554738322826109
-0.54444520544741
-0.538120630558474
-0.381052681516569
-0.446779412814967
-0.513733460237622
-0.526257769349886
-0.48749758900322
-0.52897362455916
-0.679389969832463
-0.572465277495218
-0.439484979778933
-0.674407316061186
-0.322036038734075
-0.601961426463668
-0.496977512838616
-0.528905089269698
-0.38628258726732
-0.646300064384344
-0.311623081758657
-0.714263990313507
-0.597919658988794
-0.459758097601468
-0.487171339662785
-0.524734440166425
-0.466792029435306
-0.500790286012837
-0.415570687823683
-0.497166670482104
-0.462368306738841
-0.281402488729876
-0.516142952462973
-0.615859718153467
-0.437181187975513
-0.410221616071111
-0.49023611908521
-0.473290134778089
-0.311784934629764
-0.375836809824168
-0.554489414559998
-0.552527518037365
-0.356186003563439
-0.376582702746643
-0.355547293689844
-0.425596908621804
-0.588844140004739
-0.500306162371095
-0.568406078610912
-0.287460700043955
-0.559353557667631
-0.398438490973226
-0.36691279510016
-0.323013672300804
-0.33826532872728
-0.637084363815254
-0.375910060345316
-0.545887685394611
-0.657514469252833
-0.328984744485261
-0.561298227813368
-0.443892499020077
-0.432692295829026
-0.404201843800728
-0.407210681520267
-0.451154715937839
-0.419012773017295
-0.305505062408265
-0.340593673572353
-0.530091354862893
-0.435667507245589
-0.495926253298633
-0.510628331650952
-0.391615197712434
-0.368453412075188
-0.29508755161773
-0.448242772624586
-0.298017161642531
-0.449979565998751
-0.389883309882531
-0.355636449793451
-0.417990536522105
-0.30193604825427
-0.463238198389694
-0.21744841472446
-0.232068970153681
-0.310475403672865
-0.479625268867194
-0.338240631364084
-0.440977102055498
-0.417188754960789
-0.357703202515872
-0.465564673622089
-0.31597256045416
-0.232182151793058
-0.323090129043915
-0.393347547186735
-0.315935471888797
-0.355857399471117
-0.344061375070059
-0.318821958806651
-0.128404620451576
-0.40979832965671
-0.290643198490555
-0.33073111157168
-0.409153064560712
-0.534962744789529
-0.37082111851676
-0.441992876143414
-0.177020551063846
-0.330915969428638
-0.350412186852403
-0.207954696888492
-0.143152591551918
-0.336148169547944
-0.155385463034856
-0.393087567994468
-0.290950153648033
-0.300553495561183
-0.398990286593483
-0.0868100865114769
-0.218657155523947
-0.352085918265998
-0.327931933042784
-0.32624413839555
-0.349965150196833
-0.314838135658569
-0.33959628535112
-0.285151678467082
-0.400135309719758
0.0240230195117301
-0.415422552017318
-0.225900504479055
-0.333185051421951
-0.301493007814424
-0.089098739430513
-0.366133269004209
-0.309490291398599
-0.294811157862622
-0.131448807612588
-0.197280577355804
-0.135239829463005
-0.202621382112077
-0.178837148650249
-0.218120395616528
-0.235676659769969
-0.260447081395213
-0.449525212682016
-0.239121648984986
-0.29937595270446
-0.196989630117597
-0.0765922409416016
-0.335539155949053
-0.193915333475152
-0.341669611350947
-0.246624142017574
-0.290487912340193
-0.305927039770404
-0.264150281956318
-0.0579767194998579
-0.0851634005689312
-0.183947501494626
-0.245171980139491
-0.184583191852291
-0.268789416211648
-0.350702410633625
-0.195664794474014
-0.282715412625776
-0.177629924280552
-0.292095076793351
-0.1202180269187
-0.345674511319694
-0.201347956801408
-0.210215855642197
-0.259764601901528
-0.178583528085405
-0.200158124999286
-0.147308745119816
-0.181890294057245
-0.0810926545015915
-0.0316959809538806
-0.184412133008245
-0.151594455092081
-0.0272848658202123
-0.211824362283575
-0.228193916128901
-0.186133985904594
-0.180337701585597
-0.0721471552959942
-0.247544767595986
-0.146172685128193
-0.075864026181951
-0.259266689477717
-0.197338720032587
-0.079598457536864
-0.0524897857782732
-0.158510448982094
-0.148302831524631
-0.128575159090815
-0.169574973768148
-0.287252133750545
-0.0893487319009602
-0.0758781003176044
-0.154506985765426
-0.214621309693292
0.0129795559762097
-0.171185076582213
-0.191073427268908
-0.0789185814075533
-0.0755615718373443
-0.0228451065150826
-0.00545373895023698
-0.143623432656724
-0.18866699136085
0.177571936019451
0.00466548828558379
-0.0851569822705361
-0.273566827601567
-0.207170226612495
-0.23302817825154
-0.11834066575078
-0.16898986912286
-0.0809068165968541
-0.15215183701307
-0.05232462547504
-0.11147391655219
-0.14676170159752
-0.121954090444063
-0.0556520488697598
-0.0270480346453426
-0.14184134115153
-0.149479148511801
-0.134943919452829
-0.00921744579856612
-0.017288648625368
-0.0925968043093133
-0.0103560318562195
-0.110975308893065
-0.0181954913745672
-0.0873477056165384
-0.156799560870224
0.0534916753966146
-0.0669377061015626
-0.115400100624674
-0.0231088195931606
-0.0316704235606627
0.0334485613951778
-0.105835977002578
0.0632570499179077
0.152003707870133
-0.0947457738395147
0.111083539881399
-0.0638571316871303
-0.0210289521776975
-0.0698154373144283
0.0110721553181588
-0.0681423169854379
-0.163977183611571
0.00817986491037873
-0.0771272432699147
-0.0572097692220532
-0.0289011139356361
0.110081454855814
0.0801701530840245
0.000409208857734611
-0.0649683142233073
-0.0303482824487995
-0.0949385285537718
0.0219272965883663
0.110082463839371
-0.00713525994575285
-0.0267909374911313
-0.131230394861326
0.205613554450887
-0.0995372667557795
-0.197944708363145
0.0982132689018051
0.0103862453551795
0.0590269457908693
0.0906087163038481
0.0329324070788127
-0.013298778915053
0.0478177266786674
0.0529542498982542
0.091411455932294
0.123134667961336
0.0777990700910808
0.0469492710266214
0.0873290147467308
0.0847663376883923
-0.094192038778574
0.179684978552146
0.0324893277392115
0.03957683026687
0.143295417505582
0.107541580801486
0.03704460621074
0.0270047667840112
0.104055276722159
0.111238900285477
0.0917543094707027
0.0782435195087826
0.193810375961004
0.0274281326695357
0.0597989251256845
0.0115615114261573
0.119358744058434
0.168738309921433
0.0838313007723705
0.22891797138303
0.105838997690015
0.0325530429619674
0.0905221760045237
0.164737574954446
0.0947615711968845
0.0595517929086434
0.039699478582346
0.048218644780417
0.113059753130902
-0.0206626915630544
0.0936301330477865
0.00464282432781325
0.195727580176199
-0.0478294538457373
0.149594180692151
0.138172255908257
0.113788208429405
0.265372627794921
0.28418698341216
0.222927371978814
0.138647715085047
0.137458822617291
0.0529669401132149
0.189244107341299
0.0611838100813368
0.0615416508417584
0.17404427297871
0.0324212869467251
0.15997936450677
0.136682314581779
0.060217388156676
0.119039176204451
0.178646667387347
0.068866311994372
0.265555109513168
0.254075741496484
0.114288862726659
0.133423517553812
0.0900586991151253
0.0988800187111053
0.222324116948867
0.173095744172716
0.158158423136396
0.220104355161834
0.0833084646778794
0.356045864570904
0.231312632501897
0.145626722804568
0.198788575427894
0.0802568265765421
0.188609523113308
0.271160183917554
0.0535279470910199
0.257110225917631
0.174820245264558
0.0460997318298848
0.174030767513746
0.114397008987187
0.239489811082766
0.166113099589797
0.284425656436553
0.258984436208321
0.134622517220604
0.398601649085551
0.299575203540152
0.0879218948154898
0.152630696557494
0.102738758355132
0.229023899716611
0.262965716427178
0.226827291123605
0.32468613341235
0.32974458245607
0.265790449992078
0.26312283666065
0.32297298128071
0.265450513973603
0.149236568292096
0.176123900763398
0.241798075546511
0.191454678851613
0.309272348711799
0.270571885621971
0.343135963658711
0.254531841165554
0.271922536686004
0.260835758630419
0.319179397718414
0.29548194533215
0.317277914529488
0.290558916741541
0.325553711535148
0.302966325300418
0.246332408325237
0.319624770054534
0.350033419710687
0.250673926163716
0.204863707227924
0.294294612159389
0.350296124285501
0.375014702868968
0.446124630161659
0.260790095006271
0.263034642504295
0.282519769017783
0.374652479844984
0.323776806353778
0.161034245175392
0.336267140006555
0.17542321031896
0.284556745712227
0.264473241788795
0.245199316600577
0.376941348858292
0.397694770547482
0.431048841771013
0.221568140893194
0.34021057633016
0.283092859752689
0.31951611717489
0.262836817205686
0.25744622491966
0.229003335339578
0.38778582890188
0.410198860395698
0.211765406416656
0.346670639120072
0.207339110766976
0.244611128832212
0.206714304640319
0.254026843894259
0.409373972624393
0.377038169737061
0.350684744107503
0.320654735021838
0.231465890120966
0.474412503206683
0.447252955995983
0.584410145961951
0.526646224911581
0.292473287276653
0.408092629941675
0.467019579460628
0.355813376248813
0.420775412041812
0.520560972963024
0.295648389912417
0.357986613443716
0.455580784721948
0.346678380258644
0.367768543605796
0.514250088313306
0.397824925167122
0.293925260423264
0.244468742522225
0.436260105307211
0.314238901232713
0.301175160196641
0.378024164570175
0.311302268628345
0.438658338876149
0.431464570590308
0.335351735466606
0.413239396324287
0.27531822567968
0.394255634111846
0.331379260403745
0.541578723747662
0.446851322181317
0.518946479141875
0.405227438998286
0.389606203087416
0.27316113338728
0.41170852132251
0.52606101827554
0.412151634687939
0.360956386866508
0.473070760506979
0.47895621783171
0.463390710203773
0.36979508179513
0.463801831577189
0.520504841512908
0.471110073614313
0.30950777126353
0.436540798542228
0.419273315545663
0.587938752273753
0.538995714168114
0.402167680313045
0.395339666564491
0.461931220899812
0.431539342789955
0.489290431702415
0.357592680825407
0.451693439005625
0.461717250179906
0.598678747694384
0.524487081764412
0.585650408166386
0.416684370894414
0.557891405496162
0.524919018733555
0.539537364404348
0.49506637021615
0.620897743001513
0.532421586175352
0.512369835375889
0.379542490102238
0.349495011562253
0.473665654009424
0.396478151143439
0.560929628016038
0.451547867942995
0.599646573458639
0.516986714608766
0.481614775500619
0.696505054532083
0.62557523029027
0.649480000843623
0.477390896750645
0.526321361514904
0.413216494826137
0.553865014429325
0.514728210925561
0.525969689105073
0.619027652858503
0.576913465344536
0.53754047420299
0.509031611264297
0.643998983702151
0.621464759881375
0.531397375016468
0.493102050023954
0.638193253798729
0.577326054646621
0.638761125057631
0.369500900495603
0.509002276595471
0.712891165442871
0.542403110625448
0.639615989917663
0.563393425949084
0.630169854887611
0.59484240933535
0.686141106323188
0.61332242773052
0.644652845878783
0.686282415828538
0.536410209746358
0.554458310227714
0.560525749214888
0.514472887171275
0.523554354526957
0.534087105780119
0.657668208887796
0.648235001031584
0.504968582419173
0.609834710332816
0.489200350692677
0.666835201467388
0.637232261119779
0.548705237701473
0.570252591789308
0.493690687537917
0.5398632990521
0.641615831889381
0.637208186197142
0.573328027348285
0.6405592759358
0.537661612872319
0.695965612104864
0.778796894189113
0.428920008626275
0.501831238173007
0.527161405707563
0.644786463021579
0.634136197993138
0.56676342459954
0.575524362542742
0.624856269865199
0.630171935428562
0.660927873166292
0.760030507196626
0.620743216205571
0.747183950757442
0.486482915927204
0.610830466898017
0.718037341779144
0.717829748929501
0.635942546888523
0.554426991517991
0.739708355235277
0.819122376755503
0.582531819849613
0.830944618317023
0.782373039726951
0.620594406516305
0.682887893230987
0.825337834802763
0.743409806176983
0.631626077918338
0.63558408332544
0.664423810049937
0.662181285999788
0.640289422217219
0.56806508171008
0.730670745380595
0.52499535546649
0.799446213335573
0.810918247957923
0.664769751468121
0.607995236790078
0.659640008897835
0.694827972863488
0.652617047104521
0.655735060477542
0.618492806849645
0.670511614275587
0.584252282151132
0.78374337374443
0.722535611541041
0.682943036990081
0.693767799704392
0.598264165193446
0.578263209292788
0.701638093390651
0.83805678407301
0.784118168568118
0.761364286158355
0.63078985290165
0.78569881682828
0.530625734230645
0.873147562751056
0.754032625206483
0.781249045842451
0.648465726510226
0.62604484803258
0.61988239550978
0.861468310558183
0.670487171629537
0.882765298108202
0.782706601804474
0.723369664231488
0.772649632806168
0.637772215473335
0.754072881494869
0.78190574015257
0.720198324669365
0.703344202074755
0.796795874154586
0.757906307133518
0.737414348395829
0.79498382730518
0.803345141046629
0.824548323650077
0.920270565734178
0.809322157602045
0.868273706138994
0.85115715542893
0.837259621712859
0.814435101010579
0.744833095909534
0.626402333251541
0.911461751998843
0.873493483097493
0.899291037222409
1.05233056354004
0.895099769944727
0.826059416027147
0.774989335898436
0.821140845012654
0.928600693347015
0.749439027682361
0.796696079814886
0.851571829039479
0.95587355516123
0.866611364264213
0.842821291285623
0.731821100990096
0.853344525798269
0.881059037778809
0.874226373494083
0.891007487520438
0.719227562647363
0.741576799065652
0.878049914505691
0.877192293833404
0.951405479873151
0.804644220292275
0.95763095036364
0.856471751129499
0.89754641716617
0.803139850738074
0.977893067466833
0.857910049984444
1.04810778419763
0.761635179122563
0.823729670945298
1.03041523296663
0.850423959971062
1.00374659884739
0.904206296012265
0.838846332120618
0.783829801379957
0.957673196402633
1.03960750869796
0.782730738286044
0.940539028317377
0.868495704084662
0.844874239575705
0.974849252822812
0.973048905048886
0.917839762224521
0.889417453329129
0.893689402572838
1.02050252325345
0.849855855756228
0.841307743726111
0.950101540681196
0.929416654959976
0.821275244627872
0.923914457316213
1.0403561098104
0.951340877791735
1.0416143078032
0.901908035837097
0.846590682365576
0.854610714292754
1.01495310924006
0.991314344038105
0.830692968942341
0.941459416970417
0.937330760241696
0.912315724026228
0.920146373788218
0.935893431168994
0.901988885698888
1.05913895276594
1.07041346838583
0.901620769365337
0.996400348720207
1.02788936151958
0.911603669634109
1.10559629237509
0.994594886088792
1.07342468281276
0.997077919094333
1.05540592048993
1.04277068487208
0.907299676143254
0.947493885321
1.03594693806435
1.00991612153943
0.9564070891993
1.04546173377273
0.957594908367269
0.890457269231861
