"x"
-0.948525956713484
-0.851699328699782
-1.07368138197309
-0.865633892745565
-0.873220861271668
-1.0341248781844
-1.11784939366434
-0.93259006225868
-0.951771064263712
-0.915617994965092
-0.994384771103051
-0.989742056510024
-0.971074342799209
-1.17484318451901
-1.0061168728723
-1.00587173295666
-0.990967199265881
-1.02301265944254
-1.0262923005471
-1.02553346144313
-0.979228891430858
-0.843279893006127
-0.982096709769432
-0.861208593980482
-1.00925693268052
-0.928506413644791
-1.07197428599224
-1.01399144554079
-0.980653507797377
-0.918057270587633
-0.978133658475566
-0.818991644699827
-0.855737506102913
-0.886217360202564
-0.786472399263888
-0.872727255951925
-0.729216398892612
-0.99636460893053
-0.876515926875116
-0.894473780023904
-0.880238820670064
-0.856302301726991
-0.890357255000682
-0.891843038538606
-0.844818876840055
-0.832472446275551
-0.906287582004785
-0.956940953579972
-0.988168299499729
-0.775131761593586
-0.859948986130935
-0.862008888131055
-0.733303848569125
-0.860447267811024
-0.855895024745509
-1.00059935205677
-0.888937940777002
-0.991838962981223
-0.840510096441331
-0.90749096590387
-0.789755806090411
-0.930169957642711
-0.815700000827591
-0.937515618440699
-0.954942437754037
-0.908452962923997
-0.845878374309544
-0.933415310307759
-0.894565962520817
-0.918097180879102
-0.794921880195297
-0.817033508310048
-0.958933704274178
-0.825080151333414
-0.731893285728538
-0.821620163511094
-0.813313171807047
-0.775908548795648
-0.71134111865482
-0.862123591653348
-0.827434885328432
-0.702354456674764
-0.92428843563959
-0.793008209956784
-0.823037109336283
-0.847971540237164
-0.863775608311618
-0.845744328319554
-0.827564460091856
-0.838269557949891
-0.722341569545222
-0.888394364595846
-0.891255974430098
-0.737220369687627
-0.869300153045764
-0.768305840875929
-0.752713196715514
-0.670447213442956
-0.734659486096438
-0.853782497541242
-0.815903567531953
-1.04536468726003
-0.721380836853914
-0.767895912093374
-0.547858873700303
-0.743619676158677
-0.849444097851281
-0.807370169236259
-0.728519632533724
-0.809346535238704
-0.714311347996335
-0.787973488583145
-0.799781281981385
-0.710196481778948
-0.816379112221941
-0.805983132970441
-0.739219343874312
-0.771619207343323
-0.639228889719329
-0.835749951542563
-0.611973740320394
-0.862120586615613
-0.872614539608473
-0.687554859460257
-0.861589505541208
-0.757935734500107
-0.799936555577598
-0.591251748994685
-0.853426033018587
-0.644635858010126
-0.700290735451287
-0.69658642707903
-0.684241044959301
-0.664901586161976
-0.705089800150822
-0.688603721881305
-0.705813514264246
-0.770766186279468
-0.702670060650728
-0.851277328542522
-0.784356873790984
-0.774839063396374
-0.685443666233674
-0.816009812639893
-0.705214210776555
-0.41490844678316
-0.685931730507275
-0.758257938910397
-0.768681713554464
-0.683668043495996
-0.756012394537989
-0.596392354048789
-0.772110872482099
-0.694605646383611
-0.738167955902248
-0.684799750306682
-0.753510268304366
-0.68365157032845
-0.787827755683106
-0.770791059793505
-0.769636007138449
-0.73002916284179
-0.633130726145701
-0.653151115226283
-0.569564207240018
-0.760893003943583
-0.598618164828541
-0.666988627545047
-0.628461425836585
-0.650907235418419
-0.638041407391318
-0.708561584581984
-0.678533884071041
-0.739851358518325
-0.730428876862567
-0.654858058017767
-0.66753149946294
-0.583526880458558
-0.731116750633552
-0.659252991796929
-0.785198942209076
-0.658521944580046
-0.686192023006942
-0.534628123168321
-0.7030866045054
-0.662517475537274
-0.606901667552704
-0.518475336997661
-0.660646359788446
-0.577303746827618
-0.580493604192299
-0.498845612302184
-0.625922825661049
-0.451137832234572
-0.720656469212492
-0.551646404465595
-0.631026366416017
-0.702014772886161
-0.521076803173967
-0.522709887587925
-0.579464591252172
-0.544930810007112
-0.677779000268179
-0.619744499137921
-0.616274892144249
-0.662532628019826
-0.541084566680782
-0.685843658283142
-0.697144930165935
-0.56896576507685
-0.569805280436048
-0.568321470442826
-0.44335624081709
-0.531289982313904
-0.569741951157332
-0.484532218151665
-0.634438293292996
-0.520351757440121
-0.613570749940508
-0.479228845151078
-0.67239951684832
-0.575526275366592
-0.663408086610952
-0.469271884334505
-0.523835855507987
-0.585451699363885
-0.59902145857671
-0.511006519293334
-0.598775593387969
-0.57070168495612
-0.5750949931165
-0.46949623604574
-0.389427830221862
-0.530585927835323
-0.516749336569975
-0.526252123089653
-0.420440428828391
-0.505977401093974
-0.529825141787726
-0.451620712223868
-0.483365395518735
-0.556124400262844
-0.513478603096875
-0.631459354195686
-0.531509621363314
-0.450854459552682
-0.559512290674913
-0.488132755749847
-0.560189434262398
-0.426831457426035
-0.559548991200362
-0.463525819377068
-0.429936703294382
-0.338218001745658
-0.586556968007555
-0.405899167040444
-0.516558431734563
-0.562500697473082
-0.461999216134177
-0.433958665315234
-0.509381569643367
-0.490530951714105
-0.340266408262332
-0.656529217826038
-0.568155761320778
-0.490347032919614
-0.537219742768181
-0.410951078911505
-0.512816876824875
-0.369633195213784
-0.40773343403151
-0.54770640396744
-0.574333487156929
-0.356972656097613
-0.395449066331419
-0.524691475871795
-0.44580047531371
-0.418055628506238
-0.342913668635298
-0.486268229123032
-0.427543333220017
-0.298327000790876
-0.406444477996423
-0.408031040181507
-0.424417733444434
-0.42395033125278
-0.476409427090051
-0.488254180467887
-0.498473326505783
-0.40579388631473
-0.553736803634169
-0.40350682245904
-0.288585640888927
-0.506770207269646
-0.453777683151521
-0.430651081447434
-0.511940272744164
-0.284453391702656
-0.476997393195182
-0.410917651474851
-0.421635859531113
-0.488111606244424
-0.488439666686654
-0.353084927844857
-0.444165876509616
-0.414488055113952
-0.499734416924492
-0.435465239760981
-0.392820206229617
-0.522367768890593
-0.427433155546869
-0.376356223932721
-0.467276592521396
-0.392239652248612
-0.599225307378602
-0.331291808274639
-0.267221938690586
-0.302436266986975
-0.356382934684291
-0.480778557722878
-0.326901765714049
-0.347018014007376
-0.437345890043962
-0.241957826690733
-0.416363918328797
-0.363019383561532
-0.447424818788924
-0.358498350400976
-0.220233150839291
-0.276575614454516
-0.330376242338247
-0.354539237021438
-0.339398022614371
-0.416912088783916
-0.249581380653559
-0.394256987766424
-0.321560930245038
-0.280757521806233
-0.352826742464758
-0.323838670846345
-0.2852507090278
-0.359882063067523
-0.239749369609702
-0.195908552914859
-0.278725143599795
-0.37433757979758
-0.170440459246656
-0.272519118287753
-0.432153176382342
-0.329885223321173
-0.261499297998659
-0.331134258424002
-0.352104556589354
-0.341111439783843
-0.151484825020669
-0.211485476724241
-0.161095683644757
-0.147625655409038
-0.214312748231486
-0.489204319263648
-0.334662206444118
-0.18879165045209
-0.275584397553165
-0.280717697939044
-0.31005762269884
-0.27496083556184
-0.271442432549125
-0.111481101597827
-0.1826776893746
-0.217710303828728
-0.421952125520695
-0.250450523001975
-0.128439276791696
-0.234285102019028
-0.362496408708297
-0.246329698961221
-0.409772438426278
-0.202470469138554
-0.261334750869378
-0.0868900972732675
-0.119833206178265
-0.179725673250363
-0.216571932546855
-0.209780117134654
-0.240398156303284
-0.322112875758918
-0.209039798709168
-0.134915956861282
-0.106748500264326
-0.273827054115112
-0.17228185762947
-0.211600382240417
-0.00256178372111876
-0.319520361293872
-0.132755881120558
-0.249891561481161
-0.0748653946331016
-0.109027782182118
-0.184744103982608
-0.0621284220534752
-0.236794011807617
-0.298498018011482
-0.27723636301201
-0.104051580488601
-0.161785670999198
-0.115345880511634
-0.121208497982465
-0.0976526720093467
-0.34248404606072
-0.229534867634276
-0.254572026592851
-0.250629140290088
-0.0547585062747863
-0.109825932115725
-0.214119387905682
-0.0896843675015281
-0.132654788165575
-0.0991925472940561
-0.208608208448947
-0.154228172190595
-0.187991977594936
-0.319304023086985
-0.232614012018817
-0.188884971204655
-0.285274184686864
-0.104459238168213
-0.0984150059687928
-0.119708145640018
-0.052915878299136
-0.120874544864358
-0.184545204747554
-0.0959717084968246
-0.157471083925958
-0.0623184689135784
-0.195048931580872
-0.125420521809083
-0.0456500602912916
-0.204903864179809
-0.14312741433633
-0.0720118537844012
-0.148453669266395
-0.128229917055265
-0.123240355550595
-0.030177946675318
-0.0405974674318538
-0.0851427533450073
-0.230627955414625
-0.0397032423489188
-0.0379763995276295
0.0185575851473784
-0.119643572129749
-0.0352282165016029
-0.103126558854966
-0.0757211225305824
-0.138552962233042
-0.142561074437828
-0.18446680892028
0.0800620006673982
-0.0236531631453322
-0.0485184041127458
-0.133739732027798
0.00276228756233
0.0940490687330657
-0.0224256323669747
-0.0557463086869094
0.0110521656298655
0.0528947227954489
-0.117973719395878
-0.165732560076132
-0.0475279689518214
-0.213772252230304
-0.02074312186102
-0.117026281869082
-0.0351822587386504
-0.0118966254082313
-0.0369494025118535
-0.0335409317005956
0.12086193157788
0.0377501849386096
-0.0831343229574862
-0.0483374277104387
-0.0186457178609262
-0.115030576796809
0.00226096159039729
-0.0929862177769741
-0.0801450216550937
-0.0153183602167054
-0.134556479419387
-0.0682299447993685
-0.162243428332656
0.00396817894834931
-0.063426663775055
-0.0451099525273337
0.00935229150563526
0.0774073459341224
-0.0621009346014812
-0.00597729179679094
0.00656453467411617
-0.0426150645519497
0.0509861560565198
-0.117772477737646
-0.0648506882111362
0.0336486930059539
-0.0043433551013946
0.0030570780876823
0.00697989099349316
-0.0510746713178557
0.0305383691594911
0.227544263184458
0.0623275759891579
0.000645951000126771
0.0607274693891416
0.0131464727990758
0.0580440788661547
-0.076159547026657
0.101008921753088
-0.0294680503744223
0.0633128665497694
-0.0681408363470756
-0.052688029238563
-0.0155962569305311
0.10720629854596
0.283509539882982
0.0143496676047936
0.101885233821265
0.0375226131050244
0.0418954836853326
0.153268584799958
0.109386642528068
0.0583614529310862
0.000423073848742047
0.162777153179868
0.00535801616720087
0.206776948556558
0.0655710584195793
0.227305433773903
0.199951941670242
0.0650932131853631
0.0544229489506491
0.0912442009522203
0.0732369744523523
0.0276809324520996
0.144554557196675
0.148096007194657
0.142784284011668
0.0661318998950503
0.118070828945865
0.00415437582674939
-0.0705341671802444
0.105227886854863
0.145948521195704
0.0795884202519848
0.113443879579234
0.219972658608545
0.141186284737109
0.0850446504916267
0.1026205501227
0.0880523214121931
-0.0211462911923519
0.14837263014042
0.119805191428299
0.188914345740852
0.0342714281918896
0.145173575287217
0.325228523137241
0.0794326230936724
0.123246446874648
-0.00735091485797689
0.102713797979
0.152989241260485
0.126527802487033
0.140447343325697
0.257598256509214
0.0695694515345203
0.145460534801897
0.180004209371896
0.223140061893124
0.161038715320837
0.115096394499515
0.289436554282591
0.0634120178350219
0.212860290733238
0.195990711314821
0.102348025053021
0.163058078859612
0.313183918990495
0.23425891383507
0.207661756354299
0.114094959944284
0.156161796713935
0.0687203140539007
0.166279567236933
0.114998835710067
0.194577087215651
0.241525178945464
0.222607186854384
0.15261289163297
0.256069505496249
0.251485694804415
0.222630265405957
0.252526006308194
0.213349641448456
0.180865768431199
0.159451007069784
0.215623857811985
0.196708514597098
0.230241078386199
0.301668982374748
0.189560606865065
0.124703517734081
0.220324654662455
0.172481329371912
0.20284498776423
0.207197716771878
0.266539269060277
0.182729067824411
0.224599167768549
0.138634777059749
0.163691578740779
0.262774277459309
0.198551656405264
0.239309186855928
0.295733373466191
0.380132375934342
0.470700221210663
0.260690970965806
0.209133215403489
0.202956213513494
0.209207654401086
0.233193362203358
0.212977796749894
0.159918816773412
0.324298486963004
0.125537420642124
0.363645940006607
0.448780119434933
0.166724772070483
0.258909489993605
0.152078216578391
0.388666098756238
0.28247601000925
0.171410240250267
0.284000341061288
0.317264262834909
0.133369750170934
0.280919472696155
0.334867375177308
0.379742335378382
0.183506110000801
0.33840216361911
0.421601013365977
0.29467285000908
0.230826219360485
0.362012827216678
0.15238461352215
0.413606598841247
0.359721875011158
0.345663363695108
0.470963413749753
0.407161798537744
0.281297365450551
0.304461994542371
0.341357317482563
0.197526800142777
0.398479075312347
0.222354391457098
0.264748295706502
0.350205918170267
0.305024671468029
0.253062882502127
0.410586471577144
0.567726879509807
0.459508749137427
0.285074745389429
0.218359130114918
0.436433740049761
0.379954550896452
0.366356616634439
0.307716852642079
0.392146240224971
0.398088997226694
0.397091731222026
0.35668150225678
0.245007505691648
0.394421487179977
0.397949702516866
0.333652644644898
0.32414464248082
0.421682878798886
0.38047015909817
0.418865449106248
0.336648220455837
0.463736537216577
0.284216352339525
0.361145739671643
0.264133935846827
0.207412076778956
0.468333585289278
0.433719737789048
0.433638412152185
0.338642164620677
0.413111769975627
0.46114022979765
0.524249878349279
0.391751348895057
0.352708976520871
0.438848826236369
0.422924853937015
0.476170334274076
0.444599739079221
0.330492647973915
0.611951678369009
0.446279875826714
0.566805153950959
0.501708959712072
0.48508915522745
0.507890181349523
0.452218931098781
0.468978010160188
0.531420388506514
0.50748376139862
0.410675381371528
0.521355823682679
0.46249657747277
0.486217448753752
0.444204682230907
0.403305462765118
0.303044984868143
0.299253247568967
0.387312115195523
0.385673215145047
0.435736226228007
0.394839318879448
0.50318565525237
0.449167300990875
0.461396162111059
0.468709365581697
0.497607027353502
0.506592546174567
0.523953543696009
0.374474211924106
0.586929730158849
0.51729533588235
0.387682802423142
0.39628887506517
0.40162276941213
0.51929825167883
0.340204133349387
0.582958740287847
0.567763881775221
0.447523460104417
0.514904265298444
0.617975068916084
0.545033951511241
0.551689623162979
0.588053270574889
0.414080447317619
0.409643209405848
0.540195038133788
0.557750624088197
0.434837359252727
0.402089684178643
0.640263527571538
0.551194132396264
0.529471069899535
0.595982856708338
0.559762171077289
0.512373449234961
0.496620349517362
0.597274637349265
0.461258795511319
0.570015516060596
0.536151278981189
0.434169878092364
0.647458545198896
0.577226609865939
0.637753783864959
0.460524241235345
0.487089888522291
0.485031897543288
0.664561037403687
0.507259705189271
0.587989148241277
0.614299787108105
0.540705138602692
0.640519587107991
0.620891369742124
0.6079624108319
0.699544306929994
0.604477800253978
0.702332183920774
0.523262813281746
0.573590595501317
0.364329908190342
0.535892802050801
0.512443083499493
0.514791221939543
0.66727709640203
0.553700559543979
0.668299326610429
0.51358004022503
0.472066478441207
0.62486531180655
0.768913000646157
0.680358110962082
0.639279878376665
0.469948711413614
0.596256220409608
0.619992492071386
0.585613792478862
0.707242921385784
0.628803212125322
0.477565947774384
0.63060283027711
0.675302291567676
0.565806512307452
0.702990210102345
0.769853421894692
0.42390278662906
0.769381296359609
0.547273191094051
0.755663830885623
0.448047146371296
0.596973321561915
0.711979526259242
0.643949171330698
0.493833831503422
0.624445658466635
0.562107217090635
0.718920552595251
0.714924649465635
0.693752227028107
0.572613848375496
0.808794045515892
0.74312731623209
0.530807375514471
0.678722736516754
0.792944149672786
0.77968076231911
0.630584289683063
0.822734314493773
0.568436232744968
0.672442293750249
0.718998665962274
0.604115803627257
0.639128138974394
0.754627022665556
0.708583849824828
0.73069195355253
0.65663092812358
0.657199326032664
0.763513092628712
0.603986213574983
0.747844783739826
0.650741037429399
0.784834460121902
0.696585442943473
0.764160571937811
0.523509199091297
0.832297068245921
0.728555906096725
0.761765750345781
0.717466706511141
0.740156933564102
0.640538571751089
0.700303845204976
0.820294991098561
0.795378258263629
0.752945114214611
0.662460716554077
0.555506168292176
0.568031725250613
0.80424047825958
0.779994200196239
0.672802453612672
0.779433926549435
0.708755637241942
0.665181496696312
0.834025678908546
0.886331759978055
0.700730271288958
0.769170061469974
0.775418160579136
0.687648374653165
0.786139383460378
0.841900461932126
0.844453644230398
0.86258733743747
0.801539788035192
0.771282262688782
0.592461626215548
0.818528541253984
0.526172920117986
0.879935588520932
0.83314525851606
0.881547990190083
0.8065535721392
0.685085109514068
0.775255539445634
0.769244646980856
0.727494992016609
0.783455878210409
0.849371679929764
0.797618428908956
0.751860073078207
0.64841277506204
1.00550600278634
0.723901900885548
0.843657416613874
0.731540933149078
0.801711124495792
0.844304400725997
0.944745572241675
0.864454077352135
0.7418609735472
0.885924531623969
0.718654408603137
0.746318234791274
0.833169445349414
0.806058038644457
0.777282201340074
0.868045755660529
0.809671545281141
0.938788446072577
0.771564375668096
0.923920990529671
0.917780354054958
0.723296395427084
1.01801389354061
0.808336405519766
0.886892086748815
0.774650762430487
0.84133132003747
0.927628306830376
0.826750795465839
0.830901498603274
0.896708849613638
0.860747182973634
0.93687215560986
0.926891587765189
0.924130014736562
0.942100280722633
0.850688449400063
0.868644293322529
0.839302853186139
0.902576419708668
0.826879789282829
0.741479042604794
0.895119266068022
0.911013833354846
0.976186629425532
0.71014956697287
0.866205271659671
0.915893708067329
0.830122207925026
0.753405747872365
0.772013361898277
0.808923596166045
0.841567479220648
0.811727213486173
0.879813561806139
0.88803845790371
0.981432341933874
0.992895593718332
0.983732168086918
0.77181756992184
1.03408800503634
1.03128856222311
0.969393929625377
0.945634730756197
1.07547566373744
0.951165042861388
0.895209308762388
0.968971622821797
0.909123122103222
1.10202984621178
1.01245239703023
1.0109253964992
0.817645449109707
0.9287013950603
0.997158983366077
1.07397039991405
0.959057147295571
0.97926164487289
0.926849674298103
0.957922631175075
1.04604785953842
1.03770355356306
0.98915477391161
1.00739495100293
1.04649292779094
1.10899567634453
1.03506212441518
1.06193226305828
0.94462106681284
1.02012113217091
1.02872989856957
1.02682277015232
0.910769271379881
1.02438340604572
