"x"
-0.936731147150444
-0.847696109370422
-1.08151579627188
-0.841600584224344
-0.878786631027445
-1.0436735480956
-1.12013628820513
-0.953406359528327
-0.931788540412524
-0.910319649457116
-0.959889464818458
-0.996020134047915
-0.957474117885631
-1.19559228900127
-1.00349512496889
-1.02185297712841
-0.978684217702195
-1.01583049935182
-1.05513353075745
-1.03833508170197
-0.976613930028382
-0.848082560360564
-0.97584992618208
-0.861914462274365
-1.0069582149484
-0.939404442373892
-1.05559471400782
-1.0126946819537
-0.968264670351779
-0.892798310203621
-0.947277683667278
-0.829988710969725
-0.855918729642476
-0.901713067644889
-0.805037857934159
-0.865293593787473
-0.723219432573155
-0.997675270899086
-0.873927643559799
-0.886236526541726
-0.905221445197224
-0.862408911593501
-0.89574411415998
-0.880774835371259
-0.84569725123003
-0.806004869005068
-0.924690182167706
-0.956253895121814
-1.00546124621941
-0.797459480309974
-0.878497091162906
-0.882593617641801
-0.742408035152545
-0.848716913555145
-0.840791480635048
-1.00265550963462
-0.875805242037038
-0.993521260334676
-0.845327320575689
-0.893881483286248
-0.782198352194417
-0.927161331630054
-0.819962129464238
-0.941527845341609
-0.955146035287295
-0.933504075190523
-0.824788855246219
-0.924886629584217
-0.895346469572649
-0.91383384482137
-0.785680668730973
-0.8038309617363
-0.970995373135846
-0.817964349229692
-0.733621826399689
-0.848015574461783
-0.811762452390096
-0.769031215475567
-0.700867224652547
-0.875762470540167
-0.82249475759153
-0.691667136844414
-0.89907872970188
-0.787831172569128
-0.816274020675523
-0.857329906678722
-0.863517153729153
-0.835835287751103
-0.829681241446023
-0.82106631907471
-0.714435104146259
-0.902070558682215
-0.873952519718665
-0.713913372867188
-0.866520138274242
-0.75161849325785
-0.75110117991479
-0.678276555976601
-0.741255374143737
-0.873432492272935
-0.834436026268762
-1.04683320702749
-0.734668203949495
-0.797853840693442
-0.539727420953225
-0.741305129823623
-0.828169696638658
-0.818145667249469
-0.741676605001398
-0.798404409320318
-0.731128957844366
-0.808584100750452
-0.786273657647964
-0.694990250161044
-0.794012729759992
-0.826555893290031
-0.75806194603417
-0.758994286186184
-0.639441722084347
-0.861439369064517
-0.620094471238255
-0.854874005699814
-0.892314958024581
-0.670766043529409
-0.886213937864976
-0.781392427782479
-0.793542224773175
-0.605954363006694
-0.884802336042391
-0.648737318064344
-0.697865176661209
-0.688607667047761
-0.692807297831801
-0.676563606056203
-0.708328043168071
-0.663979637235999
-0.747795530033178
-0.785656624098926
-0.691094619454634
-0.847286029845061
-0.783011594269029
-0.769519011613076
-0.704109196304039
-0.78494064238566
-0.710242908022642
-0.425714230595169
-0.671233102742298
-0.759735537371513
-0.78461945267832
-0.668962549642203
-0.75752291836496
-0.616670846608471
-0.774572151631386
-0.695041633695
-0.736075924143737
-0.686080712068211
-0.753279570947013
-0.695542287149483
-0.78791116014172
-0.75292582330674
-0.7610756582069
-0.7317687068351
-0.62428217541354
-0.650520845394059
-0.568544103921071
-0.775195504572614
-0.590692821015901
-0.680260569737662
-0.649014807543698
-0.653173805800415
-0.638344882394238
-0.703653655011697
-0.673476987847557
-0.729959407605514
-0.713434978750241
-0.638522446027586
-0.673704072486304
-0.583057903770161
-0.73907045884583
-0.656823138674984
-0.787090751514947
-0.657943897703321
-0.688369425113713
-0.570859487851718
-0.690233134016814
-0.671339510170633
-0.60812058743043
-0.504952186403017
-0.656407877507874
-0.584155921338155
-0.56529420820418
-0.497416453926782
-0.592703131809216
-0.460546945744556
-0.699928147901247
-0.546202523700863
-0.623496894529326
-0.7023705555805
-0.529822036196361
-0.544144586330978
-0.564694191012669
-0.549649603940918
-0.679788210836268
-0.610600876821299
-0.635955682598684
-0.670343547877828
-0.521132486603755
-0.697561771320585
-0.686786097338093
-0.555664328378943
-0.54258235461702
-0.565298680578207
-0.44731335015965
-0.528739529880763
-0.572092477232971
-0.442897271681046
-0.614395959410542
-0.508785993505678
-0.59895225966091
-0.488715830137355
-0.674654779102106
-0.549505208126843
-0.66948314346704
-0.479971356825974
-0.514784549380718
-0.591114361096511
-0.568604501652147
-0.49347928713068
-0.619295255245193
-0.563650415141741
-0.5564758280704
-0.511828338230911
-0.382128200360832
-0.539751043986175
-0.519877900170413
-0.507813527429882
-0.429890998265497
-0.474012416256797
-0.507613248529517
-0.475675632836765
-0.479339655725853
-0.565042532836947
-0.517195208979265
-0.635567364117088
-0.537888301249037
-0.487082069757661
-0.546413897626302
-0.460539758699673
-0.554194736220878
-0.443193618684692
-0.542273321067021
-0.451207544300938
-0.429268450652754
-0.338505582804849
-0.564857199857033
-0.380217730698427
-0.494384241636112
-0.578578774675323
-0.451015279235308
-0.437863373687046
-0.506789589688273
-0.506069614469109
-0.325549390489658
-0.655475730751597
-0.555276181682046
-0.477284396099082
-0.539419865571268
-0.400149634964608
-0.515008433033531
-0.381658655584864
-0.393856569650086
-0.537036771838132
-0.558724851808084
-0.359748957916081
-0.397006088490347
-0.506527177282743
-0.461059730840718
-0.408265963740738
-0.336305127374881
-0.498251431648843
-0.422091155655863
-0.283788649353758
-0.417187674200708
-0.40051728958478
-0.440882253883539
-0.418700996024718
-0.489552658388312
-0.500703598065671
-0.492526871996796
-0.399053753747716
-0.555608541236182
-0.426377274306126
-0.286954736320315
-0.518738258339519
-0.42385588781969
-0.408003632570852
-0.499253614254067
-0.297071699784012
-0.485941042907379
-0.410694555917404
-0.408309887470015
-0.482127068602765
-0.482569386118114
-0.325758153543541
-0.431959740176731
-0.39171797991317
-0.50153057327967
-0.467414489598498
-0.405927853528791
-0.524046108304479
-0.399731411319647
-0.3570225601623
-0.48896826128992
-0.388126005987133
-0.595270452699555
-0.34201384901311
-0.279268911173183
-0.28707200723547
-0.348977077687073
-0.470573919594557
-0.33192421031487
-0.324429905789263
-0.426793977058368
-0.261000146616992
-0.426573982578193
-0.362090642407902
-0.434512258008324
-0.356880277174002
-0.18555333926972
-0.260682313615805
-0.335955352905947
-0.376236483095708
-0.331020608967828
-0.420220405720703
-0.252871093259373
-0.363301653285317
-0.331407212858038
-0.292019964906465
-0.367117953748089
-0.334146054127366
-0.277739477635116
-0.378528410038701
-0.251656165308246
-0.182612575582815
-0.279071894811888
-0.376573926679424
-0.18427648862235
-0.262853689625995
-0.422130743446267
-0.34527077006285
-0.263572364977943
-0.329954595249207
-0.354847834264289
-0.340083874643054
-0.175163891774473
-0.207271370996562
-0.156139479865699
-0.140996080811939
-0.247732558426441
-0.486823126314631
-0.337134249732126
-0.190877509627485
-0.275604438922828
-0.284294845893669
-0.314628461135784
-0.268758084732155
-0.299469046912279
-0.102102281122319
-0.191527247863857
-0.225988853324286
-0.431570255291289
-0.245363249630747
-0.11826886025089
-0.252458661013904
-0.378440139621343
-0.228765360637441
-0.421822046417769
-0.18299984670327
-0.277110108551246
-0.0874778745152727
-0.120754239895346
-0.163904596075765
-0.23438790910082
-0.190761880615456
-0.268587332567884
-0.327012261509184
-0.229865550253527
-0.156902903521795
-0.122712688867886
-0.271054019474984
-0.165006332212187
-0.230097090745377
-0.0129927841767901
-0.305260263081029
-0.143611902463152
-0.221861783227539
-0.0864710236370549
-0.0998544725280601
-0.205360226054954
-0.0695381575450354
-0.218413596211513
-0.285373733535068
-0.274765557873191
-0.0872838972398896
-0.168205735508092
-0.119065408376622
-0.12130441545584
-0.0980830664522819
-0.343178939996535
-0.200325649119064
-0.26364346423163
-0.247888586135179
-0.0305899406374003
-0.110380309670091
-0.234555963091151
-0.0801357086412274
-0.139087448657627
-0.0874075685542286
-0.215210493170798
-0.161751095093894
-0.209966733910545
-0.306425502404362
-0.239933650395918
-0.180494875138274
-0.288507900038984
-0.122663259164831
-0.0968285090357294
-0.130406380873749
-0.0401732464137659
-0.124990062779412
-0.181178726040944
-0.0916106470649766
-0.15753452898718
-0.0634958313337408
-0.15843971071855
-0.104674285573283
-0.0433028114509272
-0.208599359200645
-0.148700888131118
-0.0722958449983918
-0.144407866560992
-0.115244381129266
-0.131530825000255
-0.0533143343340048
-0.0340039778100282
-0.0875004859061932
-0.201720324825987
-0.0355158411083919
-0.0614407053899318
0.0180644478162077
-0.107309634686554
-0.0350192259740956
-0.0653111666089003
-0.0935606353434484
-0.130367449625664
-0.126216159447447
-0.202485862473217
0.0704391456781597
-0.033377574294107
-0.0350830557863235
-0.142667002086963
0.00780196968165767
0.0817459696571125
-0.0129051285307675
-0.0588778694439456
0.0195402999846423
0.0510499320291305
-0.11374626189956
-0.143613067897354
-0.0264889017587377
-0.211555147088429
-0.033413615515618
-0.138285432817187
-0.0314662534117172
-0.00120325172030977
-0.049621537707889
-0.022577593955936
0.1412999970994
0.0380241478919166
-0.0791101777693217
-0.0458185759075911
-0.0231964063357208
-0.120041748245296
0.0131068824234026
-0.0985786079575658
-0.0826361221807371
-0.0263340919127339
-0.132071884437209
-0.0725011373511934
-0.181077720417527
0.0170882697746703
-0.0757710913881988
-0.0557237774196018
0.00144698929723739
0.0809298552219977
-0.0594389795178237
0.00926192794658368
0.00654466592219599
-0.0452853472527918
0.0547203535488609
-0.104186875687924
-0.0738634872907404
0.0356626749421879
0.00520456738363985
0.0199952689803878
0.0307981872429627
-0.0551051896295739
0.0334670829574598
0.219335674793061
0.0417657528082928
0.0120745457879321
0.0629105879910382
0.0457202054276748
0.0528623468800373
-0.0786657169617721
0.0908499233619637
-0.0323195811607993
0.0719967386601724
-0.0674662521536067
-0.0605678741704603
-0.0319353397102622
0.0876762133096832
0.275232256993476
0.00719912526995076
0.0947056344775557
0.0280284717183314
0.0454965505211505
0.165544548464925
0.0988497204698729
0.0547762567403704
-0.00520432815070191
0.180637602172687
-0.00681994455737107
0.199610503584722
0.0849333851611742
0.202353172267663
0.201250789598335
0.0619664373289047
0.0492247582945208
0.103048117273008
0.0809248539120883
0.0158719733869519
0.146756701335598
0.149279895706404
0.162713529892187
0.0562033047139919
0.101356917478694
0.00984939897440888
-0.0794546386061827
0.0906245717829687
0.1459471787554
0.0648740669045294
0.098846761125175
0.211919197867288
0.140370552729866
0.0906305470657593
0.131626359718321
0.0858361792196291
-0.0135324156631527
0.166491764724504
0.146274639751525
0.191070752429411
0.0305370031346136
0.15622334101169
0.330831707129296
0.0686462538083293
0.133396662896236
0.0138103783479906
0.100539187962372
0.148330205071049
0.134120530625051
0.133139258984518
0.280934231260455
0.0720573490926997
0.161779612793813
0.179752237174716
0.230123353465633
0.162215755139514
0.114511347428801
0.285814030888196
0.0596569980298435
0.242478591434383
0.191592194050297
0.107995320491152
0.165654391450022
0.28682879167859
0.251357479069396
0.207664194928491
0.113897154233111
0.163572088046582
0.0752266221419231
0.162360751400667
0.123016833058296
0.196023933234815
0.222275175695119
0.21447063999492
0.162516559157636
0.241784629634347
0.247561392102393
0.218324224697893
0.284541234728766
0.200092822446755
0.180050167003355
0.152178767626706
0.216552468019539
0.177782166839498
0.234340800613657
0.270407927081728
0.185794190674024
0.133671929157984
0.201317134713184
0.157889878080908
0.210555593212447
0.21546037543793
0.272178669264907
0.166182115561825
0.205624880450886
0.144260633296276
0.175843287046921
0.264735525662145
0.203257127293644
0.234705856854588
0.25580226142806
0.392455053534244
0.488702437142253
0.251492463648419
0.194604969124189
0.209739844149402
0.220164165176712
0.213082149360481
0.223605951403873
0.161909175927075
0.326926798716021
0.113915238557996
0.355684006524252
0.413481421791598
0.169260422360562
0.242960413110125
0.137685274046075
0.404934010973216
0.265469715854576
0.182911814869303
0.281712152391397
0.284294455787407
0.15584617162725
0.294634161025463
0.32096141083899
0.415738063162918
0.156696237820125
0.325178037490312
0.406185937952516
0.295843955654602
0.256377877279384
0.359802949643726
0.162470001863775
0.393612390776516
0.384937759417852
0.348452049529586
0.503210680823397
0.399837376274113
0.286395567791469
0.316919257627797
0.354358961420808
0.197479649347725
0.379194300026818
0.215514001912983
0.267550680960831
0.385458770945294
0.289597123609735
0.261967182068989
0.423567579310334
0.583060545032242
0.469481399607067
0.280906783954572
0.227332610393782
0.437758122568776
0.373206365573725
0.359550974203813
0.331903230691123
0.402764813860383
0.389106102332319
0.403809364880341
0.34453123026629
0.246480632388472
0.38581924687712
0.392505639171592
0.362708295067476
0.320209977372152
0.426190920441004
0.379684598950086
0.421475819091224
0.35167445921527
0.431771378253763
0.283337584684947
0.352403361966206
0.280573100518869
0.218969237571938
0.460960883583632
0.453009640490863
0.384327563148258
0.339705616076864
0.431704143471876
0.448718041033444
0.498203982275374
0.412957454576625
0.34606408951663
0.435638776598281
0.41909027559137
0.474389092497619
0.442806129808461
0.34388546833061
0.59300199719045
0.422391569040444
0.547771601016409
0.518997375052161
0.496034431527459
0.509526431023842
0.425015716839546
0.477885563466046
0.539178114512567
0.500010904977082
0.417427194652282
0.538475301106952
0.453997213579723
0.486437034488068
0.426996136265581
0.417323727848941
0.296020992524354
0.300829079466279
0.405626060167749
0.409179464566563
0.414876500921208
0.426476307086618
0.509991585712508
0.419245913079733
0.476962436976571
0.455927851347994
0.48282706716247
0.513873530633642
0.542997650807709
0.380970823404977
0.569198776498741
0.52915567825357
0.395686999591855
0.405907155775149
0.3987763379323
0.517019638070538
0.33914324032986
0.58541249518247
0.553937224150198
0.414981936331026
0.507178648448133
0.606353265583347
0.543146762022239
0.584116366262224
0.562682465611531
0.410979143534008
0.412114170411877
0.535052253836471
0.574709759717027
0.413332465894854
0.388658626557254
0.633564039073637
0.561394662047916
0.535582880558917
0.577445739918834
0.561859901514074
0.510449693297525
0.512776571140308
0.60496448885838
0.448227619852994
0.58006729465316
0.561212042026969
0.433211082071377
0.655886699221047
0.565149126442879
0.634382678551641
0.487546048584386
0.510054597972817
0.490786352995192
0.679972640145153
0.510848971474628
0.59910741896165
0.612961536745208
0.501374858736552
0.628288575218961
0.623255638033383
0.581764225676091
0.685221580510231
0.607148158938888
0.699728078070879
0.516642466185799
0.595152615010864
0.368554977758423
0.541229831654882
0.528469904724956
0.512808696436733
0.651541256266439
0.57906775222504
0.685855266091857
0.488793270583658
0.477774719207936
0.615870219487228
0.753821650365976
0.667126675478247
0.64074000204546
0.457352279504079
0.59995520704518
0.643156445628641
0.592349484010788
0.706790828173448
0.642632913769191
0.482467494418992
0.629134791924216
0.653921844173408
0.568397131588351
0.699255710994538
0.766368467725542
0.441270039041538
0.745623577356319
0.555200559016958
0.751153948915774
0.451280727917782
0.590843693128746
0.71988144024935
0.625708508073458
0.480456761419586
0.648634286722586
0.577216766655026
0.718794091126745
0.711810013699153
0.679484307235059
0.564451140390862
0.780539694193976
0.760925965731492
0.506746878754421
0.647788959070099
0.795536645015033
0.769017236071638
0.616266161756844
0.826285589065959
0.562061162742487
0.661332675542275
0.741016401670143
0.620529459860328
0.664710106718688
0.760721711797483
0.702360158309975
0.758687519025848
0.661569584411146
0.666432288990454
0.750194695680209
0.607168376475971
0.749023717556274
0.637363741115237
0.783129813058806
0.68325640883358
0.778987316033403
0.532700880562825
0.851476845264134
0.733763602982548
0.747569185359336
0.731294007295507
0.746446560670581
0.631393391260829
0.688104291014988
0.795821978763068
0.785131150780829
0.757171772217317
0.666683085876742
0.547656756477435
0.579419554441922
0.787635132914706
0.776793319124506
0.696947132636999
0.761128194074227
0.720959557730562
0.676751292108329
0.835531746467269
0.900641696197424
0.695021848399096
0.787524302402313
0.764603072615938
0.697820237323044
0.786828049398745
0.810745277181238
0.84567883754099
0.865551046036353
0.772163397164296
0.751764346811578
0.586535078017261
0.816809671874441
0.533517310125603
0.891785568420953
0.825332110068938
0.892933074440738
0.785206997362421
0.687600828993944
0.775462060555579
0.784091723330859
0.736788032155259
0.767131312443215
0.837584273461095
0.788316176701943
0.744491925282197
0.643778868639279
0.981504175084135
0.735444346880399
0.822261823148975
0.73308225647126
0.813197897901999
0.835716366735347
0.982078890294012
0.85778796247913
0.741534515634963
0.879735025216802
0.735139204462258
0.736676156550511
0.843276743557321
0.822111091459817
0.784301991204387
0.857128559877624
0.781986303414496
0.9327088471316
0.786436457374283
0.949951248796393
0.902281398708457
0.722910440515389
1.00005385308459
0.797045403385146
0.88761397864992
0.772648965816441
0.8449373146279
0.947221720263014
0.833140152759675
0.841865761932594
0.901126128922679
0.852724982068558
0.918302095617243
0.928634208210393
0.918516964190776
0.958451711625497
0.836363391220673
0.856967187328623
0.866712195579388
0.887653703265122
0.836122544368197
0.753705482485741
0.889882521282651
0.916138418119103
0.972538675955388
0.707989252894394
0.877748162206244
0.923129357609309
0.806833037615545
0.741449166720679
0.782662520184669
0.799165064843069
0.872281154581432
0.804018050828296
0.858526061142308
0.907949168983356
0.978999387007334
0.998854162649692
1.00544497861651
0.79053929889134
1.01817434995531
1.01488866215244
0.987422103899848
0.923734384169991
1.04593100552353
0.954507901549783
0.877271374382546
0.972500014370961
0.919372805083621
1.10950468881554
1.040292440837
0.982376910010555
0.791279438778685
0.943205753700777
1.0027216282546
1.06335734827973
0.960114391071745
0.977626167541991
0.921952383025295
0.949885196412608
1.06171398835972
1.05594976073515
0.963889707941947
1.00430337734675
1.04044359288284
1.10731276684926
1.04587609534398
1.04136035690744
0.955021264216651
1.0211086613039
1.05330561731215
0.999094249078445
0.909643350129123
1.00348570769306
