"x"
-0.93358734368262
-0.840045076384093
-1.08530376521
-0.866701517402646
-0.891420696237892
-1.03121885539992
-1.11941962023398
-0.948089273137752
-0.935202256541619
-0.910808419811001
-0.999857572574296
-0.99243843886801
-0.961206121695972
-1.17591190412257
-1.03692816044583
-1.02013290634328
-0.994072679755506
-1.02644254945385
-1.05803537773909
-1.0350073683353
-0.964129941836154
-0.856934198230248
-0.983665580835131
-0.845840922335774
-0.999308219212408
-0.933847643081325
-1.06965368795122
-0.999833501605389
-0.977188521742818
-0.90591191527488
-0.99193106810391
-0.79805562638199
-0.868660899944944
-0.906502365555568
-0.793584498430017
-0.860535504340304
-0.73941918990839
-1.0019832946659
-0.88694626610052
-0.9004849524598
-0.911763295009561
-0.866958530883896
-0.891652946783861
-0.889176337470366
-0.841835177807323
-0.818219364938948
-0.924569988507103
-0.928982486152509
-1.00430254914038
-0.807469548552744
-0.889337333735747
-0.893293272980181
-0.746834349322577
-0.860739622914713
-0.826729425719307
-0.9997046110107
-0.888886429974981
-1.00619824392404
-0.829543876332145
-0.906599709441067
-0.778264102872434
-0.918449615000932
-0.803250308973399
-0.919989231626653
-0.953546321953387
-0.923754863423766
-0.821965165765524
-0.913027426610387
-0.897690996481262
-0.876878606737678
-0.775369794561168
-0.814047066205112
-0.952677596954362
-0.82510702413957
-0.734525509161137
-0.846879904643961
-0.80026474485851
-0.764084825898983
-0.696353936150232
-0.876571510648308
-0.827962543406542
-0.69498260924885
-0.925839733888288
-0.776856009200481
-0.859089205295048
-0.884432660956009
-0.850461018776953
-0.852567596587031
-0.825085777905899
-0.841781919715361
-0.712073664030617
-0.882821588504508
-0.896634688469515
-0.706775590479209
-0.882869108060152
-0.76675034697591
-0.747842176132409
-0.657939362754427
-0.745206579263124
-0.882466820761004
-0.834118579087803
-1.04706024743207
-0.744088981325757
-0.780017645154902
-0.548175840462593
-0.75973782820112
-0.836011068838393
-0.814941863967209
-0.742275015402394
-0.808310810554645
-0.734986258287001
-0.783110752828054
-0.772074105778032
-0.69233535072781
-0.813440940615068
-0.822241310985263
-0.749497967964357
-0.781667784034322
-0.640589240128122
-0.839177097501623
-0.617481958197486
-0.834800395954178
-0.870456470127151
-0.669010815553579
-0.872114315937761
-0.737945552233408
-0.791382559792452
-0.616005858702376
-0.86690776373725
-0.649859324754021
-0.715719269565126
-0.689009216659303
-0.692938598492513
-0.673829412657831
-0.717042213622029
-0.676575511442825
-0.72049822931085
-0.794329107893244
-0.70091121940319
-0.86450930343292
-0.774446865579044
-0.764184530089777
-0.679371872410104
-0.805673975628265
-0.695426209036197
-0.436874868152667
-0.674793665520853
-0.735844540699038
-0.791265849664912
-0.692416269172323
-0.741029251157096
-0.636464404603746
-0.760369189194154
-0.694969004311936
-0.754591760890688
-0.679938107435684
-0.746431002104741
-0.701361126786421
-0.804765483193592
-0.76635219063922
-0.762281682373527
-0.742479445013937
-0.61955784202438
-0.628350081739989
-0.561241523784906
-0.771373072054009
-0.60752466157922
-0.677037271380088
-0.663327807921629
-0.669984256971516
-0.654552568000233
-0.694218348292745
-0.667229095478749
-0.746296983537507
-0.747051378976293
-0.619851667977828
-0.661750721594325
-0.591600615063709
-0.71935730359611
-0.676053333422978
-0.788341777325912
-0.657298857766838
-0.700384476694465
-0.549053716372615
-0.693942834157722
-0.640145244208849
-0.588132212116752
-0.50477322119252
-0.643095585101113
-0.581851699153268
-0.574975858213714
-0.510409203666647
-0.617046112939226
-0.458666316747117
-0.684903116538952
-0.542711195122281
-0.619379656163501
-0.70749741623701
-0.527644109834349
-0.531195532141895
-0.54062011263891
-0.554813641376177
-0.680836386181918
-0.617411904193657
-0.615526408888189
-0.655358232515443
-0.518557256497277
-0.689723786064351
-0.699464346342736
-0.537346008023816
-0.55702659240635
-0.580857509298737
-0.448949389813956
-0.527613933662125
-0.569283884352524
-0.454261145081531
-0.616551833743923
-0.506061919219883
-0.621803781310479
-0.47476541499271
-0.667882920747857
-0.575604705851356
-0.663697655252259
-0.475896500797822
-0.507938476499746
-0.56922970131274
-0.581185465852198
-0.503091556393347
-0.608353239223211
-0.573654012866387
-0.575167155019496
-0.495559015738705
-0.371237313702896
-0.538356595835807
-0.540548949537036
-0.519985228969647
-0.429041776123921
-0.501923500159928
-0.503373283571824
-0.434328765386649
-0.48931075930459
-0.555971928871688
-0.518892453534238
-0.634409148592744
-0.553569595965388
-0.471750281574593
-0.563621854399998
-0.455417190776441
-0.581561739768332
-0.42793629435316
-0.565464557508744
-0.450845724195155
-0.414999455508827
-0.319831492345239
-0.573489089094991
-0.412403583337247
-0.510511585077444
-0.567507381492608
-0.467605898720986
-0.435296970083618
-0.5172238218065
-0.491050581138825
-0.336443600734529
-0.6450045125489
-0.555269957838707
-0.470471811105284
-0.529195137660782
-0.398179206449838
-0.49162596131367
-0.384098725424261
-0.397183050892545
-0.549568761093489
-0.560762542661644
-0.357942470116483
-0.381740875799326
-0.514881681351104
-0.446370524904416
-0.410054929357401
-0.329375525558923
-0.47677902384287
-0.433887888369393
-0.30718697189142
-0.425061089253417
-0.411886034232896
-0.441557036869592
-0.422476083971995
-0.482049751919779
-0.500620764779611
-0.504860943530554
-0.405817923443005
-0.533891593955002
-0.430052282974844
-0.289644582494126
-0.544763694919155
-0.431854255547202
-0.446882444261114
-0.515214092182472
-0.28875014867973
-0.474075449066722
-0.41200555402242
-0.41826030592907
-0.48732640679866
-0.499624382574006
-0.359846058472863
-0.433318505809256
-0.39927549595872
-0.492133959037865
-0.429708709563606
-0.377431707349404
-0.505681804440636
-0.425927404170138
-0.388736908407999
-0.485153366775856
-0.392885795973997
-0.599077720472643
-0.327686376277666
-0.258414906788111
-0.306513911572904
-0.352147270140009
-0.478845511143695
-0.328181692733663
-0.331422908974254
-0.436185654577977
-0.240679862654982
-0.43910521010372
-0.355843612676726
-0.459052260623345
-0.351014133228931
-0.203071867509536
-0.286551501464572
-0.323141517305755
-0.361378079875137
-0.311216959115988
-0.404499481111178
-0.263032586725763
-0.386707456582058
-0.334995678876613
-0.280089578307976
-0.353129817310034
-0.329802082978027
-0.298744588987524
-0.37676554397075
-0.250511752602804
-0.200459278008504
-0.285469372796285
-0.368492372048924
-0.173169376059022
-0.251268410129637
-0.406723783812054
-0.304451542849761
-0.260576311420705
-0.333277215477296
-0.360982563831196
-0.339475852230942
-0.18053379558962
-0.220854058392725
-0.156414496223149
-0.162202477310847
-0.232121194016883
-0.479977663992321
-0.348455300652539
-0.161599842232938
-0.28927866382692
-0.282342003300984
-0.285557919738142
-0.279661988136582
-0.303383261437346
-0.11776095558337
-0.194428271418563
-0.213141003814932
-0.397861552819242
-0.242722687620007
-0.136194547781812
-0.238408399883145
-0.372839243839171
-0.257567717363029
-0.410807155691066
-0.199203470816837
-0.255909596097936
-0.0761373576173105
-0.115711196729271
-0.17995408116782
-0.229579478597007
-0.231055239316208
-0.248755926216535
-0.32523696554909
-0.207968990949454
-0.135407296448399
-0.101476270361316
-0.281470435470309
-0.172402289272485
-0.225810760236793
-0.0155380217846143
-0.319566410794674
-0.144464897626561
-0.247183018873482
-0.107826114447384
-0.100297628340395
-0.200090658111312
-0.0336497436677409
-0.206654591320259
-0.296301304318842
-0.274623075026973
-0.0934250043702017
-0.161970739620079
-0.125350632869302
-0.132254593851143
-0.11451879278663
-0.3528175595832
-0.213868953751121
-0.258666636273818
-0.246456155069207
-0.0471862328501855
-0.116897415149577
-0.236524702925929
-0.062091417321072
-0.124859178290285
-0.093068370515456
-0.21438546819435
-0.179429488385559
-0.199043965283967
-0.323758713004459
-0.238421327808077
-0.191482495040131
-0.310686216931223
-0.129538933848069
-0.0770728638085874
-0.119107301506398
-0.0477154564265379
-0.10872512140763
-0.166565849825422
-0.0872974985205953
-0.151189170016236
-0.0694829280412605
-0.184504952107574
-0.0838660000857368
-0.0438730858752147
-0.200679006367982
-0.144370484498201
-0.0622359994946511
-0.140101640970538
-0.127659596410147
-0.142376696052633
-0.0348935302887314
-0.0244246276119854
-0.0826031824098131
-0.212440399444117
-0.0382786369562933
-0.0630553778161277
0.00502893456982119
-0.119804712353234
-0.0343312906426069
-0.0957347174019419
-0.068004837675051
-0.120068285651451
-0.124499935631002
-0.215434092285172
0.0781971253946107
-0.0428608571487005
-0.0159599728739133
-0.110819323360345
0.015311251690421
0.0973043112166712
-0.00667137992829827
-0.0517961514219003
0.0142627172885798
0.0526185079014453
-0.119222561962678
-0.152228736297315
-0.0284873202674627
-0.202741806857328
-0.0193564405257241
-0.111842075797017
-0.0338790894967039
-0.00415975522419313
-0.0553129287054922
-0.0237852189936806
0.11167085835459
0.0280885659674861
-0.0857312861568936
-0.0717946142798944
-0.0229313408521445
-0.111862343393191
0.00077826045241786
-0.0857507211173773
-0.0861397941484435
-0.0104227966160417
-0.113005466035835
-0.0796296053311194
-0.1974916706098
0.0185857915483577
-0.0742337486833772
-0.0399608484198766
0.00414878991898028
0.088608045616476
-0.0734060854523948
0.00997750496149198
0.0156746349953207
-0.0518568424132926
0.0501923036039624
-0.0953001912760744
-0.0770784800688211
0.0338543132620284
-0.0262878406572711
0.00975765140210392
0.0384219004910487
-0.0548606250224418
0.0288194168545198
0.233473840477159
0.0481019510222577
0.00434512569153322
0.0743024353430256
0.0409984962494299
0.0549953064767926
-0.0973798274903733
0.112037218775248
-0.0489899098965351
0.0496383960998396
-0.0690701861732073
-0.0753990806954364
-0.0272675514848822
0.110058387206321
0.288919062024456
0.015312170056656
0.114602675326466
0.0280980496090486
0.0366303395432286
0.16995034758861
0.103508330741522
0.0567433255447306
-0.0176713187587693
0.157674136435127
0.0058050295532812
0.192131247441078
0.0761905547891602
0.197747127060519
0.203504775183668
0.0503443921034623
0.0469422111355972
0.104496468080504
0.0918346715792346
0.0263353562176161
0.148225278413397
0.159282383076646
0.168989666705326
0.0876654298988839
0.105370531925911
0.0280128125274106
-0.077982285596843
0.0864270776260633
0.142352811956617
0.0816534975215766
0.105579890032315
0.193291926323246
0.168183653595887
0.0779227606432033
0.108714112624621
0.0927696459799253
-0.00930301447690952
0.169065869098124
0.0981854476262172
0.177402288822829
0.0156793419574072
0.161723469854876
0.309247038077394
0.0584225275106722
0.113208736632494
-0.0140089996295711
0.0794448184402817
0.139886284900663
0.114060375169961
0.128815592385672
0.271113464774677
0.0736786987076155
0.152935944809294
0.200465705267094
0.217124133916462
0.15982449831243
0.106913975746763
0.293911023399829
0.0627504413903401
0.234655171385287
0.216113113492266
0.108390651941211
0.171916616914746
0.301299493506268
0.246660801000158
0.224232933251556
0.126018966358677
0.168218087420852
0.0565695593361537
0.144992333328206
0.123070331068624
0.201379710245519
0.233379795567533
0.219877444206046
0.169231872123489
0.24723575707553
0.250352032743526
0.223097929231288
0.269114771445542
0.187876495669446
0.176678580527053
0.147142350509818
0.213347540818308
0.192214456423272
0.22771824000624
0.290812105753535
0.194828679438168
0.129191349849391
0.214095445001394
0.171777597468699
0.224901736568763
0.228566668444955
0.28153357914557
0.170489536595405
0.20071683508761
0.144006693917165
0.15148846337388
0.267510661275978
0.185837391326386
0.234386914555204
0.268008914653709
0.404526589891966
0.474496049165981
0.264849730333392
0.213467390955326
0.208949518276484
0.232154165558367
0.212417309041265
0.206653528582955
0.168212277800447
0.312759438066243
0.130849780044968
0.353180331506578
0.404905076880271
0.203100711628792
0.237354209405909
0.175648921720558
0.40715750514629
0.265480553523499
0.189088262292446
0.305803565220632
0.326958989898399
0.167279262297144
0.289530955861751
0.327384194110956
0.39868029815552
0.162450617730478
0.321183146913352
0.421541918945076
0.275257035319529
0.261561744716609
0.345231948584937
0.167395498124264
0.412798868548186
0.379279936565477
0.365622965052268
0.484804585208902
0.42212707660485
0.269616909711985
0.309745924226504
0.350794228118408
0.199776014892491
0.393634400701964
0.242028025015417
0.246111244711521
0.370923134212167
0.295382770974599
0.269599701130961
0.413936119717144
0.569785134221142
0.471337534625269
0.281795803237318
0.229278437484712
0.439570974690978
0.379600014952908
0.34930897399858
0.304830746814064
0.397499093885119
0.387384280178086
0.427733824602533
0.35648747828279
0.242414805146691
0.372446914859938
0.403912556905847
0.348401806399837
0.324097909035071
0.424721716015644
0.376312450483743
0.420579852167376
0.356891671135661
0.449134581847246
0.27098412018056
0.335266292321476
0.245675390659344
0.204053626213077
0.459791598256656
0.416970587546587
0.412860416118181
0.343969960204454
0.420807690750408
0.451485851400694
0.506045695413981
0.403291034866396
0.357628503360891
0.422094961557124
0.422206216431624
0.479714804268008
0.435770639628427
0.337031781276448
0.600338752256026
0.420659146821178
0.582764360835395
0.505008614171245
0.499432734188154
0.526898703594365
0.42279444976705
0.461868219427065
0.550408012328209
0.496648578774985
0.422955624993282
0.51456415346653
0.468164015524614
0.487989893844456
0.425777305297632
0.417338538527105
0.309940158157742
0.306100921369049
0.412159390305102
0.415672947891302
0.452168714190508
0.436870856575052
0.492416495429359
0.437609904766992
0.464353283818727
0.454081687226334
0.48241033843177
0.506524688547974
0.512950256816646
0.378848006438839
0.572917541624196
0.517981347804588
0.386621771820116
0.406023695028219
0.401221661155777
0.530904156771903
0.3504556596169
0.59407594496585
0.568917407698125
0.427155716290896
0.513431717722334
0.586022910581374
0.542620675266942
0.562784759906675
0.581939560163863
0.422816239881166
0.421461635230839
0.548594452153444
0.559500686953267
0.426336107892311
0.385327216885947
0.639970004043701
0.559109210699817
0.557846628872724
0.579960482641886
0.578295129613035
0.523661179193965
0.491679679626806
0.571770916364022
0.476641494373887
0.576917632559819
0.557586782081849
0.434322800364546
0.653467406289603
0.612587284807665
0.645092465265278
0.475996483790871
0.513970319852538
0.478545504355063
0.668191955372617
0.520079605064119
0.597832183965184
0.61287813577697
0.535226748112154
0.638713097734019
0.610949134734379
0.595027868657152
0.671749861337844
0.609331863992589
0.692321216885363
0.518132483707416
0.565369180510657
0.356039108001224
0.550084825273709
0.505970078870806
0.533767918136836
0.66026883010243
0.56736362694315
0.678922661676633
0.498049615898515
0.476314708751312
0.627629667278587
0.741459522941649
0.687573679021624
0.650511968285996
0.478648491316437
0.605031272048069
0.636785675080961
0.589993178152908
0.706363195572419
0.635471999571349
0.479844757138631
0.644127268660668
0.674142513527411
0.572415177816744
0.709422797694437
0.774075556358312
0.44051896871909
0.769701695207096
0.553134633853701
0.747838326157716
0.456392862755545
0.587329951517709
0.691277196801759
0.642118970628862
0.519825005272405
0.656845883140824
0.558181633433482
0.719856193386528
0.699379961323579
0.683779720220498
0.581213514303004
0.787127331990523
0.755597896032366
0.528523009179597
0.655650670377014
0.803626229059254
0.772258476228172
0.627015732734594
0.823701484073682
0.563550454029199
0.649771645120576
0.719116623915353
0.624346919433208
0.677952782708454
0.753177862936747
0.696812219678151
0.753854568318772
0.648473481433302
0.662194537199153
0.737038078912912
0.608676224615069
0.740305055564316
0.631995393568831
0.784101457842778
0.687749278000111
0.762967142035655
0.521004767502377
0.864733982768315
0.747531934437961
0.750288836971286
0.697782939644292
0.747854927790341
0.638236617216487
0.715071484839495
0.808475514932556
0.783002723881639
0.769549018075223
0.679422813508816
0.563516009258288
0.570459781269112
0.806444169965179
0.788238865675571
0.697824256283608
0.784785269049804
0.713098865701774
0.671076772310307
0.850795683585739
0.890531866180251
0.700747842746879
0.768277259529563
0.758820823845328
0.708182216748322
0.788894623674024
0.80593335725549
0.851633814748011
0.854217599522289
0.81353033151873
0.748705477975051
0.618267248679999
0.828980451994585
0.55496040271216
0.865980519213697
0.838746459174843
0.869563511683224
0.800873188050589
0.70781783308294
0.804838058444524
0.781706923841556
0.745665416700569
0.777960147853787
0.847537621903663
0.789633776254921
0.734212545650708
0.642219710146982
0.992148721880002
0.735077764061898
0.81761292528248
0.719533285201709
0.794570211787428
0.855370767189062
0.954753754541821
0.875116753771129
0.752452585109259
0.893127204759975
0.742281738150114
0.733146110682419
0.83905845602055
0.809230647198268
0.807708572297321
0.862604196174642
0.796953609478138
0.958966727277821
0.761308917152178
0.944377109169852
0.912359951651615
0.71457976055087
1.0128976795894
0.804499095730603
0.89850903036426
0.779107898325402
0.821655502996778
0.937406374107789
0.822856392873768
0.849083976349037
0.890141668205222
0.843734375438168
0.907593365606112
0.926611323782821
0.91275237806212
0.922666097121431
0.863734072339642
0.878411858894871
0.851503746214346
0.880923310703818
0.837626349913932
0.736415756259646
0.872939870306182
0.913442707996521
0.977712890711292
0.724243657576505
0.86234903732722
0.913620001673067
0.835122984691031
0.728955398330287
0.750394957736935
0.806744151767078
0.848782347381983
0.822517613975232
0.876350845417714
0.891644623122072
0.966587034944611
0.989848037479042
1.00296364528608
0.764932860503148
1.0201608753103
1.02353236154018
0.94575233222159
0.941489126186035
1.05796461449191
0.94841596132181
0.896512152084609
0.991138921685054
0.939799647950237
1.12852992114513
1.01824213862363
0.996691888981154
0.801404112482055
0.917702073950517
1.01547208611908
1.06971795874508
0.975815100466907
0.974157911540163
0.918392766354095
0.937546555360844
1.06756556381583
1.07234573536747
0.975773490621587
1.00188087516962
1.04275641000129
1.11694922133236
1.03580447341742
1.04415562384433
0.95154282953327
1.01495508667544
1.05469409824442
1.00821462222146
0.908663237003617
1.02103858515524
