"x"
-1.12173173470809
-1.00408193688066
-1.05653794749935
-1.01057001246476
-0.923717069077911
-1.00900789966216
-0.903172350430502
-0.967305617655591
-1.10014879926194
-1.08245122705748
-1.02332255259325
-0.969823201238113
-0.917106574201006
-1.05060989101873
-0.887196454650402
-0.981704778150061
-0.916313756896834
-0.995343210894394
-1.00603211913667
-0.916169360320495
-1.0881174207864
-0.980024044448633
-0.880084424553635
-0.83789762778536
-1.00195248324824
-0.911204034694715
-0.91144062659514
-1.0165279836593
-0.967657110237639
-0.924735763853064
-1.07015099323662
-0.867689997368408
-0.876360190499007
-0.821311803212257
-0.85644857518381
-0.903010034372698
-0.786548303273369
-0.920172014211753
-0.872891973112847
-0.951617869070513
-0.867252002265973
-1.07174486412235
-1.07364956892754
-0.959133884598268
-0.845381946196137
-0.939996573581217
-1.00250541158322
-0.84186083372688
-0.802254054474291
-0.900468296560116
-0.861018569026178
-0.882363101206575
-0.86580893105564
-0.852776269207306
-0.858435565723393
-0.836594363936522
-0.905290707797244
-0.842447312006036
-0.980553700607685
-0.981513068596785
-0.826199268498636
-0.884809208491566
-0.904088020409662
-0.845557095360789
-0.872543634884561
-0.932199874751621
-0.898005245809663
-0.815817903887876
-0.884755390813794
-1.02608878197054
-0.96122148772765
-0.883050090715567
-0.955914363047003
-0.817603739785595
-0.847078481459807
-0.869936959014942
-0.894000344186709
-0.89548240154958
-0.883623534841924
-0.662581771688482
-0.895907668922212
-0.840857702089956
-0.823544023171226
-0.861599619230312
-0.897431397625906
-0.833332234709916
-0.790070859180676
-0.880843099769829
-0.791461942125304
-0.915336821247701
-0.79370706198631
-0.736716302006246
-0.866222792122104
-0.828452614876622
-0.773927660156546
-0.852408177638598
-0.827141580788783
-0.711188065044305
-0.776983652355067
-0.694097422188076
-0.847316153218842
-0.747379308888306
-0.739786977309068
-0.699105933398935
-0.744463841804432
-0.904097741249799
-0.631687620243803
-0.710385440993255
-0.743359092546737
-0.802744062677284
-0.831573433240678
-0.862711502001364
-0.787139520852745
-0.824169220704787
-0.859952395994451
-0.81864841141403
-0.885099886208184
-0.587378170571372
-0.786222175429694
-0.763437921062059
-0.768706978653072
-0.883832152020579
-0.829185590303602
-0.583945903772692
-0.468982725601449
-0.672875915516419
-0.700457319302057
-0.752761141597278
-0.761760694310569
-0.817533223450802
-0.754835584886409
-0.736457450082902
-0.737694599596309
-0.709960786323532
-0.646464137342406
-0.795453498787138
-0.795193818322075
-0.82908135752761
-0.584803114548987
-0.679060937300582
-0.642045008522465
-0.723094013056848
-0.698788834284841
-0.677487682468526
-0.63418181471507
-0.753747920080996
-0.811332446247781
-0.742475228252078
-0.660875691743404
-0.569250159495915
-0.576752995359717
-0.643930641051249
-0.685852267199376
-0.582114561699316
-0.723440642595599
-0.68654293114022
-0.838228814733221
-0.761174987441956
-0.581837713496753
-0.671363655312474
-0.688620724683086
-0.689892682956821
-0.800309973418006
-0.803935265532514
-0.70858060894596
-0.81564559135147
-0.633112687935366
-0.544407189195007
-0.682721858640743
-0.535528396133688
-0.638606159794031
-0.622058064706132
-0.649383759767956
-0.598053838541475
-0.643299088251365
-0.66020862779279
-0.540244892902697
-0.580647149450671
-0.552202031321137
-0.73670800387135
-0.671009418559812
-0.696032946335284
-0.638748990176618
-0.621691128505573
-0.59013088832694
-0.597526515946949
-0.65144477042021
-0.680778711428276
-0.550520053683844
-0.684313704188054
-0.606608335590211
-0.601483146617534
-0.615127468379879
-0.475553973172869
-0.58778412611377
-0.639868028911758
-0.602715091476307
-0.657223536419343
-0.685729887134403
-0.539157123274816
-0.571408423055552
-0.581353782314863
-0.679145028100488
-0.604854137366335
-0.500872726985733
-0.656296266684678
-0.566986097682865
-0.566987088816403
-0.450876866121883
-0.544488878304609
-0.601984152812748
-0.513451239953951
-0.443482012138761
-0.489335122337469
-0.555029421998582
-0.519305504813161
-0.370676815124834
-0.535040345317353
-0.559964933809375
-0.480303826771321
-0.587675567602383
-0.543422963202224
-0.717179943318287
-0.565489598799605
-0.574699118639898
-0.41511041162146
-0.458685323946449
-0.691084316326676
-0.443023639612463
-0.550023481183503
-0.537006772278988
-0.598846243895782
-0.42963810089331
-0.552711681652606
-0.557592152810552
-0.528158694816051
-0.373983793670765
-0.431625498605751
-0.509210895274773
-0.532211103910086
-0.504855215406901
-0.534114168921669
-0.673311856606599
-0.554240770818146
-0.445176698824431
-0.702908615799818
-0.308524513122144
-0.576268314533593
-0.498850854680746
-0.541073788943107
-0.383405937732582
-0.65054556229763
-0.323506530432507
-0.699348891931746
-0.600854791890067
-0.462112688059831
-0.483159506599363
-0.522415587846975
-0.477888692215406
-0.505083935286557
-0.40409976418144
-0.489914358094819
-0.491893089133381
-0.288843964532364
-0.514799837605476
-0.632076819579418
-0.432637934186753
-0.404143422313913
-0.488469101541968
-0.472145341323278
-0.30816353332533
-0.373267276965217
-0.551043795802272
-0.581543694102173
-0.360179108192985
-0.368197450003682
-0.369772266343863
-0.422632819578617
-0.586458118936799
-0.499210068683059
-0.557897637591715
-0.305137803076483
-0.54484004864658
-0.356174963004044
-0.344993476845176
-0.322280281661138
-0.322132697352957
-0.632628057815538
-0.387035945011383
-0.504664602498713
-0.650255074217718
-0.34411974822047
-0.554151538733808
-0.451321536622178
-0.448684736371845
-0.418444704898892
-0.413385070779198
-0.457018957197184
-0.422444846788857
-0.312736936522657
-0.346143084210425
-0.521343148208744
-0.432648967830316
-0.484319809701287
-0.50049476996505
-0.378178658292041
-0.359983651147336
-0.301070386108588
-0.443325158432422
-0.308665645073324
-0.457552658647077
-0.387028586798883
-0.362976565045895
-0.433390421317815
-0.306866343966682
-0.45822193312675
-0.229442156177581
-0.229989420538337
-0.341367526729816
-0.484231268391191
-0.328810745172422
-0.445715744243832
-0.42365621291346
-0.369924950594062
-0.478854527703286
-0.320159089739676
-0.236478079520496
-0.299590654677594
-0.399476138526197
-0.305772176084869
-0.366984625037331
-0.329716863164698
-0.290156817803082
-0.127466581290593
-0.423509792138603
-0.313493369158181
-0.341366841901068
-0.422921681381959
-0.53079241571253
-0.333440748247857
-0.441142544861332
-0.198862928990993
-0.316995957027311
-0.348352973588004
-0.210217282416454
-0.153514656625355
-0.347257759704894
-0.159773254336574
-0.402480745304798
-0.3175135427887
-0.283053252941857
-0.406816358744402
-0.111040529524289
-0.220917704776702
-0.355300464692172
-0.314866637340144
-0.318687486879127
-0.35116463107189
-0.32530504720704
-0.328064026933596
-0.279174895977503
-0.396590113044902
0.0313189604373625
-0.424229244190107
-0.197463922373815
-0.324623349704337
-0.296968239139648
-0.0900605599854912
-0.348342293340547
-0.30807622319285
-0.293887934838404
-0.120270090197635
-0.191426141333863
-0.141872460773282
-0.19592065507027
-0.196957200098786
-0.220205903468685
-0.234801489869497
-0.273326772320597
-0.456901430315267
-0.225135244582698
-0.290341552369829
-0.177351287333363
-0.0646167773749858
-0.324628744191004
-0.186502878466577
-0.330768736819534
-0.276371029017773
-0.287185132004161
-0.308656472256547
-0.260560254643183
-0.0787176627354722
-0.0984869781125688
-0.190004374898927
-0.258824059828194
-0.182490336464573
-0.255663438627445
-0.327477470575128
-0.200843664594898
-0.261828479562136
-0.181688388317271
-0.282533084579944
-0.130322783472393
-0.345964033669698
-0.189969320000968
-0.21085218991976
-0.269505616792554
-0.16241707776279
-0.214166876177901
-0.141636308681511
-0.171724241986433
-0.0762011644253714
-0.0221670738712295
-0.164274296685587
-0.117547029460583
-0.0420075747108458
-0.235070116440417
-0.210277596048908
-0.184840875742784
-0.184131949338228
-0.0651463699422763
-0.236184103869825
-0.139764184284966
-0.0766385050130801
-0.252822048668622
-0.209396805320283
-0.0715160302624603
-0.0547936999910977
-0.15202164122285
-0.119175404755974
-0.14446471565656
-0.173098051650192
-0.264266508788932
-0.111288151089181
-0.0990587665814164
-0.184315053937986
-0.229100522770945
0.013179013211872
-0.163078150504261
-0.18542975777058
-0.0957933628912903
-0.076981342474254
-0.0346797035535992
-0.020318293893471
-0.147294618137701
-0.154965482239868
0.189211307329304
0.00601472381709794
-0.0756494211479129
-0.278674910866174
-0.221047490749719
-0.220861404206847
-0.14576009975307
-0.172521881733388
-0.0702981420888088
-0.148644631979246
-0.0552119287686822
-0.110541230679323
-0.141307361748336
-0.12872729569265
-0.0571768694625527
-0.00780587361558301
-0.125546665522659
-0.152878046648431
-0.145300345502429
-0.021943537900642
-0.0332855851337186
-0.0883720269139542
0.0123135639153501
-0.10646342670187
-0.0107608592238974
-0.0607512916786591
-0.148774145423317
0.0515684794910195
-0.0724250982153454
-0.119802920409903
-0.0506937531778096
-0.0145685124271703
0.0339429283323914
-0.134394296533465
0.0550746866890215
0.140283670916167
-0.10648247601141
0.107731399035276
-0.0622402203053633
-0.00282561701975849
-0.0977242137277266
0.00179167993409987
-0.0711291032327288
-0.157112184902895
-0.00960215447643819
-0.0658242798469443
-0.0430496766174319
-0.0193135298108028
0.0980017628044133
0.0815864148960151
-0.002843579879173
-0.0442514008534764
-0.046332470595171
-0.0909859726779962
0.0138327307646628
0.130825179895531
0.00989864458500862
-0.0176887828638919
-0.131793760198586
0.200701797273188
-0.0975561882144767
-0.190607814976707
0.0909594379187092
-0.00466496099276767
0.0554302249541438
0.0864628755221339
0.0394426390005307
-0.0265017218568046
0.0354442311125001
0.0298776215010736
0.111600812252836
0.110407546108709
0.0900386703449364
0.0347470202862272
0.0821377187249455
0.0811428118742627
-0.135382830777302
0.190554026612973
0.0600065258577816
0.0192603841350955
0.144635280514867
0.0767643437545162
0.056166340586825
0.00967516485143793
0.104967282377175
0.116991854565453
0.111522897587897
0.0798359727376138
0.196118746983994
0.0291303669850663
0.0333568599580084
0.0177336428067025
0.137627781767157
0.148432084422897
0.110926349217921
0.240251538001493
0.130995667041484
0.0154435122915499
0.0945099669705253
0.149911330851789
0.0947204157195741
0.0356242089633776
0.0282751909580603
0.0476072870227937
0.116736835532766
-0.023671613379014
0.0919041467550949
-0.0113161145871443
0.18199899422452
-0.0527986311269236
0.165651406088871
0.172814603273934
0.104426530884219
0.279029632798011
0.291305465189873
0.227493144383752
0.142388094963643
0.136026971566728
0.0519771999802498
0.207787149232267
0.070846305349563
0.0482149577112859
0.204924474018624
0.0290553407297258
0.172976557818386
0.115065269650566
0.0620558331954592
0.138649560131996
0.189723315732967
0.0706779702683913
0.282174650537307
0.264245655779805
0.133331169496879
0.0968313066178641
0.0992846956158587
0.103133604806022
0.206243307042232
0.166174805646985
0.161121444873863
0.246380716314781
0.0547165887682518
0.334788364117057
0.217709514356274
0.140742330288915
0.192442777059842
0.131486430298276
0.185183882128349
0.287406296345527
0.0373497190114573
0.251587763201832
0.196294391708693
0.0471946301276587
0.152254474383387
0.119422079526475
0.246218592042152
0.144095056793237
0.292689149090675
0.26350750437721
0.139003261652966
0.412400100142019
0.291681249700147
0.0828525998119435
0.151723280679034
0.114528974811782
0.246692241116769
0.285141200074596
0.227570370589642
0.312860537259662
0.313510694396296
0.247381111632289
0.257696776546457
0.326921345057282
0.261005234231132
0.140349918672257
0.177487466440231
0.269195902206442
0.187941603049806
0.307014754671853
0.272110866922087
0.321750343455757
0.273054686170504
0.280894924108822
0.248355086508956
0.322090648690759
0.29172617674518
0.334415229563272
0.292173044652435
0.327387354477921
0.309466974389337
0.252996513113372
0.323288929865954
0.333378779002738
0.286229164321252
0.205430652419628
0.285839085520494
0.344145958986862
0.366259457204906
0.444838607655595
0.289407686637242
0.251153347818377
0.313116030579846
0.378331443020791
0.323724943982472
0.144612071065842
0.332868488698845
0.200984706225504
0.2790517546915
0.266308754796747
0.260660301379548
0.37948232669693
0.383246833701248
0.442449128608511
0.209748674676928
0.360367866818189
0.288153834905885
0.286013488914886
0.260834348582199
0.260342039266496
0.221915443999816
0.395160916718418
0.41360829665353
0.224258548220748
0.319437952629437
0.231453732785599
0.23531328916536
0.196705159204913
0.287530566993984
0.397408664855409
0.385555501692964
0.340831973561041
0.319958629807541
0.259859017375457
0.492629344376814
0.43438638143717
0.560940902263767
0.52682407830608
0.310544295316971
0.398920517509601
0.453887966013744
0.364532804500879
0.432406584788818
0.517505085312612
0.295010030258554
0.35597866958479
0.445832517190498
0.35606397927848
0.335220881405028
0.502454557851938
0.390012648753584
0.273874399750759
0.233150800312613
0.458771447355827
0.299532810465433
0.313394651220005
0.366814513260312
0.323151021429078
0.439416620459608
0.438503184179523
0.339405581760862
0.411620228663926
0.273484375074095
0.393736811501999
0.343719486044404
0.526310073962739
0.451747803862436
0.518939183115512
0.409378718922125
0.378322144529557
0.255238339853012
0.434546797033686
0.532120242978289
0.371410333988739
0.386497779430656
0.459711645352407
0.490273265314461
0.458603190379177
0.353566590507845
0.467180938772418
0.512385053016641
0.486035717044623
0.261840370534093
0.447727996127774
0.413912229196605
0.563882854704468
0.541147454604696
0.401474352450343
0.400537028987596
0.4731772640025
0.449582575127294
0.482241026902784
0.38127015534479
0.438980165742601
0.485896969679615
0.611699334742317
0.523238145495668
0.58295500111502
0.403333691244165
0.568853818952627
0.526843946529815
0.524725200506639
0.49822319900744
0.620808117144449
0.556550218989674
0.497873561049233
0.384455830501036
0.334346096721187
0.473046186220705
0.400363588551267
0.583167858032796
0.449658422301417
0.607058702023389
0.511745906702682
0.495618598748382
0.686556314095156
0.644277164281453
0.635146545641821
0.477661575835892
0.513699812927928
0.413664912135194
0.56957600740676
0.526500841280408
0.515648331740084
0.625182241554966
0.575440659764987
0.540022242332462
0.524419794212214
0.657262201701165
0.597180009749864
0.511119421410954
0.508131434194373
0.644793765909833
0.585542809479648
0.630936044982642
0.367321576576219
0.513948862790969
0.69421705150479
0.542702219305685
0.644573148631726
0.57192870877063
0.628423924363918
0.614624789316218
0.710864000223199
0.595675241990994
0.638688235432044
0.696706923943133
0.517859800425653
0.536021399331888
0.577844246942116
0.511493346959779
0.513872987119493
0.532348239210735
0.626148644524626
0.645698391911726
0.513334807355905
0.625393676168159
0.503404114733011
0.677949545526268
0.638049993403292
0.549062272469155
0.582804898464707
0.490416482080585
0.522284083673577
0.645831855512737
0.636734310270907
0.574119581209802
0.641185256656259
0.5537528456082
0.696580075466416
0.768847168272378
0.42394276318582
0.51910810690526
0.529633348330516
0.652191657477586
0.639300486087703
0.57452385629963
0.577827613898106
0.624933643527211
0.664106617437591
0.676054504460272
0.758337689390036
0.599735585580568
0.753838232392086
0.494257054439572
0.616376787064772
0.713928819671621
0.70981181270436
0.622377068410062
0.562960266615303
0.747537133198364
0.818143572767678
0.606991631893156
0.83524102447386
0.775114999762841
0.625162939595659
0.685673483156363
0.851798946512374
0.780211259345813
0.628209741837839
0.654508258930762
0.676303340661285
0.664365847950026
0.638799364143197
0.594953436799541
0.738477372893583
0.5241468526563
0.791822653772683
0.825503600851175
0.674237647186439
0.625117438825397
0.655479004406549
0.689923949486763
0.649446185958187
0.628992629263329
0.627899175922935
0.680091493865647
0.61318054795678
0.789661954705885
0.731527294548064
0.667516502558254
0.71226366911747
0.604967714823566
0.561357844998385
0.723617387376835
0.833734696430027
0.794395245487173
0.751179283783794
0.605090745216579
0.805720463799284
0.517408987050272
0.88560735791424
0.761557210127794
0.764754933052121
0.624161940604759
0.632813081406397
0.618946098708617
0.861324122912789
0.654393777273577
0.885743813581452
0.772543701236899
0.711883885224708
0.781268070186225
0.669789794076761
0.737551519776094
0.790433902943208
0.733908697106457
0.684019226426225
0.773203531543666
0.751649156764725
0.75810929617693
0.808079790930238
0.820722145140033
0.81188806945602
0.913829213095693
0.823734180495657
0.882196266208272
0.853783485379674
0.839428786664866
0.800934085045106
0.759943105379072
0.63232402174192
0.917692898790805
0.871601248422149
0.889675943721295
1.05220458124678
0.906365417770715
0.83849854989831
0.755853997777132
0.802050898154099
0.934503896071144
0.748815886776968
0.792892305777805
0.851909393868932
0.980877011552097
0.833684542900469
0.819568792636584
0.733279420704833
0.839266430897603
0.872438737539186
0.871782177974626
0.889920615295734
0.718194374399348
0.717758160538138
0.871586525909249
0.876459410115376
0.966560706575063
0.83296558573249
0.922294581984859
0.872080934645622
0.906152867666143
0.813236065793672
0.981247156646525
0.847349663354644
1.05886064200314
0.763218371153488
0.812718698340681
1.01448041599593
0.862149639581387
0.979125402631681
0.913748323482309
0.829824216140372
0.783815032691816
0.941470519243723
1.07035360960656
0.775862778871071
0.94732267743065
0.878739820494443
0.82218284849031
0.969654446382613
0.995724138953446
0.936591776230249
0.887807299497121
0.88076659178737
0.996264223353654
0.854632694014364
0.829649750302664
0.930090104195403
0.945360883698926
0.83454115007596
0.932552006597837
1.02407466809318
0.939197030989766
1.04289387860043
0.877031788691982
0.831896988452476
0.84441517646039
1.0124577683855
0.978310774220354
0.824326643501938
0.924778604793573
0.951680055849634
0.899220664528178
0.913403273882059
0.920808086025806
0.899832437316991
1.08623666258975
1.06779638414676
0.886476338141138
0.973971527442601
1.02356644910302
0.912527658279405
1.0896375192934
1.0096404675443
1.06217180630145
0.982050124475097
1.08275091395242
1.04482659747698
0.918868482594855
0.932550442352035
1.03740827735064
1.01834345904174
0.958292739459501
1.06195182335126
0.959840585106618
0.904925767563246
