"x"
-1.20101737666337
-1.10035302336356
-1.10834407835663
-0.877175434730174
-0.922070481557722
-0.930096241129557
-1.00796295000401
-0.901207308628388
-1.137830869319
-1.00710355841793
-0.9818789034904
-0.975033094579876
-0.913756609269926
-0.86426462345679
-0.928751757360427
-0.979353139236878
-1.01723915838055
-0.999456431967185
-0.946031445250564
-0.899374578456041
-0.926729345470582
-0.973657870259328
-0.854497228842447
-0.907383346250368
-0.974408503929471
-0.84256502518488
-0.922453383241248
-0.889330357153956
-0.937935756602818
-0.954930854433864
-0.971095595417541
-1.01841903756968
-0.920862731642165
-0.924626626596253
-1.01391638299215
-0.945190737166069
-0.913416101158883
-0.92598496155386
-0.804586828357947
-0.839027070005533
-0.908713960155137
-0.789838652962826
-0.801179868878561
-0.808914713640405
-1.01535378334883
-0.872518067991443
-0.898090862620509
-0.957602071556357
-0.901712145658261
-0.894924870652767
-0.77397138777496
-0.992701749389804
-0.860727416640875
-0.883830673185038
-0.914264804278616
-1.05889823450693
-0.925059419601796
-0.915430689905878
-0.952938800552339
-0.920555765963522
-0.703623413133027
-0.940244931065976
-0.9086762373275
-0.773418304219807
-0.805798780027227
-0.706367795026029
-0.900308951532747
-0.832643639825423
-0.835197636321583
-0.825834274588077
-0.859092631360536
-0.824558314069824
-1.06623437359314
-0.956464355014037
-0.946716784552979
-0.930591245890097
-0.859702737167211
-0.70497944600491
-0.766206634354122
-0.819790330700635
-0.843752948008201
-0.839103537343163
-0.85538394072
-0.830689126365783
-0.799176032272
-0.737082864892303
-0.811423471295157
-0.874410552168286
-0.856594449730341
-0.791618091169599
-0.707842953447368
-0.725517332360103
-0.746469657052867
-0.644577298942955
-0.811908779815534
-0.905116799821838
-0.855892155120801
-0.726584113441121
-0.779570452747363
-0.700401465955814
-0.880583729912042
-0.789527697131248
-0.832942949476507
-0.871785030764813
-0.823606257571299
-0.881168897509336
-0.778807956700174
-0.801811437747663
-0.815301429779333
-0.779932067527809
-0.800198160914319
-0.80935539876317
-0.780737991132314
-0.62843439529396
-0.792094058707582
-0.878836698219093
-0.633765605028855
-0.717700486229093
-0.645272010082566
-0.663614581835827
-0.669159158377794
-0.779701264715546
-0.71288412656509
-0.813613208182112
-0.717625114147557
-0.679394396463558
-0.723875125551778
-0.573494908945215
-0.688955127884697
-0.79013477817085
-0.685251191187649
-0.869511118919536
-0.619385658274472
-0.632258972618949
-0.722212576546429
-0.779428761355106
-0.758629247707882
-0.729741749018054
-0.66299949845035
-0.746724376842957
-0.689784599008286
-0.746947620675939
-0.776188360181244
-0.871803877335252
-0.615866869497365
-0.75651627469295
-0.627118742768636
-0.742688555494076
-0.753208210824404
-0.743547839731726
-0.555606415914934
-0.64101292193161
-0.762779912833179
-0.600083098562562
-0.765718223737311
-0.733361968573834
-0.589069900290688
-0.719315503464084
-0.77988934019382
-0.75959355383676
-0.680398754364992
-0.789703652958986
-0.596335722743794
-0.591342739941728
-0.683425888397359
-0.586924289711557
-0.567253960633784
-0.715906839235841
-0.557449694080995
-0.763062013262036
-0.710399056563568
-0.664326485687151
-0.746539268103891
-0.566016571803961
-0.706731729719654
-0.641022139138893
-0.676483558567483
-0.603705921817137
-0.680411753813226
-0.669484005159994
-0.701765266163357
-0.605208894952544
-0.574186455615146
-0.576558305402569
-0.670440353550748
-0.635118391361723
-0.61295598829128
-0.66979063276351
-0.643444997344123
-0.833323780367332
-0.515760267233126
-0.674985624128315
-0.644524822984692
-0.654484188635074
-0.645651627229693
-0.668512736083684
-0.540411967589126
-0.73215706699997
-0.539327834252706
-0.577641592237299
-0.573948613575816
-0.695089683859367
-0.633133648741097
-0.636087195469212
-0.624676360306037
-0.655387968796348
-0.421041774426596
-0.501681255886825
-0.74700881499802
-0.64382636377121
-0.575173704536038
-0.474130141015569
-0.528621675387904
-0.499459239392855
-0.706886726057665
-0.422927990743108
-0.425573356464666
-0.721067405210085
-0.615679085516424
-0.552595088582733
-0.534908320886015
-0.501686112134627
-0.644685801918094
-0.427204379434609
-0.517133908169258
-0.641513643111613
-0.677006456288182
-0.454762383819313
-0.396649495562258
-0.426828198949199
-0.611603760103805
-0.559671777848149
-0.389444563621443
-0.577626521050717
-0.498406939586285
-0.57112149966019
-0.58783238578484
-0.4289567195761
-0.579288427961849
-0.497186061894943
-0.564718523819408
-0.411363103574808
-0.563072961771806
-0.471630720855425
-0.396983147285456
-0.516988003424445
-0.567140442079284
-0.574598200950049
-0.450292372651931
-0.482180427477302
-0.595277766542545
-0.521239394817431
-0.522362875023904
-0.557566624341559
-0.659834275349796
-0.462876639410157
-0.425780950932272
-0.367571806666094
-0.465396384330989
-0.558638425723987
-0.466570397952538
-0.428752589693405
-0.529438239698692
-0.380683402682123
-0.489834439618028
-0.42381095772029
-0.463022444249784
-0.470430431476493
-0.353494096566115
-0.362298986148172
-0.47259501029459
-0.53844694484425
-0.479274134688987
-0.309617972205823
-0.459783375974285
-0.427702896537401
-0.386091789181098
-0.492296920451768
-0.549557659505229
-0.45699486638331
-0.304962150374225
-0.375445357404448
-0.528869642754441
-0.43401688756558
-0.371255394615009
-0.34815629901446
-0.461147840677921
-0.451904372070341
-0.316916697248755
-0.341382522588419
-0.415506853371056
-0.586245006199062
-0.380321745375939
-0.411527655598268
-0.431472621227466
-0.301931943303146
-0.54321445434292
-0.359032448826396
-0.467331964013277
-0.499389891387927
-0.332824245216688
-0.399872647560137
-0.340879556903463
-0.383691924114036
-0.225359958392781
-0.235424213421679
-0.376539022480614
-0.427728026468425
-0.290988009748366
-0.485058559325386
-0.317970081514796
-0.579085407248888
-0.466540860115572
-0.233939019801718
-0.392529680573674
-0.267924835556168
-0.396829625295431
-0.532407321054839
-0.265968652382953
-0.283239595575781
-0.279852045377455
-0.352875815240656
-0.229596465621211
-0.213235003018145
-0.327298916717939
-0.330948894895927
-0.364686872942552
-0.300488643578852
-0.470558688712137
-0.352523203954319
-0.355128898765476
-0.310961877468814
-0.137615510411492
-0.412625440036794
-0.444806101377629
-0.436668935504997
-0.326583855178762
-0.407086412686726
-0.305035191465661
-0.391871158815384
-0.274978152038785
-0.400850098405236
-0.343288134256797
-0.261396205504726
-0.358333415960463
-0.273326488684926
-0.424728239579781
-0.298532706212756
-0.247892260865788
-0.259353368711909
-0.460993630201176
-0.373667930603345
-0.236268287607732
-0.209369084789155
-0.29518877558687
-0.3335065577873
-0.301061788542624
-0.340231883479487
-0.205792794506503
-0.340202920652047
-0.265822291472124
-0.399086841069132
-0.358619049920587
-0.316454505125265
-0.270842647388292
-0.390397946290986
-0.280745297174456
-0.272738633857258
-0.135836114197292
-0.110834635996634
-0.142527943289974
-0.315131901677002
-0.311753351214578
-0.219690062744706
-0.304595191886265
-0.157952621048227
-0.291840792629492
-0.0505542205082893
-0.284772819357891
-0.428383405411715
-0.349553003446974
-0.228232346660801
-0.173284075868078
-0.375831589581597
-0.368105215015638
-0.261917921215533
-0.173919847395358
-0.156511263679656
-0.24922820251225
-0.168372023336293
-0.289132204136549
-0.145630965263735
-0.117322632959105
-0.37746116727352
-0.194760805857072
-0.300361122876732
-0.190831555125143
-0.184836697250309
-0.173273473552384
-0.201121970906373
-0.111276745717504
-0.190763344446899
-0.317617943317994
-0.222208420128985
-0.0771649824842121
-0.337807699328097
-0.186275636262881
-0.188464192381466
-0.0141507797323012
-0.175857656421394
-0.145385891218323
-0.0826804919376828
-0.245559665406602
-0.191282215203497
-0.172186680408892
-0.356817103581037
-0.0968834988835817
-0.294330156465496
-0.146564517798528
-0.095994501672744
-0.279790631717414
-0.141338800177824
-0.207676967274567
-0.252682710271781
-0.273984633208246
-0.115180925866448
-0.125985890937469
-0.0314771102896989
-0.161116357331527
-0.0581592289810721
-0.231115206684373
-0.279130417168814
-0.224191180312888
-0.175189112463527
-0.241336939760566
-0.0769442965919217
-0.175210557631066
-0.00750845523407904
-0.0752058159597189
0.0503243235611935
-0.0149713989338418
-0.101963177639781
0.0331558708047288
-0.181931043527626
-0.172293536799113
-0.11520757375886
-0.113717199970063
-0.0223179578261107
-0.187549099063513
-0.0611938169723716
-0.129345507383611
-0.031199787405697
-0.180077676689461
-0.181875091960724
-0.150010792101471
-0.0699527119226949
-0.111730478607363
-0.022067678114843
-0.188729541726889
-0.202197763724043
-0.132812752139486
-0.0193580873453374
-0.168170583742671
-0.168407025764807
-0.174540007900952
0.0649387236618657
-0.0882188836090266
-0.0505510850204448
-0.156344273834662
-0.161655313443592
-0.170557185225777
-0.155429100200168
-0.234087121728551
-0.125976387665051
-0.06443523517758
-0.1196607737873
0.0917259959965018
0.0177085815090167
-0.152952509046678
-0.0953144027123178
-0.116148316364299
-0.0199739031846711
-0.0647622595589665
-0.17840928602839
0.0832305522422303
0.135196263344421
0.0610042171071723
0.0401979899261695
-0.190081021219663
-0.062558135324012
-0.0467371577647019
-0.0373913277750312
-0.0260516663828014
0.0608629917834415
0.0361953784233142
-0.145212178461565
-0.166983812556982
0.115389473667076
-0.0819292834651822
-0.0168596366594399
0.0365039385393195
-0.106133873285506
0.0360793168872504
0.0600288030008554
0.0149614299452663
0.0576419066248443
-0.093606837716348
-0.165757793417339
0.110238803997017
-0.106272769523528
-0.0355721400597137
-0.00447329086215505
0.0729696524933698
-0.102088163804135
0.033949450587343
0.199312399523139
-0.0496696116614055
0.0340582924101825
0.107474281075181
0.089438146330412
0.00445472753007993
0.119922324379962
-0.00556454687199582
0.0484184632958009
-0.0142579351779578
0.200896248730709
0.130900589054828
0.123421153947871
0.056037978556441
0.0842721781257434
0.0982146834225033
0.0502798292445199
0.0532572187248919
0.140770143105769
0.0569053747166392
0.135024424418081
0.033144622199153
0.0188644640430494
0.0854452323957834
-0.0203263298469099
-0.0148579741039403
0.151962748717094
0.0763494043222525
0.0343954749083767
-0.0594423085610801
0.00477672112977588
0.195933285597817
-0.0187268182091383
0.129566634837035
0.00818171977683401
0.0426151185579251
0.08868436000286
0.0293812513684834
0.173047140362115
0.104170180651641
0.22931966273636
0.0402974380950539
0.180523540262574
0.0214043339829607
0.168873176894044
0.0284681276058847
-0.120711192380348
0.132686691329609
0.0810719490181455
0.204461286865424
0.255357529811949
0.228888742025956
0.0243497314451902
0.115186109041701
0.23375230600943
0.129014855173282
0.114561059876273
0.125575835657135
0.080085092769151
0.154335745340539
0.141984889745505
0.0162536375259994
0.119426190278862
0.181382185261141
0.0812053174065196
0.339710458233987
0.0374356377604888
0.221246668048315
0.206708045549661
0.174023702503378
0.0954683311162539
0.217969683623379
0.0915884321041919
0.160708728023225
0.310195268865489
0.318548883228847
0.263481730743393
0.120880774334986
0.0917740657598161
0.132736937725538
0.189692677415718
0.123825670463779
0.202012217624519
0.143361681409217
0.307720602444221
0.10340538305403
0.0717224464272672
0.183241054074052
0.17207822554087
0.373412342103352
0.315067501039959
0.186328217314484
0.333702036074105
0.236490814202656
0.222417755257732
0.251168956034289
0.255481834671166
0.20788355880226
0.12168288938637
0.244724601572873
0.307385038225987
0.273105149233642
0.230620371237068
0.344431221003853
0.260714685718691
0.354927644358381
0.223560361659832
0.157210371854858
0.231550201243334
0.282402927978688
0.300621930355993
0.168467358093955
0.360306121536237
0.235399585183535
0.305932381584514
0.289801091465741
0.109258112974981
0.0876870538762417
0.177899285355348
0.406370648003354
0.288001806009307
0.257036505381987
0.3065912049502
0.328508135621665
0.218839236142061
0.0812065480577595
0.372107424965277
0.31349764472354
0.232479838182601
0.366444767871382
0.065181563942301
0.332314284217204
0.186324081298524
0.236424157508222
0.269760686185706
0.268861178909244
0.25960383336382
0.384596389185079
0.315526792431186
0.405203372373046
0.4015470017654
0.432287518787777
0.208399233020152
0.395666870397497
0.264287974775673
0.352472415796063
0.203458398231028
0.366022701893168
0.249215920955546
0.509898590696106
0.455482623908915
0.27816620647549
0.32675286280166
0.373854406868909
0.372122392367885
0.243626546630858
0.26814678226998
0.307712578093258
0.335313890164549
0.408202985072016
0.385370463919816
0.284322330773404
0.459463614105925
0.456620228484296
0.405583647573868
0.482142677795031
0.49461138140753
0.361954265877165
0.400248283773958
0.542573094844611
0.166729258254846
0.360197436325644
0.423269551266176
0.257946658839159
0.302074028938538
0.237803378378426
0.538509812849468
0.39130146128589
0.314874345991526
0.48520068774424
0.399377140572403
0.386052061095822
0.37701425817251
0.427267835186811
0.352824170677955
0.499453263527379
0.427615730093212
0.450313960222549
0.392223742226685
0.449675156412713
0.381234446658826
0.400558996404386
0.455434278622408
0.397929800424523
0.416479324538787
0.423121271275742
0.299921368155585
0.389853499992975
0.394207187078282
0.496674703965644
0.389187894172586
0.485948585239035
0.356607338409204
0.432224582643318
0.442624440536534
0.272878924464834
0.415774658602972
0.550663232403755
0.477114045259039
0.552442805895018
0.616865079666019
0.457531400461438
0.462277942463541
0.340064642049638
0.546064365026383
0.456479145194605
0.339560220098113
0.570956510773085
0.498696551488912
0.466251661218206
0.594902108525461
0.46212801599447
0.527047881551574
0.550664877601455
0.568266843214582
0.448544902921416
0.552476516919895
0.413079649746547
0.542206545051408
0.412047587111982
0.360999067436693
0.427884834432933
0.731139732875736
0.50381458923049
0.497636471755472
0.443582057602583
0.495355653189717
0.558562319750748
0.551246465932008
0.404333956334088
0.573920219357282
0.657805193621688
0.428169424663581
0.463579903967557
0.459895284013989
0.387197310159913
0.523662456565467
0.55389504798082
0.471507995497834
0.521320300822585
0.512809550996518
0.446766924331393
0.433593227869752
0.536016073592189
0.552375976099646
0.60082598498081
0.641966465242421
0.630540791142301
0.389796557114852
0.510521312669953
0.573772255875716
0.588459763036772
0.590902443766542
0.441670176330592
0.556340526049011
0.623833149832697
0.622472808056908
0.565234591844199
0.645236981801151
0.558032861457886
0.527357492734663
0.62670814537886
0.56178844203358
0.655287483321039
0.557837337401129
0.59922082746634
0.378741272369251
0.476363473303954
0.603922456751427
0.557596639784431
0.617135761095789
0.543108344851123
0.569672413481845
0.547474073457611
0.568786489690809
0.617749794580226
0.561633144567705
0.447136928319438
0.833023173555595
0.651424597114351
0.56626959177029
0.588576007412852
0.709473308152354
0.506377649529601
0.71123684441507
0.610385879235839
0.59266989927932
0.589125770002354
0.635600156152551
0.61221714449738
0.639816787054088
0.739072243951926
0.56487640052783
0.727897256625613
0.544047507769493
0.591952929620617
0.694972883045377
0.593526634464878
0.579681438175315
0.775373953094012
0.752880284896613
0.611309891982045
0.655502829320693
0.675672464978826
0.715351024652844
0.712223035883451
0.651900540494778
0.748656765116632
0.767589487421673
0.738050965967184
0.561557963149729
0.604046803737121
0.706243889132477
0.74489059973201
0.730975020515708
0.644548751037799
0.534263032871371
0.646744231714951
0.78174659415068
0.616328668877742
0.733817588576455
0.715918092488479
0.835283730472266
0.662089516454444
0.631857039010218
0.610763238295947
0.77292729696593
0.749644793275261
0.589894014664366
0.671225308048317
0.690393046184767
0.684981996928917
0.714299490717444
0.665024967858995
0.746285132240049
0.605229695506641
0.894602520283511
0.624503139787002
0.553106084742911
0.772886344071079
0.729896313756682
0.777571122004348
0.676546500665059
0.825849772697138
0.711272543366387
0.729643663701739
0.714171690213126
0.718329291154447
0.695460603263375
0.830230440805349
0.879650207071733
0.894490289481465
0.764506017113273
0.687776887462754
0.557137917521219
0.726657400010873
0.726223366424056
0.842038094239983
0.761335746458721
0.716272157594409
0.889246336824895
0.685427190471699
0.836003687414694
0.773082131517075
0.671936750531859
0.836442683699846
0.720201596713802
0.956372634544752
0.747412506674252
0.66536961969258
0.81512054767931
0.819848267373851
0.686481654076657
0.76699559618719
0.743832250137767
0.853404455907729
0.761602367752101
0.829269541691855
0.673563409953025
0.646105219591046
0.868256589309271
0.828670919561682
0.799121593685532
0.863904738662688
0.856788703644834
0.922309725762747
0.85019797706641
0.814989881328039
0.912525198872945
0.963418698127296
0.770226384005825
0.896908501731442
0.685974498890415
0.756010799985995
0.843298854401265
1.01665991253109
0.751069881388239
0.880318538557198
0.817781150122991
0.687301257711276
0.84184306975404
0.924755260605704
0.770569975192199
0.768672785692783
0.881933217030955
0.879442042370361
1.01279402738997
0.856637385605831
0.894109039628914
0.907446395968621
1.01100705014024
0.803188768958373
0.859998049094491
0.947144770070216
0.762652842460315
0.970822217441488
0.959638541022302
0.691786883279013
0.867272089367062
1.03435241342518
0.906531487017441
0.741837237268162
0.943578588038276
0.800674595662671
0.892420876710381
0.89131970954833
0.753227007078914
0.871902953381617
1.04590384602014
0.844008871688542
0.823624304477886
0.97964844695347
0.925341138852367
0.880166631940275
0.950046535580051
0.885452921394493
0.884056426450041
0.913200238401877
1.04613319845793
1.03703427043441
0.858800074922749
0.92130264278199
1.07795647036922
1.0812838954447
1.03098445185978
0.982171666700618
0.921048699939619
0.836763542705441
1.02910725790502
0.95814256372319
0.901790417278059
0.81139767306221
1.01420575105749
1.00504368963828
0.791192617611112
0.758008588073233
0.820948186413386
0.968992716632112
0.844663701020599
0.98758741826691
0.820299750604429
0.96514718826777
1.00828273446517
1.07393647485459
0.988053199272634
0.990898933350164
1.00825228437587
0.9645274274549
1.03045818439617
1.03637936469698
0.971836687775913
1.04781484168129
1.26058873484006
1.14861096970445
1.02967888272673
