"x"
-1.12102230451214
-1.01199759528908
-1.04409012064615
-1.02345010707931
-0.918634798188179
-1.00193972209736
-0.90534955974273
-0.962260886986387
-1.07311712563384
-1.08181922689605
-1.00856542417815
-0.974121305317715
-0.902884494094687
-1.05973364281766
-0.891150915194238
-0.963596827869595
-0.902999578800351
-1.01477051850091
-1.00468763694981
-0.907970582715114
-1.07750753053765
-1.00498943359848
-0.903429672359346
-0.873480981202948
-1.03146579087978
-0.90931398748902
-0.894807969734888
-1.03765641857264
-0.963005216274782
-0.940030872484148
-1.07122428523617
-0.87028478156708
-0.905163646025341
-0.825044259264434
-0.850089719918106
-0.886573349197531
-0.786086603702804
-0.920084366511899
-0.888485695152469
-0.941399734753792
-0.894142894262318
-1.06659649257893
-1.08281197619233
-0.961953290226711
-0.83518588425214
-0.938024607668701
-0.988882247159542
-0.865266598570645
-0.781635399151514
-0.906196067533942
-0.86547043796581
-0.860102390904325
-0.841621310697749
-0.853724266175283
-0.857771750060064
-0.834251944803699
-0.904984422447579
-0.833323197522434
-0.989109566118049
-0.972681521256931
-0.837946591461345
-0.875156916411133
-0.908912846431133
-0.830511465925584
-0.885025218809654
-0.942257790059871
-0.925731281074361
-0.822555015721404
-0.917369526992211
-1.02478721248192
-0.963204923018887
-0.886467656512456
-0.979692228630958
-0.817749158331393
-0.858536078012816
-0.884506226057148
-0.874522322843503
-0.888691376309802
-0.871116421036583
-0.673391591655173
-0.871374460960595
-0.820242639200645
-0.825536384244309
-0.854554301011703
-0.920235915658204
-0.840037949805165
-0.770389094231355
-0.885268148526914
-0.787881368135433
-0.927676274774432
-0.803281322002364
-0.708372942103357
-0.875144473790779
-0.828518768419836
-0.772490933687847
-0.865062418560385
-0.8386831378954
-0.724357268662809
-0.775931267892742
-0.711006039722377
-0.846715476953456
-0.750316199035286
-0.737291723434377
-0.712393253166715
-0.716556348164444
-0.896282922279176
-0.637332940040571
-0.721560804007487
-0.745298199284739
-0.793523566610363
-0.843372411468711
-0.865240185359487
-0.780744653927758
-0.812171500697922
-0.873992835923397
-0.834192866838707
-0.896835218618054
-0.580618273316356
-0.78455076055156
-0.75158136185515
-0.742456402475715
-0.871323468372089
-0.82278536556293
-0.593648413106579
-0.478791369234831
-0.653644214814231
-0.710891281896203
-0.746348448390418
-0.751743143554049
-0.802904235826403
-0.761661180901134
-0.72737097646527
-0.743488693174479
-0.70872425493569
-0.643418934608328
-0.796004111003131
-0.792715568946348
-0.818960510736244
-0.577808666212801
-0.671815261524107
-0.63717329480695
-0.733240586609913
-0.708907457346577
-0.703626742382175
-0.622631357216993
-0.748544531977796
-0.780312813786621
-0.772480085941624
-0.646692336966117
-0.57989978522818
-0.557203199107992
-0.640828182612876
-0.67793531870719
-0.59877034892158
-0.72583789907967
-0.688610182210736
-0.8136461979462
-0.774514659493741
-0.571325786964303
-0.671864888192061
-0.687155752639645
-0.716489424430511
-0.798613602175235
-0.815899876702929
-0.691261687357939
-0.805860082102263
-0.619202958015653
-0.564367967728237
-0.671616050836177
-0.538226500825192
-0.648349408001001
-0.629370466676747
-0.640069448874649
-0.592908769266977
-0.625603806310448
-0.671056309122085
-0.530645820767717
-0.584418763893871
-0.536611923716316
-0.765448670890093
-0.689265086388519
-0.678919946977502
-0.628267833626906
-0.602026682250693
-0.583619670757921
-0.6074936726793
-0.64614195414069
-0.685564770473918
-0.532495540070843
-0.696399815334483
-0.612664690797598
-0.612049232538282
-0.604242369786684
-0.481737975687479
-0.589042504511884
-0.627082364958901
-0.596127591498058
-0.614202445100463
-0.669488244109058
-0.53278050780112
-0.546396088917384
-0.597613815160921
-0.642504249850857
-0.642346877228547
-0.482484859203711
-0.650629177332897
-0.554833258724058
-0.539274186104185
-0.440026742589454
-0.564826761959073
-0.613383119093775
-0.526565827979383
-0.455069088324149
-0.468594113909103
-0.56211960233461
-0.500886832639774
-0.378227118193637
-0.545696955922866
-0.568731924382564
-0.485923737609967
-0.58656510534585
-0.543378145445044
-0.698027784215846
-0.544752950699846
-0.580473219389344
-0.411919497336782
-0.465166768440104
-0.682264183345192
-0.457524832877453
-0.546022939239435
-0.530899338024934
-0.597055542974972
-0.436586955423523
-0.565989661747264
-0.538839490585341
-0.536714137380763
-0.368895794103226
-0.446683495647643
-0.521602199801967
-0.528890106693317
-0.499952944122212
-0.523760837325445
-0.65859765206412
-0.559029166638724
-0.442030080697691
-0.680327257961221
-0.320514575801531
-0.579122843054241
-0.495977226944305
-0.548824675671556
-0.382415239182832
-0.646962853506952
-0.329169835937798
-0.714871622620013
-0.593506639156374
-0.460793275078084
-0.487405671080609
-0.511247493335696
-0.475816315708521
-0.493266744499956
-0.41143767867276
-0.512617128353202
-0.465784872646798
-0.288307061410178
-0.529736172690541
-0.6299306499248
-0.43166096594763
-0.423792501704833
-0.492355263922479
-0.482132982842939
-0.315830768650744
-0.366194772486844
-0.555861567200343
-0.582199874282557
-0.345561433757451
-0.360942778959769
-0.366283974813479
-0.402331853474845
-0.590082845550584
-0.507408989279344
-0.551603171279507
-0.282164621663507
-0.538246044594641
-0.384261500689986
-0.351620671463399
-0.312380286181093
-0.308107341884361
-0.631577722187413
-0.378131668565231
-0.52123119986035
-0.64612963158635
-0.337494800145079
-0.554100004440254
-0.445233702276699
-0.432716095771122
-0.410165602257556
-0.409170785970274
-0.447793867128847
-0.410132241212251
-0.309314002085736
-0.330909919397511
-0.536036924675173
-0.426656674647717
-0.494556472721537
-0.494637538209434
-0.389555856662761
-0.359977294765011
-0.303886292315193
-0.441349096275139
-0.312939552827679
-0.445801063954374
-0.390429407022961
-0.365350659885529
-0.418331205620298
-0.314657897816997
-0.453574999782714
-0.234990456567099
-0.25401296586085
-0.316448556329207
-0.464360464724975
-0.324515899833505
-0.445550462381646
-0.412180589550931
-0.376661627673346
-0.461075525521114
-0.302624303760177
-0.219402107242253
-0.325984921185671
-0.401905912110618
-0.323455693419542
-0.366016299264905
-0.326257266067709
-0.305095407058893
-0.125099724261798
-0.405340048346746
-0.295025597991915
-0.318022075300162
-0.386809091154018
-0.544178645817133
-0.352805666391222
-0.419950805510087
-0.164671679918618
-0.315037409211449
-0.322987408651485
-0.217184575371959
-0.140935836242313
-0.34892711643606
-0.15349209561035
-0.394848832993522
-0.290647439299793
-0.280537139873849
-0.405267072409532
-0.103321219190958
-0.189585797445998
-0.342852077455548
-0.305797267764615
-0.321203995456153
-0.361086157042037
-0.305363010897179
-0.323108097355635
-0.246211980494714
-0.41147295884304
0.0257400100863562
-0.411763442114766
-0.211679401688348
-0.320173244498351
-0.294030185629759
-0.108444498643344
-0.347529481367683
-0.30335865282096
-0.279402570611285
-0.109332638317513
-0.186544652100965
-0.13541283987151
-0.197249226672938
-0.194320386990911
-0.202990718754094
-0.243348598545789
-0.243256556111254
-0.435457195148832
-0.225358891082513
-0.280385869884133
-0.203719486662934
-0.0735358692184871
-0.324120138952795
-0.185143580791228
-0.339190791692162
-0.258479341317863
-0.289781728900647
-0.291632598495281
-0.247387884927346
-0.0814925037719074
-0.0808375812016027
-0.199490190275178
-0.26188000025991
-0.16063627812822
-0.276278810956187
-0.332455389452782
-0.191031123362899
-0.274622614348664
-0.184417453736834
-0.300955460413297
-0.116494592167325
-0.349916129831673
-0.196299224417445
-0.226341336849864
-0.278656878611104
-0.158013921741355
-0.200555639066665
-0.152975965768036
-0.16877361754169
-0.0679965292345137
-0.0231328702205483
-0.170750241977817
-0.142678408734253
-0.0199880976650394
-0.237120970843208
-0.236704748992328
-0.171797104840546
-0.188870506211288
-0.078351346060817
-0.244263077208845
-0.148988768751239
-0.0732774410387064
-0.24208519310779
-0.192272468734239
-0.0859148151937859
-0.0701475165574362
-0.16228513496419
-0.139069964598177
-0.136851961456001
-0.162580031656214
-0.267243222548601
-0.0953085631569164
-0.0681227568450526
-0.17771248108762
-0.217968998057976
0.0321608335055775
-0.191934573471433
-0.177550973343352
-0.101131742524452
-0.085372379262341
-0.0320423283089581
-0.00677297240017204
-0.147649129508055
-0.181713432354013
0.190526948661105
-0.0143653096697106
-0.0540533164892934
-0.290063784728556
-0.188712332146303
-0.221825048505558
-0.124797833122297
-0.180030269958789
-0.0812954259547542
-0.172678357523223
-0.0468357193171192
-0.101510930051694
-0.142935761742359
-0.0847062808250483
-0.0694581448627274
-0.0265163141207585
-0.126838349677603
-0.160523758665831
-0.139699494385149
-0.00574525610113826
-0.0212437058296968
-0.0871456856126157
0.00889128702097756
-0.104615235088954
-0.0294511342187457
-0.0712263623032447
-0.171650936804628
0.0397668322390029
-0.0529998982633962
-0.121255372577729
-0.0411708782110796
-0.0327616927251874
0.0365589136405992
-0.131498379740295
0.0834325850873538
0.156139481522837
-0.100211847190417
0.106784416667991
-0.0672522430354828
-0.0211032267823911
-0.0780279075276493
0.00572115244695044
-0.0819771832236297
-0.164588575263182
-0.0197316995783332
-0.060622093438724
-0.0318122842430784
-0.0214322463186453
0.0909971422446561
0.0705034486663588
0.0396059517043485
-0.0857152981396614
-0.0290270272958856
-0.101062048627585
0.0158014664204082
0.143953066621509
0.00506332928916994
0.0141133025746311
-0.133851943738364
0.206307599430985
-0.0913901868981663
-0.183364907865081
0.0857777513679527
-0.00848913258948057
0.0479395329127766
0.0863239227336278
0.024927392379537
-0.0247008918584683
0.0529764097429277
0.0482792114646484
0.11244306004014
0.125960795766277
0.078208950466687
0.0604000178816805
0.0741756472668796
0.0936903828523063
-0.129188331616338
0.190526182395021
0.0691459953730138
0.0315647063766445
0.146704728997668
0.108442236236186
0.040255585203047
0.0108540410153336
0.0955420679944404
0.122032043062515
0.0961250097498479
0.0865066423775773
0.199398238767519
0.00546315093369542
0.0524619749962205
0.0236206280968634
0.111892609492034
0.164065485712423
0.108917080769461
0.250609659388795
0.139547945607491
0.0406002181576186
0.0923778800910413
0.134001278968008
0.0707210880394996
0.0497438283429493
0.0309284669504647
0.0445515841758864
0.124746434782279
-0.00303851801515983
0.0649847079689671
0.0102196532309777
0.183186898913553
-0.0427312778650082
0.155424826309437
0.158251119463636
0.108836035815758
0.27675272421398
0.286909186295039
0.220405812722118
0.152991435559515
0.138621227348135
0.0439653536654967
0.191638998926067
0.0618709244430686
0.0546529380778165
0.191837864885267
0.0288648212285591
0.176110905941932
0.121559921856645
0.0675117013539073
0.122115385435003
0.187229770106611
0.103089608074564
0.275687143639856
0.281821165455982
0.111985369844318
0.12758238433721
0.101804750635615
0.116351999479382
0.220200605103157
0.181693710544252
0.165816139851639
0.240342126975735
0.0769992460413331
0.344377587001623
0.216376508419077
0.144677603995621
0.195996171897818
0.112520601317914
0.212188767306277
0.283662191107792
0.0554848794077612
0.247130810969108
0.191036800837892
0.0341392122279944
0.160303887067027
0.114462701332549
0.237941951413085
0.160844271738023
0.28387630239187
0.251083829527879
0.119228209106857
0.396677092851868
0.289473920902758
0.0897115000484908
0.155283249780634
0.129440738913351
0.236061459638128
0.281992242219759
0.234970486207954
0.323215260956945
0.329360656522325
0.255676222248076
0.250308142419048
0.317779199627938
0.26728686034449
0.141610455025642
0.180001762617978
0.264063970949039
0.193319145930879
0.301918574493096
0.287341682968351
0.326985086476579
0.276129889671231
0.270317434687673
0.254295258944586
0.333759472781269
0.288722479895852
0.318984036504587
0.296025081799179
0.301155349289429
0.302055950230386
0.251841322229026
0.320156901926537
0.323374823228679
0.27645486591824
0.218052231535844
0.259153023610875
0.34132549484185
0.393200444247919
0.440154873396943
0.280605343155274
0.260158401327156
0.301017123331883
0.384514739110667
0.304747827968778
0.16306851397154
0.329371904938906
0.178648037589384
0.283873452021247
0.280690056208628
0.220998004111427
0.372667441893671
0.366446611535575
0.444885698203354
0.22627944318852
0.331394468043383
0.277507199349985
0.293003632255284
0.283277975582314
0.263716594520162
0.252157868587947
0.373829531632487
0.409819473793212
0.200722571898189
0.333708457735206
0.228676920275574
0.251290411612084
0.193748467169727
0.27935312541969
0.398051729498334
0.37758690756539
0.334544770628971
0.319727940165481
0.253114780157938
0.495503062003205
0.426646175620812
0.558455066724929
0.514463838203727
0.312083444683943
0.389642562811334
0.469097277335869
0.355335788878185
0.40839274549986
0.534985655402192
0.295134614218694
0.339561833685624
0.465433659876338
0.356135767226707
0.327151913183168
0.517389275583155
0.390299251855018
0.264303224054724
0.22763402058819
0.455733940326079
0.300678495407964
0.311719808416302
0.383532718695806
0.321076558687983
0.432409110314415
0.429320456402509
0.343853830420957
0.425429359812908
0.269299309731791
0.391108756720807
0.358471778599959
0.530392348744735
0.455951059619041
0.497492532608271
0.382685105038834
0.371422834607576
0.274778159453082
0.429662602249845
0.53064662099438
0.40560975575295
0.342834552805467
0.474133398102787
0.461350011859019
0.464568588645222
0.36146271807764
0.484682128226509
0.504456003268595
0.472523119999777
0.281730980655357
0.438480212620764
0.420791667262299
0.571583188299362
0.540693980281046
0.388009987841024
0.397884967380613
0.455944228608657
0.435952056716579
0.473056040424268
0.374575468556754
0.477315235986303
0.47555347117205
0.605677118391191
0.524161760864694
0.60395733350777
0.421470059425509
0.565262469321241
0.523061114215825
0.545625477748763
0.487226495804715
0.622295611767282
0.54671226429018
0.500544465173869
0.364489564028209
0.361011982875132
0.49509367531831
0.418862086081984
0.589465652563408
0.442612314285759
0.616376213827577
0.541588535295185
0.478875984054587
0.704293768621255
0.6365135524184
0.627170416188284
0.485880177823609
0.546723263489436
0.430875568421003
0.57157448668831
0.541304639754211
0.528638711059626
0.6399621257619
0.586888121732103
0.539925300264494
0.510128302063201
0.65762748937147
0.597717692363919
0.526184058786537
0.495079450480774
0.644922538139163
0.592571775081717
0.646676188798942
0.357719646276668
0.497115428871732
0.687992419418253
0.538524957131272
0.657766595105536
0.58886818192009
0.638981088982839
0.604857878700332
0.709920287168204
0.616703903646143
0.621362474267064
0.685658794998483
0.533838304462295
0.55841752431
0.579829988172134
0.495188671645159
0.49653491715591
0.535830165490653
0.629905741604387
0.644552431422969
0.516668986264383
0.614026586334315
0.502955188878273
0.659667430101081
0.672887102408702
0.526765333322575
0.580076827041131
0.485171934278866
0.544065166398012
0.651577218663966
0.643055334863993
0.567877859441493
0.641388715126305
0.554151555002864
0.687819273671887
0.773664779841436
0.431246530671727
0.507012347861745
0.565848017456576
0.629160944600349
0.637145268591653
0.563269032750017
0.601761349145319
0.625307466251815
0.644191116477977
0.678518566740033
0.769116225927916
0.587940791924386
0.762922473192921
0.497223285493675
0.613578377286635
0.720710803448801
0.706330610207395
0.627587789335001
0.547288461041812
0.745134967629564
0.822372439447492
0.601158565563778
0.842340160115583
0.768751886253083
0.61976573606265
0.693187098198001
0.852466642636812
0.774378188936717
0.616550345208084
0.656647372592731
0.673780676544374
0.644146290451672
0.639588046511762
0.568249705519539
0.708673441247406
0.53130059262311
0.80212169277018
0.833660681180825
0.661246120470619
0.61133757177332
0.656915324837544
0.704417441589108
0.658801222771596
0.656636628558394
0.620406427493429
0.671146073461709
0.616491584839812
0.77869847140566
0.719309465200963
0.672672046615396
0.729081981714745
0.581642392410244
0.579885201368369
0.719387980509895
0.836618080038138
0.800463683051309
0.748034849086155
0.630913582076556
0.775136984329233
0.523001485567854
0.85606191379699
0.753064037563625
0.794071351280739
0.656203113909254
0.638688316036814
0.619337484925787
0.856908743652068
0.673828944507752
0.875692077046883
0.775720943391306
0.720824983069901
0.787539347358938
0.666699125093555
0.762656289463488
0.796192876210026
0.716135366926438
0.693741959044541
0.78663256433408
0.762980295916083
0.729779289151829
0.806114834376657
0.812950451906186
0.80508855829362
0.923107968124281
0.80429659997556
0.859176540283327
0.867477025124166
0.855225920575605
0.791322066410606
0.749275462941879
0.61345286104241
0.937952241504231
0.877129463727222
0.893628770225534
1.07106163675635
0.891603493278999
0.858189207016383
0.773600064687233
0.831344759832404
0.91434002646445
0.752717443275994
0.781545615879741
0.859749754388433
0.99949126727621
0.869175411930243
0.828417951810315
0.72642430997488
0.834386156738614
0.884639199774242
0.888814836905719
0.897728788723488
0.720164135670546
0.705596928447151
0.894505973723059
0.860755030143368
0.94788965163242
0.808236345430413
0.947934174515611
0.861951666588728
0.90388023395692
0.795639042581356
0.989437834735067
0.851114963677935
1.041777199887
0.777142406947628
0.810419219075326
1.02564625617072
0.822825445000025
0.981137844881684
0.914111299390269
0.844939458781594
0.766981957496981
0.957723133621357
1.06491538435241
0.774201527336409
0.941525247565915
0.865774805426906
0.821352382894921
0.973424971602345
0.98099774411065
0.941949402163231
0.876539020814007
0.896932370059898
0.981800052908116
0.858842079289321
0.838722516046739
0.938142725861524
0.935543434715414
0.811144066151976
0.938096451137287
1.02839553605951
0.926376565396515
1.04155981283144
0.89327769684922
0.841628323224588
0.819590039954469
1.0193246188442
0.969848539814856
0.83585611554778
0.937057478021076
0.919758561264792
0.897503304348607
0.923697038364061
0.919063453921885
0.923174968849307
1.06706812837588
1.06010128657908
0.903839257892158
0.974000018635267
1.03136083015394
0.900521597497958
1.07571192277068
0.997530750507267
1.05893523024119
0.980915405659357
1.07323631605048
1.05009976561017
0.908765167167891
0.942013045045122
1.04277945203218
1.0220449270132
0.95427417883654
1.05637796800745
0.95260338576536
0.891035520708388
