"x"
-0.93903781655937
-0.851308217508995
-1.08817590813435
-0.85445729156926
-0.894354860441795
-1.02499483999386
-1.09952511073773
-0.940454156010286
-0.938227725782782
-0.901600813265047
-1.00714351194369
-0.98954894433843
-0.935738869367262
-1.18321979029385
-1.01751961900862
-1.00039867271387
-0.98242543346142
-1.02740661911663
-1.03415282751767
-1.01930212487298
-0.962991350996803
-0.846508998069179
-0.976060657488818
-0.858861575618767
-1.02228448508302
-0.935269959189711
-1.06188508148109
-1.01119766669432
-0.983225316941152
-0.911603835170781
-0.96320731415
-0.817832384114055
-0.861559402235195
-0.913850717612759
-0.804384111515389
-0.869697833624709
-0.741355402384383
-1.01134097410534
-0.878165083576198
-0.892474028881733
-0.901125300923063
-0.884308513731321
-0.886624213400722
-0.899168740999506
-0.827788676927025
-0.811866285194953
-0.911773912863677
-0.949770979825968
-0.997178515098107
-0.792921062157142
-0.882433683645231
-0.884312956304074
-0.712165909853459
-0.848235710982257
-0.829700479486037
-0.992203578152567
-0.876580161680881
-1.00155439167101
-0.84866022374282
-0.892556436298725
-0.769738040114506
-0.927966700703
-0.816294724809073
-0.927314886775417
-0.959234544656216
-0.91777379421639
-0.817139607627746
-0.907206215882527
-0.897627664193486
-0.885810926583919
-0.774588036629886
-0.815591304582399
-0.967468044666133
-0.800994871360314
-0.745472759805675
-0.845407224767758
-0.807619540728633
-0.756632989448553
-0.690434451616557
-0.892813203238219
-0.84499812686918
-0.686518030582188
-0.91834751167468
-0.779889720845999
-0.826123600976729
-0.905650536666741
-0.855636403279022
-0.836757552641688
-0.824756120558452
-0.82741757146568
-0.716715310920407
-0.887293173830319
-0.901011427295666
-0.738725257155266
-0.881050506435476
-0.766654479749056
-0.730173186629401
-0.648152912524355
-0.750267946099827
-0.855213032216389
-0.817531968641956
-1.06374828138284
-0.728637518651085
-0.769908691796613
-0.535949984043882
-0.748106522394047
-0.850950524877452
-0.825606817850774
-0.757061672410303
-0.805847383765093
-0.72603437323347
-0.785751719390929
-0.787242388168364
-0.678839110800468
-0.797843842322966
-0.819262128710493
-0.740567352542836
-0.774593018465124
-0.658884267023787
-0.828012510119754
-0.618992519648605
-0.835856234593728
-0.86159742506487
-0.683736840409139
-0.870484825086563
-0.71546985741739
-0.788392455767234
-0.594583280050776
-0.87305736897995
-0.654354990086748
-0.697638590885456
-0.703753018780824
-0.684387355695966
-0.670189641946613
-0.693100963581805
-0.686784923494514
-0.713087541742637
-0.767859030739845
-0.698586726373408
-0.858899892431004
-0.788899980538515
-0.750813730920259
-0.680366987757027
-0.814765491793919
-0.687777478062798
-0.437205246477002
-0.686533194789659
-0.761516954529058
-0.79723208837797
-0.691230981031704
-0.752440376287379
-0.616798770800941
-0.761880331190189
-0.683021113498538
-0.729467531773576
-0.693708711326733
-0.764114869370137
-0.707438420523524
-0.790285917203091
-0.754626057479879
-0.7505713257733
-0.713735754689118
-0.613088059969929
-0.649509441598362
-0.552629157584998
-0.766738093205565
-0.612443749309708
-0.685412118892613
-0.642035261437318
-0.650774369274428
-0.635387772921837
-0.68441726043943
-0.666499673628793
-0.718700219242763
-0.738383193222492
-0.624272191775125
-0.666709487275883
-0.577941957338868
-0.740468645687911
-0.676670904878653
-0.798438426744554
-0.646704546719077
-0.702438651474335
-0.547932242535552
-0.706631074438403
-0.658536998624624
-0.5911931768703
-0.52466652750411
-0.653477593514084
-0.570402582991636
-0.590354548195508
-0.474053300023282
-0.614602459026958
-0.470510315705083
-0.702599556046622
-0.559603845659299
-0.617852864777532
-0.696931472931932
-0.531238354805407
-0.550933210822817
-0.575166770046919
-0.545995031208156
-0.681153337213323
-0.618252930902648
-0.613894015265958
-0.670562118691347
-0.512686425562845
-0.691939885267652
-0.686399342933763
-0.559517057270835
-0.552963213263158
-0.567979958053783
-0.44264402638717
-0.524178889622075
-0.570503391673665
-0.456075590450291
-0.628884312632753
-0.520996394062469
-0.625143160968772
-0.485470218088419
-0.671466964558843
-0.56508058678205
-0.659217796272792
-0.442740448205161
-0.513124298865089
-0.582648698294973
-0.577545218482596
-0.502777972712945
-0.616941413489078
-0.550914443011146
-0.573195469386402
-0.495677855754685
-0.398373793453993
-0.538822500423332
-0.516318619074909
-0.498785567963702
-0.41472796440861
-0.517938085404803
-0.525309184714342
-0.437800887080304
-0.467827764387133
-0.569833157906097
-0.515641084721995
-0.641681363586677
-0.533877835756428
-0.478658418938649
-0.560940388336659
-0.480626946483497
-0.54948447153647
-0.427966604628243
-0.549549949461932
-0.43816577205338
-0.413339504595397
-0.338724257756713
-0.577503276404797
-0.37290622141773
-0.504366945843599
-0.573507494118397
-0.463721135074533
-0.428660988651103
-0.512067816844314
-0.496227636061647
-0.337830701902469
-0.649899704384387
-0.56123193824976
-0.451432384338709
-0.539638587400532
-0.411214780386804
-0.498093993856853
-0.385688137837239
-0.379107838230396
-0.520530919499265
-0.540352749383337
-0.369656280900391
-0.412935551254052
-0.51952667166503
-0.459868227656753
-0.404017987520885
-0.328917603110151
-0.50285160712231
-0.431245544383043
-0.29530649521522
-0.424757453809882
-0.389072337226763
-0.449924316600866
-0.450062492805064
-0.479311360747728
-0.4865904384425
-0.505508364284173
-0.398388361794665
-0.53812463751791
-0.436330846498143
-0.284105738053119
-0.514478208759297
-0.420840333473657
-0.412969498456211
-0.508439083998187
-0.291449660892083
-0.481723237879892
-0.401871865277217
-0.41257526350677
-0.456885564784383
-0.480879838924652
-0.342724758389003
-0.443718539395426
-0.391854591542031
-0.479718028234033
-0.433508871040847
-0.387918793508905
-0.539261313977716
-0.421424396527926
-0.365905313181678
-0.500414105402478
-0.403295899580368
-0.610600050892496
-0.334260790910721
-0.267211290639491
-0.29875672890036
-0.352599086166722
-0.472793742689526
-0.34366872840695
-0.3151288989236
-0.45345802538144
-0.264846411731455
-0.402725586157297
-0.367595072867226
-0.437745191656256
-0.361370468289423
-0.213488144140165
-0.269243962340546
-0.332310017365983
-0.366302017376657
-0.347033186160956
-0.424655725369249
-0.243617732857743
-0.386107542645155
-0.319428513025828
-0.292587501588658
-0.338564295150053
-0.318205298601042
-0.279652881892257
-0.361016730185558
-0.262599185567035
-0.183628284753143
-0.289635050764408
-0.345876639967891
-0.18765887913695
-0.254194850549802
-0.42773007746187
-0.33494140942755
-0.275966575587692
-0.327734367080125
-0.360650205678874
-0.331908570343553
-0.149448486576097
-0.200747253703946
-0.171998116966216
-0.151871259968447
-0.204880272163408
-0.47422610298465
-0.316785139170995
-0.174893194247691
-0.298076731097081
-0.29647830759908
-0.284401143202766
-0.268708009472407
-0.270659088548411
-0.103600291239188
-0.175044914474367
-0.226647779029399
-0.413632336797303
-0.253622261879745
-0.142694660453725
-0.257073134082149
-0.377513533297774
-0.244753927240486
-0.431173022959477
-0.176800241150548
-0.254882139340249
-0.0967263498467109
-0.115864812839801
-0.185575447243795
-0.204459381946824
-0.215596737011339
-0.257876066160472
-0.326692028747436
-0.212235184574074
-0.130417901459284
-0.0854414217823983
-0.268772966479472
-0.166344287859196
-0.203673804536503
0.017160264934494
-0.31591323469641
-0.130730536062849
-0.246333049811085
-0.077407515238963
-0.110605125080248
-0.195975640915921
-0.0468377364145919
-0.216293347755226
-0.306789250755575
-0.272576388162032
-0.0966454034984219
-0.128110062480206
-0.125950423807652
-0.111255384173238
-0.113353807834768
-0.323602186852132
-0.226742972650573
-0.248611465719243
-0.263315156555443
-0.054308926804745
-0.128894587330227
-0.239134733970029
-0.0780082141865885
-0.121348941368776
-0.10390986131962
-0.193577946588784
-0.175299035998734
-0.192626578263941
-0.305163572739599
-0.248415335284244
-0.180450443946839
-0.300707831408871
-0.12338631403118
-0.0911319967440791
-0.127768023100401
-0.0530372538017697
-0.130290130151957
-0.181280511915349
-0.106399040499378
-0.136918331688935
-0.0630202461791174
-0.168750822098845
-0.10243190423852
-0.0615147357675009
-0.198272694962928
-0.159642984635835
-0.0690939874002083
-0.146213499380535
-0.112691672075376
-0.11301622189434
-0.0307839351501921
-0.048299659764913
-0.0731893640825804
-0.222457146085665
-0.0420916684620277
-0.0453100058870359
0.00517290655568659
-0.12791580393362
-0.0419314559602102
-0.0719279726820354
-0.0922245152217387
-0.134044469616319
-0.13522327141696
-0.190293542419842
0.0724653462083677
-0.0341753797070354
-0.0167710694931387
-0.123619443842631
-0.00679716074698852
0.0726183694893542
-0.0124897095476977
-0.0735706480780744
0.0275957252848832
0.0532491577268315
-0.106550858183662
-0.165429214741018
-0.0561515796151782
-0.215195748158851
-0.0185767024519015
-0.123170862305811
-0.0313012890255948
-0.0206859593253331
-0.0379078833991745
-0.0378713769814697
0.128199028632038
0.0487132833626802
-0.0917955893428885
-0.0415410010140975
-0.0212259270071594
-0.103111853224029
0.0174248963374737
-0.0985656364289525
-0.0886273642513765
-0.0141803016569184
-0.120229579743065
-0.0615418832164932
-0.179669320135936
0.0343809650540639
-0.0522159280694543
-0.0136085425891741
-0.0035694104983958
0.0849619235068333
-0.0626875350630681
0.00237409450486717
0.0192710841377621
-0.0343075819414791
0.0402081329594237
-0.100567690456103
-0.0726895624732537
0.036927666726826
-0.0163232340309149
0.0312543128039792
0.0302138773122323
-0.0424974141867167
0.0139033228935865
0.244178007279267
0.0283914487493826
0.0114023354198693
0.0561135169535964
0.0378145727060137
0.067945093099428
-0.0773024105070836
0.0950673521220999
-0.0433686791041425
0.0494091397906827
-0.0692762202807537
-0.0624758699809381
-0.028471113636025
0.0995317257180502
0.287966698574703
0.00895525490198376
0.0906202118205671
0.0296838062191866
0.0500809075373291
0.173647250464116
0.103439756224165
0.0622653171448221
-0.0129530316913331
0.184671385576569
0.00786256243568012
0.197421650911064
0.0840045910945463
0.192335021215041
0.200808823858483
0.0640884878246041
0.0448431053363889
0.0870488714823375
0.0646038448786291
0.0243958980380473
0.150237821415507
0.177477759647234
0.153389767444218
0.055581375136219
0.108411711967744
0.0257492462569324
-0.0829709186613845
0.0910699861797062
0.138747614313375
0.0742256024307337
0.10077653221777
0.210836689482798
0.163224203718888
0.0892976432109947
0.117783741646036
0.0783660397605263
-0.018310768324949
0.160723283501135
0.127230457239783
0.184778703462775
0.0106709892191116
0.160560945114957
0.321970688209641
0.0703173681355821
0.141829111392529
-0.00471444206702712
0.0982200278523623
0.153814953451957
0.124805502605693
0.128553137567165
0.266945429767967
0.0669364615319281
0.153623921372264
0.187362034639788
0.223131289081249
0.127605618097351
0.0983178198511781
0.275859363924924
0.0606838704218182
0.221881704572831
0.217640888254122
0.0967243676059843
0.181633217704113
0.298901208058453
0.235519256497267
0.2002248304117
0.1395439359347
0.163237232695767
0.06288116538796
0.124781045868895
0.142231462773817
0.229340192352284
0.241119394458057
0.214493876779801
0.150482404545499
0.262275742151739
0.24001038116177
0.224805690272746
0.257190062554104
0.227367785978231
0.170306113594598
0.157457857416314
0.208733064602564
0.197738144085887
0.242431513938878
0.292287414646895
0.177918415867005
0.135175193559862
0.221724450536974
0.187153751977762
0.226918260894095
0.21859163297991
0.282355437643282
0.17168735369618
0.193784550372019
0.156367949349379
0.15852599286968
0.229943592072886
0.190100129287586
0.242616179969466
0.26083014290658
0.401296808628195
0.500997638753653
0.257313659398115
0.215117453684605
0.223940443587418
0.205500637449602
0.214608375322016
0.22589943355735
0.175134718149892
0.30291043881245
0.135369278735578
0.339788489305221
0.400438828238768
0.191102380635174
0.2479237096549
0.183366540559553
0.394306462400033
0.256378420364768
0.18874472529098
0.296470428968248
0.307380421512796
0.143766491774396
0.278161507479563
0.321027727836829
0.401718141134976
0.156335349645512
0.313160194552929
0.446715627409279
0.277264812749904
0.243129643527056
0.367798902533457
0.155281693672356
0.397279211968899
0.380205214567074
0.34631939210176
0.480178252561542
0.426367409715933
0.285640326055745
0.291297874551447
0.335797066792442
0.207455134105877
0.371595475830441
0.210751592512436
0.238873948469104
0.362793173767266
0.306745296971083
0.26465861608048
0.414434720577344
0.558273704850331
0.470930724142849
0.28016021365226
0.235815487754588
0.445058979834763
0.393581772709008
0.35875008305678
0.334335219432056
0.39867619038424
0.405075936802632
0.40422924343619
0.343732048068657
0.235931318923447
0.389452815475873
0.394737281179876
0.360048909765413
0.320374073908811
0.43519582690931
0.368469954966219
0.414262775091362
0.332395615132887
0.459423601423714
0.280008352403699
0.341913153124498
0.250922539982611
0.200393182723194
0.43902450280382
0.423036990092576
0.411880700031974
0.317076708448421
0.403962431868684
0.468571040604186
0.499389336055192
0.414099904201113
0.365314650298029
0.433800655331927
0.417085204229286
0.468304571980332
0.439682157866695
0.338428745607361
0.605464559989814
0.433215700232768
0.580263296492609
0.512489170664501
0.50350938047504
0.518252943228356
0.439775805545383
0.463724149834829
0.550063041932518
0.522846283826006
0.410413094602821
0.522706521486014
0.474340742060506
0.478290092602549
0.424764684488987
0.388180523454933
0.301611594371035
0.335817910946134
0.413073007346276
0.40853728645
0.428441333635821
0.428070914214282
0.509577007560295
0.416738497052374
0.479590115941578
0.457943926332713
0.483293914978179
0.510722020942332
0.534906703909952
0.386486848456257
0.569512761259899
0.537267544751714
0.376862866275751
0.410600257602364
0.380633309972153
0.528988789617123
0.352897439788197
0.597037837627909
0.552357540960712
0.406800231958475
0.509048423889525
0.610987386282848
0.533286486580044
0.556475273290784
0.594540930989849
0.420831436730763
0.404986068623537
0.528906187389444
0.558368238012867
0.40576026378957
0.389725585353106
0.65745229853479
0.546958924445419
0.539880905135264
0.592685536307494
0.576722566592331
0.549241829367042
0.495235857094807
0.596916398938274
0.463479481514647
0.595334332366164
0.547591734359842
0.414912308034892
0.66538312197993
0.582623986137624
0.661865271704411
0.467163482374125
0.501128156872376
0.466107472854191
0.668809684277749
0.499514318046016
0.594991228439115
0.618637471338769
0.519804328596882
0.637090319000087
0.637285606341635
0.618501010224226
0.702664932018896
0.594335777085972
0.691750613526438
0.50679961816192
0.564540982900333
0.358210307449363
0.544891290685095
0.505989516584337
0.52240369364248
0.648336516804388
0.584821069700238
0.675552200903616
0.524333063833172
0.494358613462423
0.6046857537503
0.754399494816821
0.684119521731658
0.638436954880856
0.45600968898107
0.586395048205365
0.642768551119928
0.604570052719716
0.718696004525201
0.648526378505132
0.488374606208671
0.623629821342294
0.65887977152003
0.542932404497914
0.700704356469608
0.768638384134716
0.457470029263676
0.77775359076466
0.556706275340506
0.73820038207598
0.439349958157048
0.582088434144933
0.693609823985791
0.646852634498065
0.507729356418952
0.636677577744485
0.559639623054225
0.723735674051314
0.719111248404433
0.692420833784498
0.548899685218996
0.798693310507975
0.740261154742766
0.517787066505795
0.659266187386373
0.813831675066591
0.791123580397976
0.665266448413455
0.813332165420366
0.560095385258311
0.666275474472805
0.750228776582436
0.622538134145541
0.646666329609291
0.752060644289775
0.684919876887788
0.746583876778762
0.65141119375885
0.650646267874529
0.727185526301524
0.617787061751158
0.739539473477556
0.637944712079822
0.794949969233173
0.684865020664718
0.785760986694215
0.524669107938891
0.835474032584233
0.746081793412336
0.754907902623767
0.704978959045701
0.741095741594253
0.64929406007754
0.70787593195143
0.815947081329379
0.792937727650101
0.742587712734729
0.685054457540984
0.543500316372926
0.577673666010327
0.804977374575942
0.773308466568965
0.693996374235362
0.785599224317714
0.729094121774212
0.683195085828956
0.843086542827223
0.888231005810875
0.691829118366446
0.770210824161211
0.756509471378209
0.674927607235687
0.788442106205359
0.798896596483507
0.857172333961027
0.863225281700689
0.804565569779324
0.782088065157118
0.608960251993309
0.821769957147843
0.518603723241134
0.883761269111101
0.83823249192334
0.877072270776571
0.787932358876738
0.708151557305813
0.77856552416276
0.766545762410189
0.755367548340674
0.775964673480147
0.843920711831856
0.774913598286768
0.743701286766883
0.633556503157203
0.969535142169487
0.713541067723905
0.829366250293925
0.727208600449378
0.804929160135904
0.845205965583225
0.957409107719458
0.856807762056403
0.743341193144011
0.888667986493697
0.746282740283001
0.723315096055991
0.834848120407563
0.821941689512748
0.780195662875353
0.874335610005379
0.810584332854828
0.939201557160358
0.756362775691641
0.932416393425531
0.918331409356032
0.729674386370227
1.00145467745673
0.789962812953665
0.899371640082885
0.777684791141376
0.843492254280866
0.943751963394419
0.825430452562621
0.824231766780107
0.890239908590963
0.863228776223478
0.919671399840308
0.915230120084238
0.917354398452814
0.934816052069011
0.874862381877743
0.871322387384668
0.823376266194189
0.9063973725894
0.830186922326235
0.745872467983741
0.901869399048311
0.905821287445662
0.992487206961103
0.719794714945072
0.860928931603709
0.923546505500474
0.813845134751054
0.752127006249175
0.764154089300027
0.796422642807498
0.85290135792229
0.804308153469612
0.868524465340912
0.894300155473813
0.980206671400062
0.995362098959321
0.99616471223673
0.783661232346855
1.03190055108803
1.03451186623532
0.95433467310201
0.901723838436175
1.04055314475857
0.960044417655342
0.90279066262675
0.971860990943927
0.919318413884877
1.10598181296884
1.01023055936515
1.03457487768378
0.819176818072272
0.93580445124776
1.00219219528238
1.09424803121307
0.981050330264677
0.983704422544572
0.912889321165118
0.938794899097776
1.06328685460451
1.07208079499213
0.96976529050164
0.997360636945398
1.02781542393473
1.10673121585668
1.07660641173485
1.0458058753271
0.960269596076977
1.01566143333457
1.05082226692067
1.00311668920365
0.907719729636409
1.01940804398793
