"x"
-0.916844006043403
-1.03173850658595
-1.14903355779518
-1.11861048697399
-1.05979860083705
-1.0030464221066
-0.921555392291284
-0.908859589234127
-1.04034084668889
-0.968093605333604
-0.949729355072644
-1.11297183822846
-0.926884714266955
-0.852433317707831
-0.807129114159588
-1.0566486573307
-1.06516594346523
-0.936090204575144
-1.01870750679553
-0.811966109407383
-0.824345616874074
-0.879745058712317
-0.960070067337298
-0.966481942977384
-0.841400136470559
-1.09527315605518
-0.969221051787522
-1.13164540826462
-0.955527373572916
-1.02318828972119
-0.911572206801267
-0.891219036573021
-0.979286301526947
-0.990409518692769
-0.894259552628305
-1.00507877902628
-0.877928186265959
-1.08521253910084
-0.875911943953053
-0.922870704878122
-0.971772670340048
-1.0550653540877
-0.953037273044722
-0.964098719159004
-0.878090550256373
-0.925499100256976
-0.89924891991862
-0.701049329524902
-0.886201242496897
-0.953912377686379
-0.980885856600264
-0.910478232281051
-0.827129755612204
-0.806936787877353
-0.895514280096765
-0.902395716037085
-0.835506975122578
-0.896942080030175
-0.868469598270707
-0.786915512714178
-0.881795368266862
-1.01859711352558
-0.901039648651454
-0.840277727359281
-0.888322439990024
-0.852911725582991
-0.796752038917762
-0.88191089289281
-0.856741036647929
-0.960103815938124
-0.703454214996421
-0.756975119507051
-1.00183740512909
-0.89914861311684
-0.777920299048309
-0.842144084866544
-0.957837632664945
-0.740874340598008
-0.885870042519807
-0.777902838168757
-0.800276283449132
-0.75397101296018
-0.977582570752132
-0.752068417423637
-1.03697418200125
-0.83465853002278
-0.994919166533227
-0.836063971494552
-0.748866404706779
-0.756409074785218
-0.761663051965288
-0.824264999800579
-0.824254033063677
-0.796095802377007
-0.770776552555169
-0.784375434169148
-0.775447116530004
-0.687996346643611
-0.903168105875155
-0.734938324679653
-0.755680513175616
-0.812791146726056
-0.590622122163294
-0.675643692448331
-0.784029415749408
-0.762362942624062
-0.732552919939692
-0.675636424428481
-0.831893413165334
-0.731915409614828
-0.600840208330184
-0.834293489770141
-0.839534732855012
-0.771203924340625
-0.846594277382587
-0.842788355660763
-0.756448046714271
-0.778876847782578
-0.597372138382217
-0.771536819796701
-0.641356394732291
-0.899207882064384
-0.818501495099143
-0.837732611226935
-0.839810585190021
-0.700291089608681
-0.858739388858756
-0.738368008835352
-0.819058000090422
-0.671140632875842
-0.688786618305826
-0.752162077028314
-0.663702435647477
-0.830851452815722
-0.733812732922367
-0.764902462813133
-0.642741321584906
-0.787040610322665
-0.676572308259433
-0.642766676616231
-0.614386027162867
-0.576214623436596
-0.9005633178476
-0.55954287003027
-0.661369400364034
-0.784993347013842
-0.760806311585562
-0.693797584045328
-0.647106970661508
-0.635167825641344
-0.56734309331488
-0.569388182413124
-0.637171859634228
-0.767340092485897
-0.72387925815955
-0.639403998044417
-0.709662020393698
-0.612931225808645
-0.696216770892133
-0.661899452665687
-0.771434148607073
-0.627387822105473
-0.677330876368289
-0.560287875982819
-0.595436654031787
-0.73591227905012
-0.75850875762786
-0.614383223157638
-0.763140540270587
-0.73120930398724
-0.605557838231612
-0.618720447375857
-0.518277289950394
-0.679549041467344
-0.704521201629288
-0.639880687408337
-0.712743061430997
-0.635006033037772
-0.808077501261631
-0.637581786173346
-0.752348156140051
-0.621215815635553
-0.657050299157782
-0.668546001476782
-0.676467201658353
-0.606456746954315
-0.615526055922283
-0.5866939308302
-0.619023792880933
-0.723258960385357
-0.636101120062788
-0.748886043704996
-0.517863872531962
-0.626659132535815
-0.664394012298531
-0.602949266788135
-0.682368295203893
-0.577910918655266
-0.618652295132327
-0.688879235204066
-0.706425480047765
-0.511650863443213
-0.570530481094179
-0.52485361091007
-0.649893715586827
-0.649421187553455
-0.387929276133194
-0.614971816084166
-0.479492732160923
-0.314587144681261
-0.522405732057754
-0.519721486262828
-0.642188285005004
-0.514030225886562
-0.629144438990461
-0.533141033207986
-0.355986577837863
-0.509470101697238
-0.714202918922682
-0.718359884438616
-0.600346694237366
-0.580584522660592
-0.41950237827833
-0.800384610817155
-0.697486368122996
-0.601666222857063
-0.446980053080531
-0.489561802244683
-0.379404518977626
-0.559205278083107
-0.664187424739468
-0.671292799798204
-0.595610756777739
-0.57435239490981
-0.536274932345038
-0.459161906512779
-0.70996357650125
-0.468615188742606
-0.537606041704713
-0.489227758549362
-0.519995773082128
-0.580473077184817
-0.497435864898578
-0.583394517627734
-0.588860326244967
-0.373038680310448
-0.543322913795047
-0.420597621268454
-0.429357169390422
-0.630409846409971
-0.400641404841457
-0.483884172248136
-0.431470159422532
-0.391757075985559
-0.640016849147604
-0.470796549325891
-0.48949304319011
-0.491319086015091
-0.463974982420885
-0.385052504650839
-0.582352139086838
-0.528873109377143
-0.242319200358276
-0.5504880889493
-0.646277623346771
-0.56728150403735
-0.4190413439022
-0.527520241831804
-0.539129496488042
-0.439759233350678
-0.489878052713024
-0.348260085540372
-0.397462077185675
-0.406354201071833
-0.438913048866434
-0.652566306573934
-0.472648937464867
-0.465158748964985
-0.439071953107468
-0.45477995239015
-0.424637037289231
-0.436553204082166
-0.488629517314436
-0.402682420193876
-0.47483302561221
-0.485776382330964
-0.371309516547863
-0.410947415016917
-0.348850596338419
-0.650049864815205
-0.484861188893199
-0.399794251378823
-0.591169344273517
-0.432532595983008
-0.38402944825769
-0.452654692076358
-0.456294138490588
-0.475299794383854
-0.315005394908894
-0.548614393702675
-0.44909384917365
-0.448134762795212
-0.334491293958464
-0.41417303787753
-0.230339322568763
-0.385824381684004
-0.558940442268632
-0.180145150820588
-0.347544985079823
-0.3021816727038
-0.332077155578888
-0.324209386362602
-0.395580337020858
-0.231991698860211
-0.394067021428788
-0.354431434235614
-0.328664829419801
-0.181783179031392
-0.443366703875175
-0.402186216892271
-0.276547660178525
-0.377574989470483
-0.306123673928973
-0.421338904371621
-0.425811873755233
-0.419835076023927
-0.180115704216032
-0.293523767980856
-0.382196701911946
-0.449194306718081
-0.183437455817307
-0.215843019762669
-0.285238637491742
-0.291911768997732
-0.282196595957469
-0.348833384474619
-0.284563297868073
-0.238165436180195
-0.345186415417274
-0.242655017922918
-0.292441571618562
-0.268064525111171
-0.362553402265672
-0.22124309416853
-0.347345023507238
-0.361789044517807
-0.302266225650287
-0.372086703188135
-0.290930988528477
-0.405272710679664
-0.195581947886355
-0.288826534733028
-0.299451485289764
-0.154662605070273
-0.40112142836202
-0.292952304692515
-0.266733032244384
-0.307928712381335
-0.234214163472003
-0.280843049884036
-0.270270528072782
-0.342671891125682
-0.281084380402469
-0.136139677866204
-0.198677318521136
-0.275473007591555
-0.310833282324573
-0.234017254698499
-0.191601743123309
-0.288601453763324
-0.226907469040856
-0.266956913193579
-0.152078594462276
-0.142194741596153
-0.292221851098902
-0.268075650256558
-0.169362898389111
-0.337809377324015
-0.172648460675509
-0.228666831323981
-0.227321990417361
-0.309250986652602
-0.163607349350558
-0.198474486074275
-0.18240747137838
-0.24205631843739
-0.30066557707537
-0.250589273786618
-0.265931115677932
-0.162552728225165
-0.289206740905278
-0.149506872196307
-0.221208189676061
-0.278611265696266
-0.272453826165392
-0.247832135089629
-0.053454718265016
-0.321318806053723
-0.244185761877978
-0.0182447063714628
-0.161683987283569
-0.298759597092769
-0.0567917007098819
-0.17809971564362
-0.285239011173819
-0.276857323131155
0.0072080406521448
-0.327737383765864
-0.224530325608541
-0.0837696530491066
-0.2180246922065
-0.0984543180094918
-0.187523008951784
-0.187005317804544
-0.118827377705844
-0.128489490290426
0.1361296587362
-0.0380764693794052
-0.0994302065905748
-0.171339740741159
-0.126353066267549
-0.158277173117379
-0.145422664978944
-0.134937750572476
-0.118627698009771
-0.216083245195802
-0.0100034706522367
-0.0567445095458064
-0.0483808281012267
-0.194330948386566
-0.238730696164966
-0.174343182853642
-0.0955438692333781
-0.0898372343336091
-0.120385803795839
-0.11861525461306
0.0496381443359471
-0.0694571328966449
-0.129081590880319
-0.12910596332112
-0.115062672333135
-0.208633554648897
-0.249021205919155
-0.192108591788894
-0.175709381401267
-0.221230557418355
-0.145485536345724
-0.296998085158266
-0.206758921725889
-0.11893120334582
0.0672045494644444
-0.0640500294239455
-0.0322792198451332
-0.122386729795163
-0.0453160775425673
-0.13547686794596
0.0370847501777269
-0.122841669339675
-0.148334207312133
-0.169770559466517
-0.0872357670780098
-0.0272223745080515
-0.0677672277176883
-0.0572560884016098
-0.152708116505297
-0.189474476240884
-0.132415561902183
0.0120501838365695
-0.043754844915072
0.0249120020603036
-0.0865039237759738
-0.121854706272999
-0.0143759998026023
0.00409733403472543
-0.311516696555158
-0.138913873949822
-0.24228589842975
0.0245779301038374
-0.0594338982233779
-0.0346401433629629
0.00939059310698473
-0.096295756311624
0.0641090209930448
0.0147796127716866
-0.0600367930506992
0.00819776374812774
-0.172924465583019
-0.0421208529467062
-0.0750635772148875
-0.188751029175489
-0.00539474998425911
0.108618455880839
-0.0211638094123317
-0.155404831370924
0.0858263786839575
-0.122433346405019
-0.184904512958026
0.0325045560566594
0.0243477465473522
0.0290783103843658
-0.0174183514514314
-0.0304900038890147
0.0129475188261415
-0.0266962144069445
-0.0634577345526416
0.2197344126288
-0.162449964379958
-0.0338561212918204
-0.0524397463984822
0.0419191197941476
0.0319975876276546
-0.0632584237952236
0.00651035767829408
-0.116707399954667
-0.0360056358007002
-0.0241401415867685
0.0308118170759295
-0.0244177686318065
-0.00271171392109703
0.172804533646075
-0.08580905158278
-0.0142121076578534
0.0223787591630724
-0.0956953045932819
-0.0033503767439848
-0.0337850126605973
0.195804757082783
0.0880164084566812
0.0821037189935997
0.194668323183892
0.0284527515915792
0.0296175447678398
0.143463807947334
0.142922444705672
0.111968527191473
0.187062395543455
0.10243002441559
0.0436613287170181
0.174358661921165
0.125782246496453
-0.0712512191242151
0.136627522538748
0.0800718754372076
0.0497835063705956
0.0125544273618394
0.106737273672276
0.0850587561458624
0.122755484030333
-0.000176053620828045
0.0793429944080871
-0.00713169599442134
0.206685703959024
0.101667201618403
0.139300254133422
0.184865573158377
0.0463531112484665
0.126335764546522
0.165654460370609
0.135977755232886
0.215401739196248
-0.0025482750413387
0.0442367470544756
0.076720753181414
0.0323940648042636
0.393330257550364
0.254076110685431
0.243475099043338
0.0460061040138451
0.183281416978087
0.0253691076933851
0.127924535335998
0.260987926159269
-0.0135120593501687
-0.000613102674769405
0.120195692981224
0.181395374793646
0.157506213052172
0.134382338903576
0.212522858607037
0.24902798910499
0.18543255247879
0.225896186203642
0.085047829849653
0.172804870246514
0.0900182102367139
-0.0185553052444962
0.124588227358714
0.0862939715583897
0.173891691176663
0.285989118369163
0.194276179466373
0.197220605483256
0.253593412369865
0.184412633710332
0.174214345018454
0.211383321514002
0.23396653196005
0.218264041074565
0.173287426408814
0.114731930460528
0.217767523454045
0.225291308084001
0.2185564245165
0.35177223777397
0.249181932756195
0.0279737230436018
0.225367274293501
0.203315727142089
0.368248596132622
0.14404179413408
0.233968385539164
0.283044476406086
0.145782103112177
0.389207777692309
0.266920216533137
0.229331706236793
0.264796510216077
0.141233036473615
0.28573701935237
0.429794496331379
0.361996931089774
0.175632886088555
0.26283171338382
0.250328467817846
0.316582929921268
0.289279567311367
0.369638348422952
0.161872779571418
0.324992913460786
0.351412931630241
0.189210118563776
0.210719946860989
0.259385027877227
0.33725871780615
0.243122441371008
0.420293384184605
0.2853319103238
0.456289311285174
0.259672746068288
0.253330240215156
0.288201667993207
0.290734157543581
0.210199427491755
0.260482676511597
0.185299929688852
0.37197855002187
0.406663572082883
0.347060706541224
0.232224857475381
0.439637859389191
0.513018624605625
0.40450933299291
0.349618175828156
0.378019820954794
0.0724621444367222
0.354155201257417
0.38604389700446
0.180318079607169
0.437872994117355
0.335434728412432
0.328054238177087
0.38318481840928
0.324430601687804
0.420762329618601
0.29785751614865
0.345596629260147
0.314431090408744
0.314854134068564
0.412620007133566
0.31312189911626
0.368103466483334
0.363052869321564
0.272359780388455
0.427443525321139
0.332394740420316
0.269812205864919
0.324564164013997
0.358059156664304
0.377637181413507
0.464058023700904
0.300646858000797
0.36390908758817
0.39630671056066
0.489869413300462
0.43826979682493
0.393615075864684
0.375720127545013
0.408812379140516
0.345839129457817
0.379918989556485
0.478776727017261
0.284387506644478
0.484349083411198
0.402193310433791
0.386418211152708
0.359260705832617
0.372084776865118
0.480604715297666
0.416142553442914
0.504537611683517
0.319045566724514
0.300131641256474
0.37628139510742
0.590321483023519
0.386071476245381
0.569399305989405
0.351097419324355
0.277039029631848
0.34299984326116
0.44704964622571
0.409482175910581
0.39847786063137
0.359499772834951
0.451272065585164
0.44630773400667
0.639976514689231
0.491918453593276
0.482330675634593
0.455232692100441
0.392847537583199
0.496953409322107
0.427753592772565
0.348311047758191
0.540085998144131
0.617869499331182
0.26051565534647
0.504022288952215
0.461714902343936
0.599712480735262
0.319607524586521
0.432596451797768
0.546167018409022
0.440411265125802
0.505461951682291
0.512497991066904
0.392529322845132
0.566451089121014
0.52316784287943
0.53312992593
0.26189884358222
0.422469485160514
0.422678853866559
0.344863745183796
0.566735417551158
0.418377640300577
0.491737772397277
0.547483023364388
0.437328015258708
0.367639939425559
0.600183559534953
0.438028227221582
0.389230803945796
0.565015101276215
0.469099426642276
0.49543137641186
0.356464389009915
0.480498165334209
0.56335035809896
0.487163195010052
0.553221285389115
0.51008961533673
0.453069127652012
0.444675261168561
0.587366773430081
0.426309198380351
0.52939201518186
0.53536533459999
0.55777654343768
0.492649866775445
0.483170075435887
0.479828152275893
0.401911382223419
0.547616584003188
0.574288810722767
0.642164473753078
0.63404694852764
0.568736574929548
0.370085092115077
0.544741202094266
0.509663064108539
0.601333082546655
0.501394507154376
0.469926636602928
0.607529914374184
0.582158536406286
0.455100956035684
0.582466235952116
0.510797262010891
0.635244348782043
0.528122302996501
0.468097191389218
0.718725307326564
0.613937451918779
0.607487988070333
0.567611952848395
0.636310473413426
0.519891817955462
0.599709501804712
0.444982202245164
0.649506654751101
0.545171194335861
0.561992525643528
0.63943846691639
0.776272036905598
0.635175969237601
0.701235348309984
0.550902381503561
0.567896451040992
0.661557322136397
0.666093427575391
0.749514611124329
0.741316946999318
0.586279733844183
0.638934662108722
0.68843122154659
0.519540737522086
0.654456996322655
0.551898369017005
0.598294182055769
0.537253515497008
0.525801358725919
0.633511162724056
0.514893500856848
0.645574570790936
0.767411628165874
0.542187089465219
0.739703616639462
0.762572828423069
0.690649929409031
0.667313387136909
0.62568427966271
0.606445678353234
0.674974813175604
0.805192592860183
0.66801672880419
0.567881709432713
0.698708792092747
0.566760575167958
0.521573263438057
0.628899416968859
0.587854653144907
0.753557499174853
0.698911686885424
0.601545695385345
0.544928815862592
0.622420015065999
0.717370458133913
0.679262430905775
0.755833269689837
0.668841239851435
0.736073847161657
0.852102589712015
0.839963332397929
0.56564197728582
0.794958502020485
0.727730343613289
0.78057605400146
0.65529399279482
0.728073127753421
0.787937805572413
0.740989972692703
0.749101916201705
0.732122997959531
0.677893709825694
0.68778073396874
0.771509726503904
0.701249911184168
0.702051406708007
0.730006158942013
0.645831522593261
0.717711329311006
0.756971743655315
0.678365466584508
0.682037144174442
0.658489705432598
0.827684346053352
0.688504967848866
0.654905045261279
0.738275370949996
0.621413403093975
0.665382871214488
0.753264436622456
0.723469392192457
0.785587610575165
0.62874770334019
0.65670640872353
0.636281904030111
0.770754904718333
0.729562375559877
0.864565352019677
0.781255617291716
0.758766224389885
0.871399403884092
0.6854209952775
0.733136454003111
0.774689626884456
0.773375039656926
0.781700189205202
0.891719071422692
0.777433079878619
0.814368408515528
0.751189366803547
0.812747062619937
0.995262214213326
0.927219749734727
0.840247881517972
0.819443185773188
0.938170031622965
0.775325423434731
0.810717611513431
0.807766559495859
0.827283843824248
0.962591922570292
0.774465793096807
0.788570610534069
0.821368602111863
1.00256223078775
0.616335892482138
0.840714898611879
0.783842570278006
0.870656505006405
0.811139595154729
0.839857990723926
0.772507871076427
0.925778612043338
0.617222769376598
0.934759048594236
0.875596076275312
0.640585357796436
0.892930609792751
0.931190234752219
0.961144655276094
0.874522922210491
0.935904604625461
0.785090180073348
0.808172022889158
0.893754965569883
0.996901407728004
0.911869974924117
0.865181782570957
1.01368699418306
0.846602097659158
0.766426219594269
0.98408686381268
0.942353222992827
0.800784103490185
0.83175367880174
0.897283549043028
0.986067199241866
0.938695456205953
1.00468361532282
0.994266371186207
1.02673996791429
0.927310956968589
0.830201948783246
0.901712390990983
0.953777707778535
1.04911759728446
0.92300049726999
0.932865499256457
0.966017623666101
0.943909853175814
0.994620600306545
1.08911289133599
0.912946867869862
0.908268360173128
0.834358612026836
1.00485897266981
0.9586556098624
0.926444121074402
0.895976989645866
1.08130844534217
0.965090255453653
0.96204492681892
0.931945638753946
0.936062080342957
0.879741146825828
0.938906901714652
1.05084603204977
1.02287158038129
0.842008716220179
1.06738834723051
0.98665350829904
0.806195692873728
0.91456760535958
0.934114851349804
1.10825382156052
0.95348987327084
1.09826533728664
1.0283110885045
0.908860188921579
0.78143385307669
0.995985041146313
1.09716265983526
1.12849120505744
1.05793543672201
0.954048756506134
1.05898278878357
1.02127153282256
1.00209839959029
