"x"
-0.927620194485489
-0.845627970176588
-1.05988863056567
-0.856431653990801
-0.859590296108872
-1.0439205422407
-1.12082970452419
-0.942601369073925
-0.950866806972991
-0.904259425940203
-0.987556817142576
-0.980586299371417
-0.946432476981
-1.1817245153287
-1.00619584371729
-1.00208165104196
-0.997666315870776
-1.0217857571551
-1.02245368976768
-1.03256155792746
-0.96287333813906
-0.844978885116444
-1.00327897125938
-0.840249237080234
-1.01012922524814
-0.94901378175774
-1.05276526429447
-1.01031381947329
-0.967816476488445
-0.899653576685014
-0.966403784687577
-0.839313963470202
-0.876814650899742
-0.901945864504632
-0.807430694940029
-0.847758545559909
-0.746420583692643
-1.01174133165136
-0.874851441588537
-0.889222811219625
-0.894513730421306
-0.87284774448576
-0.879663975429607
-0.875123264022483
-0.841114805103901
-0.828859934982107
-0.899309905505477
-0.957571396530659
-0.984536669945179
-0.80169236714169
-0.86793459241312
-0.880499506849814
-0.737311475864313
-0.879503908376785
-0.834609873060334
-0.99361112199341
-0.87301121807585
-0.991647225301928
-0.824897945341819
-0.90249620155279
-0.781402844049426
-0.939092079882108
-0.824644170980773
-0.93614348315678
-0.949343880180227
-0.920571804899138
-0.824402065375093
-0.921583406556923
-0.903033379928061
-0.877427402032764
-0.790931618519507
-0.822300979857205
-0.961211461368812
-0.829904351212014
-0.75118118308946
-0.850969524931581
-0.80357399060734
-0.765463307063228
-0.711241684940855
-0.87609286993666
-0.819851213730507
-0.707950662420114
-0.913918132441945
-0.778965230603731
-0.823439346358471
-0.873549143378383
-0.877468847081214
-0.858919873472082
-0.797522391187562
-0.838792526949831
-0.710054009269405
-0.877541348189418
-0.900903208844297
-0.731525342478789
-0.882467866307777
-0.76089722637047
-0.750039387892614
-0.665819324231114
-0.759277071582981
-0.901935187422791
-0.807754703795442
-1.04774062378983
-0.731196017488679
-0.79973347369183
-0.532053306582765
-0.745285454514347
-0.841888348300763
-0.824555374977812
-0.742518575447307
-0.792241104536662
-0.732903716135934
-0.790218086290805
-0.795132136978955
-0.677105920502728
-0.81687897129877
-0.818216752913351
-0.72486608469989
-0.775473618218708
-0.646254118994424
-0.841898435543834
-0.607548682009707
-0.859193437188452
-0.883070897212378
-0.659240373479619
-0.869977702762253
-0.75077567300185
-0.803397229332248
-0.604303519835244
-0.859486897030077
-0.663651739840399
-0.673542737811742
-0.67914442028639
-0.700764346022281
-0.68206032763239
-0.699779479381537
-0.684761600620973
-0.730408553900297
-0.778781436221003
-0.67497521402078
-0.873600084645838
-0.793952763094638
-0.772624520647068
-0.702204807704665
-0.807438371021809
-0.710022911365808
-0.431927299324237
-0.683045328058516
-0.75207657145254
-0.782180483354297
-0.672615019008036
-0.765391258016168
-0.632044374180205
-0.776018813899574
-0.695797385316416
-0.755057020736279
-0.686533542476437
-0.755870310999817
-0.693418531078244
-0.78476446277885
-0.758776696521417
-0.77042480416533
-0.727428543752695
-0.604971876196039
-0.633946479719652
-0.567930576035768
-0.765123312024682
-0.594603827407114
-0.65395093406817
-0.642151139125109
-0.640889672764013
-0.631732485458212
-0.696935075391599
-0.674958446120915
-0.730209417251519
-0.73670280265544
-0.632498527817864
-0.672827044909548
-0.605891258951399
-0.73127522096181
-0.659534130888214
-0.80697427638478
-0.655087199606859
-0.685241821172359
-0.544647869498918
-0.718973651702313
-0.670361449102414
-0.600004327286018
-0.524325374172169
-0.654921256949803
-0.549403119965282
-0.59374394944979
-0.497205302545182
-0.595177871561088
-0.445966917314187
-0.713531626178027
-0.538512239851693
-0.631915826278158
-0.703482440654972
-0.527948013937276
-0.517667783154813
-0.567134710557419
-0.546888257234736
-0.693672025864073
-0.598115536242167
-0.62016546860879
-0.671188871990446
-0.523607980091987
-0.683267233824952
-0.698883248461455
-0.57549750729834
-0.556486504211006
-0.573864867560711
-0.46958141040001
-0.514581475410833
-0.593498564161019
-0.454496384161422
-0.635225702420351
-0.518247785282676
-0.610830333574189
-0.469976816873435
-0.67228191509103
-0.558617927845864
-0.670762324405512
-0.491535135065796
-0.510334380712091
-0.586170741512661
-0.596348070735324
-0.506852401957032
-0.613794095643763
-0.537923499102624
-0.56247000933482
-0.499754586234282
-0.411497493760562
-0.512459548663339
-0.5119491174373
-0.510908749852508
-0.429864200005841
-0.509079687124984
-0.512282711466246
-0.456468807287156
-0.499552940462167
-0.554311686367527
-0.488925042164359
-0.627611097011333
-0.536283891173476
-0.474907324752698
-0.560660185604709
-0.465161266549897
-0.57360106972608
-0.421879112654361
-0.551100804611112
-0.451284141870375
-0.415650079326017
-0.329760653355878
-0.594225573827084
-0.386147637514275
-0.509442840874819
-0.561868394343488
-0.454765800674591
-0.434991276884243
-0.503463352748354
-0.506782351741364
-0.327484757458079
-0.644976673135039
-0.555024094259595
-0.488325139450176
-0.542636786561835
-0.397245028767899
-0.500274771862414
-0.388051980902918
-0.383262887564486
-0.536555704357449
-0.552097871869663
-0.341212854014605
-0.404126628583483
-0.52616639886675
-0.462259588463258
-0.40459834978564
-0.332875988427644
-0.489309752526231
-0.425481969054154
-0.289367535519839
-0.417166766210861
-0.404426537216776
-0.433229478932489
-0.428648474610858
-0.489165664975418
-0.499433750552394
-0.488900221878001
-0.402753947187315
-0.544621309396841
-0.414793863845398
-0.297344521670279
-0.520169962259647
-0.417134458208015
-0.40376541965951
-0.518935268378298
-0.288534541120769
-0.476999547956235
-0.398839454363715
-0.430795379144858
-0.494087797866486
-0.463245060951134
-0.323192433595287
-0.450328224552435
-0.414108425151601
-0.481167053115957
-0.445577764502614
-0.395707771366996
-0.518677233123717
-0.416913690160477
-0.384417189308124
-0.464793211075767
-0.414815997666177
-0.590853731236686
-0.347745209826922
-0.268599894911351
-0.311265152358707
-0.350251478692093
-0.489092629052368
-0.335786838853231
-0.334121918908018
-0.44872038910631
-0.258084102875385
-0.41250626339241
-0.37059133951074
-0.43197730785297
-0.357025278377672
-0.207907507180123
-0.28586063659164
-0.341361095343722
-0.377463365331316
-0.342330686099308
-0.417193840543045
-0.252079416670261
-0.392082584609993
-0.333201886389922
-0.2735623594607
-0.350879467159779
-0.324735899070518
-0.270638209250064
-0.365687181999784
-0.24867683211658
-0.208391945893892
-0.256393201414405
-0.379433820108472
-0.185394794693557
-0.25185606979955
-0.423243630110531
-0.332204404257397
-0.252794214373578
-0.331826177995124
-0.374257918913234
-0.337246420907496
-0.175358304885123
-0.209217307697459
-0.175093137769706
-0.143179543253671
-0.228707289583948
-0.466864938036861
-0.349544766156097
-0.199852904402874
-0.27325521766503
-0.292742812248201
-0.292676589438911
-0.288574369223283
-0.290697934935616
-0.0986039041086058
-0.169002351738614
-0.228557549326306
-0.410605395473645
-0.249821852654251
-0.115207446236126
-0.255817422980282
-0.377535991610491
-0.252346244982474
-0.423668526401347
-0.181762733692757
-0.259947973209636
-0.0924613640244749
-0.114400748230949
-0.176427124429603
-0.232534464852937
-0.220126974783262
-0.254090382534318
-0.321949478040412
-0.21694005427567
-0.138104074101949
-0.1107686663853
-0.272571077013387
-0.176392320867009
-0.195048226476255
-0.0238593779473421
-0.321017455751106
-0.139145829212436
-0.244230940428974
-0.095407536782089
-0.108854156486999
-0.188423930108782
-0.0508514213069651
-0.218566015571822
-0.308670385957671
-0.267631301124892
-0.1106366179806
-0.161927058253034
-0.12638748988745
-0.117043009715055
-0.116825348701047
-0.347450620511613
-0.2314750918058
-0.253055712010678
-0.264570716448414
-0.059665168502517
-0.12378449064792
-0.24029061876733
-0.0638598146546032
-0.140241295494472
-0.0833185486594742
-0.201054555626793
-0.161971755318972
-0.212457359215414
-0.301731302720215
-0.25565403446615
-0.174565933287763
-0.29513007700544
-0.12584127373358
-0.0917297538737214
-0.13232734921607
-0.0362125620206176
-0.12234366813792
-0.189405663893777
-0.0914852669738089
-0.150859336340166
-0.0665649687920378
-0.175167834961591
-0.110671983006843
-0.0441464542024001
-0.198873783219899
-0.152848665950397
-0.0512855690684519
-0.165915684487777
-0.111580056962656
-0.148285495380027
-0.0230969751620442
-0.0344924962515439
-0.101040360235956
-0.218095390578586
-0.0301152203255382
-0.0502551863707425
0.0218006927166775
-0.112045257392492
-0.0349019539626958
-0.0755216835784945
-0.0738028374831913
-0.110823974624248
-0.134748227123831
-0.206213286580058
0.0884379307613773
-0.027043630083403
-0.0186727311363118
-0.131517128367552
0.00225536794621472
0.0741344220131972
-0.00384680233102844
-0.0714978003137893
0.0238359959757404
0.0465543781282026
-0.124498546607893
-0.164867201432935
-0.055613982401604
-0.19944950554586
-0.0180638192396301
-0.110262195241817
-0.0326687419726276
-0.0108750087473505
-0.0613622338786172
-0.0196565436867497
0.129949357707149
0.0484530109776216
-0.0876259093866145
-0.0478752714730977
-0.0263451426408218
-0.133300539123898
-0.0134968215266522
-0.105279480801029
-0.0799171455385571
-0.00876159455113703
-0.143371746577739
-0.0639575053601311
-0.174757827447873
0.0121974262865349
-0.0713658399165978
-0.0377889617373116
0.0118436899154163
0.100862195073356
-0.0443059115105176
-0.00397511362523692
-0.00714951725018091
-0.040666859747572
0.0568759900720987
-0.109517967582581
-0.0610984005758104
0.0159949688717439
-0.0181293993728809
0.0207229165724959
0.0492436160732043
-0.0448146478548889
0.0337019356935747
0.239343426096641
0.0337792024396059
0.0280015275203184
0.0533187622388733
0.0367249798071184
0.0377872629109832
-0.0839853999608688
0.0917417879999816
-0.031760044245677
0.0473306753948581
-0.0473061044677503
-0.0770660685355255
-0.00706699367337013
0.0916964043811982
0.316082048049715
-0.00292170235888452
0.100007594464697
0.0248456664297571
0.0367227456411143
0.160795919833913
0.0974626115908169
0.0417933690214328
-0.00413716201565332
0.172673670595896
0.0227791596618877
0.177768985773188
0.064840543022524
0.198394605551237
0.214161001505147
0.0596826409198196
0.0721546613480353
0.099099743892688
0.07823140162471
0.0225589965735504
0.147549137366502
0.182291861410842
0.150569533589215
0.0673698627602613
0.11452184421262
0.00522924227604875
-0.0657210541562844
0.0976775146532388
0.134296748928246
0.100865444759489
0.123416597819658
0.226143363822156
0.142937462072969
0.0946507349689419
0.120697720598229
0.0747590955311234
-0.0308028728868602
0.165795758700223
0.130329322740223
0.176096290086641
0.0260416393942855
0.171789541135216
0.313890997018715
0.068756220210379
0.135698852136768
-0.015344658359091
0.0967158280123035
0.151682188542587
0.141614803249344
0.131652700364008
0.269427679824183
0.0794173024403349
0.150201556242447
0.183737809880161
0.221586263559502
0.144997651046517
0.103559010828945
0.294742589959851
0.0361786262922037
0.203909277837627
0.210332645778519
0.0904472626676485
0.181176111529738
0.29595118541842
0.249741848904248
0.211350199202693
0.132885878829347
0.147970675035489
0.0776333120660341
0.14025013197888
0.11749997587851
0.205550232753699
0.209140722635082
0.223640496300195
0.153142333812018
0.253141479254869
0.256246414071708
0.22723779003881
0.262184647677577
0.211412283515206
0.167337068736632
0.152414087545904
0.224180301958544
0.208009687199539
0.22751812781015
0.272806192213442
0.169250233662834
0.129779406749206
0.225091724482025
0.157463990472087
0.211626122910913
0.214573880016698
0.26630087964852
0.163587586329832
0.20470625046772
0.138537388249245
0.182800189499551
0.264681651440311
0.175289280274714
0.236450878128077
0.273665258953973
0.38694210699505
0.466141662058854
0.243652296528147
0.212253727728979
0.207671434484143
0.233010190926842
0.23358638895633
0.21415261484652
0.164006952858105
0.328617178367021
0.116033272088384
0.353800217152529
0.43378096577906
0.177388976903915
0.245536818308411
0.173918237251028
0.397064413107729
0.248246039264256
0.206313463117483
0.32235536740625
0.301239276224697
0.124833125630807
0.27951825922273
0.346420808140131
0.393407571919943
0.191622479828141
0.318117461919272
0.434904780307291
0.285190411140495
0.252416010090699
0.366721011640492
0.149871685826104
0.419468530076123
0.388384170330763
0.324201037261
0.477495497279671
0.418962644152954
0.288235063143339
0.301176933200716
0.344429143917956
0.201809473018938
0.366177351934992
0.22169225161481
0.256422743657152
0.356023100147561
0.302180812417458
0.251057434500535
0.432274708326917
0.556093622185809
0.466923521417655
0.283553876477194
0.238465341742472
0.44684847033111
0.384240350675228
0.381119019805389
0.330594459744043
0.401572127754766
0.388754049196587
0.383777677777598
0.336400774446225
0.252781828435591
0.381910286046424
0.390699884569625
0.349702980177449
0.335193103392673
0.445473883223366
0.379736375411744
0.430159218887424
0.350773513758375
0.456206868000809
0.286972986531748
0.374227069998204
0.257171029898277
0.193459799714212
0.45207925536841
0.433245671066495
0.39220644820689
0.332583136562933
0.428372406706847
0.473809436264197
0.486064951807031
0.397371796134836
0.358364092958516
0.428442804610835
0.437974347943514
0.466590803695007
0.464342959661048
0.350439978132234
0.610149818833596
0.438418688751244
0.578577022477354
0.515511520167481
0.502635810259742
0.507942070531033
0.427509881458911
0.463412823826679
0.55240422461312
0.50910151730503
0.424001448787289
0.521329611858288
0.457261808959274
0.496278432873972
0.428197557514084
0.373187269787229
0.307670652782248
0.313000434978089
0.40527686222137
0.421793218396005
0.439694557577955
0.431075256646833
0.478000465766659
0.446666350773689
0.470593737946056
0.471464903308316
0.49628371149739
0.509812371476777
0.545700125842377
0.365673974947546
0.584926483730315
0.523967416485466
0.370850317968548
0.417273227336737
0.399151944429328
0.523445854868213
0.342530929197343
0.576907681059437
0.547414745073705
0.440451800379585
0.505113893222892
0.608811281251319
0.53559704968032
0.560774562216067
0.568071944072862
0.39846758534634
0.405480751157203
0.536858917187321
0.558765524783319
0.415609346757618
0.389666599296915
0.632316793552188
0.557231607046032
0.537956478310674
0.588929143908207
0.567699074862701
0.520674832165993
0.536296387567109
0.583024519756866
0.456338768803983
0.588807603284123
0.555312407191122
0.442147154381456
0.658765945165067
0.586434132883597
0.625960938915957
0.480257000543636
0.487069722790349
0.489881708851478
0.666241636644031
0.520367763710107
0.598677767846119
0.63171861194545
0.5343205222531
0.645660422455687
0.633373861319384
0.606873811829408
0.689816664963014
0.638918947632666
0.702041387644115
0.511615530761975
0.570846782883957
0.349109419336777
0.548768489305275
0.527812480054455
0.54532336943902
0.644280493720139
0.572051284153447
0.664578584753694
0.506586341430535
0.480817304753364
0.614451182296427
0.753565321644695
0.670009459879685
0.637682083917449
0.477154547814637
0.587145266683828
0.615784089713975
0.581698067619984
0.684614948662093
0.647664340367796
0.47700735159642
0.617034801237762
0.664047996000248
0.572265266108692
0.708128738499686
0.766778056636054
0.44658451345348
0.753628460502377
0.565240307598329
0.738849837127853
0.457144487920793
0.587474720131837
0.709050016062948
0.647323461429868
0.494627806383767
0.649149275920429
0.557467196779617
0.703412246382064
0.711637023151937
0.678728164380603
0.575770413181582
0.811643601490881
0.774504784896475
0.512779416397997
0.641447171781519
0.79637513132351
0.796051965417121
0.638859258809476
0.819838852207085
0.561888488889505
0.668306315663624
0.72873043374973
0.612445000746074
0.660209949794026
0.75663606390569
0.690989952000801
0.754362157690512
0.655253763213373
0.649717458273186
0.7481211509773
0.600377164657503
0.748236873823891
0.640951583303644
0.794679601092725
0.689414505628436
0.762460789315047
0.532347750345797
0.843395503617988
0.73288511583715
0.752346071288283
0.710024133722782
0.742230960607461
0.649709523033697
0.705962320436213
0.81802439825404
0.790216869192411
0.751883091335592
0.678269209036509
0.544101556155905
0.567243794540205
0.797399354376033
0.763253695568037
0.69234528547187
0.779323577549276
0.733652785485408
0.684954035976409
0.822930880006131
0.869478704010913
0.696544775680748
0.781797900571085
0.776937677542034
0.691434266835801
0.769145308510168
0.796114282478499
0.837871730166241
0.846987491991131
0.803625827441183
0.769278781196586
0.612508567345247
0.801869183342731
0.537900061175019
0.875460123197874
0.819426650849138
0.860596419382504
0.806079328542411
0.703972509046691
0.799777230749194
0.769846119489251
0.755342411129566
0.786214757677417
0.825616701304211
0.795083176298482
0.746990946664591
0.647968854324561
0.973091698616651
0.733813591302592
0.828790798113326
0.730014979534583
0.81117413149972
0.840901711551165
0.973007543798332
0.884848750192417
0.729576736402325
0.880269081325886
0.719971493174355
0.720513007631154
0.823637524338749
0.813722561733931
0.764324091955486
0.891532339925801
0.794050613243983
0.930974901104122
0.768262900573268
0.940957211575248
0.898388527782706
0.718882211069894
1.00635096100619
0.809791743132488
0.89921571126546
0.788309972736042
0.827559517778852
0.928091028866146
0.827373663964333
0.829387280390903
0.899000623787308
0.849877734182031
0.897979483392985
0.918437791899494
0.926640075025598
0.946078023784785
0.858719709150983
0.876134519511202
0.846333247161132
0.898955892964365
0.831029193736959
0.745401245838836
0.901680436170388
0.917857153580236
0.963048288415729
0.713289489653874
0.855883671875787
0.912917445742375
0.837967637042212
0.735289584737751
0.76102531604728
0.802255374580708
0.864468378802769
0.802760357871439
0.861327782610994
0.924715644102665
0.987906265933394
0.988017107137401
0.992719939786694
0.804143750372636
1.01444951916381
1.03729138935605
0.974118476962034
0.919139716227886
1.05723940362945
0.968567956788384
0.871359522344365
0.991281461648772
0.910993489278777
1.08689509384552
1.02487039163927
1.0094390130546
0.821734528210274
0.922491841100922
1.00571771828814
1.06051938661698
0.965417777016765
0.998856641116383
0.891378301396264
0.947534031373007
1.03570527470499
1.05694296745885
0.9820332552175
0.989697006887576
1.04447844150172
1.12991401741048
1.04694517104579
1.06710747534663
0.94057152406774
1.04635905612675
1.0359014365323
1.00297135231564
0.908457120311459
0.999575265724254
