"x"
-1.19065781460786
-1.08570909089978
-1.11104705841012
-0.898570523297746
-0.923045535988913
-0.948231399290138
-1.00184017224802
-0.921646031253614
-1.14086597306903
-1.02202108574491
-1.01133129345228
-1.01391696288148
-0.92069963948106
-0.860215980241835
-0.923840269125586
-0.964814339846857
-0.997252404405
-0.981814460268956
-0.963661715408808
-0.87947068212124
-0.920667577680538
-0.979055129856947
-0.838308424727857
-0.922687404959248
-0.97184713799878
-0.810209040135015
-0.912071505471283
-0.870276958522491
-0.932927445067182
-0.954345725200655
-0.979984912681629
-1.02552754029915
-0.927730668649781
-0.910196301751646
-1.03772819363968
-0.935433319456716
-0.904626418997042
-0.922658454768504
-0.812561746137081
-0.833511148648688
-0.897189815294959
-0.802087327250656
-0.792761211072719
-0.808389896650369
-0.993468294637038
-0.900914368983668
-0.884765611051705
-0.943464097643296
-0.905305180665277
-0.875850164915399
-0.790684882931984
-1.00326463060254
-0.859595226532878
-0.880158929793567
-0.90912629212939
-1.04047133483498
-0.897536402870829
-0.919899688329368
-0.96005328507685
-0.912828980365576
-0.71103814380777
-0.919651832506413
-0.915462182619365
-0.753538606624388
-0.808823162299231
-0.69925886920969
-0.895823204609919
-0.841987238914123
-0.820550005379455
-0.821728817506658
-0.85302979861045
-0.806763747172281
-1.06805150807419
-0.961887463433412
-0.934063549595507
-0.937185557518587
-0.853845498950826
-0.705963988973885
-0.77227872059181
-0.83543741520132
-0.846290607247948
-0.843576767120736
-0.867295150288172
-0.845562810742698
-0.796737246879392
-0.756415638368303
-0.832290686581754
-0.878903010870217
-0.871022439603757
-0.787839665585708
-0.717788564747925
-0.732248710289485
-0.764252051657752
-0.643434934806192
-0.817039453267428
-0.91842768133116
-0.859132000109842
-0.713672155293864
-0.77760328449902
-0.706446858353046
-0.880808875248235
-0.789374163610475
-0.82861507852873
-0.86595255751954
-0.820448781982326
-0.871778082125022
-0.781139567955341
-0.774655055531373
-0.822852343334286
-0.792363645953337
-0.800552235544491
-0.801270326803633
-0.773775763971246
-0.627038249660369
-0.777935938565211
-0.892297882237079
-0.649085027590097
-0.702223507619759
-0.622543713905749
-0.661893048369732
-0.664538202788915
-0.794033572906966
-0.704157525667855
-0.795404313778918
-0.719321387900812
-0.683028453776634
-0.717024271378044
-0.567648112685973
-0.681692359860779
-0.797830038422317
-0.680853189376303
-0.8812606317113
-0.607022704574386
-0.619876149511611
-0.730662848168364
-0.785413302912166
-0.756865237521216
-0.717624723551418
-0.665191183398715
-0.770459280893612
-0.698484312254948
-0.784064205877766
-0.798493568358048
-0.839532038179219
-0.62208161828024
-0.775467479730882
-0.632208634897809
-0.777530699900527
-0.747544343961464
-0.738469141925382
-0.566843141102118
-0.645281693426839
-0.772348358923842
-0.584596917291908
-0.762666629074863
-0.731492207287923
-0.599282656992966
-0.727658236961766
-0.747524489696754
-0.760446623734305
-0.671226234537234
-0.798668173354962
-0.60673104471025
-0.583671775049741
-0.67070345286411
-0.562875630505378
-0.558432581308282
-0.707308564201246
-0.565138217661653
-0.763637935383664
-0.729081358638645
-0.642739091802959
-0.723633078476653
-0.544319452246996
-0.709339692887341
-0.659210161172086
-0.66426038017367
-0.602273444726244
-0.680754059786858
-0.65508652589604
-0.704676802229537
-0.619046306224707
-0.580155309645684
-0.569434269857756
-0.675179011774707
-0.626373609242038
-0.612770773456179
-0.663048380946601
-0.68108931088391
-0.827005035788829
-0.512824540778289
-0.674390259247957
-0.63967543658409
-0.632348230463645
-0.633898602626816
-0.665073385111734
-0.548000470395898
-0.73983135998531
-0.540448862127956
-0.571092351026764
-0.596662130689488
-0.698882032275312
-0.642433312491364
-0.651171826751552
-0.619402010859384
-0.658521859760797
-0.408367332133268
-0.512355393975898
-0.744876759780056
-0.654846402801716
-0.539616877830274
-0.486969711170871
-0.51999800709323
-0.502918241366661
-0.698130275754734
-0.413660314141303
-0.430309002653996
-0.713597311896849
-0.602554421192719
-0.540198545608769
-0.537793892400249
-0.513627996298711
-0.631661533602315
-0.415798651439912
-0.491682660086872
-0.646475458610989
-0.687491594616894
-0.482302930329433
-0.39000735704199
-0.422914826503387
-0.611725805584344
-0.567741829341764
-0.383339328661873
-0.579681226493387
-0.525204374172074
-0.577286868010148
-0.588703233950638
-0.443673754033051
-0.559597640928986
-0.533716694991199
-0.59182505335835
-0.409673032115736
-0.583189682509391
-0.478555608926623
-0.402792630024153
-0.527617183901043
-0.568201648734006
-0.569167930872308
-0.455973993332871
-0.465476471133528
-0.564602991147682
-0.528776195568485
-0.536833878789048
-0.52881436034436
-0.667279905298703
-0.474494856286906
-0.427303433433656
-0.358085582633041
-0.472112300553602
-0.544905056822605
-0.467123785450438
-0.405399817908149
-0.517836574921765
-0.392722515531231
-0.479541458391512
-0.437867448418098
-0.473871670712703
-0.490928823050584
-0.360595864622922
-0.348555472036458
-0.498427451189832
-0.53798700444546
-0.467468083988958
-0.306504587900757
-0.453957904167476
-0.410910347224304
-0.381061031924975
-0.499608603878549
-0.567774024925632
-0.455648947294527
-0.315945497290277
-0.376625478549982
-0.538346195083805
-0.406706486649863
-0.379940962038128
-0.361243463055587
-0.468262043062239
-0.460290577993693
-0.302878641527022
-0.358307525962463
-0.394872655996164
-0.577111958653008
-0.380344621024335
-0.403317009025753
-0.422198659899843
-0.323558197342363
-0.545928499811315
-0.360326554477862
-0.469109389392314
-0.488561279629722
-0.341640054847501
-0.399946981019971
-0.354289586292671
-0.39654834363379
-0.201665676207258
-0.248966326734059
-0.355872267254614
-0.437251905024468
-0.302196775667025
-0.474007887781139
-0.321421452850746
-0.579664861702729
-0.473523032570266
-0.256467903020773
-0.404170854719718
-0.283044651447931
-0.403556096397672
-0.510614986204685
-0.261951626813356
-0.300690299118544
-0.303947452885815
-0.321887073441533
-0.22453685542498
-0.236630252129452
-0.333536295532114
-0.341008699150977
-0.355151853282125
-0.296825492034806
-0.459385350596511
-0.345882368001732
-0.331225693738518
-0.306039491032654
-0.115010061152177
-0.408747011258557
-0.43593941185111
-0.448214971125147
-0.337332012737895
-0.386915592304744
-0.282170865701202
-0.400179829039303
-0.281796585836133
-0.411940274029528
-0.317758685350847
-0.250259951855025
-0.346364242218773
-0.267989421786525
-0.419995040337143
-0.285560747407369
-0.237743554082243
-0.284950406562411
-0.478679655121784
-0.351415310917845
-0.247388713399917
-0.237750348782851
-0.284495501434275
-0.349597882767909
-0.29168076839417
-0.355163914938383
-0.200918231697805
-0.30551794246755
-0.248346538765359
-0.38912697923921
-0.346898314188745
-0.330554058596652
-0.273933043180984
-0.373971086099955
-0.284959424073998
-0.267486909082896
-0.150361014625427
-0.129970915388429
-0.159570469088761
-0.298858135824423
-0.308647689046486
-0.226529347811169
-0.306213784718224
-0.161507702555297
-0.281226922714015
-0.0527483260809306
-0.265068476946408
-0.46910090661605
-0.34084924329167
-0.244781281052012
-0.178904187682455
-0.408175519037814
-0.366885323907045
-0.262388724975269
-0.158366372714704
-0.147504856629723
-0.252473834551946
-0.179867200373137
-0.275460793164515
-0.139171991247903
-0.117332771074305
-0.376900006040488
-0.171191525598235
-0.294923776307858
-0.217319069726897
-0.179681959432923
-0.201578791139095
-0.210843332530934
-0.103331094395541
-0.194361761729037
-0.335005202384108
-0.227097433057892
-0.0778798670374228
-0.330807840476106
-0.182647185248322
-0.206008433109365
-0.0192704907971681
-0.198310778875541
-0.159498713416517
-0.082076366193406
-0.234562983954499
-0.192178989623579
-0.153736785822481
-0.353941929796595
-0.0889722960081562
-0.30494081809
-0.158414059358537
-0.0772414323658482
-0.26096106287901
-0.13069914651418
-0.22218049044254
-0.258720645532186
-0.275248112822959
-0.115390589082323
-0.133850214826937
-0.0254745187989468
-0.175876914268653
-0.0543731113512836
-0.23528247319268
-0.287349314605495
-0.215932796203145
-0.185524078486684
-0.234897818991682
-0.0810687157826538
-0.185716200307681
-0.0139447176222894
-0.0768214010758969
0.0308537044430555
0.00389708773429749
-0.0938190101921683
0.0233296399161458
-0.178166187618924
-0.189706129284155
-0.11834427261824
-0.111040915040221
-0.00922944693489974
-0.176138002767327
-0.0773873517332372
-0.121088753104947
-0.0206910419846627
-0.190885993335251
-0.174559865471862
-0.148640741237636
-0.0670467248768551
-0.0798454477689151
-0.0215891647704645
-0.20464672939296
-0.185981539345194
-0.122256632183125
-0.0300722605189217
-0.174846459852649
-0.18310027442882
-0.167759657606174
0.032314816500342
-0.098182403221084
-0.0463590885891473
-0.148998974425594
-0.160631029908624
-0.149325125936211
-0.141045190401958
-0.221632905162363
-0.12406485039345
-0.0766293893008951
-0.12022144876391
0.0914574752229473
0.0133206344308041
-0.144732132197793
-0.103310667239587
-0.134813159256655
-0.0262955962907454
-0.11597788682398
-0.209704061882764
0.0809081182695246
0.112651988554763
0.063935294174987
0.0453323407987886
-0.166576472781717
-0.0610066571075858
-0.0403180479506769
-0.037983948176782
-0.0169735132000306
0.0493737035226509
0.037398874522398
-0.145587811691605
-0.192663374061807
0.108464192825507
-0.0725887294747499
-0.015346565299558
0.0568757985542268
-0.114109589749829
0.0384398111639621
0.0545541752667222
0.0325851301298829
0.0475847757175439
-0.0873562472487299
-0.200374919591012
0.106592489000704
-0.11356778951782
-0.0483689165516804
-0.0228463588412448
0.0618067021265045
-0.10218231201708
0.0365568589991013
0.171398083130077
-0.0209518089882365
0.0281053585656343
0.1147739882656
0.0805604343263891
-0.0110154192319166
0.115027787812514
0.00129742846629499
0.0371465596682001
-0.00316708461108205
0.219030580691295
0.146237156219669
0.123421238846217
0.0488441209488585
0.0728394873577751
0.0990986294029645
0.0286954763625536
0.0312139122509239
0.128110827253803
0.0593169516434706
0.125929983417643
0.0413152568085339
0.0348000499866408
0.110234629642315
-0.0113885769802034
-0.0360189974520853
0.150773623043391
0.0920784365043849
0.0259061350523556
-0.0539029544721344
-0.0237524495664187
0.20021628238031
-0.00973059940009569
0.129265493727396
-0.00545985516045612
0.0390362236071422
0.0852630287709744
0.0167583281134071
0.156767792848931
0.0949716358405932
0.258491042370921
0.0394654484406637
0.190151409896659
0.02403403397436
0.1429578414171
0.0308189863531723
-0.105547585124031
0.108010026794347
0.089098567243228
0.216548282784681
0.249905769361761
0.242659166051568
0.0368224885204131
0.113018335794335
0.243752183107662
0.139814014909853
0.103969745919601
0.123473199025706
0.114275920462053
0.156681552090153
0.13982292324219
0.0229851551337572
0.117222646921176
0.190464122901043
0.0743618827663845
0.327971977050509
0.0398170825367171
0.211175259549043
0.198149129963232
0.155397301773659
0.104348678100661
0.211341587569584
0.112196802621947
0.142808450187585
0.304997659288035
0.304295815348801
0.272538398730424
0.134217930286144
0.0659603762096123
0.127936360311219
0.179389931174126
0.118138655746565
0.20088559698204
0.163672348449379
0.296099676570485
0.0853484761506261
0.0917173732003955
0.182891227345184
0.189667584608847
0.351457144154138
0.31921421128865
0.198715633048399
0.350812665166787
0.218866759212062
0.221970190302808
0.255807549636124
0.231594248167577
0.194102678185716
0.134882276831073
0.264341904259844
0.312260857209626
0.28707858774782
0.227427510519713
0.352507043923314
0.247679683186441
0.344485314267511
0.213563822866381
0.161049961825468
0.236201206723315
0.280384151585523
0.290327864995894
0.157524854877306
0.33563568304792
0.228501569081756
0.295172069020978
0.287527364250522
0.11430553824546
0.0853415176894869
0.16435872862676
0.40812712182554
0.258577503505331
0.260935928152935
0.311499857104431
0.345569861599199
0.219285734080618
0.085811385621483
0.385166929680356
0.298051109448002
0.214728955857475
0.372314463639317
0.0578569673887606
0.328560063146294
0.193545837810175
0.245623311505009
0.295392493653325
0.267611522001108
0.268310944856833
0.376552757432076
0.331548007130635
0.415881306523066
0.415574328296158
0.46174462990996
0.218670649223144
0.383281235901428
0.2861213996776
0.331978209997063
0.210253592676524
0.399991434470606
0.219054148888046
0.524677803246971
0.470482893985118
0.289243279022999
0.341305505373525
0.372156860587966
0.371634419996836
0.243231653369566
0.255204392265253
0.330883049972496
0.348305364588085
0.412588739513144
0.406553079712804
0.250017577117475
0.449962607781072
0.45589374128555
0.405388384442816
0.49550944412931
0.49236063937142
0.335736522611649
0.400037343873655
0.526266232362926
0.179684238474184
0.360023982023914
0.427658222783182
0.263046687362152
0.287182208171464
0.251621678203152
0.542108102658062
0.408204026912061
0.31887544860592
0.487930321455936
0.408589890459058
0.368520010401308
0.382304245552766
0.427370318209372
0.356079022794069
0.495325591653336
0.423649572578181
0.445601177164451
0.398907898821544
0.438566922930526
0.368303466488576
0.378916817086864
0.469732114937115
0.401903852119251
0.417680635659295
0.415362261101667
0.269357069161773
0.385576225467904
0.429727211391142
0.511466335184303
0.382987010843025
0.448091712642077
0.362629317497011
0.451295749971367
0.437104868114267
0.278243263560833
0.384906976509019
0.543687074008743
0.481337732754556
0.557084360532406
0.621888916866508
0.433322148445752
0.465392314489854
0.32705047268387
0.545715640469754
0.461812087259497
0.347696151636618
0.572268376948944
0.50174184624884
0.48100136428924
0.571698946392507
0.420195785935457
0.533479713196719
0.532371343738741
0.592591034235428
0.441829548868932
0.568953013909761
0.415059989777606
0.554572989164158
0.40840883309735
0.383036843189041
0.450224568970378
0.74498833134357
0.514626757968264
0.486945638365244
0.431400776606391
0.49259580939142
0.5745977873836
0.545105006952698
0.384011216727817
0.569669016397326
0.678252897457901
0.436707147645125
0.453102477152572
0.457800658300643
0.378735745699577
0.522768663354926
0.555364767874833
0.470531500454832
0.502275191861313
0.516822500864528
0.474277147204107
0.441696380974895
0.523885715769081
0.548406336649413
0.604436551446213
0.632586679502842
0.623070830721977
0.381366992436357
0.503372390463501
0.579607775196138
0.607178747580247
0.598694356750246
0.43705383119124
0.554638694325851
0.625509262956988
0.627345940301172
0.559375053156091
0.646238044316066
0.561247885711114
0.528787720067196
0.631294747435269
0.565820336023574
0.643503656371918
0.554980762176185
0.603786063986662
0.395048194987925
0.467659453350892
0.584929066274014
0.556344798535697
0.614390408170793
0.533149640832494
0.575386719220229
0.533926286922607
0.564139201453592
0.622340328177708
0.56335399119334
0.458186921779563
0.828895491900108
0.649632709416955
0.575939491012131
0.59269609640759
0.710076393164417
0.523276905565199
0.684493839880787
0.60208511643836
0.593239529116381
0.596629826647767
0.627858498968427
0.61309940535078
0.619969346427282
0.72340624801018
0.563611334572859
0.732017066324116
0.570533981959293
0.595232821450874
0.69200733158317
0.603382163848007
0.615182376096526
0.745042026693239
0.752591109075674
0.595634300273977
0.676332461232643
0.67034997886568
0.715373651935083
0.713027498669145
0.6736685233642
0.741697737447191
0.768378593029971
0.74441850483746
0.57561775868608
0.607508742597766
0.72024952931606
0.746328588186502
0.735523437876701
0.655614520992437
0.521043528286354
0.627179620364388
0.764703237836836
0.622219912007051
0.702690559821998
0.695521279774878
0.808408908913358
0.652638982190851
0.63421129494185
0.599116895004335
0.777284354918739
0.738483011561986
0.605509920205211
0.658867161785259
0.678422909595052
0.705609535045249
0.723075230897858
0.670680018707302
0.723365828633892
0.588837089888849
0.879607855562879
0.637762062345365
0.536569920066072
0.777963738180474
0.742771942952581
0.752199194007592
0.677779400996929
0.82980074193204
0.689486342884657
0.745108066109498
0.692804327355802
0.725092031687758
0.70947621320564
0.830726620753579
0.882338758453007
0.873001085881432
0.746978762779782
0.67645181131033
0.553639058069445
0.701930562734727
0.711642896202306
0.831604078780275
0.751753826297111
0.701829315489221
0.876150613594669
0.700463741511424
0.863360368305321
0.768911877423114
0.665409868305379
0.84862630407706
0.717650901070541
0.937710180978397
0.749038198984404
0.640019587238776
0.829239538973536
0.825595798127364
0.709133390594927
0.778719553006359
0.7428305520769
0.84159063632604
0.777127228123649
0.808074267732952
0.663818191705428
0.634818112345915
0.859850350927438
0.819171855437782
0.820363278623941
0.847314983137596
0.835847994544678
0.911264191107813
0.848713637325984
0.786676870227833
0.878993209558258
0.968875302622088
0.750360768847582
0.901612862159381
0.694153578471521
0.756443779901247
0.825172021472347
1.01685245265947
0.747632001045739
0.863918333204452
0.817543712357801
0.699600894584242
0.846091288665943
0.934677542715024
0.79082990819673
0.770595926635151
0.894409236496279
0.880988961622138
1.02470636263472
0.897538837126246
0.895418626355582
0.899973118599883
1.00643384392267
0.822797412233225
0.829790626245269
0.944197903362039
0.751691374605642
0.953235988542088
0.94251506466094
0.698641821643922
0.900984291448233
1.04922177877772
0.905434669973826
0.746091926993212
0.95755843518759
0.798270120664092
0.889052695840481
0.869820313517882
0.745994008821179
0.849061662081345
1.07488356966269
0.839936172918713
0.808528585874911
0.980811968235628
0.950125414696005
0.886130984600872
0.946535756882526
0.883112941728483
0.889686132433814
0.920043612134223
1.05116174988164
1.03302819141572
0.828842549239296
0.922048746066298
1.07225186086943
1.06850349273843
1.01457785920274
0.984702635139546
0.94159797138831
0.82860289175632
1.01413413007978
0.984940805957369
0.887576139924275
0.811364593583122
1.0187252602897
0.989585042245336
0.768720190288177
0.750153444757584
0.826065873037767
0.964674930625982
0.836189382592271
0.953039342794381
0.841226015134518
0.973253349319469
1.0150358541165
1.07257349423149
0.982870840378456
0.989328883920622
1.00028593508094
0.983846949681643
1.03146415469143
1.04406800516367
0.966677992947138
1.04638471366192
1.26724772423147
1.14976633025249
1.01678908620925
