"x"
-1.04283365880139
-1.12640684327665
-1.02019430970501
-0.93508343178625
-1.05220075869287
-0.986606859450733
-1.07153033120152
-0.973051657362969
-1.14923513381827
-1.0327525368292
-0.96101678267905
-1.00789986948512
-0.991352913944123
-1.13211247806298
-1.12862286898099
-0.995982717756468
-1.03822306696404
-1.10882845833017
-0.84598706759865
-1.02228034322682
-0.985271103791505
-0.888978215219536
-0.929971772016261
-0.959698639203981
-0.8965273210499
-0.873756964695876
-1.00776664400792
-0.8463313153448
-0.932841506867633
-0.903015734589319
-0.942974388976939
-0.912504523223815
-0.993160348815191
-0.829511009977229
-0.87536077627825
-1.06157289647872
-1.03254840508963
-0.93596345919282
-0.879959693945495
-0.9812939362283
-1.0400322004539
-0.784608770401502
-0.975886047524872
-0.969255950714206
-0.946421543016084
-0.951203152310161
-0.985348268771939
-0.949517022944326
-0.865612386497548
-0.990016094020376
-0.90091268995587
-0.964262110302703
-0.888969165019249
-1.06129326433868
-0.870847742043997
-0.995690346530767
-0.935646171911528
-0.73304462416935
-0.81363132405993
-0.877243739064126
-0.874903366135461
-0.890125077806033
-0.721584266081137
-0.874341805463059
-0.943625592417672
-0.866436614403532
-0.93068212870368
-0.97216121110681
-0.975654225594301
-0.833313138069056
-0.775875586558021
-0.868185332665463
-0.82083133585696
-0.832068686725538
-0.9737777292159
-0.865747382341092
-0.898830521246532
-0.625382311372628
-0.834401722347495
-0.756928258171081
-0.706736758336623
-0.754266644108736
-0.857825743901457
-0.875686070784071
-0.996519827580681
-0.817676726832917
-0.794614783751039
-0.881748087426967
-0.779474772903017
-0.878283282228706
-0.763327277417421
-0.8594107529611
-0.914380064881096
-0.78006049456219
-0.7946761845213
-0.726328874762655
-0.728329985024066
-0.737928671503452
-0.732309968872355
-0.706576719052806
-0.859245018413264
-0.737826206460653
-0.595084810582233
-0.857368136028484
-0.806972642902571
-0.77866115187461
-0.872135541425022
-0.786201991641942
-0.76893499816502
-0.696923053797701
-0.706312136480203
-0.80223090811142
-0.718756760616582
-0.869514380790125
-0.719037634198808
-0.897381757599348
-0.720021489938498
-0.890522137955173
-0.660648752446449
-0.879176265649204
-0.730472694870278
-0.810187470992414
-0.836974947181614
-0.962314632301917
-0.760780978710664
-0.847130817133708
-0.747182442395698
-0.624534986331383
-0.708906188605205
-0.695741634007776
-0.682318131303082
-0.805838570139655
-0.816485076284406
-0.892475376980221
-0.899016895651198
-0.788270240613038
-0.616707287977827
-0.597490696335376
-0.749925272200218
-0.692284105443277
-0.787311423126918
-0.447039763006695
-0.68540667497494
-0.761521291757127
-0.646657626428422
-0.516459093768631
-0.869862327023796
-0.542650812416243
-0.681533942941017
-0.60885657083939
-0.808805402081644
-0.687393483485831
-0.799144414913705
-0.717366292322112
-0.608030342891903
-0.661976519591631
-0.582123912791992
-0.641398212978577
-0.608500448329741
-0.698379225292621
-0.635466743609066
-0.707193645389629
-0.629219922287269
-0.541318358251235
-0.66267639825837
-0.607351589691494
-0.694833250360462
-0.604575811335101
-0.583846660575268
-0.682269155239769
-0.757690865348702
-0.610114360592608
-0.65139460911369
-0.625108104374362
-0.594964022609071
-0.516271652552517
-0.582117131827288
-0.574770971238876
-0.655354937026103
-0.66966241520559
-0.739198045604174
-0.693542520411721
-0.438825791461878
-0.600687352608506
-0.631097710401593
-0.70280019952512
-0.593062670627136
-0.577327162349563
-0.735524281385243
-0.598074403330065
-0.705579046956561
-0.621547760815304
-0.726527668197888
-0.682606944371002
-0.506265295258414
-0.670322355089211
-0.645264164731045
-0.670496877125516
-0.7126841612803
-0.501374849845065
-0.673450733192471
-0.613574186318765
-0.656917528958626
-0.595781648570155
-0.592434049527844
-0.515778075661489
-0.656034603802514
-0.598588456333822
-0.630176388733562
-0.485985593205425
-0.493503478254966
-0.472967432425212
-0.593477079251214
-0.510408480023875
-0.504137445321366
-0.522227838692202
-0.480122715892839
-0.516189542580646
-0.595094113672639
-0.579565837495484
-0.553253916958026
-0.592850008391848
-0.625039284455204
-0.524722987981335
-0.430994946384269
-0.582319262915264
-0.491694977423782
-0.596586001644791
-0.53480231819368
-0.477515923924234
-0.424772374269054
-0.606009448023168
-0.507468038278008
-0.512910862344598
-0.540384335276198
-0.465040476505003
-0.526307489962439
-0.547794930407834
-0.579424090069197
-0.534212072976713
-0.582271762560025
-0.57878596403691
-0.465485487235019
-0.643449705237655
-0.521683950639109
-0.524551436251871
-0.500127149589696
-0.549776645232225
-0.461153105177204
-0.539306245902354
-0.51805798937918
-0.593515180898427
-0.378117653486045
-0.629980235653454
-0.48298675880077
-0.565099158909056
-0.506076218068746
-0.543235545070857
-0.445515039667554
-0.477252978602736
-0.612756718918828
-0.615760664155215
-0.35464597885275
-0.547197172458135
-0.428008634450113
-0.480710736232065
-0.434359301039335
-0.53212204781254
-0.411372244790345
-0.401848253211587
-0.335180880031399
-0.433413067387984
-0.572327984497646
-0.451033762610816
-0.436134945604936
-0.336316806459027
-0.460462965974462
-0.484436960995481
-0.503742259756354
-0.43793094850756
-0.465845838380201
-0.523512344617291
-0.331166555151514
-0.427796099998454
-0.437870271760114
-0.385758794499778
-0.370152071729655
-0.337198033925165
-0.320939621810171
-0.341830183041603
-0.455338138842012
-0.264257164354223
-0.297225690348911
-0.505787643339757
-0.363618121825103
-0.400216720347899
-0.452415010559529
-0.246259573643196
-0.447007956855899
-0.430998912076351
-0.441240970354717
-0.379601794084728
-0.360284288230991
-0.491038032366768
-0.319453227434545
-0.401175161487635
-0.379807535516761
-0.470174201991299
-0.46140138845809
-0.34434132518866
-0.412895289398064
-0.303490459828522
-0.309521166997216
-0.405241207786955
-0.342953470688586
-0.339435999176125
-0.423730559185577
-0.15952658042077
-0.445090421830339
-0.243204070195907
-0.364666183892607
-0.415690178098346
-0.387706309641198
-0.407630745329211
-0.376400544302622
-0.472757443242078
-0.140654096715884
-0.340604014886652
-0.360135316821272
-0.188924941090055
-0.337953990205856
-0.269892741673134
-0.366988468339418
-0.317421305674068
-0.34350680224357
-0.445043407000675
-0.331168622347431
-0.419057661047929
-0.400636092689242
-0.231525427515105
-0.333000044312344
-0.377980137176287
-0.227349150229354
-0.445164381828544
-0.369886213406503
-0.24376060120769
-0.348097151325197
-0.477565940195579
-0.412306398288802
-0.233151409842743
-0.311973984287324
-0.290309675116642
-0.210104860971249
-0.278829838138712
-0.205943213334575
-0.272908709495285
-0.317275402773152
-0.270198415622856
-0.413237442799003
-0.227112386468457
-0.369181352090944
-0.371067049674806
-0.295188671020415
-0.272470614516003
-0.192659050359158
-0.405382965634876
-0.292510819828216
-0.31213992127797
-0.169792593288736
-0.187136297219267
-0.232910809520509
-0.311448361056803
-0.289177769973587
-0.413023972794642
-0.244716450266729
-0.205887201622077
-0.323042263071612
-0.254134548955673
-0.330887628977376
-0.376174732278472
-0.265064897290204
-0.24567735740494
-0.363897649012531
-0.237403967458721
-0.358088016623284
-0.329763177778685
-0.370721878800365
-0.181950860159352
-0.21722989325173
-0.212280935847897
-0.184890292519517
-0.153552881345073
-0.273685471565865
-0.0670580366781067
-0.364562533691546
-0.228651988827471
-0.219239879734333
-0.14212954737726
-0.274641136143735
-0.317016981724388
-0.255361621310535
-0.10470671492364
-0.208176240282897
-0.282899349759659
-0.334819039003298
-0.0396570310981609
-0.0657689860712738
-0.377164869811405
-0.223351943313074
-0.219334629352736
-0.274267192825117
-0.0505862709469594
-0.163912359844895
-0.247452769321356
-0.204989973612547
-0.141019317138417
-0.221927573781591
-0.174293016900585
-0.0935947346507278
-0.159165464125407
-0.101176843427586
-0.185830164481586
-0.150660324086523
-0.197703959652313
-0.199145894749185
-0.0496116008885477
-0.0708124733521355
-0.168642679224656
-0.0832184252231542
-0.0160757421117995
-0.0904397122833877
-0.0897988625891089
-0.236416833064963
-0.153116254702811
-0.0731205948070369
-0.0549600793581198
-0.0795520162494297
-0.0588033121599541
0.0652363068894882
0.0102551610557269
-0.210303701622353
-0.128482961530515
-0.0744625626982161
0.0801229907000088
-0.129792417738364
-0.0717731529558068
-0.155925499922927
-0.0547811539046114
-0.0797688197763231
-0.279077495914387
-0.137339751113399
-0.112539373040658
-0.138697677771797
-0.214337837312322
-0.0292547916499861
-0.105126168077218
-0.0204227556133236
-0.0334333304744081
-0.0349615053233656
-0.107465298965821
-0.0924682910999504
-0.0255710822443759
-0.033945217538325
-0.059136729216914
-0.165139882230524
-0.111632610974846
-0.0307311306658338
-0.154314885808568
-0.140522083942106
-0.152411026922521
-0.0819456571440864
0.186227458121978
0.0697791707493943
-0.127921640840199
-0.0222898038534492
-0.0276391044015974
0.0312669957414585
0.106765482107498
-0.0218631087438613
-0.0629065108044871
0.0203488535016908
0.0927887463977395
0.0113799527358689
-0.0213667874641628
-0.0378318937947032
0.00687233265216052
0.0389824412461299
-0.0798162065420369
-0.0773453990276931
-0.026185380512141
-0.0133077033086304
0.0287583344154573
-0.135638699591149
0.106594355913302
-0.0540269229605043
0.0681985168093528
-0.0217456149748025
0.0506046077050469
-0.0764167321519886
-0.0178554325166091
0.0188071030059749
0.136610773822583
0.0478465362959991
-0.058276946918949
-0.125053003297748
0.223097249056848
-0.0156318553558428
-0.0236288637087626
0.0880060465700799
0.146714919166125
-0.0185005004696275
-0.0335038671286785
-0.0878337587721818
-0.0231575707262773
0.137524486749799
0.0297996917907095
0.15209155278894
0.0700561419071844
-0.0425212437848602
0.210012690045709
0.110358259321763
-0.0527095002031318
-0.069579175529893
-0.0426554258928105
-0.0813802165428158
0.0485354488119817
0.0935221268521176
0.174069240444835
0.148934323046497
0.0416501737263185
0.0721062616074608
0.0528444895823646
0.0519362359479512
0.117357174808124
0.317575832410581
0.0919530369388829
0.070758818725861
-0.0280276174736057
0.069920834352419
0.0777864220691684
0.118378201898518
0.150612485354314
-0.0353346445378386
0.0674803613587547
0.19335585858334
0.0784122242672588
-0.0141973782588573
0.118654433912591
0.0137287392805517
0.106810305460122
0.0990358949983704
0.105007324373019
0.16284354609765
0.057864385570554
0.065763902916991
0.0737257090111049
0.0491336419019805
0.10934806900635
0.140430479555864
0.122017027736358
0.198185366281098
-0.0303761656248002
0.0768932399318486
0.171744363916396
0.238930354034362
0.0297087433950968
0.0505469652516853
0.179825276420039
-0.0135234536315627
0.182552666706434
0.0162403322773671
0.257048432657542
0.178745408899242
0.127388924741981
0.110498238119036
0.0839780389329025
0.26351063319447
0.0667593138126814
0.222061427419881
0.0281978758544911
0.255586807831731
0.22513598487488
0.110887727620861
0.100954090422833
0.355876392359671
0.216529650921937
0.247095693274315
0.203057919786705
0.0655371074123103
0.0554355368058086
0.106486274150056
0.0300966165566206
0.249565321159882
0.274080401192372
-0.0241536329861419
0.26662925570824
0.318201898519839
0.235568457866415
0.232319321869935
0.194707659113373
0.143590806867583
0.165405963676593
0.289337401666704
0.0967525067047762
0.326752171978896
0.296241730330806
0.174285529106261
0.22882208365094
0.233600700850436
0.269622111886061
0.305428266531403
0.0861164768245897
0.201181201433724
0.274296713168913
0.254323677471645
0.380293058233744
0.270041074295795
0.229675183481807
0.276952420771163
0.213276535317255
0.125014639368887
0.271770630850114
0.312835444620295
0.0684486193553343
0.205716070146382
0.242915782923638
0.366638522200871
0.139963455518677
0.383951244189735
0.362764981953736
0.260855750828202
0.12797883832429
0.298626035602691
0.253982138326479
0.33351290924701
0.187259596848531
0.384638936122692
0.423443251948072
0.283843852413985
0.262997948699126
0.243922714817235
0.244600173254958
0.402387610960917
0.438285971821832
0.315318684637048
0.198822397343385
0.115064273963184
0.44287356243662
0.304049051822841
0.230864206843621
0.337929458834461
0.249048819740061
0.399795899647336
0.26924146374718
0.287860059502667
0.255550559738405
0.247380384505265
0.388721784754662
0.297837267754547
0.477826851920896
0.296215171882083
0.357901967656015
0.368610276615477
0.355182753478401
0.316462744101757
0.241140157546131
0.401804530716108
0.32860470383039
0.449883146227915
0.315912449758864
0.443312699149349
0.35583453069134
0.281727831342242
0.376918585594546
0.469440227460908
0.451289055062706
0.430840509180759
0.362347012017854
0.345784348745656
0.299782401755128
0.171183983364382
0.441032091744882
0.192169701496349
0.219321000011443
0.433720666786556
0.439205135386052
0.413595624410791
0.357040133449991
0.330066446345841
0.341911486537032
0.371731041771209
0.362886130789202
0.338471877266655
0.344809440679562
0.381603213669874
0.319195099794881
0.291193547224918
0.359410091633321
0.466090838834699
0.357786063424196
0.421874089292792
0.324482936745289
0.356970553418234
0.301914448264116
0.232209435313496
0.544025702982101
0.469089738491661
0.337470616735932
0.439249810876541
0.521229740916914
0.444467037750259
0.471229437522626
0.318572690647491
0.329611824918751
0.408181631569144
0.356425733419407
0.324957152330421
0.402455206332502
0.291687176805608
0.435634520914173
0.541465498174968
0.463501728080165
0.482297153836035
0.467785622446691
0.540186132612362
0.452631803096076
0.506254601004443
0.407709813782857
0.632327569746185
0.363645859634394
0.539817390312391
0.421856493920626
0.406056045354391
0.498960431515997
0.409052342031877
0.540938014739081
0.512308079841898
0.325855499713697
0.379761945826082
0.414856184192593
0.368725481239479
0.577786467654143
0.626984919442285
0.667709407313974
0.453845247266387
0.480141332551734
0.590702553711254
0.513724531607994
0.419456689685286
0.474640695803889
0.474951452366559
0.531395638974099
0.498235929318007
0.644420138894971
0.36419103883276
0.633875471189234
0.58770619398126
0.453072755825217
0.610170103917505
0.548387429746534
0.576873197862116
0.663166365297223
0.517697515819357
0.438570954933337
0.485677439348792
0.604205417114032
0.488610838790214
0.467870482882858
0.608937796242361
0.580397743553448
0.499780637375863
0.566349179514473
0.499275074781008
0.733744202805129
0.712541456812487
0.402523208574668
0.469612957606273
0.584292198244118
0.56622910395307
0.469217710173343
0.365757760746352
0.46771129233452
0.556682295143317
0.572807712919439
0.611188041738553
0.437695561754934
0.710987180488197
0.651629737244845
0.572315064435635
0.563153133493653
0.698779195807896
0.431334607809389
0.355331058168076
0.529916737724571
0.540579898834191
0.539607603596982
0.477328039806463
0.432742834083834
0.571749773914807
0.560964583747716
0.856287882820187
0.663313617535211
0.567950123793777
0.6329361243046
0.716337473605049
0.630593170609037
0.677295075872216
0.63493144056255
0.575106315802451
0.600435733828879
0.581369501133003
0.679391209699856
0.518718817672953
0.687414748219584
0.672155710007921
0.660568778353072
0.755240153525982
0.584264455502467
0.701902330547387
0.638361827686042
0.673279444356197
0.594474947299781
0.745137047994303
0.824477048652841
0.825271768165717
0.654365970484914
0.619521088469301
0.666736944998113
0.787651051589279
0.643737711539054
0.715043850429568
0.686364432786199
0.66203500090635
0.557901130078659
0.600180238509582
0.635900435647052
0.5740878315428
0.818815464158599
0.579425457987824
0.634191625864188
0.470551415072326
0.590910766400823
0.62889529335022
0.51627000127723
0.694201745475589
0.647795515460191
0.744005654435619
0.606916824898461
0.732161407162856
0.66256309972734
0.536221822717093
0.597397218335811
0.736508268433972
0.784124105084247
0.817215549605679
0.733499403110306
0.716032642307129
0.791332226482543
0.650843998653169
0.594122966929925
0.735934002716559
0.73685090856137
0.7318778709113
0.773237754173142
0.804887718495023
0.673386486482043
0.809113968633971
0.799432457830017
0.658444184635146
0.644976826485754
0.654344752125452
0.715102436865438
0.831213556848244
0.839419589334775
0.572910680622473
0.694780641483203
0.879693974062512
0.782697759770944
0.826364522075343
0.641809922210646
0.857407909481879
0.775565755305493
0.820553621861599
0.77883389482885
0.79221423494634
0.918205166224223
0.663487072595487
0.849798195830197
0.831884052193272
0.771249976821735
0.721355368319924
0.768074723433547
0.871395078599555
0.800776207724476
0.810754859914611
0.799733836259365
0.775905235083894
0.743298874662786
0.773593580690114
0.853286543725466
0.705238564541175
0.601422591116737
0.964757139689451
0.697303873372794
0.913118086251879
0.888435223944713
0.85529725086648
0.702967067338869
0.832003159915839
0.894635327441152
0.740514029549779
0.795367690831847
0.805387110414077
0.888055252966875
1.03356233821247
0.85331409962029
0.6555264899214
0.761623782028417
0.804406224330296
0.902737544416679
0.782854690100561
0.842408631580975
0.843483021053715
0.82963145324202
0.702737810710088
0.872549875910285
0.854768131869776
0.982068632398191
0.896012044445561
0.742269260777935
0.955262409697933
0.844616597269511
0.812874446975168
0.735927598670701
0.834729507975344
0.777920912583148
0.856246862884154
0.937566065254745
0.871437387321877
1.03614362208836
0.867364732262358
0.882357698127305
0.708330154466416
0.972850723695127
0.959203690992771
0.962237632057592
0.857225375652582
0.955547798320212
0.844123433763038
0.825754989409472
0.822558142468507
1.0470913246508
0.950333602433472
0.873528257237127
0.914031542159565
0.856170257004197
0.903449638118459
0.957575121896252
0.946300254068813
1.0299479404485
1.00032646009337
0.90801451705718
0.816662608863167
0.839710131676219
0.888353792309185
1.02734072917509
0.931263231255413
1.04562823201449
1.02920988321249
1.00597750517652
0.906481133415877
0.800226321388907
0.893031621517846
1.00940100805964
0.850830769570571
0.929556335138672
0.938766093774985
0.909850692022865
0.857294066400064
1.08899616770961
0.910261080007132
0.768047033495215
0.886828817242787
0.879542602584611
1.00571977584841
1.00254673504555
1.05542765287831
0.943804812297884
1.0571206934577
1.09965212716578
0.970507058911367
1.05381866133248
0.95573862769957
1.09137068589419
0.964475696620051
1.03512303674299
1.01585288477355
0.912601781964592
0.937735007791625
1.11534977457588
