"x"
-1.04988925833515
-1.13560471693008
-1.01717743999517
-0.961539066171058
-1.0405917816395
-0.967719097649161
-1.10213262402045
-0.969166231281203
-1.14895458166101
-1.02055695450386
-0.952695216048239
-1.01271849557728
-0.997849394766315
-1.12662264696206
-1.12359219824622
-0.981476415835551
-1.04185308558661
-1.10470421727065
-0.845131752739006
-1.02438925330673
-0.996559313613506
-0.880154511565694
-0.931063594738365
-0.962164101910681
-0.911652829449897
-0.859102176768973
-1.00179163853121
-0.859972366878613
-0.913481426498261
-0.885628407151443
-0.923740146041983
-0.931164481864511
-1.00485663913457
-0.843469208303641
-0.869482762399897
-1.05825183439264
-1.04807193519195
-0.948423294506517
-0.879872781576053
-0.958825939297091
-1.04129755544206
-0.789594774707284
-0.989176491305412
-0.981215842346713
-0.933211543650041
-0.938300773543271
-0.979097672831227
-0.939811127161636
-0.855468503105492
-0.969872465648013
-0.908750174706754
-0.934421907015653
-0.885592361463254
-1.06593085981559
-0.890048476951204
-1.03260576255145
-0.940273220983999
-0.736267392020482
-0.767983712871108
-0.889972537996015
-0.911181101476526
-0.896090561195099
-0.704432055950701
-0.886704835984964
-0.940958982910801
-0.86178482089034
-0.935642998543731
-0.985700469247086
-0.981984587260664
-0.831966366742922
-0.782501636533764
-0.890747602481825
-0.823528741278433
-0.811157605268441
-0.958712307365888
-0.851613296159046
-0.875685229594668
-0.650915800629505
-0.839008129186484
-0.739098816042589
-0.715916817834764
-0.759184977970863
-0.862082160230964
-0.883435235074701
-0.994826672214181
-0.808478870836543
-0.817681397265285
-0.901676180941354
-0.796726438682799
-0.879339601160415
-0.778621003951904
-0.847768451867905
-0.934173789843511
-0.798473344439808
-0.790389804645056
-0.732171539315238
-0.724745319220813
-0.728066415619169
-0.72449338781561
-0.708788003186715
-0.882978721963437
-0.731591394213141
-0.610496972945626
-0.854179551658285
-0.824166281115307
-0.804046314622805
-0.862999891770938
-0.786384044961077
-0.767919303504898
-0.716514515088664
-0.700925951622714
-0.803548030167779
-0.713206339862783
-0.850790662834657
-0.675291964949708
-0.910676367307274
-0.739596626563545
-0.8965993844725
-0.666126315957041
-0.898184419492672
-0.733374363034339
-0.809572040680066
-0.805547679358241
-0.967336479130789
-0.765634622193291
-0.853257943777775
-0.730343542079153
-0.637023919557594
-0.723450541478959
-0.677132199821528
-0.694283981028115
-0.793883146446913
-0.803879913121056
-0.899780085599227
-0.90670240254102
-0.822713875579367
-0.631917435040044
-0.611270987274836
-0.732478286740114
-0.706098900727002
-0.804999309055145
-0.4598069379716
-0.686447989851803
-0.764920864400042
-0.651526935167777
-0.516546072558072
-0.878615454131641
-0.555864495434881
-0.679324801478414
-0.607785407190685
-0.806655345834919
-0.674427900193038
-0.805019593418357
-0.727077373965419
-0.601293306112719
-0.648148521510354
-0.602094819692672
-0.634861432398044
-0.613435047331003
-0.686122293905412
-0.625499424938248
-0.712464013355335
-0.616427927444021
-0.538868126316542
-0.663012707497867
-0.629450489959223
-0.709167676822937
-0.615840474147336
-0.583315151085077
-0.691417833574449
-0.767650358123377
-0.602342664862624
-0.675394353682846
-0.637186000284603
-0.58327406610249
-0.521736270067992
-0.57796043037394
-0.581072009277296
-0.66378775394616
-0.678901306946525
-0.735265118085668
-0.68161449589235
-0.43451776456676
-0.565590949759457
-0.642380270110779
-0.693842167135191
-0.589185132310838
-0.563967005185887
-0.721651788775502
-0.603706899118507
-0.712238137945095
-0.599839761573004
-0.745309834659327
-0.69578216940158
-0.494626737988259
-0.658612607172283
-0.65863093104519
-0.671979636937509
-0.704305262995805
-0.506303708834891
-0.680963708999091
-0.631248874341482
-0.647954113234282
-0.608924464408106
-0.571902232008048
-0.513038465781608
-0.646825995153614
-0.578504538166094
-0.648314947552396
-0.497473883470154
-0.509285429737372
-0.488720733551444
-0.57346758990841
-0.494424329900307
-0.509611286564118
-0.536375382147259
-0.477775717463578
-0.506763639650709
-0.59321459020161
-0.598123560402399
-0.564250793822974
-0.562472430178454
-0.602453665619257
-0.532479080408901
-0.405127241890802
-0.577384450590893
-0.515700383241109
-0.60071340843245
-0.525944833294915
-0.491978243993734
-0.435045522534244
-0.610092301769683
-0.502097585617173
-0.515940276398332
-0.561526681034016
-0.475008080545616
-0.540047437827133
-0.536424350143912
-0.593157282884017
-0.518402457789135
-0.566178962151621
-0.570794714363652
-0.465604146109099
-0.611089598609052
-0.516483472180271
-0.535975858740736
-0.512520000536985
-0.55462496856876
-0.457756938264957
-0.526565227664925
-0.513259275984318
-0.585156390556356
-0.38796701540576
-0.62865041814326
-0.455698668833799
-0.556974063690908
-0.502429342439075
-0.529201972451008
-0.468129588959168
-0.482067218682613
-0.61415413856324
-0.611626574173017
-0.354414016177844
-0.562837165978875
-0.427426414350615
-0.492603781897609
-0.433144372924308
-0.511255585532613
-0.402420339715503
-0.40342690071887
-0.346774867710866
-0.456038308338672
-0.555241373389452
-0.437118395964841
-0.432057862213168
-0.312389270304437
-0.452279526295329
-0.481302986101366
-0.527525844281017
-0.450391855946617
-0.465451283963957
-0.529211264724916
-0.326847212653207
-0.421268287496505
-0.434949593306676
-0.394545651256931
-0.375128015511213
-0.353810281307229
-0.324841028806521
-0.347284176968723
-0.446070964371686
-0.273201174417012
-0.305135434380505
-0.53349376362108
-0.355250714462077
-0.395849877153759
-0.458782071275703
-0.236590082457545
-0.446387589065176
-0.421608364747414
-0.426541847404578
-0.365217214847639
-0.365003682011628
-0.478724658215673
-0.321100538118197
-0.379964954154713
-0.378485012824022
-0.462437388783111
-0.471099057656597
-0.36232223114927
-0.417370903557401
-0.311642568657542
-0.29294708298912
-0.381871929641486
-0.324152352834398
-0.315817293723007
-0.433620922166161
-0.206683009348593
-0.429388490098613
-0.244942608073515
-0.361552099128006
-0.417532502496677
-0.416842881451676
-0.389155745457714
-0.356291292127842
-0.466773922393708
-0.124645970230481
-0.330998408645822
-0.358307505404076
-0.162457813962079
-0.354585793334947
-0.286894627718294
-0.373755112403413
-0.331298041580311
-0.339117159181322
-0.422446415969303
-0.334538086478257
-0.407250874612266
-0.393180057266725
-0.230249674874009
-0.329248136093371
-0.359427223872937
-0.258442579378264
-0.433198257849799
-0.358391463584476
-0.24771566520432
-0.354638486770981
-0.485229207676985
-0.421674609426784
-0.208953446357788
-0.307775384816745
-0.312558177964703
-0.204406619151343
-0.27956126793866
-0.215078762959608
-0.26148860642226
-0.330563141101823
-0.273432663210033
-0.43740368819765
-0.228148026594745
-0.363951236786163
-0.378276221584533
-0.295278266584695
-0.26673659217104
-0.176308749199807
-0.398008179239666
-0.306410115951109
-0.317873871945508
-0.172251836500305
-0.189644635480482
-0.251082129955565
-0.307149291404483
-0.276447549849192
-0.417903035557726
-0.252175696944633
-0.205576628317685
-0.316990696457512
-0.277929413537719
-0.29774710529326
-0.380922390483366
-0.274437333233684
-0.233858837721729
-0.368108811477397
-0.243750806967279
-0.355324979824457
-0.319568871792652
-0.376539479323006
-0.177522793082402
-0.19622097733368
-0.20872892386791
-0.178880931512408
-0.168568013849149
-0.26297671291663
-0.08290370279362
-0.371239824065344
-0.220681005522551
-0.221628312196535
-0.141668226056253
-0.283835535899021
-0.305838218568324
-0.254852130964178
-0.131826100921613
-0.196220806297946
-0.297990961821429
-0.323066422044659
-0.0387561196305058
-0.0672949770585551
-0.36225648473855
-0.223992158916064
-0.240019829343372
-0.267465413841504
-0.0353250537358867
-0.156834588258811
-0.25341653896091
-0.2069734172593
-0.161286899031242
-0.229114881815368
-0.183019907908266
-0.085214964554635
-0.14916129247169
-0.094351707226049
-0.198584989956805
-0.144220953444541
-0.187359492121321
-0.19909850032136
-0.0545591307242519
-0.0731103393012338
-0.170880444575691
-0.0961625501483387
-0.0162498223562802
-0.0768748058200593
-0.0845599356728705
-0.250465750223819
-0.152589541431532
-0.0761862436794585
-0.0223811352073509
-0.0913911680337324
-0.0514303721843432
0.062865455404938
-0.00473479339006154
-0.234961195834866
-0.123144883966779
-0.0682224506246599
0.0839454539291479
-0.143310071704142
-0.0527606060025551
-0.158315854196627
-0.0675212818581717
-0.0901785424095043
-0.280604881922201
-0.137362922545056
-0.128603431961051
-0.14230156280368
-0.222029170633217
-0.0386406173600759
-0.103193470249189
-0.012751307012919
-0.037480529188325
-0.0323032597314752
-0.109364459503562
-0.0815149023833124
-0.0251105320579703
-0.04510911128166
-0.0599747205874402
-0.190951878455472
-0.116200365161922
-0.0589837918479259
-0.154034660800297
-0.146555821490978
-0.140432046156993
-0.0891906272096831
0.17055012934646
0.0922384653896632
-0.0918586798116413
-0.0172824543368513
-0.0462531217726668
0.0575566072341438
0.121767454608483
-0.0385992141515169
-0.0603989135372637
0.0117852817745871
0.0909010496528939
0.00133877836084923
-0.0112512291449812
-0.0254215393735137
0.0150410818959525
0.0339874324570907
-0.089484448317824
-0.0554902523715348
-0.00815647785075516
-0.0176750581321705
0.0240235018939753
-0.140195627469589
0.113650869926435
-0.0387290132388944
0.0632889883029383
-0.0199092770677319
0.0297120224324394
-0.0837782026840716
-0.0343188132392175
0.00581350233393367
0.128404428918297
0.0469849973446085
-0.0424023153892728
-0.126114981503533
0.201202059411922
-0.0120339129938551
-0.0480996834189946
0.0908570794502352
0.126355703817167
-0.0181509327453063
-0.0189644282941758
-0.071347628485813
0.00184758463706289
0.138935723535475
0.0490548676995973
0.149194197817528
0.0338839085194592
-0.0372599533772896
0.211791794652915
0.130575549261243
-0.0734954078376294
-0.0918388450911022
-0.0436622999658448
-0.0781923498880624
0.0511100068437038
0.0838245604888592
0.182116448067469
0.132296439060081
0.0351189278631499
0.0678654888718008
0.0544836955736895
0.0376371046096601
0.110823814462171
0.346852025921884
0.118622972585689
0.0608772646346496
-0.0328108439803065
0.0800965511788662
0.0826989661683317
0.13089386210302
0.150036542593506
-0.0225051819362448
0.0776067454862294
0.199403726507543
0.0711469533978946
-0.000494083938670808
0.120204260770669
0.0318211511399793
0.136139274135322
0.0938037194727336
0.10214390535252
0.163617412136395
0.0557681808951316
0.0733456812722044
0.0885296654404877
0.0332925291358595
0.127222964080942
0.141117345049975
0.130528728632416
0.212101582329168
-0.0451796635767617
0.100213318014446
0.189489114673617
0.256027269092025
0.0369309799771289
0.0282851410990008
0.198832745413201
-0.012124720900646
0.18920785740146
0.00522173773387766
0.250567682734793
0.196758851446275
0.15897350225578
0.118973018225694
0.0945679217242074
0.25550144994177
0.0741341444312105
0.242557181377148
0.0103781032102542
0.254657542450551
0.225278231896523
0.125830584825411
0.0995109152163685
0.343295593423909
0.239731373708828
0.254650513681498
0.201166751140901
0.0934407922708542
0.0566897588424277
0.129585759527075
0.0247866137518026
0.252331266011827
0.289831963712673
-0.0472635930718805
0.245648914274847
0.317791915743177
0.238437466657826
0.222663698650678
0.190024369600554
0.151386696397144
0.169430957109341
0.2846012716865
0.0995463682495607
0.318952854736797
0.31030418975316
0.160058281356979
0.231002072443994
0.225312332378401
0.270595037171137
0.293614327685794
0.0765130532734336
0.182247709792481
0.269283244243615
0.269518492099241
0.381861588250896
0.246449822916165
0.232349305888696
0.280914107853712
0.242077717468269
0.103948840187433
0.261210327966986
0.321847990450976
0.058356279742331
0.198526667327539
0.239024488638674
0.384617458774146
0.15203575462571
0.370441446971457
0.375824231275552
0.26718050407261
0.161795240184007
0.30033903025139
0.254763205891223
0.328785414902103
0.190256316079866
0.369095365479685
0.421140893696802
0.266586560551278
0.254435554681941
0.252760484347154
0.235372103993719
0.413703359317786
0.46982939620855
0.323640662564352
0.197402845385678
0.115891664633135
0.456291088976948
0.270379989358165
0.224045789111759
0.345348900919248
0.263268359911615
0.379732062432518
0.261515735698116
0.296747465252902
0.263012686709796
0.245471574648737
0.391526555570782
0.302324835698391
0.474366859437856
0.283758628437183
0.356187157830541
0.369446144191363
0.368882506578602
0.302017975021602
0.263071768365843
0.409713672743729
0.333960588676613
0.452796507554218
0.326428091798584
0.439323626047829
0.326798808631226
0.302706493334111
0.35777235868331
0.453655253208793
0.433422614970578
0.394710717503439
0.363421847800465
0.349203530431593
0.303475047582129
0.191076679948173
0.432105147726133
0.19104991913316
0.227766142797425
0.426867408968402
0.430983510167231
0.426397618479552
0.346051413711469
0.344463040435427
0.341268413430631
0.367395766026283
0.36926029398889
0.340772022978062
0.340754305331893
0.388008745006536
0.333464803974072
0.2913889613758
0.366462507316313
0.440497525590609
0.348173676304873
0.41872148048062
0.313946927209343
0.353755333607899
0.309658386254569
0.239684197336062
0.544907384988582
0.457302903270176
0.330308538486791
0.410758268794459
0.520644394499794
0.425095332343802
0.458327688824329
0.332108355588727
0.351369477455733
0.414316877201909
0.339902008668327
0.305321961072404
0.410005091354569
0.293570118321744
0.43624942009852
0.517471485879909
0.477288477267286
0.471342937228885
0.480708660826997
0.541205318198315
0.460279287464412
0.517410147019106
0.41985575981109
0.635271783825408
0.369532089787983
0.523953543624723
0.418723744630268
0.41299519630973
0.510932689534227
0.424174672589422
0.558339016704354
0.497248364902148
0.340027972156854
0.401690150647377
0.409152911129496
0.371015876070139
0.596277221006072
0.639994670994549
0.658651301331884
0.463645102382304
0.470089664853265
0.579818723389506
0.504696197052482
0.434191987216339
0.474758796667554
0.472047707091103
0.557342432452965
0.481335213644046
0.636028775920554
0.364310558736252
0.611253029425071
0.590710364231757
0.453768195323902
0.63737960154876
0.562047328460312
0.579589881025115
0.642568840811496
0.512434045927894
0.445197576485348
0.466750830125993
0.610488714924597
0.500031704951248
0.475963185128947
0.607312211933965
0.572119553243748
0.513859971393085
0.592234770195358
0.500834494941329
0.740299373829555
0.702405829778711
0.385176436703844
0.439683206087092
0.565856172748432
0.555170054853527
0.480175328363915
0.372711099273992
0.464505484333599
0.549804757862352
0.58821301860848
0.571256143330413
0.425632089181354
0.70313182459657
0.647864248320504
0.574118905659911
0.571646971598845
0.696422832413659
0.42396431855815
0.357993924040692
0.556608522077223
0.532667094948342
0.517237977578256
0.468599103776369
0.438725653026545
0.585095085670352
0.558051511975692
0.854894986106441
0.663281032325228
0.579160790456391
0.609050142117474
0.714342623280648
0.628559444629344
0.664563317681739
0.64469018723181
0.567932542466547
0.581224775185009
0.576417942571557
0.675361047444177
0.51437909636436
0.690506826393749
0.712195542173627
0.69301640854155
0.744830095724341
0.585641228640793
0.691223215512873
0.646846692020425
0.675044810157502
0.581064346865578
0.752645573601122
0.830806957351624
0.830527151146902
0.643213386159859
0.620098763573133
0.681990784774442
0.831918494409924
0.65035906817713
0.715435865294863
0.683167877343445
0.662886132587012
0.559348790108213
0.598143033643842
0.640344878496643
0.574039155576266
0.799468220277765
0.579458061362561
0.620809372788663
0.484419361267558
0.612659753237626
0.652499468066693
0.520678335115891
0.666875468375888
0.66301967337804
0.744401040934654
0.621798215027016
0.745788479519588
0.662605510056877
0.543419997863456
0.613714540979244
0.746988047183177
0.780486476160498
0.831800500349131
0.707965568608183
0.73546878720694
0.788182584749739
0.633934238976507
0.604758452710711
0.744404230064804
0.738387871164464
0.747367584106916
0.769228830108394
0.801153768165081
0.669839029248115
0.803436051057622
0.816403208140574
0.678404209342461
0.645495988010499
0.661156143185848
0.718756506122368
0.855172183577419
0.847670432913211
0.605094033678273
0.694039501482122
0.877199947006333
0.78807546401822
0.803206865899866
0.658209485366187
0.851004659842147
0.787324721132832
0.812161486664968
0.761739453716029
0.79329971713287
0.905685599541174
0.640489900802456
0.830461770250277
0.799763582626576
0.7729676684467
0.728194135010745
0.771807427908388
0.883330575776925
0.801189488320218
0.812827817419891
0.782107340212864
0.767039235646309
0.753173654517757
0.765741167369064
0.836543535483917
0.721622501698976
0.602567126039516
0.962002214580689
0.691853986766718
0.906246739807047
0.861189794812099
0.856139389087597
0.713605230155557
0.852842694308276
0.901249993096128
0.75283188202612
0.805816253620396
0.820608735371052
0.897125507813718
1.01281469777119
0.869449007814982
0.65100901986721
0.777906327540978
0.804364637417894
0.894949790120795
0.785216603038316
0.815979340318097
0.840462393998586
0.838989135137354
0.699681003722898
0.876666546419153
0.831171413033788
0.975258719875448
0.881377117796681
0.732512594452334
0.934048624194919
0.861984277052696
0.817100619528909
0.731852252499248
0.829433902937683
0.794307277034753
0.856429494188407
0.926132229907907
0.864261082308983
1.06597929231572
0.862459261230589
0.858240632136783
0.670228900372046
0.967868936567397
0.961511000304029
0.943688139456223
0.854233031252232
0.931060114333096
0.875275762071204
0.816093744150303
0.830978856098993
1.03474606113937
0.958223389094296
0.879219587125393
0.893602742580173
0.874966472072857
0.915683623954844
0.936548791950103
0.937713972996135
1.03184736901211
1.0017611612095
0.924427024980884
0.819722709923528
0.813909936902846
0.908589624023661
1.014558983012
0.923095018132
1.0345279541716
1.01896322454001
0.999826324821261
0.914444270478725
0.835235783822285
0.890549394826752
1.01829842945046
0.847821956049681
0.9249597489797
0.933102874976056
0.918610825067492
0.857220825449287
1.07300781573788
0.906553728156698
0.777946376283466
0.890520450529451
0.891810056183682
1.01490787830988
1.03938246102466
1.04677599196851
0.955715734988057
1.06339690895084
1.11211551294606
0.96950906618951
1.05000262710192
0.975727843620165
1.08884024967703
0.955222947709084
1.0234988304319
1.01477098296124
0.930704090494976
0.951391070534555
1.14109454313562
