"x"
-1.05814869935423
-1.12118956428069
-1.02009085507243
-0.927043146661199
-1.02585490273346
-0.987353613274704
-1.08506641160528
-0.952007953986357
-1.14375819119761
-1.03464942139957
-0.959742431126778
-1.0300966826424
-0.997086365224189
-1.12454889771491
-1.12849424652387
-0.990438823558335
-1.04611561310883
-1.11377533958066
-0.839453530847284
-1.03506609744546
-1.00718241085982
-0.888943655475132
-0.903960352139711
-0.978722249254987
-0.892098218941055
-0.863122386558575
-1.0095420198958
-0.857974553399911
-0.930262000348431
-0.891206024093337
-0.942467470843357
-0.912915729446074
-0.994808849415921
-0.842612459506417
-0.865487578270884
-1.04280320234557
-1.04849852039833
-0.943887112402598
-0.868701966995824
-0.970274225021941
-1.04049131447151
-0.788616265171662
-0.980546926525482
-0.987909234211921
-0.976680093916213
-0.958712103187585
-0.987696715397181
-0.932679221530425
-0.846389325429022
-0.986823924120708
-0.902182121328839
-0.974758579864421
-0.878530213552174
-1.0661970091194
-0.894716610301778
-1.00654541461627
-0.929545337833829
-0.715028970677426
-0.802384121455532
-0.885092781978608
-0.878570074029784
-0.895978764575586
-0.741359474721251
-0.866677065339756
-0.947012772943898
-0.850159114783903
-0.924366876946182
-0.98272132491828
-0.992986081763907
-0.834034736856118
-0.775239925781512
-0.871692391010745
-0.81056400722535
-0.820130007839971
-0.951983317600236
-0.849765431336835
-0.896080665164224
-0.635428369787124
-0.861237295757537
-0.750103898312399
-0.725265641384994
-0.763870691918278
-0.857293476643142
-0.904388864617593
-0.997618053773583
-0.825378588437034
-0.804000192421289
-0.895668108224902
-0.794678806023341
-0.880501467773112
-0.776389050048608
-0.861663419476149
-0.932500333779798
-0.77304470389223
-0.775822643284245
-0.720197796890916
-0.734494669228939
-0.733136336452623
-0.716448245630443
-0.712042669535256
-0.857675113751712
-0.749944657989179
-0.595753797397415
-0.856251393824541
-0.823201196272521
-0.783646388751009
-0.879808980689487
-0.801480615361356
-0.746039487301898
-0.69272054332698
-0.691258701176656
-0.796498167067248
-0.697243826940702
-0.88393621973502
-0.713029800952283
-0.913635607967984
-0.709883043283024
-0.88628566431628
-0.677474349141463
-0.88772902219542
-0.710643869345182
-0.798067620392033
-0.837974409212581
-0.982431701636821
-0.745703337978789
-0.848102044386978
-0.742908510296599
-0.640056555252171
-0.717129643960614
-0.699297348051359
-0.693618160309782
-0.80142285094639
-0.775228964734641
-0.875782871612755
-0.900766922605854
-0.785325935513907
-0.625025852339306
-0.614610612388467
-0.748494352470926
-0.697648213910721
-0.79658121494516
-0.454330224909639
-0.673921723950212
-0.753493970077857
-0.625046170907841
-0.500032508887146
-0.860186673571537
-0.562376582099539
-0.701804558373722
-0.617567230319894
-0.795450323207183
-0.69194978541645
-0.78778128976068
-0.743265329579517
-0.601431341399965
-0.653424448200033
-0.593821666779059
-0.640889145582137
-0.630322534598638
-0.701528111474542
-0.622576560072355
-0.721651024518025
-0.623772087989745
-0.524590570993831
-0.664805466583125
-0.631578311859399
-0.72092291731579
-0.611982347211082
-0.587616814987782
-0.676716121036225
-0.76493201872067
-0.616896308269334
-0.656747175762985
-0.620283480989506
-0.594873492214358
-0.522492185086525
-0.577050473455751
-0.584234177278756
-0.657460831121011
-0.680012026227021
-0.749849092816739
-0.698920900889229
-0.430723311800582
-0.58497047128803
-0.619397182055305
-0.691136504941569
-0.591513864923794
-0.577376794731973
-0.733832768953059
-0.608690042547563
-0.690025788482144
-0.596338569112931
-0.734397991366985
-0.684988270924557
-0.501938483105074
-0.643119528718519
-0.658168698197736
-0.66776591042659
-0.714868955980393
-0.50488140037535
-0.660376418101342
-0.617364530876005
-0.622670017157436
-0.622834159373142
-0.597163831363825
-0.503334367087407
-0.653450844587153
-0.583379818686159
-0.643562590934288
-0.503555790929589
-0.495807493389822
-0.481373484390656
-0.576517193309949
-0.474531482587127
-0.520685608611644
-0.530635044959607
-0.460935268857179
-0.518077101594969
-0.598267854822847
-0.577997954023816
-0.566035174446855
-0.603163825511081
-0.61924576869011
-0.515109985104151
-0.429936490817567
-0.587453326557781
-0.489678456547151
-0.589345395415102
-0.525049575101948
-0.485815434203574
-0.415604443084525
-0.595656239846062
-0.496433232375268
-0.521874682198836
-0.531949914840362
-0.474912996231563
-0.544210265333667
-0.537302957208202
-0.583394269851856
-0.528499169865681
-0.57990064069855
-0.554655794168596
-0.478811103041215
-0.645312524793047
-0.51519676342507
-0.541854173766298
-0.504637076399456
-0.559959599158829
-0.487445135800449
-0.545685332615041
-0.511041264320894
-0.586476383441731
-0.401879481027757
-0.625174069690338
-0.468449498895841
-0.574451003631637
-0.515511981325463
-0.513765953897022
-0.473774449246818
-0.492440142945272
-0.612238585179996
-0.626639844049935
-0.365060544254548
-0.579204281805634
-0.435413213161616
-0.486810162797993
-0.42434722205778
-0.525283583960053
-0.417488054314821
-0.413007907491866
-0.322952950002896
-0.452291246935175
-0.561414395768865
-0.451119758025741
-0.435546944409674
-0.326158786131743
-0.468678410949694
-0.483712311249096
-0.516478571228359
-0.429162859588547
-0.44919571951606
-0.524278060776378
-0.326540985035212
-0.418176684383374
-0.426508542563817
-0.39515252510176
-0.380312506615343
-0.329540728373735
-0.333900183804855
-0.357892089041202
-0.442360642869905
-0.279908871212715
-0.317282982420616
-0.52084253349715
-0.357853026115186
-0.393853212887893
-0.449768584184939
-0.242380985246054
-0.446682272384297
-0.422826924189592
-0.43450996460506
-0.358310508359195
-0.37904569508333
-0.4813436275127
-0.312356528471591
-0.398553236670761
-0.382174960798337
-0.473508342896982
-0.463248576763864
-0.348705304493761
-0.435340522852036
-0.333352712815452
-0.299985569619217
-0.410793702594009
-0.327281659592674
-0.328454394546294
-0.416312687703087
-0.190967770446458
-0.437801325626574
-0.242503492134511
-0.355785877674579
-0.410550698572006
-0.407284556153647
-0.405049333039255
-0.357719605168504
-0.473752488675658
-0.131055293065366
-0.340244009952751
-0.345831205071095
-0.164290595541192
-0.3367391576995
-0.262588165278348
-0.374155295882022
-0.318249748429711
-0.327918134744243
-0.443338004402414
-0.33576178937003
-0.401496465699799
-0.399501161850514
-0.221964863589798
-0.326348186200388
-0.373036346116403
-0.246610323111452
-0.437273683089187
-0.360061499039123
-0.248034895514682
-0.359012854694423
-0.489087416545273
-0.430720021986691
-0.200264235313926
-0.316600827433149
-0.295257765800377
-0.178611456238495
-0.264516035353887
-0.216833952498458
-0.244872859186078
-0.341483004754129
-0.292208003005213
-0.432995490679534
-0.215370386960754
-0.393357682774941
-0.37315248379491
-0.315574438365767
-0.257890402303776
-0.191952829952568
-0.408433031925737
-0.301263390836325
-0.31595896633087
-0.159817472328066
-0.199232635145747
-0.266352689348674
-0.289654203158555
-0.263461029748349
-0.407619891529768
-0.262331140208738
-0.204648050393598
-0.277504655307359
-0.274290492960833
-0.313594276869119
-0.388352534437074
-0.269864363590374
-0.257268496239425
-0.356606060488006
-0.240272928196816
-0.345651364932579
-0.314424091030446
-0.382017496944116
-0.202847495332728
-0.236983200328291
-0.221889911121116
-0.170938945662486
-0.142887305834405
-0.269215557338935
-0.074832183083573
-0.356168472079636
-0.216600231681639
-0.214579321138445
-0.136097696692442
-0.282039152708986
-0.308362758470337
-0.236251429455103
-0.112482103756542
-0.214110861315346
-0.29684210443127
-0.331041014628785
-0.0236575713900365
-0.0658601963516297
-0.360326246712353
-0.211901141153334
-0.21204241801532
-0.286005875048305
-0.0410184666363003
-0.18139966338836
-0.260422556839622
-0.225712142555726
-0.167958855670573
-0.24204732335104
-0.184123436253104
-0.0631908789390728
-0.146120982731312
-0.091007322368202
-0.192304853082823
-0.130179125996189
-0.197603744376238
-0.2001696019993
-0.0710264237425117
-0.103804501809932
-0.186576854225239
-0.0814359112766122
-0.0170235626380229
-0.102211211496113
-0.0760333700852857
-0.250408156575633
-0.153247742108378
-0.0651727633482254
-0.0414544731893638
-0.0731141688293436
-0.0521693769877282
0.0591589917823933
0.0108283945455777
-0.246085784007888
-0.127577338538182
-0.0551659553381019
0.0863176649699076
-0.13408897069002
-0.0610858873974478
-0.155999876141609
-0.0529225036357376
-0.0820097378601403
-0.272530119683765
-0.12219500246526
-0.134361069080981
-0.13394724624974
-0.225094664391602
-0.0292832844137897
-0.119352677096877
-0.0186285647682469
-0.0396567336550655
-0.0402715314284144
-0.124123694575484
-0.083771562153651
-0.0155077467329856
-0.0323099274008235
-0.0350534589171723
-0.192980440365704
-0.102708455679514
-0.0627848480063679
-0.138449259710524
-0.155953986336255
-0.133141898841944
-0.0695553560338778
0.170035110503564
0.0971874854506051
-0.105796107463968
-0.0204714158176863
-0.0239501667911685
0.0166209281328792
0.128087266528901
-0.0105275012922077
-0.070616147816067
0.0089596233085918
0.113878525523737
0.00565014347949578
-0.0100177235472739
-0.0289542429791997
0.00264316929900057
0.0358289923839153
-0.0915279149084252
-0.0713306532370616
-0.00766381144743694
0.00990016917634118
0.0239829878027576
-0.146905794215266
0.113123178569905
-0.0461306116281223
0.0723437313505515
-0.0140799636299265
0.0302834777766158
-0.10381198025259
-0.0287426818905084
0.000966512292699187
0.106816814950456
0.0430635680044929
-0.0442360894868413
-0.109431437861556
0.200703752816647
-0.0118004963652307
-0.0251676579312532
0.0776524942067698
0.143193416861784
-0.0179425314486036
-0.020235205210138
-0.0729321120257254
-0.0214941407660055
0.128252793282592
0.0340678388658029
0.142054228765963
0.0408092235856481
-0.0308792855351721
0.220866113572265
0.118955923133032
-0.0692270136510968
-0.0906420306103271
-0.0448206946005511
-0.0617019704152541
0.0431742382271468
0.0801088271230919
0.188767001187089
0.133709287859673
0.036208952903071
0.071066083468725
0.0536643397740598
0.0442133065645464
0.118299312742829
0.338191162797145
0.104724702924239
0.0696867931710863
-0.0245470356323298
0.0694317077248666
0.0830425330003715
0.122196781874683
0.14977920903017
-0.0260501932380867
0.0703014866335684
0.212564259264736
0.0872387697778796
-0.00305160717452276
0.131588692661485
0.0364873095035121
0.106382543294957
0.0949569928799296
0.105562159597202
0.15243452472851
0.071657535934804
0.0603075323482325
0.0996854408185017
0.0411637236357498
0.122441095125641
0.137649552199165
0.134532746097001
0.205257550757648
-0.038756344971191
0.0844100916195481
0.170714332179182
0.233995456423516
0.032016176426712
0.0281484022328878
0.178418642907749
0.00730573202713068
0.191249062048098
0.0369692445267595
0.262773507416266
0.182477607488696
0.14957980089075
0.118188272038997
0.0732362731106833
0.262015997513511
0.048511398145231
0.208811021628546
0.0197508063672548
0.249517667198092
0.219855393185988
0.133153956610294
0.0973615782723012
0.342134493307236
0.256457264794487
0.250052849360287
0.177979616599455
0.0519678267401511
0.0680002647170199
0.114513142828704
0.0268554659993043
0.278132301358428
0.277955586264133
-0.0466569918859987
0.2449552973304
0.324024863015016
0.236729633006289
0.240204691348138
0.207975174352286
0.145268775795997
0.174540288302255
0.274784957221812
0.0846867292078639
0.329575173868484
0.284478024372706
0.173952425018073
0.234087001478562
0.226790686458914
0.278214501421998
0.282290704019638
0.0927516012239978
0.198446240134143
0.282576921313815
0.259518102432035
0.398354889345407
0.259510277419992
0.218522214622532
0.27246717564298
0.246755522309658
0.132017366164684
0.247305336585278
0.299706841042994
0.0665572087670091
0.19360264026347
0.237167541523948
0.365691112047621
0.166827599612954
0.357686771881804
0.374595455631609
0.27540091170216
0.155275681510147
0.299962340762402
0.253082053185344
0.323768581820461
0.191738850911149
0.379830144442542
0.429475981479782
0.271635405778013
0.252449964812679
0.251416789190669
0.209012394978123
0.420334089597971
0.459384808016989
0.340032236671466
0.202097472791448
0.128903799994773
0.44135485296681
0.290624111924367
0.21653237831421
0.34308964202369
0.256528933611556
0.394577436195436
0.270024649466927
0.286543782756649
0.248751101651929
0.243114997169723
0.393563756406961
0.296193658173429
0.47983093266482
0.30147056485733
0.365285361788215
0.343190737978197
0.383933266014826
0.287981835601127
0.271229733234583
0.410401474414771
0.337073602085595
0.467296730887105
0.311561468909833
0.452883772863826
0.309561971576642
0.275946910970934
0.36764777923641
0.455416458958223
0.441143093935783
0.406174793877906
0.371755252516014
0.356350688211835
0.336125336102147
0.172665467216378
0.413607220778539
0.204317698400762
0.2244350757988
0.40844487796036
0.417437540408656
0.415880736770957
0.363956424389085
0.335042612101597
0.357660272078015
0.377582941855785
0.383699875305672
0.34259803385071
0.364097567360096
0.368153675826654
0.335077977162897
0.292901072572121
0.355605359750304
0.436923046808757
0.350372951016186
0.40611566174177
0.344352689777116
0.352069883574612
0.300667881251166
0.249581622675086
0.549577992370779
0.466231200605531
0.350202004080593
0.423229929609194
0.506423251627392
0.430320157710232
0.444978330293518
0.348965068921885
0.339251459202264
0.42243768666716
0.36368439200972
0.290695246438723
0.421817976607679
0.300443545005144
0.429557533595329
0.521392275504416
0.469728268958588
0.472936077388923
0.498841228322108
0.529564350987241
0.462225403938999
0.502901375158898
0.414253923630073
0.620405054531393
0.365026414361977
0.537818636496472
0.426074516297849
0.406830107417635
0.515617303483857
0.426618508351948
0.546495276305022
0.500549637906653
0.334276442095137
0.388157839265498
0.418758920575665
0.395031836223582
0.581848438313633
0.628205202712776
0.693866690282736
0.458404787982089
0.485297600066939
0.58889766628331
0.507800239384982
0.413414648284621
0.47936674660706
0.470005745062631
0.53462912102355
0.495915357486044
0.656512311361844
0.354353775967763
0.610344848399217
0.572132216154001
0.458252214552989
0.624198931002269
0.559076916293309
0.572967665589738
0.654127754928481
0.525740375240769
0.45106846074286
0.458190210849637
0.623715514830943
0.497282597474602
0.488899326857217
0.589223089523581
0.562106675760186
0.527740624886321
0.572285283860384
0.504976767296582
0.763881965636391
0.686517262869553
0.403419089188834
0.443606442367733
0.578539109726126
0.566413169247889
0.48771835039182
0.360125241989754
0.472611683786583
0.54827926616309
0.574017532277585
0.599460795365134
0.415134293041992
0.693201742103127
0.641502156725213
0.572783349303838
0.574507818991236
0.699935709216863
0.416391860064427
0.368739728403201
0.531274477714854
0.525410013950072
0.530480994943717
0.48647601159981
0.426401811008266
0.563882904139308
0.579786119277607
0.826648982407981
0.687977741223902
0.575324108985504
0.639343277190202
0.706454724881617
0.647275703402184
0.678112388960918
0.636693261785888
0.584178301806423
0.571398217001205
0.577886851560915
0.675394598458841
0.518557055644566
0.682502043670095
0.706640233945595
0.674418648285301
0.746011708431161
0.59294854353169
0.676537832160096
0.640166422285393
0.673140771703074
0.595200104512795
0.748101758803091
0.826536697660214
0.840904573560367
0.649784226604925
0.598166618924807
0.658035200659295
0.801588678172429
0.645899615735108
0.728495486898605
0.677686050245237
0.657092005284772
0.580702988993855
0.610346626662012
0.649662817169376
0.565777307170458
0.790271790541918
0.588436540110153
0.625967224826243
0.479754711646364
0.611017561438259
0.647960618575958
0.531694440596671
0.653206157314117
0.669445334612967
0.72490989204984
0.619002295857926
0.718328270298213
0.646241724413991
0.556190169757355
0.627421500423792
0.747077592764995
0.801533379722873
0.812890511640344
0.722986134356455
0.735257518892624
0.772087390004679
0.637743081036367
0.604789284252874
0.752859549341235
0.742324899617365
0.732140978523444
0.760512410068165
0.808075117060845
0.697543634592189
0.802245074683511
0.817032499906423
0.648870460575184
0.638236903715155
0.666449204451312
0.71645319948534
0.848675690678387
0.834520315572304
0.592635993618416
0.691215173678634
0.886166806366264
0.796195039400121
0.821725617923629
0.670469433362183
0.872917121934067
0.768559431743786
0.802161091589154
0.752570910322806
0.788152731665437
0.906773916545559
0.658403098908189
0.841779743981894
0.804124211379717
0.766558886892759
0.725877175145963
0.770707805700409
0.889962081168778
0.777813313802661
0.821440068198453
0.784024600890544
0.760470472917697
0.75972236984739
0.779152672580152
0.84584166481392
0.692850420136852
0.586523824968372
0.954016159876734
0.681571672425697
0.891309791960615
0.867340209810764
0.863309939615889
0.705706371131866
0.832091717486571
0.900433498082153
0.72752869492733
0.80584341088343
0.838079050717126
0.8923146832284
1.02472025060833
0.867311208899961
0.641804539394401
0.773299455549422
0.813238768283942
0.89721576207119
0.790761570758111
0.835994536944111
0.856172682879781
0.818231296762605
0.694760365968987
0.872692248891462
0.822885630100369
0.950534385595381
0.915868679691958
0.734508796527488
0.955792640754559
0.843412179474837
0.833955489522592
0.722661918025837
0.83372192407106
0.79941984096944
0.863914140701761
0.940777434969385
0.86888046547647
1.05338597913426
0.875672459926255
0.874289580415046
0.690453522164321
0.986094342198696
0.969231250413344
0.957618350772267
0.855563479864987
0.940453434031362
0.859127390282425
0.805891383854104
0.826195411216022
1.02257221475524
0.964285290450736
0.866997891413758
0.910763684772201
0.882437411117651
0.909070419845134
0.942486319125588
0.949070799807805
1.02010000740447
1.00767476272489
0.898831757173345
0.812365257341926
0.815473410838675
0.897631734871292
1.03073241367607
0.936110398616967
1.02385817492045
1.03905702798269
1.01278394161968
0.906546273303758
0.836292698665679
0.887146023439061
1.01731131527956
0.856132092605008
0.921059221215469
0.984162357589897
0.903305971464138
0.842829731118934
1.08171114616831
0.907478137903371
0.75363392880833
0.854029569650559
0.870242326135603
1.00145109786013
1.01120746583888
1.08298483866513
0.949103392832877
1.05035487098104
1.10297483992915
0.970913715373213
1.05267471610593
0.986815659789668
1.10512835598034
0.979935386848353
1.02178884710832
0.999693642786988
0.924632433390102
0.961401380253604
1.11645663052038
