"x"
-0.943382570553427
-1.04179517043454
-1.14362574078802
-1.10181526779093
-1.04951110620991
-1.02895261093199
-0.905567558143013
-0.883556087477039
-1.0619620444172
-0.952527302371965
-0.95298600541003
-1.10454580208486
-0.934812680600049
-0.849777281619162
-0.803110635245716
-1.04835644508114
-1.05135161435114
-0.921893462341804
-1.02284535303653
-0.803265236972983
-0.833734816292139
-0.892436565514832
-0.967084560135546
-0.965443227536174
-0.835953758406892
-1.10497544183731
-0.971252675176875
-1.11072275595244
-0.955366465216875
-1.04274870608069
-0.905558172931049
-0.884063803566407
-0.967926687010948
-1.00700199869304
-0.86993310140768
-1.0127742375863
-0.894896854363495
-1.07380278504712
-0.864228805045564
-0.913790909609384
-0.959975913691796
-1.05090613137515
-0.979554113339094
-0.959738276568553
-0.876152366642078
-0.936159040113878
-0.885880786442614
-0.686688561045646
-0.89979925365627
-0.949951330116432
-1.00791829063982
-0.897600020728822
-0.830126683652487
-0.832551890424016
-0.910113507923859
-0.903948331500082
-0.828061677358982
-0.881019563760153
-0.874085123606575
-0.791555508368194
-0.877612888097971
-1.03421078761974
-0.890115716469364
-0.833585564472762
-0.898504800468775
-0.892234926192219
-0.806615084987377
-0.871964705133083
-0.838506283795524
-0.961585855703092
-0.69984774467987
-0.750384468489746
-1.01273822790827
-0.902519150674602
-0.792755528320803
-0.868589260990027
-0.95453905581583
-0.745539881157002
-0.895873911882034
-0.783524313337867
-0.815039075036363
-0.775840703146966
-0.975780749857641
-0.761117235773362
-1.03902878102797
-0.817821251336384
-0.985386843614607
-0.833261919329894
-0.74883663193554
-0.744792991859041
-0.780572047585697
-0.835167750325247
-0.815196928331312
-0.818330671384706
-0.78096830030782
-0.791298626038114
-0.759873555250015
-0.678969326714577
-0.901181987929332
-0.726901914497356
-0.751603481428535
-0.806151595230057
-0.617675046856222
-0.660396470399893
-0.792623131537376
-0.772218919541356
-0.716528008036612
-0.674528032397179
-0.830094137129133
-0.768083191297893
-0.609615496259447
-0.831077708811285
-0.84614521953779
-0.759020622430102
-0.85327928823031
-0.838297952724477
-0.757238704186726
-0.760241890940295
-0.620521114601803
-0.753105525298748
-0.643539538809063
-0.885780168372338
-0.82358235599047
-0.837424911401079
-0.837711059202394
-0.68503570072416
-0.87151308788519
-0.74784715430179
-0.800174830022084
-0.688579647742779
-0.68667150730618
-0.725187881180333
-0.666653567208923
-0.829080673103749
-0.74249689382671
-0.761858818115957
-0.673914789935523
-0.795824803172565
-0.660693033098316
-0.654442135548684
-0.625486408845187
-0.575738490902773
-0.870559508952116
-0.557112724939
-0.655932138071626
-0.771494810928743
-0.771817851642304
-0.693569694354135
-0.656489859170337
-0.641013657726263
-0.570555289589688
-0.557026031455406
-0.655538406143416
-0.781999685080579
-0.746905252577486
-0.635986172900554
-0.693765406024694
-0.606699717369017
-0.686400261761962
-0.655563019403098
-0.780951260695989
-0.624805104535711
-0.657069399478366
-0.544805403391477
-0.578017539897237
-0.750781197752124
-0.740750191170338
-0.635267916381403
-0.741434542048038
-0.723802362682728
-0.60627298327969
-0.645699467079661
-0.523412718802845
-0.684177901390536
-0.721703704083282
-0.633806892880867
-0.702363236004613
-0.633082060644729
-0.802262911791283
-0.64768265972692
-0.729893940981114
-0.630839156690829
-0.640376767285953
-0.678233036759212
-0.676362899244794
-0.60605926432505
-0.643288726391931
-0.597013256817926
-0.616701977332038
-0.736749319537337
-0.647042933919314
-0.743195734077732
-0.486863634709444
-0.616248794290852
-0.690489694309641
-0.593980262212782
-0.681484753773528
-0.590645152996423
-0.630510734646104
-0.695134756827334
-0.701111139508539
-0.500547183207284
-0.55062946003426
-0.523447272252416
-0.656702017649763
-0.623810968909467
-0.380811716991379
-0.580149437208208
-0.468006518138747
-0.334938490949913
-0.515787924019531
-0.530180349454248
-0.659832236637545
-0.525908954070157
-0.631151415221722
-0.537056125326379
-0.347286684088331
-0.51009603983844
-0.712140987223642
-0.712770463212245
-0.619083418787408
-0.582373081028795
-0.396742284984814
-0.800667513237634
-0.688034945077295
-0.614368239475098
-0.448728610787129
-0.511711578349914
-0.362702960527
-0.586251533530508
-0.636760938370644
-0.675802229200942
-0.609150610408048
-0.568027325700375
-0.542326343430063
-0.449269734281856
-0.72107611420017
-0.45702035213408
-0.528660484251992
-0.457302299422893
-0.540864144657863
-0.600038643769188
-0.487592447296841
-0.569585514981487
-0.593108912771793
-0.361777220526715
-0.53846389769212
-0.437023103224761
-0.413836927749087
-0.636903122675141
-0.389104442367116
-0.494036692514565
-0.435014984626233
-0.387711745178717
-0.635263355511986
-0.468940469895753
-0.493322272933335
-0.483139635183745
-0.472213645830983
-0.36457581505438
-0.603389496103076
-0.52163871300845
-0.247514835695471
-0.538694736578749
-0.61530199074588
-0.548030238344586
-0.421443106129445
-0.542695097487037
-0.550997224301885
-0.464977891437454
-0.474919290871517
-0.352951799533963
-0.437567144182578
-0.404880506057395
-0.441905903898123
-0.648508414553992
-0.449223250339011
-0.478277984535931
-0.425092276000059
-0.466796244927192
-0.424626079710825
-0.466539732952195
-0.486602804774802
-0.438752813652705
-0.484387361064408
-0.488532028080216
-0.36535536568985
-0.425737803834083
-0.347332364624458
-0.62170401462783
-0.471015779992327
-0.399628724546655
-0.609340326107571
-0.440944458928205
-0.384462026348708
-0.447142338225845
-0.440142795418818
-0.462851301326384
-0.321015142988709
-0.544898249580436
-0.468703899460973
-0.451561612830323
-0.335614866714446
-0.404812889577304
-0.251804906140308
-0.370771000455558
-0.541747070696313
-0.192487348157945
-0.337835062409686
-0.317421809717831
-0.335787885436373
-0.319846516857437
-0.415295995360335
-0.21089921447773
-0.417293558269726
-0.360627732170156
-0.318231996210354
-0.166278696928614
-0.471479549101979
-0.399274289102559
-0.299568845934288
-0.358855720400307
-0.330733815950329
-0.425371796539222
-0.422436744055838
-0.421294035771827
-0.197215132123233
-0.291277090675294
-0.377805098118556
-0.471270216412003
-0.178552075315791
-0.212863708282316
-0.295963816669467
-0.297938232800581
-0.304147064952541
-0.365650078883721
-0.283263540745096
-0.281794225294713
-0.336182463835998
-0.241466221690131
-0.298531702485784
-0.246693495702134
-0.35694956843285
-0.209805935333933
-0.361055107137352
-0.356357711849962
-0.300597247057151
-0.36890607779062
-0.257007295439787
-0.419119709098064
-0.210280102140359
-0.29850892163964
-0.29649295592114
-0.154483035895037
-0.440393758119944
-0.300525326261641
-0.261309492118643
-0.292231786407315
-0.232904163748743
-0.273988283906927
-0.253138505565847
-0.349832078019812
-0.288909279375003
-0.116534740726303
-0.197956751207458
-0.282409445932531
-0.314304131930079
-0.224692281141682
-0.214652043198676
-0.285289417070133
-0.23099141290743
-0.269709706534876
-0.164545056938774
-0.156238292022829
-0.27780807247455
-0.275588123273708
-0.160500807303245
-0.324990424982231
-0.162084188751758
-0.245552087344674
-0.252013804117404
-0.310369744832395
-0.158013393158342
-0.200962262990459
-0.205260274509081
-0.259653806451837
-0.275048664268795
-0.254240621962872
-0.252983827170221
-0.170968083424933
-0.297597604445591
-0.163008193553521
-0.225771535288766
-0.269404728044112
-0.283218590433612
-0.222350997056199
-0.051024767034618
-0.329223096265257
-0.237977170258009
-0.0459759903931599
-0.138357710121539
-0.324652293532119
-0.0792676323595711
-0.161127741835993
-0.292987680037877
-0.2943873727436
-0.00546266732133658
-0.327932763149515
-0.214789773537333
-0.0854706990419958
-0.182887325331605
-0.0800456191598887
-0.167923239106897
-0.18485116163998
-0.146322305152397
-0.138911489893311
0.127102352371985
-0.0369903390895794
-0.0911934406631272
-0.17615934784579
-0.145711160995022
-0.148475668361817
-0.148563073421124
-0.136172185507653
-0.137974147403986
-0.1997238820443
-0.00525768657758478
-0.0643537349261519
-0.0638163609581681
-0.18900994357261
-0.235647629423849
-0.169623315223421
-0.0969997708109414
-0.0558735982014544
-0.115746809288304
-0.118814540598556
0.0435931727532952
-0.0538535239120006
-0.119111916197438
-0.11068705272551
-0.128397198881306
-0.210706649286607
-0.249295450346339
-0.180169407469036
-0.188661263645155
-0.215679388353283
-0.15776129805214
-0.289619780356563
-0.208127625457838
-0.128850746179031
0.0685221169282585
-0.0650423109920745
-0.021846913031164
-0.141075975921921
-0.0455841059111434
-0.128782750469941
0.00368667961166167
-0.120652554674659
-0.127700667448242
-0.165907519770874
-0.083078105150655
-0.0144609686119782
-0.0829889942105436
-0.0736562123742546
-0.178257827497559
-0.178646357086313
-0.136718163464954
0.00425201373011155
-0.041084457231195
0.00785959134265258
-0.0795721658033993
-0.116050287137442
-0.0126739506904359
0.00815062582832953
-0.309788888286189
-0.123269027850485
-0.25354694184927
0.0154978176659584
-0.0561405987964799
-0.0604415687023347
-0.0200110469237968
-0.0947768839163436
0.0404513210196195
0.03332320179248
-0.0596093241275782
-0.00121455465518556
-0.184186939299872
-0.0228134922203724
-0.0964679435044314
-0.178815443487791
-0.00953660659215499
0.119190704378192
-0.019457374687678
-0.135996000228796
0.05556477712051
-0.11616989874761
-0.179907625205789
0.0347625812624476
0.0118409826562291
0.0275293952390307
-0.0470640576577781
-0.0230289370711553
0.0271267313199138
-0.0366056844359633
-0.0605523998469671
0.247415457538219
-0.150269777835143
-0.0506695410313615
-0.0369939358597788
0.0324457268623007
0.0426646997966125
-0.0599710289634982
0.0185887484290433
-0.135754120316909
-0.0304251444948868
-0.0003306692146108
0.0592736572868049
-0.0161933526914699
-0.00400964561000011
0.162041176400917
-0.0822303451396893
-0.0374450284066723
0.0225396921964808
-0.0939971413505128
-0.0103971358728175
-0.0265383551734164
0.195635459619996
0.0846957766955973
0.0688937735959506
0.201221887071195
0.0333889945034925
0.0293949616351037
0.152803878372106
0.147547347793126
0.107943840710727
0.216464309027551
0.126813758108392
0.0481721364115947
0.166828886005684
0.124337761680449
-0.0771489295494408
0.122993498254435
0.0786863541272631
0.0402877572572623
0.0167396936394706
0.0953013899463332
0.0905514662989928
0.139967512003273
-0.0227486779085585
0.0919551875340701
-0.00646872025924611
0.202489280182387
0.106722621927128
0.130942940180021
0.178726832549612
0.0511058131161418
0.128188959366912
0.147490867841015
0.136274721468384
0.21298492308324
0.00621423245413529
0.00323780220870646
0.0654810759102957
0.0526173806685537
0.371647450547661
0.247703445331106
0.230382606931804
0.0328885178116788
0.166297169202782
0.0223406846414561
0.124509422898984
0.24995063800263
-0.00946221640640009
-0.00944162065153364
0.134790389890316
0.220645982887608
0.14347172658586
0.139616302816198
0.197053460683489
0.239969897854561
0.188649535662204
0.20714464106364
0.0922659510018317
0.191603912359432
0.092338945205581
-0.00431658836220379
0.121778724600685
0.0894177740630162
0.187232299494252
0.284698196495193
0.203658963998241
0.181153996377412
0.276108666279421
0.171779598471435
0.157835262669914
0.191770180554549
0.242987188122595
0.230976032647501
0.144480021742113
0.116560849008777
0.212500778389356
0.225106377994052
0.190742983769021
0.35250185491411
0.248190227316573
0.0205763875005378
0.228844303109908
0.218729065082206
0.350957162601033
0.146933180549493
0.244254933835221
0.273010713200157
0.152603323983739
0.380248505023976
0.264902002238422
0.21201067294373
0.244458869702013
0.129111196051747
0.302353360625405
0.445817126322042
0.35729546582675
0.153083076631929
0.268714426806832
0.235009213378321
0.318156733793125
0.28077433316737
0.357973843636858
0.174703684376087
0.315526057016088
0.340767314105344
0.197096888562038
0.187425689722471
0.248331319291905
0.3343373719555
0.235425047135169
0.404343885577357
0.297284303449711
0.456626537612579
0.254887839649739
0.274863852612584
0.282253450092306
0.276585374062721
0.225969043775512
0.25707091762754
0.205063045080727
0.377479511059544
0.411639273840061
0.363636106692904
0.237819738913623
0.446851501092893
0.53870299533044
0.391924438131651
0.372694498557357
0.360001868147985
0.0803719963677736
0.367950398229113
0.391844248586805
0.174683084189946
0.450008795839508
0.330119687077949
0.355144683086495
0.388572282523115
0.318802516060237
0.41162237987223
0.27548968261429
0.353798778506828
0.296555667605509
0.323894372613047
0.387285735278837
0.314351712556241
0.372777576455824
0.350703245253005
0.254638362676371
0.42211045833857
0.335882275826275
0.275741068720203
0.325626691723841
0.351724163279951
0.391911462329837
0.47234694160184
0.328881712733528
0.39298149293686
0.37136756956487
0.51016320373428
0.449614607536456
0.381381835284574
0.372506380499429
0.429374333808275
0.376166748082995
0.380783240360768
0.499691275193206
0.297276790743262
0.480166816683236
0.394261603243723
0.379553901467451
0.361078180287696
0.357494928944823
0.473588895736877
0.424184018973143
0.48579792352179
0.341210435588
0.286473804644195
0.365126236685131
0.612393343876011
0.38380159388564
0.568193650619688
0.353351676647176
0.299718199367498
0.34302205913398
0.438337397738187
0.383055645376552
0.388773630389847
0.360735594099091
0.45742648560751
0.452135074224373
0.643827985005057
0.477220698058527
0.47591048620014
0.470206517946333
0.389021239419639
0.521476906464498
0.434940689718068
0.37822344086655
0.545247223141298
0.622748832590219
0.269136307805093
0.505341565002766
0.453338796856912
0.597024639260359
0.33141704007795
0.421129989435891
0.537966602100237
0.428737933977104
0.525871845257925
0.513198878827585
0.38081799649732
0.561162850348553
0.515623825160768
0.541130199795249
0.269868493079949
0.437936228307863
0.400584694886912
0.328498554136959
0.565264053597707
0.398835391481591
0.478308112628923
0.545421852926858
0.411989972368994
0.354372332228795
0.586601388662746
0.439323894030981
0.397552391513062
0.580464536012787
0.472928239696668
0.491869154428801
0.324692952575881
0.487150454660184
0.547866849870151
0.474891722692474
0.555088078857386
0.522715078937539
0.458795001957244
0.445308340902226
0.578695413839477
0.430322876276225
0.537076018956695
0.553090407872299
0.569571884100826
0.50528680114936
0.496533652727967
0.487800930773914
0.397721083000869
0.545670946059404
0.557580051827845
0.632893830704175
0.673216430575007
0.605184977091334
0.364613866912795
0.556818911325703
0.504712439284735
0.597069914817904
0.491149498106311
0.473419581793982
0.582216143752537
0.586961357546376
0.447590572427598
0.580623692089488
0.519847917267417
0.625212162445059
0.540794467073533
0.455406604515677
0.733256821429213
0.635724902761405
0.622986072675714
0.574690923725665
0.631332074179688
0.515271723407192
0.599882721684681
0.436622399299924
0.677022708153655
0.542944967714168
0.560109759336628
0.645205467880825
0.777743914930832
0.617316962240456
0.718853575771756
0.580589677465874
0.560336531447237
0.654768708714435
0.650030215820473
0.770598291272959
0.720164658889886
0.587019743874289
0.637932858335447
0.712832127076758
0.522466638542307
0.637456327088248
0.554953866884412
0.580835137711852
0.547273457850344
0.545390144121104
0.633188876997015
0.508625459666699
0.648281885816859
0.766878832237287
0.581976126958314
0.720465385262658
0.761962694104048
0.684005309210925
0.671848947049097
0.620744085661572
0.601107769482277
0.670596743894959
0.820412384591184
0.66823200844495
0.540173131641357
0.713134811533035
0.574521433985859
0.528681036109152
0.634345451104923
0.594325820489586
0.751432997264379
0.700322148346659
0.609843352461973
0.534837488784693
0.623556256490988
0.718047849352517
0.675406498096636
0.746507286737076
0.686536187713328
0.735302731262358
0.869717245091145
0.837621082734989
0.568304099361135
0.795105041865972
0.724301741838182
0.785367567613834
0.646051108984472
0.699337043469947
0.801625601342784
0.71798599682801
0.76336318178456
0.747330502007886
0.68898146323404
0.708564011334534
0.765276321519399
0.693440466901222
0.687310862434608
0.725080742784567
0.653326107382187
0.70263508408591
0.74272523862467
0.699147716112649
0.691058050057849
0.671676335421693
0.818709604913933
0.699999387860391
0.642181191729691
0.724341268006595
0.633277992169352
0.661125692141612
0.776780901644452
0.728139928433615
0.753939431712887
0.623938558883138
0.64983474069843
0.632676003348829
0.780114909816483
0.734206538688438
0.881765976005389
0.801415049103879
0.747376695151019
0.866013925484206
0.683512212165689
0.740998222123503
0.78931235755562
0.793226186997514
0.780758174099322
0.893467125726598
0.766017178566786
0.827159700156702
0.756323205768364
0.782746439007845
0.987612435085911
0.924484849867794
0.847629008600211
0.838121379282768
0.959180236228107
0.788063359646838
0.809116228059943
0.795788507715303
0.814947333128787
0.937877264375638
0.792568338213881
0.793940167357681
0.85406724952766
1.00683016070088
0.629793927760158
0.82756905978906
0.780530416591683
0.877784416267677
0.832072877429002
0.814689517198659
0.776421829829484
0.92154073946367
0.628104797090556
0.913947313573204
0.846744414160379
0.665868800954448
0.900595446072513
0.917222266838421
0.94942519787627
0.852101138348169
0.944150832687002
0.769229436109259
0.796246831052736
0.85168613665699
0.984672910840108
0.918401730704906
0.858187146136426
0.980164961565243
0.833250344056599
0.79334621687513
0.955429471326214
0.934324189509164
0.813058180192261
0.817280045182492
0.88264259342148
0.961732662326126
0.943635867315766
0.992198771615058
1.01255080846321
1.01919868608275
0.9156407644138
0.840312540398774
0.906141576359964
0.962144337101942
1.04983033002325
0.940309770472696
0.931707484954426
0.972096583556545
0.936824395413935
1.01556625595369
1.08338644996356
0.911887842319142
0.908462095526757
0.827593657579993
1.00343077306666
0.956674595539185
0.928193466754877
0.907830340120516
1.06857610520321
0.97254287446785
0.95572070666966
0.921694223894477
0.932937630525952
0.87050443625418
0.926269293132936
1.04460329348041
1.03429124907191
0.843035500255141
1.06442095569765
0.992011764324404
0.833469626224282
0.936691753865415
0.921824330734997
1.10907316374932
0.964950002592862
1.08963086988801
1.03836028632948
0.917890219396485
0.805837556948548
0.983170866044119
1.12232145889524
1.13882766795563
1.08797122346839
0.925698403939735
1.09098819139721
1.03838856329573
0.989192988205895
