"x"
-1.05098484049006
-1.11503132566381
-1.02221800017176
-0.945357249373899
-1.0483431783076
-1.00012951219076
-1.09138852405085
-0.960308955892868
-1.1270086220477
-1.03303807192802
-0.943206204107396
-1.01538410537069
-1.01962009510463
-1.1400663346023
-1.13999622715263
-0.982184457449662
-1.04265283899117
-1.1105206627139
-0.845282797629646
-1.01360041633747
-1.00502966466563
-0.897134926093905
-0.910272019254951
-0.983920832955029
-0.895489983969282
-0.862549701486885
-0.985574951671534
-0.876304831428413
-0.908541841224043
-0.883298581477878
-0.909029042189021
-0.932637407931537
-0.988218279655944
-0.820330226376914
-0.87597270298202
-1.05528801347193
-1.04014232051772
-0.933011005875148
-0.882931500083188
-0.979315114835936
-1.03671889233777
-0.789734004089574
-0.972539793816256
-0.972139056821495
-0.922823792111013
-0.93026537934828
-0.981432234649828
-0.946222740295142
-0.871903187417101
-0.975024336387497
-0.913427722304072
-0.964078380120469
-0.88651374614245
-1.06810370308921
-0.862377050057815
-1.00588424296263
-0.933513022998437
-0.712035632380849
-0.785686541737273
-0.86958531667572
-0.874950021940411
-0.876885990431992
-0.745654870299931
-0.886412810659537
-0.949044165938216
-0.85060855038649
-0.935227342476937
-0.987359369587051
-0.971549860490569
-0.817490593155328
-0.764072028111606
-0.869898171303997
-0.816829676263962
-0.855552778172102
-0.963012398169172
-0.846799254100137
-0.898937493185137
-0.648299959191415
-0.844700762624666
-0.732968661053835
-0.719343245290311
-0.749654160612577
-0.857762119428016
-0.891662949153637
-0.989563120155939
-0.788279844808778
-0.798435542419993
-0.883663577375487
-0.77138367960563
-0.893051426483489
-0.772244628252364
-0.85135730693711
-0.92502005882917
-0.808604002387389
-0.791652185628471
-0.720985267914058
-0.738215928966954
-0.739842674306338
-0.730586189650769
-0.715110251003889
-0.860585540256155
-0.748306239963155
-0.618508201365431
-0.872762489655033
-0.821393007706039
-0.812442224656362
-0.856358608992964
-0.821244308056363
-0.743101725541812
-0.707629459893619
-0.713193544122378
-0.822188260509882
-0.723329034107321
-0.894637840092557
-0.695102942404311
-0.905674484254506
-0.745442722624674
-0.921773534877342
-0.653122945433127
-0.889681104965262
-0.717468692926503
-0.818976111504939
-0.813099043705776
-0.968165772880533
-0.756176467440785
-0.849225947988419
-0.748315410170544
-0.621787819225014
-0.723972215937308
-0.699884554238406
-0.699804568371959
-0.785720263848666
-0.818232464253882
-0.897852846460235
-0.895954009548626
-0.793698185472737
-0.632251111571527
-0.629372997193707
-0.753408768031302
-0.685066082842237
-0.788158361034124
-0.455686314134159
-0.678600877750406
-0.767636597443186
-0.651965997263337
-0.519602940867484
-0.878844925677529
-0.550748524603564
-0.692219039934462
-0.616319334226455
-0.804630199919448
-0.690016532814718
-0.799135799076009
-0.742200829127472
-0.585813027957962
-0.646065354335554
-0.58840063907939
-0.623646632382157
-0.60935083916871
-0.714023261805839
-0.604996732188113
-0.694722828557415
-0.615459329019617
-0.526396339028004
-0.641957324475837
-0.62118679327416
-0.706318921780787
-0.606035672970288
-0.571465703468309
-0.68723468104847
-0.755968494906099
-0.586127618244929
-0.664059138364793
-0.656351583114651
-0.611189688639738
-0.500849910535143
-0.572249196886732
-0.584692257102414
-0.640067876738217
-0.672151668034119
-0.744723416012474
-0.676441298851623
-0.447794658284143
-0.585329949898711
-0.631147407231694
-0.697702599926586
-0.580185525138783
-0.574179116889964
-0.741074418660768
-0.607625209318877
-0.689818182640333
-0.610472057894869
-0.729897979754639
-0.702249944620294
-0.489974644260585
-0.65526021031702
-0.650540826120761
-0.661386859577125
-0.728716642615727
-0.500755594878188
-0.684813281755454
-0.611505130885789
-0.632287693858385
-0.632323317530061
-0.574536571759422
-0.512864247860993
-0.651782656755028
-0.591889788931017
-0.635308194511256
-0.484498864741512
-0.504576508614535
-0.500059736561301
-0.591552920178869
-0.493684914236317
-0.505428179227506
-0.533563607600331
-0.48085164634546
-0.517196746830343
-0.617229446661294
-0.590234787847273
-0.552054299335811
-0.593725830135483
-0.617849975003823
-0.52826682678034
-0.41694930904991
-0.564282659415622
-0.492867379725669
-0.60146877235919
-0.517385893557604
-0.466991522273315
-0.429533750753208
-0.582514352356359
-0.494491745277399
-0.523090620382449
-0.522197594997837
-0.481083386948303
-0.531076533118851
-0.530836593604333
-0.580338758848202
-0.517762610232033
-0.566408854875885
-0.582924247903055
-0.47748479099778
-0.627018225052412
-0.520585698538402
-0.536781425873942
-0.510071787465199
-0.555045694701366
-0.458580851264829
-0.539145657552161
-0.526116685000766
-0.594244977451904
-0.389630498131538
-0.634521549476056
-0.474532902431816
-0.558868170375076
-0.506323994787797
-0.524817368904601
-0.480234637734032
-0.482334157205589
-0.620140420294449
-0.612229492943144
-0.341917446051294
-0.56747088577486
-0.413981596604503
-0.501370859819476
-0.418082266116113
-0.520365461688341
-0.405899413120089
-0.405874694610377
-0.326276662207822
-0.433121123277942
-0.568703538089881
-0.431639285478784
-0.428032552432856
-0.347669860094659
-0.461317243807566
-0.492912387973597
-0.519749779999513
-0.440101093864946
-0.43966901930925
-0.518340056001463
-0.319246961736482
-0.415689736122382
-0.426131371210791
-0.385921086181562
-0.374826823492196
-0.314395717635668
-0.3385825844963
-0.331750312848371
-0.456141818857317
-0.258797707200894
-0.307391542996515
-0.51343522345468
-0.355058673848447
-0.387086396804147
-0.457832789852608
-0.256682938175029
-0.4401456690212
-0.409933087371707
-0.42830230386498
-0.379644321380551
-0.379869776614851
-0.471560044731963
-0.31663114766709
-0.386556206348447
-0.391793365486325
-0.473420646752733
-0.443415273076897
-0.343627757460558
-0.428626562016516
-0.312343118983443
-0.2947688919634
-0.396428861683414
-0.315924761933478
-0.331583373922396
-0.422112280686505
-0.195981758769896
-0.454678369737245
-0.263756627243307
-0.350203791465999
-0.407699336728114
-0.411875141524243
-0.422735076676553
-0.363106805258548
-0.475122482070642
-0.142289418505241
-0.335816513387897
-0.350115145125655
-0.173919029953913
-0.339867665138285
-0.253505211585698
-0.352195427255097
-0.315872959184203
-0.34385346467903
-0.430036609525014
-0.348966289557122
-0.399490471354599
-0.412553073252088
-0.228562693672711
-0.334272525496501
-0.346481088914878
-0.239074963143196
-0.43871039418929
-0.382755026673066
-0.253160934971458
-0.354031481717921
-0.470366225492347
-0.433128822818031
-0.211731163833889
-0.314470307680424
-0.293101659501195
-0.202655465218225
-0.260613779192184
-0.196171397118492
-0.250896530754267
-0.327636511038474
-0.271634561301383
-0.432128815947773
-0.215632325996343
-0.386917388309714
-0.3912195868546
-0.280084708978766
-0.278816710707054
-0.184587340021218
-0.406354442640002
-0.297695265849739
-0.314613924213649
-0.156408365908941
-0.192697911751562
-0.238378508813935
-0.310448252399471
-0.289353399619543
-0.416779291242402
-0.244880242832525
-0.206832272385682
-0.304010230765231
-0.275539373561864
-0.330439446088549
-0.385099963440001
-0.2916604201991
-0.232103396150929
-0.373588976753331
-0.230029021363568
-0.351451220635237
-0.333589827353411
-0.375482622970274
-0.182101530484536
-0.211460231771839
-0.213868523595788
-0.18739226405717
-0.148153612577326
-0.26707806983814
-0.0834199873382874
-0.344295260902239
-0.205913665152999
-0.228444480891989
-0.128360949923499
-0.300226839978577
-0.306054686896894
-0.242037886501279
-0.104821881089727
-0.212741721548368
-0.276955748012749
-0.348232977259095
-0.0344737106230532
-0.0660169348234809
-0.34698757062714
-0.219627984191982
-0.228513193875435
-0.296787552379891
-0.0355896423688485
-0.174422832596448
-0.251645463829167
-0.187576184603535
-0.160509728878372
-0.230009326716529
-0.183243007805335
-0.0850643864551978
-0.159403131919563
-0.0874774534108559
-0.175222343728696
-0.15697359267217
-0.194747725639206
-0.213074791117417
-0.0519510382188388
-0.086583330693547
-0.166995967125386
-0.0903239118307543
-0.0128197837085543
-0.0798692259163762
-0.0697811506403883
-0.253183142091732
-0.141172808004573
-0.0783252755253811
-0.0508680787590669
-0.0796266145115539
-0.0579294962107522
0.0513181687965275
0.0236468818678941
-0.220723667127193
-0.143213879487816
-0.071005824190999
0.0964013463967538
-0.144004103016948
-0.0603229185821017
-0.16303230612572
-0.0573617529040382
-0.0615811764210256
-0.252721367549423
-0.130945419211974
-0.123074327325891
-0.127781420319999
-0.209070457347453
-0.0396162857966784
-0.103985159711199
-0.0167312626029688
-0.0270850995777387
-0.0501424179713707
-0.127967682271816
-0.0850917677613123
-0.0111376621288372
-0.0575709249095369
-0.0514638398148011
-0.190390380019261
-0.11645877831038
-0.0481249276577182
-0.136973996081899
-0.151537979065651
-0.148116208269924
-0.0804648703061384
0.165880668208082
0.0843934841952845
-0.108805075042713
-0.0108474738225599
-0.0311567560881541
0.0484093222631034
0.113727904828465
-0.0148330966000341
-0.0797078574346762
0.0140813646334533
0.104751461064125
0.0112539806652209
0.0138212989192697
-0.0342066094949934
0.0230541891059234
0.0203443976131557
-0.0885480326440836
-0.0780520705121711
-0.00926112541922839
-0.00539699128123209
0.0252873989720534
-0.133242683739715
0.112610505534943
-0.0393124824961274
0.0502534051617324
-0.000550060406532978
0.0466699651916202
-0.0621424975046894
-0.037114951453945
0.00923954884429328
0.130381424846353
0.0743277861800918
-0.0389282419765666
-0.1122784875216
0.205252573014235
-0.0141949873058113
-0.0230210115278847
0.0866549663328186
0.135948371269045
0.013263021906261
-0.0405745408456957
-0.0867271160979898
-0.0139374200158759
0.137578831419766
0.0514185820505466
0.147613749348832
0.0484040993256548
-0.0193847432766371
0.228776675133567
0.123419701377233
-0.0573886090887478
-0.0750867395136322
-0.0514188293767027
-0.0843595734888474
0.0422527035162182
0.086197985385926
0.173763346291604
0.148360465177773
0.0130777854787297
0.0841305084347037
0.0677268408304391
0.0482314436301397
0.115749714353144
0.367088693659413
0.12113117881273
0.0859084165082434
-0.0363402506192779
0.0819538987725571
0.093450900445036
0.125816491433177
0.160076908544899
-0.0269825885474368
0.0669761090894951
0.206099146200391
0.0655685698971902
-0.00804520338352846
0.131864685501017
0.00861619582866923
0.0872428134746567
0.108095749938857
0.108083634536211
0.159502473863647
0.071847951562685
0.0517963644670261
0.105013286865947
0.0429121712333631
0.126304383841071
0.134672874621321
0.114349858487439
0.213174087614125
-0.0460377636245855
0.08854661276988
0.164343631089572
0.227576342938193
0.0466726615581477
0.0578436918928455
0.180868966223328
-0.022607859293922
0.181675125173635
0.0353556500911752
0.261798731801979
0.176427622388426
0.132405980446846
0.108893596220284
0.0805314181800153
0.258366380919006
0.086471120209451
0.240295287836003
0.035024291562523
0.258634708982586
0.207680483732469
0.125151825526744
0.0925370334320366
0.337701353528736
0.219582690251849
0.238325159471343
0.177948609687024
0.0817341229626142
0.0615609600879587
0.117198787808029
0.0168341930111168
0.265354055656374
0.305106940459848
-0.044442352814717
0.254041056470745
0.308296645447234
0.235400661277574
0.239852613301083
0.206074589694653
0.146017011787759
0.177534579431601
0.277128654495365
0.0741703694316707
0.328230918763432
0.288101355387095
0.152447281352442
0.214304077892272
0.228721184513633
0.260392331555891
0.29920692615623
0.0987533457730603
0.206256218733756
0.262135387957491
0.253498389974076
0.387906424051629
0.265816795827873
0.230663286117203
0.262381091564449
0.241745883862333
0.151709462747184
0.262512387530213
0.296951400114396
0.0667131449628864
0.198013036786461
0.244102244368187
0.366328125955368
0.155240676367873
0.364629543593707
0.353300315763181
0.272348766392147
0.145536845452598
0.296516277897564
0.272081844315108
0.338071221180848
0.192311144640531
0.373028381756616
0.449719621419759
0.281448495118163
0.246865134384528
0.246249740144098
0.225007856684869
0.410755926537282
0.44074031611477
0.321022955137223
0.209050678565754
0.126624851945697
0.442735197073373
0.298955962427682
0.237202108999716
0.329293352156131
0.252822710307432
0.389361625618446
0.279098963853959
0.281826197956261
0.264655220534043
0.249367021984444
0.398236830750411
0.301014409312687
0.485462785166593
0.282611114248855
0.357929135355205
0.36380988639047
0.388153017674561
0.300133552493494
0.258864677212915
0.409534606693819
0.323228578825655
0.457242981312847
0.296946528438869
0.438214786634625
0.329851814262603
0.278139491929774
0.360025280085253
0.464344787200326
0.463078719135867
0.404351651052659
0.364418424138847
0.343179538361117
0.320726963405208
0.179632252528528
0.445610131525406
0.188522342850231
0.215892174259602
0.41917318138016
0.449628888660117
0.420166494772236
0.358590001706785
0.353548414553765
0.365027883633615
0.365671159320965
0.354655413959969
0.324519362812765
0.338343465824689
0.375714100687726
0.338256397300865
0.299303692994186
0.364551660185587
0.452674481161787
0.372017115803016
0.423857922256671
0.320444911093121
0.35555549411396
0.31959093309688
0.226359069201463
0.557725695616001
0.477867952866704
0.327099953910314
0.406488571421824
0.532945082493644
0.425420529587805
0.483932202152092
0.340868006996429
0.357199431956788
0.416263017932701
0.335824743143845
0.29190517614173
0.419175594899551
0.265108804046935
0.431654987603413
0.499812518156083
0.464135004199454
0.462940570463229
0.468382693021909
0.548438573730058
0.462442680552264
0.505056732928677
0.416145482229172
0.641543646114349
0.357779069053518
0.541279682457534
0.441449162606586
0.405847836088522
0.523263800965672
0.43951275422959
0.538292698552964
0.503371016520007
0.327130470643035
0.378424649021643
0.405014407091354
0.399389713529019
0.591131169012831
0.632179596828061
0.665250696293126
0.46949779100538
0.484924668216545
0.599625594513018
0.522137564857383
0.422578997589768
0.471484344719834
0.446811536370391
0.534238629059117
0.496895408017936
0.655772626319483
0.355004087107311
0.594492728035888
0.577963338211786
0.445913284148125
0.631057637296438
0.559305902470877
0.589268089306836
0.665715997184994
0.527736240423792
0.440479966935916
0.473033760519442
0.602315371733083
0.483737263145742
0.476409382611561
0.606515980775893
0.580584378682985
0.518374144769059
0.588917273664484
0.500969129483817
0.730084513734721
0.71862079265966
0.390254623134826
0.452651629237779
0.577483038616443
0.576052042831669
0.492289102805892
0.362255177684804
0.477307264262599
0.547384506057378
0.591520898579729
0.586300698843878
0.416828243172516
0.696946710398971
0.640119870905065
0.576004432717864
0.554969405881399
0.690096908212397
0.431406452975176
0.35587518828675
0.522383705300736
0.545666560537666
0.529213772142062
0.482728765334983
0.437996160659048
0.595398828276493
0.556832312841114
0.823505826223056
0.69136586934838
0.588766335262999
0.632276936498402
0.705066198423123
0.635212225967602
0.656953285280075
0.634373341386446
0.585869323257868
0.580800217851775
0.565510719647546
0.664694737654746
0.512637751044768
0.7016111270165
0.68843977947285
0.687161174151106
0.740361576798193
0.57405993760264
0.687116656514755
0.639908313312663
0.68304820365006
0.59293308413786
0.742348093795024
0.838764098466029
0.832892985487569
0.633415230586172
0.626295680958004
0.660165459595925
0.819528308453012
0.657779433352044
0.71121909734425
0.689071657723107
0.671136368690204
0.561998998355514
0.606866931963499
0.654703654246253
0.580531193601111
0.793494691001001
0.581061782074103
0.631285878464457
0.480351056429977
0.620999406247172
0.647962724670853
0.527447340705996
0.666344638584047
0.651408805746424
0.735599446977442
0.627299175151112
0.733561310892758
0.644260748416418
0.550377846304563
0.617666010629232
0.730312111439414
0.801455811519057
0.805988424323148
0.737046014516309
0.737056351054775
0.767843283529336
0.627725130099305
0.599664888389107
0.751750318742395
0.729742657931168
0.741778739361468
0.764526700860882
0.804470209087495
0.680772492107093
0.787537676568591
0.832654259395337
0.670602603036141
0.661724638969991
0.667783308783817
0.714057575101813
0.860210129279839
0.848561974293232
0.572322757231623
0.701224350105734
0.862685645683866
0.78089649926736
0.811625357566028
0.657101937435446
0.85995813537387
0.774707118979243
0.799204269190569
0.76894129197292
0.79147459302925
0.915034879244554
0.659579629047495
0.838471008842632
0.808977277051353
0.789251019400876
0.728985213594056
0.766998933351006
0.884589741000545
0.799103039756428
0.812852856649085
0.793355290440937
0.778972257065606
0.737620111592955
0.75670120920818
0.845729672128926
0.712442842881072
0.595949829041941
0.969846770914118
0.700173283338004
0.890760105253092
0.863426424481033
0.864790867225533
0.716204556392568
0.843136475395889
0.891859813443
0.740820063095151
0.822804254826345
0.823111835804443
0.894091150949696
1.01666214477942
0.850824018112941
0.653329381770423
0.768733435845432
0.799932215258015
0.890594502556954
0.78561670861696
0.841470405835346
0.843288120992007
0.829460134304821
0.699473705597226
0.882867111153423
0.842940302855578
0.949561416687855
0.899454322497551
0.742002435744237
0.965019445390686
0.862710190674017
0.825700077926967
0.722810580075695
0.839516893100766
0.789294006062545
0.851276135816662
0.945657049656455
0.868336274315897
1.03544520830122
0.871822293863165
0.899971627133438
0.680165220842029
0.978966165218753
0.968292052665419
0.96018076864821
0.846225592856731
0.930675398467571
0.868984536288654
0.813182003720251
0.836577115166437
1.02383090276992
0.965103977159463
0.835643149111848
0.913516977363013
0.88599100687707
0.908859204198628
0.955050159658826
0.943850225815363
1.02122579735074
1.01560145048603
0.916374100886448
0.824549626359128
0.823875600202578
0.900414463670218
1.04320853877796
0.909305974889248
1.02067450675021
1.04496146226604
1.0093050423216
0.908837883881768
0.840783001154197
0.891991170506201
1.01664272307858
0.838111350764355
0.913257207451894
0.983975992727903
0.91657080077361
0.858815444354704
1.07326780480327
0.927805719074053
0.748809251432909
0.877584763332454
0.89427847528144
1.03120213405307
1.02180824078909
1.06290555353127
0.946816386028087
1.05890842499415
1.08420867176843
0.989085545675326
1.05104692295548
0.967991199472637
1.07686174182404
0.99435923043303
1.0323307483967
0.995199215559661
0.928209434091862
0.949869327469015
1.12252206893468
