"x"
-1.0971697870857
-1.03290240842461
-1.06492685201204
-1.02125805825434
-0.907299021009637
-1.02480627943206
-0.904356253958842
-0.96390738542379
-1.09962371880045
-1.08131318931509
-1.01151765696518
-0.972929846910901
-0.93182825023686
-1.06112957561325
-0.87868721867729
-0.98433549958316
-0.89990184957426
-0.998177294652155
-1.02203722467869
-0.907252479068312
-1.10626764872564
-0.990652707445233
-0.888332771703593
-0.876564683882218
-1.01041129932582
-0.91415147017276
-0.898172145869861
-1.01834156794361
-0.958670394043267
-0.933294811685061
-1.04267561511159
-0.8905700846154
-0.911386222849467
-0.802997731934347
-0.82657764236175
-0.881635384750496
-0.786893799102195
-0.919372297735351
-0.880061085913887
-0.963614992431296
-0.889342136380565
-1.07460657035251
-1.07332320335236
-0.972198211367619
-0.808933918522652
-0.942361038613568
-0.987617737540657
-0.845116995116976
-0.791333660505853
-0.893053070225688
-0.882958795280372
-0.860926283483527
-0.830223334761887
-0.842643633074707
-0.855722345962969
-0.836653012516901
-0.907626376237288
-0.821630904739198
-0.979767463200776
-0.965154762568475
-0.85169630430677
-0.868503740774863
-0.909952716102656
-0.824168387890371
-0.886867938611677
-0.938342434054185
-0.911427960875572
-0.822867426202005
-0.892762054234717
-1.02937339767467
-0.947643647116516
-0.892107681536502
-0.975292478949177
-0.790613089267609
-0.844517414178105
-0.870099113443837
-0.873731514640388
-0.888125391792688
-0.874236296758558
-0.664024162212599
-0.868174623272317
-0.810577431159685
-0.818470313339583
-0.851891557034146
-0.895953796746603
-0.833919266310999
-0.795516617703779
-0.873024064738885
-0.785972895448322
-0.910627025917532
-0.810746777282889
-0.733091479040776
-0.875347580567455
-0.849141008668317
-0.783243792762012
-0.850126973456096
-0.847401310220361
-0.734086147120703
-0.774443009689607
-0.703907588174365
-0.852088254530654
-0.743605128171806
-0.759475800672311
-0.691066722196513
-0.735701082460044
-0.914825609963594
-0.650854396253224
-0.710461379384104
-0.751143263793414
-0.819518021869117
-0.836319823388857
-0.872572742066084
-0.770505404707552
-0.812704333149275
-0.849025232009403
-0.820744389510301
-0.864108020551133
-0.590542932403649
-0.775980203762491
-0.762178586291792
-0.758085683705427
-0.888819478555175
-0.822557130253869
-0.597167999751797
-0.47919566439966
-0.672914707385185
-0.697940857698746
-0.741323588769268
-0.769110227993441
-0.823090923713063
-0.747180892243506
-0.741443270927267
-0.725479208210515
-0.707776424450669
-0.628592753389868
-0.799264266197098
-0.808671558581962
-0.829063374448102
-0.575641954979753
-0.682796811564516
-0.666691001258354
-0.719795919867191
-0.692287668857732
-0.69282502369962
-0.621052709375887
-0.743483069797259
-0.798103306087426
-0.773741159229645
-0.636702805024322
-0.579252269261021
-0.556043048089994
-0.661146567172248
-0.668412350423882
-0.597697895555093
-0.713644920724886
-0.692366702539001
-0.84119009600101
-0.759414434984733
-0.563687062691256
-0.669220630460416
-0.709557776770623
-0.681528454132492
-0.786236342016835
-0.805187466938982
-0.680044810422985
-0.80358369644157
-0.603896121915758
-0.543510163930885
-0.664295754873812
-0.529870059900818
-0.639907720744212
-0.65227906163485
-0.641927891467033
-0.601651288050996
-0.647826805836593
-0.657965796485205
-0.528547802806408
-0.590623103652409
-0.539409070454937
-0.727554330208762
-0.69287997325935
-0.678454154033485
-0.619444846626668
-0.599466815142853
-0.562333255259705
-0.600423382194669
-0.639323743688959
-0.700605067795949
-0.540387494542137
-0.708438412151348
-0.619051472764497
-0.593490241732222
-0.60145299835238
-0.479243279027131
-0.587479678092518
-0.640606091714824
-0.605913230135742
-0.642958809808768
-0.688349671536092
-0.53884673116488
-0.541792137909454
-0.593037455855714
-0.65473174364163
-0.617282326222186
-0.509496017634496
-0.650098337744688
-0.53031600166557
-0.530960065863117
-0.428043116959448
-0.547566324922267
-0.608099748251358
-0.515769572794949
-0.443969276828223
-0.488679910685734
-0.559682241365853
-0.516751281723273
-0.357007769559019
-0.548636658122956
-0.55447522411666
-0.48349000405661
-0.596464257352666
-0.515569466749396
-0.69402820554258
-0.547640027441373
-0.571899774505417
-0.407724643581379
-0.467827725068918
-0.674620269850504
-0.453649439672775
-0.53448905252852
-0.54484791008882
-0.611152223757191
-0.440497156094881
-0.573335819231751
-0.539559875808565
-0.541600313731145
-0.367147640040087
-0.434438749168716
-0.520153278656267
-0.546984303956041
-0.497627009154444
-0.535102892389273
-0.665290540593128
-0.568124397636806
-0.433653867259453
-0.693031475396215
-0.315597427590263
-0.589367052065381
-0.491137797026279
-0.536854960073603
-0.396434311594925
-0.654214302972399
-0.329221550709731
-0.703126007055422
-0.578550933248319
-0.450788651982538
-0.48454353069553
-0.520684311936232
-0.466642519120951
-0.483359166425052
-0.413501086079234
-0.490252135210781
-0.485339390051866
-0.268579932195163
-0.531395221352507
-0.607387513192745
-0.446768100234348
-0.437046261887057
-0.489117167009529
-0.492356455934223
-0.294130656206531
-0.368559334453351
-0.549315766037067
-0.563449682179407
-0.353292322938138
-0.355558997325924
-0.379362962431219
-0.404613867328536
-0.574374451354759
-0.512461466435934
-0.555425315749355
-0.305036581235776
-0.554768712993418
-0.361853037527026
-0.341735651071086
-0.305907777387618
-0.344519745120808
-0.638441142982619
-0.359102388656569
-0.523571121201343
-0.666142576057469
-0.32032855584069
-0.54758949680155
-0.444129859880387
-0.434612479438667
-0.402583554872402
-0.403190147056535
-0.452234494462756
-0.414488817160301
-0.300317552630369
-0.325922073756572
-0.528313217922453
-0.427334642235678
-0.509146752256483
-0.492223951041174
-0.38440414247443
-0.361707943479573
-0.302391375909213
-0.470932133625055
-0.314522753218149
-0.458054925101671
-0.397750691958257
-0.349700818926406
-0.428034545587747
-0.295240173118654
-0.472648421171128
-0.234071254052822
-0.25236280023302
-0.317204405302715
-0.477602945059268
-0.337568988509824
-0.447402822314713
-0.426072099726576
-0.357026595385038
-0.478917370660594
-0.31449516593095
-0.233001866512097
-0.313387004977791
-0.39447883619262
-0.311559043629734
-0.366472989514565
-0.342022610601871
-0.294722224719565
-0.149362237532763
-0.409833879127628
-0.271490816995142
-0.324738064555171
-0.419407095788097
-0.547591814479822
-0.365037606244517
-0.439660771667121
-0.184887278439462
-0.327985525573427
-0.352129060267311
-0.206990456716554
-0.129799729716913
-0.346268084020645
-0.151840871422451
-0.346016596036821
-0.318550783773306
-0.296726660466543
-0.387937103432959
-0.0939289995930639
-0.204885549618205
-0.351828460246767
-0.318830887100781
-0.323488494481553
-0.351432752722228
-0.316917756081551
-0.333225942416907
-0.265169067550476
-0.421303820051583
0.000896268296252332
-0.412663891380646
-0.204320008157827
-0.346968265575467
-0.3085651711766
-0.0938386226084815
-0.346476962927215
-0.306039823726466
-0.289017755222499
-0.123327589381607
-0.191399248884614
-0.147718819380393
-0.205332240526577
-0.176102982641753
-0.191306576078869
-0.233653248842392
-0.237301477819163
-0.448332886196215
-0.222779498267733
-0.291424074735809
-0.203224391278611
-0.072032652482012
-0.33414880423968
-0.203983523909441
-0.332772786218688
-0.259050551636472
-0.297209064214455
-0.313277510278887
-0.273262898646018
-0.0814458857461015
-0.0879779758951283
-0.164635835749536
-0.254091553315171
-0.17510718713462
-0.253479465928522
-0.32251666732401
-0.19105372094962
-0.262788204740193
-0.19330862374033
-0.286430052497987
-0.120987008568423
-0.340638170281439
-0.175531101875574
-0.226616087261994
-0.261824421526077
-0.176535087152168
-0.207212191375721
-0.148822459027612
-0.173846152753247
-0.0929732423532769
-0.0142728967763444
-0.170994985736475
-0.133698684589354
-0.0140783551952391
-0.216704617222398
-0.221579506104525
-0.198042098263107
-0.185107297158073
-0.0631145535508681
-0.253611162164273
-0.148124369072444
-0.0737170629491803
-0.259873895469956
-0.211915817252456
-0.0765470992837528
-0.0514033213282969
-0.141729474826283
-0.158245418544259
-0.140607215119275
-0.164807820212625
-0.27147972286446
-0.0996325922500671
-0.0857427697721772
-0.185090168721345
-0.231769617091703
0.0177313752523817
-0.18951575388647
-0.167962644140579
-0.0849555555273294
-0.100994162631079
-0.0184593205864315
-0.00816308879861601
-0.155726173914166
-0.164178327024311
0.19078946762712
0.00379131090252357
-0.0577621998912332
-0.259768844507972
-0.219044605249885
-0.248114971453751
-0.132570174786805
-0.175311114960147
-0.077936950660568
-0.155498322454224
-0.0508426082595757
-0.0949684782131081
-0.138435607212437
-0.105962805780667
-0.0635762622687412
-0.0357037206715208
-0.142425404342471
-0.145641821822045
-0.117889247944204
-0.0278614195036887
-0.0424708880933859
-0.101743362230325
-0.00256086247319468
-0.107567556055748
-0.0308679261759175
-0.072322341492383
-0.172593874262764
0.0530596432006682
-0.0578314938471746
-0.10860519763813
-0.0366673973844025
-0.0276568189594964
0.0449233457318333
-0.127416065355371
0.087006178594452
0.135193765393763
-0.0919756195123979
0.108191256745383
-0.0709922669791927
-0.00850423658447911
-0.0720226661159425
-0.00555682158064344
-0.0392194703194702
-0.15355047300826
-0.0196463592378577
-0.0804469801547966
-0.0448251441355592
-0.0245662321725956
0.111906723091287
0.0720733054914929
0.00487012313141205
-0.0914410776283918
-0.0458231452191149
-0.125187684200075
0.0257927376785188
0.117528325140582
0.00333338788285978
-0.00660655426831964
-0.139345915306334
0.235336229234022
-0.129399179228622
-0.198597056761672
0.103269435110001
-0.0162204852887746
0.0601471057500281
0.0952583144691793
0.033746615306425
-0.00937061200899925
0.03881051314826
0.0506790321410191
0.0892338837578433
0.131831761865064
0.0854494711496825
0.033190267961081
0.0472582622708829
0.108076601122028
-0.131142847122144
0.188329695290108
0.054311293267573
0.0423494632739639
0.145855291743598
0.0979744809702497
0.0559257858855317
0.00447113336605988
0.108930377506807
0.122269071084992
0.100478321428546
0.0742865696190782
0.193023661806744
0.0258159794939628
0.0549242182358599
0.0292865148082905
0.143876001062071
0.150615837653653
0.0929956215934069
0.241443692418254
0.137084799368939
0.0159046655799242
0.078221050565812
0.16447258618098
0.0771704161745676
0.0517593128309422
0.0415001791806364
0.0545561593134293
0.109432265924526
-0.00198338819055965
0.0777095149807603
-0.0147689271223359
0.175736674452306
-0.0392907195618756
0.147463619672307
0.16744440339989
0.118325369404111
0.267935983808006
0.290855322668607
0.210174307095057
0.143991861877067
0.142760353215987
0.0533089547126876
0.185183534718026
0.0690966643023912
0.0411919890222423
0.184298932719751
0.0123167739436292
0.172581237053521
0.147075381393388
0.059696287411886
0.134757363505933
0.194865499734084
0.0757531298568881
0.257097556247985
0.270420671665326
0.109651838983424
0.106396243617282
0.102231399843876
0.0932854089125039
0.216941929949497
0.156229511610946
0.153325420519289
0.253073786793704
0.0637215515106808
0.343271324411178
0.214290726233426
0.153908790222504
0.180739316473359
0.113056417594342
0.201994668412065
0.275896751364318
0.0469365066939596
0.253081041567803
0.18209778242257
0.0661152192758655
0.154890738069062
0.119505089824903
0.236151477949824
0.166533658616522
0.296902934592499
0.259686545516727
0.133231324818031
0.403146810025821
0.293245331168062
0.0582082653522083
0.153902403067164
0.116131669154511
0.240142640071096
0.282054053955232
0.230650702457307
0.32901958134798
0.320310603281391
0.249844293961814
0.291953023827139
0.312790339123474
0.286177625742988
0.123659324714347
0.192123115805609
0.271991599778316
0.190009900137689
0.310424532182996
0.287512129225357
0.348883270509981
0.281713225622543
0.261834803121473
0.26967003388574
0.303832048817541
0.303751281915473
0.319432948129971
0.286600150916326
0.331057807489216
0.282621611743237
0.232901700502079
0.332006403303927
0.334724320297353
0.257941462024301
0.209792274314151
0.269455317966388
0.326817250006246
0.373108736471328
0.42798655313951
0.277742588142191
0.257035379063335
0.315629615154129
0.379467238742421
0.310503966393444
0.157083314537109
0.332032461814519
0.185924775609263
0.287236546082665
0.283951464778945
0.240965818191843
0.387497560072818
0.371700063736841
0.445958683289822
0.21813208261715
0.328401181410883
0.281697578233529
0.304954541602994
0.246318777554669
0.242174137455702
0.249414844116823
0.393673885395626
0.424810673283567
0.205990726825883
0.329751434672306
0.22350490536326
0.2264782073412
0.180438616249228
0.256578972534037
0.410574936269526
0.368276731792444
0.35453285989538
0.306187234227279
0.259376072674938
0.476099686405003
0.425833660982238
0.565282418330101
0.514609223033751
0.29828957339166
0.405530507749175
0.48043919774166
0.341722503326281
0.428439327530805
0.535997779700365
0.290599364479184
0.358494387998796
0.467644626864502
0.343313308314654
0.348333229474488
0.511863716635568
0.380335690920797
0.319634247517644
0.216356038111398
0.450709907756119
0.298741175038681
0.321310272493544
0.369770845395291
0.318842232950045
0.434611005989451
0.449041871130271
0.323405981167549
0.390394627777209
0.245944670055791
0.412424815403511
0.335124340372029
0.533698691213933
0.450727234815869
0.500772735559301
0.406632164508938
0.364039407116988
0.279269909708898
0.435191911802285
0.505013509959097
0.390385476298684
0.372043434772837
0.464228968533224
0.481597813522085
0.452545826330349
0.363153633388842
0.497420470076685
0.529526805414184
0.483689441543135
0.287975894957477
0.433210888560491
0.396887433500237
0.568083755901703
0.550815491030367
0.388579681189909
0.411850939648262
0.456185130059021
0.435575203169476
0.481109776747875
0.393328567272624
0.449495120955505
0.45550761363397
0.61488570100229
0.513900271568097
0.603321191645091
0.412508006109399
0.561801281721421
0.539591005443348
0.53731703202019
0.495944389419078
0.62101314579816
0.554938077376647
0.488959902925046
0.356260952736248
0.341862269312548
0.477237452689209
0.424878085750484
0.571768630379441
0.433860156301115
0.586920364030428
0.52375807489242
0.457843821304955
0.71103552086701
0.63335580557334
0.634761395045794
0.476426115061851
0.529004409357306
0.416401827345769
0.544699908958191
0.534933265017307
0.526484364190167
0.616660799477643
0.579916915736554
0.510307349535584
0.509974417485365
0.671139872803352
0.592857169745246
0.52547365855141
0.506692624041778
0.632826454541667
0.598935363139384
0.632562001677526
0.357352250936462
0.511428361754579
0.714089211592897
0.542294279918282
0.663014538541022
0.579775508181906
0.624960869551512
0.608798121327583
0.697425788003578
0.617440528187025
0.639735651819798
0.683651919673137
0.52722869236088
0.531546741672277
0.557095779547936
0.501438080438696
0.544434216910682
0.564751073334815
0.626381174023532
0.639633678957209
0.497588217436893
0.611727782587548
0.50103593937561
0.70038600723842
0.645887742687194
0.54133357173043
0.574379726326324
0.477787546251052
0.531856888170907
0.634638360779984
0.657059153296231
0.576538977717909
0.663746573250049
0.546245467056411
0.687685936877131
0.784827746827769
0.430303395975677
0.516126829823867
0.527896356623969
0.664366506398864
0.638669950624825
0.571897181294704
0.591493716956667
0.607324064846214
0.642112990535249
0.669366285183361
0.73531054693617
0.617578201673755
0.776694418110937
0.492922125294812
0.612825070231811
0.717123485910115
0.716307762387165
0.61809277034553
0.580442161168642
0.744869709848995
0.822288483520552
0.591196657475113
0.823414656800095
0.745947233797766
0.617092140338228
0.693509474312236
0.83331700845285
0.763581144708022
0.624632525712497
0.661248226237668
0.682922765850184
0.667333079077979
0.668419007719444
0.592971919714819
0.713980059962398
0.532080848227337
0.782204613869904
0.823534713632786
0.667660087907096
0.593757303914266
0.685664967511849
0.704525856342798
0.664779565468778
0.64818371703086
0.647319844510277
0.669945598172137
0.609648806295909
0.788706723056744
0.717106835455126
0.692917036768934
0.709635055757462
0.600512794839284
0.563625063082621
0.723335115632635
0.851421585091368
0.795634499652345
0.754946528766503
0.638597263761698
0.785874074448687
0.510271350007136
0.870736475640682
0.763850086526969
0.784417527377322
0.666704272884889
0.623560450063358
0.611141720102475
0.854039275468193
0.656614248937031
0.882985925672444
0.773764635067117
0.735401671002626
0.788275216422889
0.663777378659526
0.763734856607298
0.800723318685651
0.717628614014021
0.696329677918841
0.791817151459416
0.764484804013574
0.739938764441266
0.804223388417229
0.826407258309689
0.798620372604329
0.924609747684734
0.804749935017525
0.865684745859369
0.873911712250287
0.839417267570151
0.791542170758573
0.750100048116966
0.607837583386853
0.907127311827848
0.867288470802462
0.888846955376612
1.04570206320254
0.892539440879299
0.847471184179054
0.777740778153641
0.803663888176565
0.918920686551305
0.773515071190606
0.770836054785499
0.863841342543286
0.981290193848275
0.864583259851296
0.817698259586505
0.742634810421834
0.856142664020308
0.88423203877065
0.856118219847962
0.899451239627513
0.737703579265309
0.737093074126964
0.864518373396093
0.879115344178708
0.948668463498054
0.81274159063344
0.943666641651335
0.870258096978888
0.902956318416103
0.804986290714646
1.00361561973242
0.852433224057269
1.06659054129741
0.764840105550089
0.816432438452844
1.04937212282837
0.86039806492127
0.965688134717137
0.918485165215089
0.827876276166951
0.784994425637514
0.963952717837513
1.06400844912713
0.794836586011243
0.920672782733901
0.903852944312795
0.831664903901706
0.978835958574694
0.98119229186042
0.920254247569501
0.868172867476221
0.903953403510656
0.999244081997609
0.85914660011056
0.852825037429357
0.910861806731868
0.944816022067962
0.812160844030942
0.94377410591251
1.033731085924
0.944259260136914
1.02014761769829
0.868183643295146
0.852802871588455
0.839584333611285
1.02046082062608
0.98337543570163
0.839785505119629
0.936687832869393
0.950712449737982
0.905944612510132
0.91526153043383
0.930310700108165
0.907982028924849
1.09406888740538
1.08405572255415
0.894406590210319
1.00520574359358
1.01312903178096
0.893300901549803
1.07240586971023
1.00739442845482
1.07010226644895
0.995401023549317
1.05111139748648
1.04050764157361
0.926542971399352
0.946730202177619
1.00446955053421
1.0223772904172
0.933281619753433
1.07346278564315
0.950661692805532
0.917646466008509
