"x"
-1.11456736485349
-1.02808265900301
-1.04691610972096
-1.00074846967251
-0.922333519430685
-1.00149603327442
-0.904973065610556
-0.955378627385326
-1.10651017644165
-1.0750538991159
-1.00563050016783
-0.977719470489682
-0.914407754625269
-1.05892283304166
-0.900333502140608
-0.973995840967601
-0.918828402884268
-1.0028080915954
-0.995185719460787
-0.900171011350151
-1.0939376535924
-1.00488068717284
-0.883756963276659
-0.854614056571806
-1.02512873668019
-0.919681976891505
-0.8942367201245
-1.02768077605394
-0.985998274426047
-0.921755400501812
-1.04412183069038
-0.870001361529286
-0.902939355247048
-0.789184053903699
-0.856153948605327
-0.902365481783594
-0.796032839622319
-0.922576409341806
-0.863309487136091
-0.967063884522343
-0.876021251056632
-1.07049640643302
-1.09189523523674
-0.953020430761908
-0.837299670237488
-0.937424924393357
-0.994803455552101
-0.859002043129184
-0.799096591712613
-0.884553478044977
-0.884332327055209
-0.869196933790116
-0.833896147807871
-0.852240851298346
-0.845278435315037
-0.851261522298096
-0.923005153678125
-0.840351071605651
-0.973760925522815
-0.948169359683017
-0.853567593621293
-0.865889114543281
-0.896468344305197
-0.830820686469373
-0.860465748202649
-0.940248107140938
-0.914219744295664
-0.830091383336454
-0.909426888076265
-1.03507145823197
-0.954176713275917
-0.881254051227841
-0.959914696220607
-0.805975441484392
-0.83710994247493
-0.87510133019951
-0.87697887837786
-0.877655341189082
-0.88747342456762
-0.663941280671822
-0.872542127620322
-0.819453506779549
-0.82295228193327
-0.84922170694911
-0.907782239948956
-0.829030743304777
-0.771717758197591
-0.86081058817217
-0.798739868510711
-0.923876623365385
-0.800247159718073
-0.732081283507245
-0.853767296541518
-0.839810943630443
-0.771582066249566
-0.852296291319636
-0.845462742051595
-0.71882872731152
-0.793066029731058
-0.686471246895611
-0.840785965794345
-0.74550285849185
-0.724291598375709
-0.698066496268258
-0.742623016730945
-0.903101693852201
-0.629929531261546
-0.707565638602089
-0.728014941064334
-0.799951228598538
-0.820323563869698
-0.859282024439005
-0.795409495949442
-0.826565731003578
-0.853235852122129
-0.835300100746809
-0.891908802642055
-0.5920986618164
-0.790607477410775
-0.774356752508051
-0.746258078654617
-0.89336584090336
-0.821434751806365
-0.588369748337005
-0.469431629398503
-0.668719753402404
-0.701629308531552
-0.744330714770891
-0.757023373640205
-0.797348958479507
-0.752484486815752
-0.73635884734285
-0.740793287503241
-0.708934908618913
-0.645939874846682
-0.792928675298412
-0.799881879712714
-0.827995161223444
-0.578217168009186
-0.687250353005845
-0.664675353219036
-0.732411589045486
-0.687827187298292
-0.703646592599489
-0.618133194123092
-0.750778986748823
-0.796819066412443
-0.766867586779222
-0.65538306322202
-0.583242078612158
-0.557672888538599
-0.654944916903468
-0.685958259464423
-0.616159735885921
-0.720754644558537
-0.681517751820929
-0.840701680891601
-0.773760815875696
-0.576031689369675
-0.656093052359295
-0.689263442429788
-0.696640797935771
-0.788869976936597
-0.805035321733174
-0.701169266947086
-0.804638801130654
-0.612121172180606
-0.571743537049189
-0.667058039111112
-0.531044116687795
-0.637624217937394
-0.612923547721413
-0.640927724900337
-0.601007567220959
-0.650329006616158
-0.642808005876145
-0.54542857281851
-0.58872941188164
-0.537352804221972
-0.739164936804653
-0.70171707233475
-0.688355408875392
-0.651384311739179
-0.599135456548232
-0.582114333789205
-0.591875185106325
-0.638894645637794
-0.658757414876836
-0.562148985720194
-0.68088196632077
-0.613924760068685
-0.579281988765548
-0.604623292292638
-0.463911079375786
-0.585492008556682
-0.646185584058053
-0.62271873035694
-0.648593579780898
-0.671548456035121
-0.549491758117667
-0.572314845500104
-0.58688640619242
-0.662448223716344
-0.597595547519757
-0.492150447464361
-0.641124945402908
-0.557209178083958
-0.559374955269783
-0.431938770110066
-0.538002738373186
-0.599378174267133
-0.513125237860091
-0.441849088611392
-0.501715633403816
-0.558957754888609
-0.503865655416851
-0.391018436360869
-0.538485882839645
-0.556344532606025
-0.477247902349805
-0.595430212682775
-0.531681133399377
-0.705580395669757
-0.567322888156151
-0.591098266459086
-0.440276195441289
-0.471606407799753
-0.686894038763093
-0.447067838823724
-0.538201463773397
-0.540934263394469
-0.59454827096168
-0.435232588479316
-0.558808282910549
-0.555402257731703
-0.532893642606686
-0.375436636449137
-0.421567249166718
-0.516856272719101
-0.525288453307813
-0.501684755104499
-0.539777784783046
-0.676493092187895
-0.563348283296312
-0.459521961682492
-0.68207638060762
-0.315291469763225
-0.581863047243966
-0.498306793190961
-0.5410992779287
-0.401663660388052
-0.651498177461359
-0.342897686662221
-0.698011131266612
-0.606607733157899
-0.454971668078985
-0.481322731137312
-0.511790321935817
-0.467846121277909
-0.505738788386491
-0.418029305596322
-0.490613474861496
-0.476209155372764
-0.285069657498025
-0.522891834374757
-0.612942682380536
-0.465596779205418
-0.415510067691182
-0.500698504848044
-0.477045183717928
-0.32432993353746
-0.384735185467076
-0.540186566903914
-0.56548024498485
-0.338259219411519
-0.35262023568626
-0.362689947792774
-0.406050675164565
-0.591672767459267
-0.508915284588219
-0.569710727059272
-0.300636524721049
-0.535100095327779
-0.387002051957261
-0.344125152980162
-0.333155504209662
-0.32764748927066
-0.63717801023595
-0.380460314201799
-0.519112642231432
-0.656555351128941
-0.34000157547771
-0.55905224275977
-0.457824240137449
-0.42953585304489
-0.404595996725229
-0.414091903976947
-0.439391500656814
-0.421665233982112
-0.306168843496679
-0.320179264732781
-0.525717771729243
-0.427187351374609
-0.497948238270527
-0.493201001417976
-0.386893241092314
-0.354416209387896
-0.319001376598104
-0.448296790426322
-0.308580504859596
-0.439734417824667
-0.401576607942757
-0.376775773510261
-0.403386118033273
-0.313409466234748
-0.476572668065816
-0.238641036901415
-0.216081517220019
-0.322158328247078
-0.471186976884408
-0.323244117879546
-0.442956065710126
-0.435022947938448
-0.368362693706883
-0.472081963069427
-0.312227302654127
-0.247271358489702
-0.298334373968768
-0.392429021569963
-0.294095285364641
-0.341228341237165
-0.356385076093006
-0.306360030999472
-0.128511157919391
-0.396120701501758
-0.306683178538597
-0.323113083578741
-0.399681221609024
-0.529992508238882
-0.344548213170129
-0.425366752923789
-0.164563254428676
-0.309042094802778
-0.328808220423915
-0.200793455583077
-0.159272161457914
-0.34006868802423
-0.153774249953597
-0.394117870105074
-0.302426928838573
-0.306942125379597
-0.393258854356237
-0.0980154921503416
-0.20327283381254
-0.340724345569002
-0.324720008162864
-0.351536924641577
-0.358686503632289
-0.299844896207332
-0.329861856826646
-0.265944667321571
-0.411329947130965
0.00854714305925052
-0.396811974478461
-0.204608688528432
-0.313958919954926
-0.305842702153074
-0.117415690102237
-0.364248420134333
-0.326599255903376
-0.283804692979192
-0.130021974235475
-0.199757523544759
-0.122058161222847
-0.189463026718044
-0.175593371868045
-0.219909653375062
-0.244549347225567
-0.262200175289354
-0.442437266527717
-0.232189881771769
-0.292026434137119
-0.200042693293959
-0.0574461119571191
-0.321128818152537
-0.192783301054361
-0.341335433594179
-0.261347799250542
-0.297474601934062
-0.305798587213049
-0.238434649518258
-0.0836639492156397
-0.069356061323829
-0.185558802376618
-0.230117280568194
-0.170191369179192
-0.2560301430064
-0.329975026749803
-0.2001011286202
-0.275902405406059
-0.175399113463971
-0.295317278518849
-0.136592446412666
-0.353085359049048
-0.186202106212059
-0.203645135504379
-0.283714388996008
-0.163240116486704
-0.197616706121344
-0.130096307872982
-0.157273283183848
-0.0983255904354356
-0.0209056042916189
-0.169831412299086
-0.125727047381466
-0.0138244575603062
-0.222788341806827
-0.22927909162079
-0.199892236382349
-0.206832430701434
-0.0826283438119486
-0.256039720324259
-0.146234850159767
-0.0669783487337359
-0.241655873268946
-0.200629962381505
-0.073737961959779
-0.0577341327802578
-0.140109376639938
-0.169284559239462
-0.138370930020693
-0.156088111228798
-0.283529098571203
-0.0828149111876283
-0.0775593333769107
-0.178710508556544
-0.224993972477665
0.00271863973811461
-0.174386973099702
-0.152766910078512
-0.103970513654712
-0.0927374294855293
-0.0252543420374941
-0.0209728065933676
-0.159436291507781
-0.168709556029775
0.185018849866469
-0.0130140141658307
-0.0419122398629221
-0.287047211480899
-0.201771952220483
-0.226400200462865
-0.130489441923037
-0.186840273964364
-0.0966837479919859
-0.141699539956594
-0.0394493382841312
-0.115994882931162
-0.139857923134685
-0.11189485630893
-0.053912657144029
-0.0214219179570614
-0.126736127642211
-0.147141943415791
-0.142988335058345
-0.0288762118253033
-0.0108948515239592
-0.107660794669817
0.000118801704346061
-0.113357771906239
-0.0247765778484531
-0.0604450299725472
-0.151294957149584
0.0334758287681214
-0.0616641840622755
-0.113238518193944
-0.0410458516854538
-0.0400109762864956
0.0426810916747153
-0.133773590735209
0.0760516775239454
0.123417609132071
-0.11156372671992
0.0937048447727722
-0.080643069667841
-0.0189078553278219
-0.0658796188087059
0.00938192184847125
-0.0306712818201227
-0.139367437520138
-0.00707445833915722
-0.0684790732185605
-0.0474388697999185
-0.0161703434060246
0.0840029688208316
0.0664039091681175
0.00921630087256353
-0.0828222177271027
-0.0400878156797397
-0.111799212070989
0.0381146450072397
0.142580308840212
-0.0204250000547835
-0.00693081821113342
-0.136919287199561
0.20776133930226
-0.0921989774723994
-0.200232014878717
0.101463854530497
-0.00600923521599243
0.0506297155901871
0.0808145835994457
0.0361455125820445
-0.00214561825603602
0.0289704160560203
0.0480342736979635
0.0958405884837477
0.14029549066404
0.0834315247551725
0.0374805758634195
0.0605145244036615
0.0872536456811414
-0.116957427388668
0.205031032193128
0.0550984124097765
0.0241013319118966
0.141188533587097
0.106489478121917
0.0586588203562238
-0.00295377481155791
0.0998457560728774
0.108770537133411
0.127157490528549
0.0667585809529676
0.162140322228554
0.0213681186895817
0.0453496242229016
0.025067911198066
0.134620466813534
0.152660523501091
0.0963168032339065
0.239364865420603
0.132248683000842
0.0336087594928307
0.0788292030923636
0.157495024676857
0.106822626734818
0.0335264162856475
0.0472583126250123
0.0507959614464993
0.11970156575207
-0.00776703633221221
0.0889439883215945
-0.00622626606681928
0.191291259920671
-0.043397723928483
0.143257109646404
0.151568258357403
0.108976666992161
0.27103002225953
0.295350114897307
0.221234871573694
0.152247233745627
0.143100769580649
0.0564537181196609
0.202191675344037
0.063273679480281
0.0508052878773737
0.187841562683037
0.0313793568154677
0.175210797746852
0.1357251375816
0.0512671871003215
0.120846380445348
0.180004517129483
0.0799096909145525
0.274053706863695
0.272463027450429
0.118534323048775
0.11363540446838
0.11421724654184
0.101267140467991
0.219166190673474
0.175878059325623
0.153266960899508
0.245244863250367
0.0722813201984191
0.348498665829988
0.212639372669041
0.141557112822739
0.199446808862579
0.1224198423551
0.187104670944339
0.285707637686202
0.0500045914068917
0.257697170687262
0.174096814358101
0.0319648651411499
0.165924753247863
0.117464158895597
0.225420542580711
0.146454771384516
0.27876536735269
0.281368882051186
0.137773685456516
0.399341790458953
0.293435790394408
0.0757473936858979
0.154777401143117
0.12024805241248
0.235325592750103
0.275725097719661
0.232986869044369
0.322480472588108
0.317795359772455
0.248415314136977
0.281836670239035
0.307402841243291
0.266976216147724
0.144737649255565
0.168236894859942
0.247471170744303
0.199131771491309
0.298794855337307
0.272669776079891
0.339427128878949
0.246954118340614
0.266869632733833
0.263800427809941
0.320472974061672
0.310116562566217
0.327463048656606
0.28106291957091
0.327886883697767
0.300686955976109
0.237300159976279
0.31800148762567
0.33035125679557
0.26879760971395
0.222306126183903
0.260677553497726
0.333017710842287
0.389729627278847
0.442534024577146
0.268222107032739
0.260291912932625
0.291171348999555
0.368986277995449
0.300101035508004
0.160803631071312
0.33877313349415
0.169917248945864
0.289307156420402
0.284459646240911
0.247073992265646
0.362937566941876
0.377975895802672
0.426429789593938
0.216633985298059
0.3363106641681
0.275728676682535
0.295891058106976
0.281592519032198
0.243930585085587
0.222191736595987
0.400643954357964
0.404294394822035
0.20076236618999
0.345093499981834
0.235523340428509
0.252442992828064
0.199549954833181
0.286233522968709
0.385561330282695
0.379034184124446
0.366808144265948
0.306264100183809
0.253664590840976
0.468709116604631
0.420566646357286
0.552179754531508
0.510697259993865
0.295645859762473
0.394519357387082
0.47144442318647
0.351610790702762
0.419696835341524
0.519031240093639
0.307405257507356
0.347532908090111
0.441611240700156
0.367948910413418
0.347258789147502
0.488139007866649
0.394878665621999
0.309486722101333
0.240995428026128
0.462233459032176
0.310419442135203
0.301543653577404
0.36919412581761
0.305860065694248
0.426988500175936
0.434242419911674
0.33447863343919
0.395009773186028
0.24569918992202
0.392420998321789
0.338314576296725
0.530490037764689
0.459890981084592
0.489286370290895
0.406674214246223
0.358641508364961
0.268348491325527
0.430610172628205
0.543736657686464
0.405660963158997
0.361650280887349
0.483172698448303
0.482854577905758
0.46488565740635
0.363467099514902
0.490813179819877
0.506488286968944
0.484956395418907
0.281134753909514
0.43723276275898
0.423282942171155
0.578189275817006
0.5547135542644
0.388107378751985
0.392059747659007
0.443838535754987
0.426211317504307
0.475721805656875
0.372472413919424
0.436208140400657
0.479366345281518
0.596808239390396
0.529575864303128
0.594510030256439
0.40003532624664
0.5656593573919
0.533079752068905
0.532114839235819
0.475734372437173
0.616170161455314
0.543055040922894
0.512666581364191
0.384819385066444
0.340540212035459
0.468008508916226
0.413405856142314
0.582341993664971
0.439787044481903
0.6100291274096
0.526533031092644
0.481505005617721
0.69196574407447
0.630459258846565
0.637841894365986
0.467965610849445
0.510879647370098
0.396536792540496
0.563757462513515
0.51281925323075
0.536395776632081
0.628431713722593
0.593028162173623
0.544497785259742
0.509369163901464
0.662984140543148
0.601439218163531
0.521230532500949
0.487126622047145
0.634857464602571
0.604763022117428
0.630993771538082
0.3695104804332
0.519683458704469
0.703507722084
0.519625603324871
0.666814108994178
0.56950927412919
0.6280898412402
0.601084835353574
0.699465497964731
0.615070782134339
0.632665563067271
0.710118883877882
0.52341295050537
0.552745381740289
0.577308119348682
0.494912956699449
0.517767683067348
0.538217061793537
0.614767432586829
0.641909543131723
0.515603667333439
0.595668115395722
0.483911579553561
0.680796077237691
0.654627183808204
0.538600296665835
0.594990664885399
0.473767009632301
0.5444121788918
0.650735408139429
0.643416885922453
0.590898945057642
0.666934477876802
0.550739500880584
0.707647585020532
0.777614854418173
0.429673155219489
0.506306035640645
0.541497506511111
0.638826876527173
0.614824858408702
0.576645469083832
0.594274835853644
0.623155864521755
0.649744951311798
0.695332893352946
0.747938236311293
0.605546261430859
0.744870904143083
0.481852096562031
0.597594642385393
0.719587707900498
0.716834795849823
0.63407417466264
0.550939941423331
0.73093588875163
0.813781310292422
0.605997691999695
0.819235667508459
0.772287225087555
0.618690100373518
0.699847770525137
0.868670922199872
0.761779540652689
0.621724932688855
0.639830292458045
0.663936366125297
0.65842185798294
0.642009896259994
0.590881542478368
0.724604448797422
0.525454776108709
0.770147014956423
0.852592587988079
0.668362536051794
0.593498443795248
0.673576409389613
0.693101100794784
0.654249911598303
0.647837224102862
0.630439085220839
0.66705414528306
0.609242236953225
0.782519342926541
0.705472145560201
0.663999295767266
0.727129370374655
0.598071273316238
0.570982547387849
0.731432041627632
0.845669615348768
0.797970881843142
0.760020224197497
0.637276189090931
0.783166876018143
0.516429136099273
0.878916057056094
0.739156136483243
0.794471665362423
0.640034723653294
0.619728873505432
0.612395071872227
0.875058214557775
0.66894680954488
0.849239202959173
0.779618079093247
0.71530676166087
0.775092208171214
0.663179563756063
0.750826812055625
0.785207106903091
0.707571190596543
0.697332972546813
0.799067436973242
0.741167305615065
0.746679614907816
0.80351964336878
0.817000575234594
0.81230890869636
0.904788089350396
0.820362248086311
0.871858863768436
0.860677269137382
0.833124496286678
0.791774778159682
0.777268444524183
0.618266577079235
0.912733305962811
0.863981446792505
0.904501523781174
1.08307657703651
0.894262948537825
0.853125712403488
0.777957239997648
0.824701563323972
0.939129292561131
0.754246237431365
0.776445681446335
0.874987024542504
0.979618156312876
0.846455552441626
0.834606703725762
0.739080426757952
0.836979547012152
0.867428510196352
0.870193814317441
0.886306884925851
0.747531376222075
0.726623851832694
0.865228160165809
0.857287547058542
0.960503275764736
0.83007101713655
0.940606604566159
0.86699854364087
0.896944306526587
0.803044914452111
0.997014770257148
0.868108155147837
1.04770334334225
0.751006504867735
0.81759236433279
1.03102582185707
0.826620192757083
0.998037642254127
0.909482190292823
0.826606267656017
0.778334155158669
0.960369109398628
1.05668040850268
0.79219752820057
0.956177980458927
0.869581929259908
0.832047949930891
0.979128165910286
0.991736073145719
0.918932009893398
0.863608036639922
0.886739771763886
0.984658255408286
0.822160887084786
0.835395859174961
0.909361277159163
0.947631138161069
0.825985715491905
0.910275370421215
1.02891335220923
0.947907917751688
1.04324633583491
0.889668244700075
0.843629775328938
0.831454028802131
1.03912916302764
0.979884525880794
0.82971774688768
0.939439816448055
0.925957756849248
0.910984734345952
0.915386977343043
0.923704041034552
0.914212768893902
1.07360860718168
1.06416685586129
0.895253988613644
0.987510811014023
1.03572811295039
0.918012962049964
1.09799407305102
1.02859069876438
1.07755380444345
0.990790036975576
1.06169898159502
1.02991213536269
0.904381703704642
0.950008791386271
1.03192804200279
1.00488042824404
0.938134566073391
1.05703669363451
0.943132936095044
0.899526287408261
