"x"
-0.924683968857966
-0.844864217130435
-1.06733760912267
-0.854377422024564
-0.8876872183119
-1.04404150567692
-1.10491612174936
-0.931218924473887
-0.940050061953185
-0.908310186581168
-0.97189126964401
-0.996852942755723
-0.926713508877543
-1.19557954317463
-1.02142918224403
-1.01056475070975
-1.016177472701
-1.01903842925403
-1.03050277465316
-1.02400304890578
-0.937967901595583
-0.84722156151374
-0.982540690888002
-0.842811006815118
-1.00172678748498
-0.929334569240596
-1.06397833889005
-1.01147559455997
-0.984198589776098
-0.89371426215845
-0.963960526254621
-0.81597287366632
-0.861318894983986
-0.894388662566111
-0.795068816999476
-0.876697053548671
-0.719939067637904
-1.01568478946647
-0.877338052828525
-0.900075988716084
-0.907556230019814
-0.8713408146031
-0.882404141145948
-0.896566630009359
-0.844445705757883
-0.827252379349046
-0.91020618563989
-0.937375689095561
-1.00786646461624
-0.803412047770212
-0.866791873725297
-0.887751309765614
-0.729343495523721
-0.860500725362891
-0.832168973641315
-1.00081208186544
-0.857035575628111
-0.999555271094099
-0.833315412694956
-0.889204158671624
-0.785620277080045
-0.933432615175719
-0.815305795315163
-0.922698673012215
-0.958877904671842
-0.917669026425702
-0.838618655697235
-0.91310750880124
-0.885901482710096
-0.913915453194154
-0.777403525503595
-0.831556881884139
-0.964923421579914
-0.827756463143716
-0.725226915481096
-0.845683237155531
-0.810534264142512
-0.759257093114864
-0.709197179839747
-0.892217308705265
-0.839289304730812
-0.688186928940976
-0.90828593138128
-0.787808629717753
-0.81926840271091
-0.857867621760933
-0.86569642414522
-0.870358912253232
-0.809117293136813
-0.846440910107008
-0.719990705304866
-0.880945726006234
-0.888733040634758
-0.734682017447985
-0.870114269611639
-0.754847803097444
-0.727895839635003
-0.667837535405963
-0.728159201533724
-0.882718649308264
-0.822558721037139
-1.05883797740137
-0.741893746077992
-0.795817512941944
-0.552193900280994
-0.762814091070235
-0.848724385234284
-0.830749113894626
-0.719508572779174
-0.796604559177345
-0.72407887605447
-0.791019382722206
-0.782639658742623
-0.693012941498921
-0.79645911906673
-0.816121873310235
-0.727430622342081
-0.778007427160635
-0.645656310111225
-0.846999069003907
-0.624038158109332
-0.864603790882867
-0.897027237017373
-0.681512295550546
-0.892882187399022
-0.76975182318598
-0.80220667701111
-0.593272306962046
-0.878827450179417
-0.662511934821579
-0.728838950663084
-0.678903074236538
-0.705889848612568
-0.676463481878182
-0.716443951388574
-0.678002028913595
-0.716940729165885
-0.776740373621541
-0.699721481041716
-0.841773456614379
-0.790596556957525
-0.759836371394321
-0.688549122999398
-0.817772265334906
-0.692134202028148
-0.405047037821604
-0.657882224078846
-0.751493724628159
-0.784897128240119
-0.675829444539256
-0.742660437860751
-0.623368245511683
-0.784458408963392
-0.700120929416919
-0.728767248315197
-0.68390137118846
-0.75421132662113
-0.683794556609944
-0.793363189890119
-0.755103620171421
-0.75992363008579
-0.727456369912869
-0.606528146890561
-0.6408895744545
-0.561015149712893
-0.784221840846283
-0.594976547407869
-0.676048395386403
-0.651717588984022
-0.653710478382767
-0.631956742751058
-0.685702534434697
-0.686361478100872
-0.729077775702414
-0.71235588311255
-0.634621430190043
-0.671699650700524
-0.584469817280574
-0.735096220453243
-0.677494998340545
-0.790012237457753
-0.646470371447506
-0.708718590336658
-0.5448633199589
-0.68124946271086
-0.659908490782588
-0.594916709835499
-0.52879929684811
-0.668347829561221
-0.572801797150648
-0.585617113816608
-0.486469989772418
-0.620027712436364
-0.475139323394121
-0.68617943136331
-0.541530573404009
-0.627564571332449
-0.713641576620057
-0.531167524149765
-0.537603585032667
-0.577896436412284
-0.528762795505658
-0.678051352046595
-0.611262906098633
-0.622999414160425
-0.674612038560754
-0.506040978286964
-0.693235335325456
-0.700342810100216
-0.531886999040262
-0.56232041532074
-0.576568430595466
-0.437338423691222
-0.532270206096114
-0.570879550911307
-0.449257380705445
-0.636596994672604
-0.5161156535431
-0.594925617315972
-0.490812697610437
-0.685389855363818
-0.562653590965669
-0.667228780033201
-0.455838302300092
-0.502166348684402
-0.580229063342497
-0.610821908391892
-0.487631238583162
-0.615353159541956
-0.548824198155473
-0.585366293750728
-0.487277481110264
-0.393310236758462
-0.525503215754773
-0.515278701811504
-0.495851336860408
-0.43422579946434
-0.489981275840934
-0.521839324805829
-0.471894601325228
-0.49213825768961
-0.563038851462051
-0.491735413274668
-0.632363906937866
-0.540001369826712
-0.478509187554059
-0.564607903489385
-0.463606702901018
-0.528559185519709
-0.434318190340316
-0.541403691235862
-0.456936658818116
-0.419369010239606
-0.333096785089206
-0.57567019102053
-0.399047319502236
-0.510182249987469
-0.562595637106494
-0.471847051427894
-0.439019652273733
-0.515586450043217
-0.494237636629541
-0.330753572760187
-0.646856371942607
-0.552654424132539
-0.475044487428283
-0.540805281815977
-0.404646862947645
-0.500964010069651
-0.388653698819439
-0.398998946629688
-0.532981153761664
-0.561915605341895
-0.361156372578395
-0.393656459333795
-0.509678564264878
-0.457700730338736
-0.405746131538005
-0.314858623005442
-0.500860268106656
-0.421497695553789
-0.282088116225637
-0.415952946515233
-0.392290922832968
-0.452405445073401
-0.428829481974179
-0.478199744502881
-0.495261530851346
-0.492251742013085
-0.399027266748397
-0.538125057185284
-0.423189273402266
-0.295184012811994
-0.511894173673899
-0.446722990435289
-0.414147406795589
-0.501930254213743
-0.277959657119507
-0.489499957847043
-0.406640855552648
-0.413176353184352
-0.467557746767134
-0.47384119846369
-0.333048710473741
-0.4528552058603
-0.39703052058342
-0.471180201135799
-0.445478246476808
-0.385276101807841
-0.507883854904165
-0.418156794212411
-0.368729837858409
-0.476264950439361
-0.400035796001095
-0.61989363040222
-0.341989687888862
-0.262603474098742
-0.30348278265736
-0.339413874378865
-0.482117733172833
-0.351213720130124
-0.33306086347323
-0.43816031001755
-0.266997807108374
-0.424735390581601
-0.36970080082904
-0.444136376994311
-0.353148252205551
-0.212558417305428
-0.269807045683291
-0.3129681668478
-0.347424349416916
-0.334329090179579
-0.422307447226517
-0.266709169417152
-0.376977835405508
-0.31083679586891
-0.283575504232935
-0.364384578787343
-0.332080757474534
-0.278450436594006
-0.384998259505615
-0.250013736434473
-0.193257490756843
-0.270158180821271
-0.382117042148394
-0.174355792277424
-0.259080478080792
-0.410818744123296
-0.330568753422486
-0.232729288788168
-0.338323761192005
-0.38334939551931
-0.334394352091067
-0.175246968958802
-0.209608901888894
-0.162207972717827
-0.139270888806115
-0.21347379398629
-0.467859809624305
-0.352210673847222
-0.196575656318173
-0.281129986730009
-0.28789012099937
-0.322623558309696
-0.271662740157376
-0.297420508939144
-0.116973638258811
-0.187694710705664
-0.201622868961105
-0.427663126345055
-0.229852743501532
-0.109566843790617
-0.250175106738669
-0.375313313117983
-0.239959177140206
-0.415251674809435
-0.162212437483942
-0.244440692581508
-0.111955891554607
-0.135821371584696
-0.180988874883534
-0.227917055239461
-0.228753360469173
-0.237991617280466
-0.319185283469048
-0.228466064569256
-0.136121475046183
-0.100503394971004
-0.276569798295373
-0.169207650058492
-0.193953659402818
0.0116495336143366
-0.311767168031102
-0.139580511177569
-0.247668461513371
-0.0741868134881359
-0.0993912320875978
-0.206636638499761
-0.0529673247875628
-0.254890880349047
-0.304203761006502
-0.266769480702198
-0.10153442701171
-0.146617066942744
-0.116339105201701
-0.12854307850624
-0.122868195739698
-0.337451508643514
-0.218434751927048
-0.250161716538088
-0.240945550656203
-0.0465636431969451
-0.11295566037323
-0.235491278797233
-0.0969105568559994
-0.117946958861424
-0.0996900348713909
-0.21069547203174
-0.165217547725738
-0.207144552596393
-0.306178726808037
-0.240029553723457
-0.174301216966523
-0.318238404400592
-0.110834999958898
-0.100274508469634
-0.133177088955716
-0.0643937673545549
-0.113641874667689
-0.177046704730547
-0.0821530980688303
-0.156259696884987
-0.0640520773315355
-0.171248689454772
-0.107010443704314
-0.0433879873894565
-0.207111753586297
-0.165108023156406
-0.0682880601283881
-0.139019321394462
-0.128324213825486
-0.144425355906543
-0.0403363328542752
-0.0242119292041221
-0.0899897634353126
-0.230969856443081
-0.0257165896712399
-0.0736981528269261
0.0194389159483751
-0.0981757292026693
-0.0412311740484928
-0.0840772854868516
-0.0830178559287903
-0.125026117904801
-0.132969813960482
-0.209649763721201
0.0733046118447395
-0.0246459140622159
-0.017939713217936
-0.122081797386194
0.00895310727921908
0.0926855415451455
-0.000594736739780602
-0.0585859822750896
0.0150817963284514
0.0502370102595612
-0.108649611142621
-0.155596161565161
-0.0588508570731225
-0.197148532465932
-0.02924189041007
-0.0910934576585539
-0.0342676325720752
-0.0126729898799079
-0.0693803596421934
-0.0294261038242285
0.119828267124856
0.0599694774193174
-0.0940194982102297
-0.0561581305589588
-0.0231055159456257
-0.110785562682997
-0.000686229422894501
-0.0923423935713674
-0.0809956406664795
-0.0295291606801328
-0.125223014153128
-0.0464340902504057
-0.188373931385522
0.00633678114361153
-0.0772533528287961
-0.0375548183158971
0.0335859765923557
0.0858347103320031
-0.0490178447659233
-0.017519387871766
0.005736711203095
-0.0434089651041623
0.0616314090494983
-0.100804245536475
-0.072667237359572
0.0164703098000998
-0.0185360481654276
0.028176778027966
0.0243639443687565
-0.0418366600254909
0.0373199784942169
0.237195974173864
0.0258513347841129
-0.00417654493769411
0.0561422471857854
0.0396219029626035
0.0449369519337827
-0.0729176632831788
0.103872160634869
-0.0565149203641806
0.0453065427393502
-0.0631174973278908
-0.0596455200609203
-0.0316081799830237
0.0910182952189571
0.278268396955585
0.0416363829025892
0.0734404434290195
0.0313422490539769
0.0502384657343953
0.164349763162467
0.0973081986951185
0.0553770365461001
-0.0120019091006394
0.162804865355711
0.0188465421937199
0.190383067233342
0.0728016339997654
0.202213554322612
0.210867122052341
0.0628346159217
0.0552790802576841
0.0916181157656748
0.103229669796014
0.039727049624948
0.154532805635782
0.146894928360707
0.152023993457342
0.0635852539319675
0.124578218951586
0.0147700252693661
-0.06031038722086
0.0956466119228277
0.151243441766031
0.0862489333137837
0.107853444193891
0.230621088703804
0.159157083898835
0.0954824409956048
0.137766600774678
0.082728241790379
-0.00420924184132164
0.147976888976729
0.118555162391237
0.170396499628507
0.0158019859640801
0.176970045067089
0.324042241220686
0.0682126532591129
0.152980567456516
-0.0043252517541673
0.0947627046373672
0.153995481853135
0.129802836989245
0.149977738086535
0.269727522559989
0.0735036556669748
0.148629671974107
0.195996225268478
0.230402236043167
0.155017265518344
0.0978516481731831
0.298356609191512
0.0667392499603721
0.24965862860003
0.188807407262979
0.105378994128854
0.164061517249158
0.28881543621987
0.23828110569844
0.207941596239583
0.122461581515104
0.163463930008383
0.0785509367211213
0.141403230231194
0.117036669500564
0.220877573109435
0.229256968476282
0.21779630477572
0.160258568904721
0.25689153025486
0.236293041313573
0.207032992297308
0.24992780670234
0.197955258147839
0.177975273418623
0.16501908684045
0.22418715127807
0.200275772733563
0.246008830538263
0.286042632788487
0.180753098465158
0.123710664887017
0.210962935175322
0.164694487076135
0.205101058067825
0.219331086603496
0.272495295680945
0.139791084616078
0.204929242142441
0.14217843291791
0.160107616994136
0.26174354421734
0.192224724584988
0.235653352469052
0.296607052096079
0.395363409138671
0.483427337727556
0.260494100588684
0.210676445895886
0.21388796713265
0.21928736976351
0.209644263291977
0.213094587060124
0.143165519611843
0.304779881817138
0.120515919474462
0.35177933870354
0.415738033468487
0.15757215992181
0.247390065869276
0.181751746077105
0.379922959668826
0.238807974440683
0.193404702513269
0.304832750633813
0.324339903318063
0.157095444055437
0.303304785114982
0.336853979981297
0.405937252756341
0.170061190382983
0.319181553140126
0.41704654681373
0.278410485786007
0.224809378642861
0.344400219853467
0.161838706807093
0.426927518025147
0.393754557667665
0.338890392892186
0.494512692009407
0.417668002999962
0.301449396327974
0.330408215762296
0.347032909484101
0.208643841867478
0.395742554494647
0.227917179352203
0.272748164426303
0.357105445568061
0.309042111756028
0.249895346313441
0.404197923276557
0.559316518965828
0.469474947863179
0.28971005030919
0.226430173382199
0.459497002853593
0.379140345081394
0.365777083496748
0.347569846586185
0.397400775676812
0.38837563391077
0.38875122832039
0.313189114988866
0.247887862798493
0.369069699652224
0.366538978837555
0.353617917075064
0.324910702611377
0.419445720004154
0.386785026886765
0.415137482981813
0.361479180995263
0.476365303661374
0.299394206810532
0.337278494972254
0.267872692719596
0.214439787551927
0.459940403498464
0.43229368859488
0.401201365693916
0.326992854543872
0.409666130271469
0.45932089630811
0.520606572761114
0.405670136639929
0.354135317113862
0.429927502869783
0.426861931149096
0.467630152355796
0.465430016308739
0.331440183288576
0.605304999333714
0.438007208206712
0.548826768577263
0.523940977125153
0.49612589220683
0.534227472625507
0.426740807731108
0.447056252800703
0.534887105649241
0.482137235002275
0.415485754641428
0.545383857578339
0.482946828333618
0.47716509122508
0.423772423039479
0.414261926960232
0.304659529612414
0.316062154035835
0.42336777908821
0.410255335689409
0.423500557640801
0.43737154480979
0.506293184954646
0.453270922528854
0.47849351469731
0.457968753804114
0.498999644133017
0.510640098245689
0.553347889002806
0.371187529550381
0.579609934325904
0.519069841082889
0.384893400170862
0.402117623253813
0.41727119277081
0.525316420956134
0.353191256940191
0.597187099709527
0.553884445806504
0.43995549851406
0.499877496496541
0.614986644388798
0.530485028875179
0.566394291428091
0.587222360981185
0.418652878417973
0.419869408446586
0.547705026323734
0.579413652869196
0.411750794212404
0.371811310987113
0.656706173042258
0.555190349599103
0.52658379428795
0.598798312625519
0.568051710461261
0.54440575613937
0.503495542694929
0.595805931499773
0.456172116778019
0.604343286010806
0.560344686713545
0.441098403356694
0.657441296954619
0.587000723242562
0.635268844098602
0.460229375378132
0.488889315844242
0.464489260761745
0.66983060068009
0.508847961866209
0.592766920764102
0.60994012794808
0.528336728332331
0.628507786170904
0.627129528547763
0.617066398826866
0.694444777393673
0.610411864890301
0.705210825969632
0.507635671969476
0.574545658375107
0.34321198853605
0.553355611889561
0.526331231441855
0.518046132173173
0.647643016338905
0.582919990835042
0.672475622729332
0.506137423613968
0.469755613721011
0.605308675941014
0.751100856993593
0.678323058894326
0.632014245941646
0.450942252633074
0.617700843492346
0.626346728551049
0.579500546428856
0.70906267989184
0.628241887809704
0.468881114154979
0.609457040224232
0.66705473291414
0.566195623479743
0.693482295758183
0.777177842813331
0.446654682211547
0.764589780185703
0.54825101118453
0.759560776494278
0.456817078876894
0.602906181334033
0.690464205120463
0.642834291961072
0.510811925511086
0.657371780995518
0.544431142269115
0.727269985938342
0.690033465916142
0.667577538881916
0.584100764929834
0.790489225044759
0.749170927093555
0.514363825588309
0.652695599113138
0.801494139936245
0.794337320251584
0.638786606689637
0.815175815637819
0.572136675393535
0.652373881569818
0.74850406352599
0.606220394488278
0.651759576300669
0.748299255128591
0.709693790261192
0.748622950191452
0.674258912409647
0.669481754845608
0.752239598335717
0.611089315940254
0.767904869515689
0.650697380400065
0.774211621822927
0.675275463750782
0.771830407591249
0.530426609723501
0.845407340398194
0.75377839766138
0.752069884873164
0.695295615432841
0.761594911683927
0.625975319256822
0.71627892320938
0.828829715117625
0.775537577579043
0.746714839758878
0.669439209420279
0.572128703228953
0.582166712449266
0.789928311768716
0.77548495040379
0.684274582815123
0.793554737725844
0.706010581759695
0.682118209401265
0.815551385627151
0.865921653258272
0.704970344097797
0.745843622727161
0.762032819680396
0.690240768080233
0.788809941065178
0.819657026577468
0.853766120979089
0.851277726987888
0.789014994071538
0.763830161967721
0.619446557649496
0.808547078602727
0.552506662691221
0.87288637469727
0.822325713325086
0.878392976511304
0.802595701675639
0.68646286838834
0.796753461649652
0.770686846715313
0.733381598391067
0.789476521577199
0.849371455427649
0.787026199067271
0.747502245498337
0.646940319203749
0.977955508094411
0.730779456792678
0.835135115702139
0.718044254248149
0.801792232751183
0.834583070032748
0.955429916965232
0.854505500748603
0.729020904164068
0.869378181542621
0.735089241907712
0.756474210715655
0.843384296259414
0.801059214749558
0.775194583728362
0.859134147056345
0.807891457615787
0.939112190244464
0.754246458492189
0.940877887824974
0.910518485163751
0.730176491951793
1.00295511096503
0.785060113167184
0.890651643100839
0.776850105575656
0.846338259661692
0.930742324706671
0.819014845038115
0.830516606840389
0.906614800238218
0.844142618182964
0.9099226887436
0.922151502385693
0.919526043069435
0.924476996756451
0.831359898716363
0.878259560429674
0.853545247231555
0.921685976185623
0.83614014280331
0.752776035620686
0.887826646495781
0.903723868418035
0.980330422579659
0.725503014861292
0.871526072433055
0.908498794677386
0.820665175774798
0.761264849371048
0.770883454602745
0.814789370159917
0.853966758541314
0.815506312443457
0.878643421716068
0.906382487357914
0.984770260106458
0.997989067256089
0.98194477615609
0.788707224594402
1.02714091558951
1.00971998432691
0.952299301651886
0.92211656602051
1.06504399871053
0.945483621880065
0.880208251727857
0.995759342179046
0.912886301128527
1.09288047971586
1.03662285883815
1.00565940574203
0.809740213673107
0.914516240193087
0.984124506229469
1.07164911209235
0.956546279173297
0.977125613703354
0.904408056994184
0.955096218570737
1.03976363466961
1.07310518231618
0.997632555072265
0.978046690810662
1.02320577983815
1.10485068817378
1.05623495012249
1.02920420110884
0.942315157562298
1.01959468766368
1.03412431525842
0.999581739804433
0.905384893499961
1.00771768760091
