"x"
-0.936472582372371
-0.851517265448014
-1.08758685505987
-0.8598145917624
-0.875293899539681
-1.02895437556964
-1.08966291111245
-0.948828236397739
-0.929189349947049
-0.897047044996029
-0.971685679498571
-0.975782367371115
-0.963564970526167
-1.18047333799974
-1.02099479890022
-1.01580486126473
-0.986243017561233
-1.02366465539276
-1.06394164914212
-1.03652902578316
-0.974722266975889
-0.846827946218658
-0.99090183867435
-0.854248236743486
-1.00793938645875
-0.916458085980351
-1.08119262768579
-1.00293399466529
-0.980049341824003
-0.906456358816651
-0.949742697379724
-0.809992891171581
-0.875551825280193
-0.907495526148525
-0.788336353776265
-0.87298909303366
-0.734150576081857
-1.00132849056198
-0.867868817582316
-0.882292724605755
-0.913529724196714
-0.862431995815258
-0.893641244042047
-0.890904449173471
-0.841950939010651
-0.820185044453851
-0.915051234550747
-0.952684607139735
-0.99920987645708
-0.796477697795264
-0.868210358566117
-0.888989828947905
-0.744391478082757
-0.862837040986782
-0.83083849284604
-1.0148088731547
-0.888460336734796
-1.01112792999082
-0.822227974266456
-0.903758731301416
-0.791236459670472
-0.917401571837398
-0.81225111888141
-0.938716123174067
-0.949890753717766
-0.902108555062893
-0.818732307515487
-0.913478860070254
-0.896876624581246
-0.903051048765407
-0.775330846435448
-0.823599659170503
-0.952801020378922
-0.806074439075325
-0.746440325812847
-0.83447974191138
-0.818164159761789
-0.763679363224143
-0.717407016814566
-0.862054150884306
-0.833000145318166
-0.682847612867769
-0.927540378027948
-0.779504035589129
-0.81786400201947
-0.868272325653679
-0.864052434146653
-0.845003478732867
-0.820147120990461
-0.853448899956308
-0.699389232746207
-0.893974392642063
-0.905514682746483
-0.72432451834549
-0.870959327825231
-0.751897639782281
-0.756424375766559
-0.662848551762085
-0.743030801867445
-0.85710815612154
-0.820161026815477
-1.0590347562192
-0.735214693469933
-0.770786550929982
-0.541415626938396
-0.737350600681687
-0.845473403484634
-0.822086431073381
-0.75578546341844
-0.797606247875729
-0.726560710102005
-0.785359725220839
-0.803840352797419
-0.689685613749596
-0.811807206238365
-0.828569172981683
-0.743489130395402
-0.801714699586229
-0.662270572502142
-0.845796741537912
-0.62054855682977
-0.845887010497469
-0.869832189656194
-0.679106608808739
-0.89363316456934
-0.738558801578689
-0.772833021951681
-0.599464728784567
-0.854335216138569
-0.669218006503647
-0.699293886687302
-0.693444791500227
-0.684900213101856
-0.674801414956986
-0.720824992137804
-0.68250996194904
-0.712490897990661
-0.781937542938308
-0.668066938694232
-0.846045633425743
-0.791144144435664
-0.747147754955784
-0.702045927602158
-0.815605136484515
-0.690601012739546
-0.454805144478215
-0.666683207482276
-0.765690186453599
-0.779428355099873
-0.67878705959969
-0.752176287472119
-0.627102330179932
-0.772463599457746
-0.676762557420659
-0.734217378163412
-0.666314611388213
-0.737361603371674
-0.713703501391427
-0.802619807861088
-0.750255307991725
-0.755963626388395
-0.731084587228403
-0.59239572292851
-0.639158397073895
-0.570755203794924
-0.77162295744165
-0.601512111641828
-0.653917254054855
-0.632406432742723
-0.655897550073886
-0.638675064444301
-0.708466618690934
-0.664259695625704
-0.736372139164959
-0.723824778127562
-0.650398840943029
-0.685917296595829
-0.594971157399417
-0.722299461800294
-0.662440203093104
-0.794776073812905
-0.657130783475298
-0.718198351825469
-0.56781471174328
-0.681663139697855
-0.663091204621488
-0.604376775479356
-0.487457136122284
-0.6587522448063
-0.564287557587946
-0.5881223143987
-0.495847903108799
-0.618312545255435
-0.448795107451368
-0.714871260793879
-0.542511854880326
-0.629812891097078
-0.685038836420829
-0.540359713278764
-0.552387808305485
-0.568351624659998
-0.549803208263661
-0.672270489404585
-0.612864121892078
-0.622439169970057
-0.682174736974742
-0.536779759047528
-0.690496225929536
-0.688084095643377
-0.586009316002876
-0.556658549441287
-0.596312115554876
-0.458107746095299
-0.525369487595373
-0.57917095734931
-0.45545796449089
-0.610325940924523
-0.522934745507995
-0.596198059640418
-0.483671122961909
-0.694644940678658
-0.543346531604422
-0.660246567432757
-0.461528209531602
-0.519821656503879
-0.566642585505585
-0.610291737599488
-0.515833166181072
-0.621748477461782
-0.571720241558396
-0.555497871049966
-0.51069812986468
-0.407652502103989
-0.535557994446841
-0.529875699827478
-0.506001508111512
-0.426835148549473
-0.499333312903124
-0.53149126894536
-0.469747565265282
-0.471927994571511
-0.588977028004821
-0.500175568683259
-0.627454036891461
-0.547359642159557
-0.479251191842463
-0.545597341634343
-0.486222520881792
-0.555902042939987
-0.434042063067997
-0.561429647560684
-0.451610025769396
-0.419150720402369
-0.347197702125562
-0.583840917147241
-0.40116596271959
-0.506472769070056
-0.556504284984954
-0.458245968882385
-0.427565013822258
-0.504754492104589
-0.48033567406198
-0.346764525091815
-0.647229196092701
-0.545394299735161
-0.47461743798026
-0.530841713593228
-0.402457392374308
-0.496470421092608
-0.387808012316614
-0.396652516498857
-0.549172189649566
-0.549597014169736
-0.352188950434347
-0.399268898025819
-0.535252287251859
-0.469623990876925
-0.403842191815816
-0.327692309330754
-0.48577049341502
-0.433255225046271
-0.287551941790845
-0.404377925545123
-0.396306503712985
-0.424033520566404
-0.419490257552817
-0.479360433659747
-0.516808038634568
-0.517697735625077
-0.395983763879878
-0.538671389120361
-0.422130978625926
-0.29045515215939
-0.544377405022532
-0.440173730281667
-0.436115876712449
-0.511595816460094
-0.288755301025357
-0.48797980580708
-0.406923389796167
-0.413771067185259
-0.470842459300331
-0.475566064078393
-0.326062589681859
-0.450332391546006
-0.406636216002583
-0.483969902298116
-0.459545434659369
-0.399053408425598
-0.507764820736842
-0.428273698264071
-0.375441042815227
-0.470656310917186
-0.386204892286279
-0.588732287027675
-0.315532003255819
-0.272376013185444
-0.322929117424027
-0.351936112522924
-0.48056509250223
-0.339325915637662
-0.329801812870623
-0.437702460762569
-0.25796841563503
-0.427253764810438
-0.377832486303163
-0.440337120193392
-0.339928158471492
-0.231335705837255
-0.270807633582021
-0.327561999281621
-0.36969889959043
-0.342269415721605
-0.402342400652214
-0.265016499493321
-0.376305462276852
-0.320986041027945
-0.295759069131116
-0.352804415005919
-0.31018644832422
-0.270559438737924
-0.36918391579478
-0.238650958958549
-0.191818403289983
-0.289967921216851
-0.396648751272037
-0.177901577435593
-0.2697291487063
-0.421930338289455
-0.325963635137389
-0.280174514444478
-0.331990864191495
-0.375001713235781
-0.339145843747835
-0.157691313375411
-0.218596863277047
-0.160717657963622
-0.126043499171115
-0.226704575904151
-0.475352840434882
-0.342205431620772
-0.196928085712529
-0.29341025029891
-0.299184554042648
-0.302386233543311
-0.283095916125803
-0.314537942354583
-0.11530117766348
-0.160229727292883
-0.21384562284946
-0.404536586734146
-0.248822898552987
-0.138048585249888
-0.250616825009952
-0.361060082217858
-0.247493373886524
-0.414702782689828
-0.199728109521844
-0.246805673234656
-0.092570258302357
-0.126356157540585
-0.172529067278913
-0.202543953272406
-0.221860117549755
-0.263192266590696
-0.338834651606907
-0.216933364452582
-0.145470636681625
-0.0889558594098508
-0.273168258295661
-0.166059103044993
-0.218403759290666
0.0117732774590453
-0.299659907274236
-0.144729549630999
-0.252918287996966
-0.0727050609158508
-0.105329094650476
-0.1841333314275
-0.0546000738656713
-0.221199286188401
-0.302225952249869
-0.260120928461237
-0.108897823695405
-0.149909856821949
-0.116540323766812
-0.142615172848146
-0.113374431766193
-0.315086674612454
-0.234268658678545
-0.256052166168374
-0.237959918161351
-0.0692340801334649
-0.104187880447283
-0.239300144859838
-0.0885063309289069
-0.135326901031755
-0.103241667191102
-0.227168352854521
-0.163928709131903
-0.178628161679041
-0.310554057833452
-0.243139144390283
-0.181936729930611
-0.293767265413603
-0.133774295549396
-0.0843652133761555
-0.132498167464608
-0.0519184287843082
-0.138671877541097
-0.175219733237731
-0.0871299940636815
-0.150197503480547
-0.0688663835904808
-0.186993234995535
-0.0971410697606123
-0.0412908866010459
-0.201610609722042
-0.155142674364647
-0.0626630522915118
-0.147571029799805
-0.13485291096973
-0.122044646215999
-0.0241763784108274
-0.025705294695607
-0.0782448508588385
-0.222142545836512
-0.0367843759166774
-0.0444502059718833
0.00689402862441831
-0.132915852421027
-0.053424150752945
-0.0717735156302246
-0.104675013965575
-0.133199495323093
-0.129943485654745
-0.208409747739644
0.0618803491633658
-0.0232684557249493
-0.0252028687161549
-0.129964131306388
-0.000143177808538069
0.0942009855491504
-0.0182849211492275
-0.0430203666751557
0.00846811727941409
0.0441037167383438
-0.119102091210369
-0.163298981630901
-0.0620353714623813
-0.207360169588549
-0.0220407190515826
-0.108758546406855
-0.0117035689846739
-0.0301992053619856
-0.0592868841909078
-0.0327783444079084
0.140631400017599
0.050303436962695
-0.077210238031387
-0.0584565393387479
-0.0214465281758582
-0.114086514833922
0.0174930065263396
-0.0974281864942457
-0.0795694941793711
-0.0339567812904914
-0.132152415668138
-0.0718091877200473
-0.186886412237794
0.0228433196244301
-0.0831186893268264
-0.0284104304006092
0.00570711199618699
0.0826560476199239
-0.0473347878826508
0.00488976918227144
-0.00493304854595719
-0.0403351830257677
0.0563519825517271
-0.113140523888475
-0.0602118042793404
0.0271133296751822
-0.0010288452673948
0.0283660017369356
0.0255551953347951
-0.0540596947192903
0.0443810119011399
0.226874968357853
0.0500547433206755
-0.00805518466880415
0.0550216766567389
0.0209027222396183
0.0344405010844333
-0.0858504667175558
0.119172233293292
-0.0352893509662809
0.0484941964729047
-0.0499683222829094
-0.0715339648192541
-0.034405082853313
0.105147799358939
0.2799374362831
0.0105713873176433
0.102115869056069
0.0230466856429983
0.0465868729180541
0.155300287312957
0.0991217651993518
0.050351786192332
-0.0133411733904789
0.166241721630427
0.00410256273473472
0.193890968966701
0.0696403398213275
0.195065019571267
0.200408415274485
0.0686299420456674
0.0521260114359148
0.11852204004408
0.0863711876070455
0.0284530450738707
0.148090728381733
0.169163694158103
0.155342981471431
0.0757217496743273
0.100064598028506
0.0177915201014934
-0.0802794175957182
0.0895950650929745
0.15400312818117
0.080688265793415
0.116497021754827
0.219728536891515
0.144428517317706
0.0787448337953351
0.113409021239172
0.101710768785376
-0.0159457229721011
0.159782642318644
0.126892251954686
0.191779213601784
0.0268616134657094
0.161489180837814
0.318932293758063
0.0701361896162758
0.129493076936602
-0.0147383803288683
0.107132095149704
0.149835486716199
0.142419362991724
0.136890776655779
0.267993318021913
0.0666172818331151
0.144282085658562
0.210482456075279
0.229126122216568
0.146432351830859
0.100273799670082
0.28388805548611
0.0592628164733826
0.21791627043776
0.216897982929235
0.120919753829393
0.174885719010098
0.31017798419332
0.243299628000545
0.209511034662545
0.111799511601224
0.159250182155762
0.0575831068018912
0.134140506042386
0.130502919192511
0.209504310233166
0.223850319809758
0.222172102588228
0.166892600794369
0.266207171683146
0.252634093708855
0.220402509710917
0.270073686571321
0.190414588122731
0.176626565111004
0.168241977444306
0.224489661761943
0.179412562538775
0.214336999663646
0.291445882491676
0.170556706250609
0.12545672646427
0.231134121313613
0.162567209194206
0.22427083453328
0.207141489718406
0.279088981671912
0.166465708553841
0.228346328857684
0.150293488764429
0.157253346484292
0.258513252595597
0.18710162698125
0.234598104583006
0.272196316078574
0.396633911045433
0.471605625264888
0.259322405641802
0.205224433554101
0.205439298593696
0.226925755375448
0.223714257228268
0.205762102809512
0.177784145171242
0.31842429627698
0.114546063572879
0.353470921074627
0.412738008460666
0.180619473090319
0.267903612584582
0.158423164707858
0.384440515422443
0.243937701787646
0.183220415766687
0.291092861508754
0.292845455970565
0.154116383262024
0.283643550771081
0.34709685378564
0.412708346342937
0.154171896903132
0.326389714638713
0.440462496162254
0.278730938319489
0.257989977227972
0.35330807759583
0.153192161840098
0.415109809468434
0.386025914373748
0.361368221478978
0.473476718595012
0.432345857911944
0.288038691048876
0.302313011061615
0.352170019011577
0.207407127572031
0.381824739164428
0.22547059476563
0.260756075389295
0.377281145104459
0.30792866380312
0.251010519523893
0.37878644807958
0.555309202337848
0.45766967629833
0.295712224318643
0.227826011536235
0.467431108029828
0.386035377556268
0.361573037930912
0.327569593643131
0.389846017931479
0.404736674072766
0.407532554322729
0.338511603622979
0.242779497106889
0.368590787052131
0.380560662181251
0.34037691851951
0.312038420032099
0.428989292757152
0.383592677836103
0.411342359010381
0.332256423993004
0.450345394997232
0.26570415558412
0.3477072169061
0.251121468138549
0.201386783445761
0.460795634057113
0.438653848204416
0.438261919007521
0.346143950332041
0.431296290487035
0.44763204964204
0.505214498722205
0.409880669741904
0.358270358231348
0.443709705004962
0.430495414983665
0.487620560825389
0.437855688001137
0.341373236471892
0.601768258141096
0.422161378431846
0.574798221777166
0.507564003879931
0.500410649877007
0.521819652286605
0.421051939174759
0.443040841853243
0.531716778307085
0.507966052780513
0.399465103767844
0.521613586373199
0.465698079504336
0.493090198392373
0.425752432336577
0.412680356080408
0.318933936691102
0.297819571218417
0.413672991980395
0.406657757280604
0.434300704468728
0.436687926901835
0.50757692971183
0.419550946350438
0.472820816396843
0.45862031844304
0.48852660029757
0.498146390926231
0.527253882049875
0.360565361835894
0.558322040613258
0.516312766706136
0.359153051786569
0.410512888336845
0.390417168827085
0.515103916337788
0.358124247448521
0.598613398540613
0.556928889807391
0.426965600303039
0.509142228373307
0.610964331157208
0.547087294243965
0.545255476073298
0.592664641523391
0.439169678523693
0.419210433251541
0.537958080741803
0.569582211113378
0.419930541236154
0.393339799148169
0.625408810400561
0.543364480235651
0.540629365071657
0.565845564028328
0.562579404914557
0.52390912499763
0.498093170936902
0.608859481977226
0.450256158015595
0.592754945606494
0.531730851309353
0.427201821520209
0.654469570043339
0.568632620530473
0.639604321906939
0.472614931767088
0.489152546665311
0.478594600599068
0.669477003838562
0.508852724571803
0.589133475004811
0.619995023019201
0.537639100736942
0.635192300166258
0.622229236766909
0.604862014301971
0.674466372355286
0.603240114864077
0.706822287786566
0.516715308890897
0.577883073507068
0.366766711549237
0.537191849350818
0.516802682629058
0.54396460992004
0.671744738644892
0.578875878973275
0.667864489684302
0.515503713994605
0.493690525845594
0.617285326836686
0.74792085629264
0.67530910941915
0.650506532404989
0.454648234915875
0.606399585557483
0.634358502794231
0.588988253555135
0.689549837583105
0.645722213282454
0.476239902531214
0.639787938347695
0.675028258315702
0.559373267551114
0.70184358337601
0.772934689045134
0.440319939824729
0.751613076010697
0.564714297814211
0.737568342818499
0.443567756741382
0.584057795703648
0.710766238822309
0.63613986095552
0.507208342065823
0.648131658986348
0.557986256718421
0.709109557391604
0.717778505418593
0.677528598636578
0.560928812850149
0.809273212156332
0.747576174487229
0.514998745346711
0.662101801570596
0.811469893468227
0.777346299261266
0.635895492894856
0.816577446922672
0.561318493875497
0.653572388599397
0.752167434887065
0.619755724209418
0.654616245551948
0.751128787871684
0.683305849441762
0.769556919907222
0.654309629714408
0.647417680777171
0.742883638093794
0.603201542386515
0.738376667474667
0.631619944015427
0.782535664278351
0.682669459300343
0.781610404960041
0.5279079628164
0.86264152444506
0.732580600238295
0.767707440566521
0.706395040989237
0.747285884309145
0.643230520464922
0.697524988104071
0.801915352834842
0.787385222123621
0.74069234570785
0.683048236898803
0.56967676976013
0.576762458111535
0.816341418069298
0.778048456874455
0.684792141826405
0.775506343318127
0.713443613717924
0.702408595296072
0.832142488939053
0.878622279569578
0.704342926041869
0.767347540077833
0.760538899696017
0.699487566847392
0.797566502454462
0.823958004762084
0.841204268040829
0.864376840441448
0.786430979993741
0.743502488002765
0.617324409927044
0.832159227335761
0.535634017599407
0.88204100240583
0.829190274424362
0.860899061046075
0.778406193725167
0.71766989273542
0.783116190725061
0.769266517262186
0.737663226697897
0.76927937665667
0.852705240813622
0.800486503175551
0.762145426503342
0.623724847311009
0.991596746891628
0.728671130806408
0.827141688484167
0.727627168744408
0.799399912142191
0.821376947255009
0.96012642519009
0.857107042360687
0.741802841371113
0.86993148928442
0.739350006099377
0.746602911433509
0.805823794854288
0.810539812525639
0.781730036880369
0.850577721597544
0.805388713891486
0.932272678405076
0.788294996380168
0.964907828398399
0.887627924704046
0.719354631285607
1.00523901540727
0.802781264465516
0.88472220194228
0.785238845514992
0.843496152789731
0.93671184614562
0.814742419786006
0.826786136577087
0.894972951209342
0.857608720064711
0.925908529091045
0.927774215925524
0.912883199682869
0.931685323403139
0.835120139171902
0.880242616289166
0.847270450502339
0.913576288246473
0.826218371519343
0.728771323286609
0.892073303327026
0.91718453694469
0.995520902727274
0.730061564648403
0.86959391285645
0.915175193751785
0.841252601745476
0.772445032427861
0.762693215558018
0.80692281456458
0.867812301524814
0.809280141775742
0.876627995241593
0.905637349489131
0.959687529550525
1.0015572553894
1.00661419523437
0.784114235872145
1.03168976489366
1.01918151699536
0.979234557730635
0.916200077340085
1.07410393873645
0.96619235586974
0.881402542836872
0.983186582793626
0.911313404974341
1.08347258310458
1.00642403047675
1.01591193070405
0.807766181131033
0.908680272427058
0.997405653692191
1.07768402191045
0.966135422072851
0.964904711074075
0.903404017080013
0.937237881557072
1.04797744876444
1.07679124542762
0.986379508425623
1.00571506678309
1.03045245254858
1.10699431982663
1.05564143320776
1.07097761417622
0.937142734602188
1.03647552331825
1.02970605197236
1.01695004078558
0.90418588046221
1.01048173376785
