"x"
-1.18197104970244
-1.07762670450947
-1.12668298241515
-0.889900796963158
-0.934140978773908
-0.945200843062636
-1.0143901627925
-0.916692807581244
-1.13503456846739
-1.01252284954833
-1.00858828681766
-0.969200810226548
-0.91936560434495
-0.867015051093484
-0.93084928089768
-0.993299040933912
-0.993481498491184
-0.990988893046812
-0.967223497471292
-0.906972131015661
-0.922504462396887
-0.964064188272021
-0.851072833075218
-0.908972372476558
-0.980785167497714
-0.815321915431819
-0.909153168546994
-0.865848692364441
-0.932397297815561
-0.959858268611867
-0.967551031002767
-1.0156070796799
-0.895394656127684
-0.898169206330429
-1.03689426442842
-0.946849532330808
-0.916004139799648
-0.906443522722987
-0.82062150553645
-0.84080799036291
-0.902921033682924
-0.788833696834096
-0.794667406295661
-0.804168403102473
-1.00189824246913
-0.891003922032431
-0.892320876384308
-0.947991306520744
-0.899722592349602
-0.873024882137371
-0.796481482595796
-0.990238409233384
-0.886857929018873
-0.875056246588749
-0.919411591710701
-1.05181743424462
-0.932673206026981
-0.901189889496854
-0.950215447143598
-0.913777106333451
-0.695578626615284
-0.906055009043458
-0.921094026905717
-0.746951959655314
-0.801222854506378
-0.721747222765465
-0.897446515758539
-0.832948818365873
-0.830088745550352
-0.824474552863832
-0.868584214076232
-0.833511379684496
-1.07717858484096
-0.949626370742127
-0.952447345097053
-0.949998053882957
-0.843865326504184
-0.705899677535192
-0.749634523528809
-0.829673746890431
-0.83967628742355
-0.845766929016533
-0.889695988912913
-0.838280778468524
-0.786098783685872
-0.733203829489878
-0.808311294828867
-0.887147436318204
-0.865739823579529
-0.793057986442929
-0.715563478473682
-0.717957381927636
-0.771620523707579
-0.631407542386846
-0.808145148998479
-0.915721944826719
-0.859665346870556
-0.702298141721104
-0.780442313588286
-0.756212625404625
-0.877560294643126
-0.779912489027768
-0.844027320308336
-0.872313206898324
-0.828814845459204
-0.872006697471648
-0.771778654277647
-0.811605621210373
-0.816126194684741
-0.776887227883742
-0.789845467279343
-0.794505839349138
-0.780696871653512
-0.626023454268851
-0.788074672377179
-0.886610191184325
-0.649756442599913
-0.689068371542423
-0.648765750235786
-0.667801238427957
-0.642155124494742
-0.796800737259427
-0.724728530878976
-0.779761982046509
-0.692504042021348
-0.68017599963006
-0.725324471937893
-0.584661405415028
-0.680688124878524
-0.784744767242642
-0.683604596408299
-0.884629914399818
-0.610516155757508
-0.619852367157488
-0.731481209184514
-0.792916340200076
-0.734387168195184
-0.722543751875739
-0.651794056069127
-0.782415448407802
-0.681753579707637
-0.759306398437526
-0.791232745071176
-0.841156379417292
-0.631429573159756
-0.772182982892207
-0.639002912075375
-0.754737591518738
-0.748578812173913
-0.731213101798978
-0.544145002164182
-0.648667667777322
-0.774294336480004
-0.597652549682959
-0.785141786705922
-0.729535833944609
-0.589734143132025
-0.717685732434626
-0.768213369435187
-0.772189653950369
-0.684675086136603
-0.788209158693261
-0.602249945642159
-0.583317931247923
-0.67205133300252
-0.582241000946319
-0.560059562705022
-0.707735812886341
-0.554848894769707
-0.76207704744624
-0.702651352649453
-0.624667426140292
-0.747331247340105
-0.554449881537793
-0.701420897061574
-0.661696747171827
-0.675079279413123
-0.602774926482555
-0.671227355214038
-0.678985940846783
-0.709861402484564
-0.617691542201618
-0.599258331649599
-0.582613891126056
-0.66803609312472
-0.620425922523435
-0.606941508940889
-0.647660855786557
-0.647595193967165
-0.82862009316174
-0.504678022639392
-0.680851674102168
-0.64926907458543
-0.62977982005295
-0.636509326855318
-0.664228347159943
-0.559488118535087
-0.738351388553824
-0.571116715285737
-0.570890439267084
-0.60322125787247
-0.6878276859287
-0.649847999905366
-0.640522952781959
-0.613785729066933
-0.644674349539783
-0.433481361628818
-0.527968302309663
-0.759083054540347
-0.659753291659554
-0.548707982707832
-0.472869122056345
-0.542454713407353
-0.514484597960748
-0.704684921584297
-0.436085903298161
-0.404022336601299
-0.719738215955855
-0.605028045383386
-0.534149475733318
-0.489336914358253
-0.507746396341471
-0.631660473457959
-0.420602624233412
-0.496226273070436
-0.642474472326918
-0.680294536242583
-0.453297564947862
-0.382675400917022
-0.433624858492619
-0.632504079825692
-0.57032119434377
-0.367983931571234
-0.574148529388104
-0.518103811983409
-0.562244099338206
-0.585030240557501
-0.42207576853753
-0.574947863787957
-0.524499252079481
-0.559307905896637
-0.416756753445847
-0.580843081432797
-0.495597911437472
-0.393507661375605
-0.525201318973118
-0.602683295990964
-0.561809972976097
-0.436920925304327
-0.458354014229206
-0.568597986979663
-0.532906254249244
-0.546592467263692
-0.546585589804003
-0.674763393991908
-0.471795377620947
-0.415143910443632
-0.350888808717837
-0.460558836500961
-0.548214930478406
-0.479017656041752
-0.433319052187648
-0.543220692279106
-0.391279391387394
-0.494040803265983
-0.430348368361735
-0.473277355438988
-0.484107663516261
-0.351692693262407
-0.352885244077119
-0.488667724073568
-0.532532629136052
-0.476593668176271
-0.313048938955001
-0.446376783724316
-0.442770889329088
-0.378191591278656
-0.518473782435598
-0.561529621673701
-0.463458653113063
-0.341356770681728
-0.377177695217085
-0.541806562630594
-0.415187302781026
-0.38055939379496
-0.368320383871926
-0.463647154107723
-0.466044611871228
-0.312285537834384
-0.359042838249384
-0.3992542078769
-0.562416202270024
-0.388277750181991
-0.402790369550361
-0.425023500414693
-0.324795471415504
-0.547073351760028
-0.368834045761527
-0.486137265578914
-0.47151552141154
-0.344033326087252
-0.409129687799305
-0.361660144257729
-0.373833524293409
-0.213794038745306
-0.240738738948173
-0.37089701604388
-0.429837800970695
-0.295047923150094
-0.471684507664087
-0.30716555628094
-0.560469199283001
-0.482990649150056
-0.263568288497151
-0.401095603022804
-0.283729672070132
-0.393828989458351
-0.5228029450169
-0.256529089107804
-0.301721449217759
-0.296739607158912
-0.348507364034886
-0.22706044220372
-0.206764108799917
-0.349115811040824
-0.345761074798497
-0.360490025261133
-0.30487179679884
-0.481941660150396
-0.354667290474562
-0.352302075419471
-0.315238997526948
-0.174614283845676
-0.420095524362141
-0.437216716839651
-0.434521481612128
-0.331087785402798
-0.38912591657853
-0.303450780482889
-0.402040544719586
-0.307323606140034
-0.409882147845425
-0.328033801322158
-0.260740234284982
-0.350635200827934
-0.28046817129342
-0.419506818473078
-0.300386483092805
-0.251218628265585
-0.279302390126256
-0.486248688444911
-0.352956661149589
-0.271932779262159
-0.221458834552261
-0.295333046697962
-0.34963209079021
-0.298363104549396
-0.345653074879274
-0.191078332017878
-0.321817051480592
-0.243835991667545
-0.402498371351297
-0.367822305505549
-0.340128405521121
-0.260280742614268
-0.379624408652425
-0.288543868824124
-0.248020848284756
-0.139888262340972
-0.117569578885631
-0.1473855392077
-0.291545434657009
-0.296070160565424
-0.216335476415952
-0.302180949024626
-0.168463449167871
-0.271293277483613
-0.0557960264905947
-0.271487057073126
-0.448202487460473
-0.326146715121464
-0.234022393472041
-0.179079603648125
-0.380558542791234
-0.384152572011628
-0.261361956486445
-0.167368868496756
-0.135382038453006
-0.242584187703801
-0.159447766840964
-0.269341218761468
-0.124461618448303
-0.131240077577396
-0.386918019944437
-0.171197758940939
-0.300446425783688
-0.170943478471829
-0.155034785108404
-0.179200399958281
-0.233475293726156
-0.103709546427404
-0.182269314602136
-0.33968713651878
-0.223282757858745
-0.0797610500598488
-0.354596257713067
-0.193615496000406
-0.19217069102903
-0.0297728435966227
-0.205250879560002
-0.175235554585701
-0.0980562330364016
-0.259988411114113
-0.202463848494624
-0.172953195854914
-0.35108023887087
-0.113050948960492
-0.309766947617853
-0.143087384572876
-0.0955257508541533
-0.244298139154295
-0.146094277040756
-0.214663171618804
-0.257152259919953
-0.264985143177526
-0.109175180521088
-0.122897663662323
-0.013889045336479
-0.177750660731515
-0.0566204696508752
-0.230032310708666
-0.28198010964838
-0.248239183765951
-0.17191278730418
-0.239841667339843
-0.0665064771241446
-0.177325549936865
-0.0261438410173265
-0.0675518586046532
0.0407877726534654
-0.0201840751358611
-0.108994788368183
0.029465711085955
-0.160873583779627
-0.187097776882559
-0.114092127860923
-0.10621301845095
-0.00929714391486072
-0.195670370264274
-0.0849091587419373
-0.120578899273472
-0.0182673620522656
-0.198268938748097
-0.191967331894008
-0.157040248208651
-0.0889297217957061
-0.0868373542458886
-0.0251838234021774
-0.178435285674021
-0.17839147436419
-0.117380136972375
-0.0332842344852636
-0.165537980160874
-0.184129336472463
-0.173872903441029
0.0441601094391456
-0.0880428451773013
-0.0507674053116206
-0.143042141995567
-0.168721220565499
-0.157427847888039
-0.144038576284734
-0.209909816408315
-0.144526800683753
-0.0858757219386291
-0.116304792942365
0.106711602647948
0.00280768718033625
-0.150831255394468
-0.0997491575344665
-0.131329551582329
-0.0023251776384797
-0.104829901069898
-0.215779370452078
0.0812053404368133
0.110189269259807
0.0601237137753112
0.0290587258337223
-0.177990040249844
-0.0753228299738957
-0.0155643617061073
-0.0301002052148936
0.00290896527552105
0.0444218570109202
0.0546890407258079
-0.151641090500596
-0.198715815101643
0.128272738366345
-0.0631183651978574
-0.0173477788431251
0.0333493255899514
-0.107788200344191
0.0578410384670473
0.0371661647339695
0.0220966842163765
0.0363566499142877
-0.0931781426689327
-0.186546737724765
0.0895912982975928
-0.0932093206588775
-0.0184999187534887
-0.0242462055945558
0.0732625825482604
-0.0895224435501667
0.0342039468912645
0.194240796520964
-0.0456130654898434
0.0375285165868748
0.123901426047098
0.0764490577436485
-0.00831688403669792
0.0863776813872801
0.0178580768939867
0.0298037212144167
-0.000497851458734075
0.22077345542707
0.12819998011086
0.114613338993586
0.0547043773393568
0.0878465367164002
0.10534133730938
0.0571524789564817
0.0477718973696446
0.117120981012182
0.0422186041612217
0.12923450209989
0.0434201459369212
0.0194504248975166
0.105231935361286
-0.0145325669084968
-0.0296961062224685
0.136706424223571
0.0987912726900797
0.0197196636861726
-0.0463141716588128
-0.0240746975741338
0.194976790466336
-0.0273204665904811
0.134484149163288
0.0180227078592683
0.0242138801325746
0.104732496053402
-0.00145812138550346
0.161520149238903
0.086245338944918
0.252046293273125
0.0166128673329926
0.158834393322406
0.0292312024290667
0.155656262738273
0.0452524199476476
-0.102590763958856
0.0985532807940602
0.105379946504442
0.183185330255578
0.247309656782042
0.24028428879127
0.00136411248800747
0.110378405456326
0.230819790340129
0.130327296568221
0.113393281470213
0.1261847127106
0.0950646961378345
0.128616745390637
0.144149683051222
0.0130564105027257
0.133717765708883
0.179374838370124
0.079232062995921
0.323848375793398
0.0404033045327102
0.207000709190008
0.21010699198616
0.169747941832564
0.10893827449025
0.236212616450311
0.117717844267831
0.152082259402048
0.317630235489458
0.319940972672411
0.267565177661764
0.112370084391466
0.0953756054210594
0.119978902567898
0.161064265544008
0.120326660206356
0.188868506399983
0.147466894150384
0.294678467280861
0.105002096228751
0.0647917981847349
0.188539272349424
0.171270085817524
0.367953390377173
0.307728343993646
0.194479021529672
0.349659530001476
0.244119647852476
0.22367125356981
0.244035359974497
0.255466083139642
0.208522692041345
0.141069559119748
0.255276497189535
0.307507622974279
0.285274857116503
0.235533141148156
0.360177097847428
0.255238865219739
0.340443571153936
0.219359791602096
0.149123926292514
0.234719596720315
0.289098690476795
0.27378316476786
0.158232697315315
0.336836760711303
0.246002195052764
0.320389490690148
0.276479753300387
0.12110075055436
0.0864671953710829
0.189685574829242
0.385049257021644
0.269868465416792
0.263788800065728
0.314187355569157
0.355478317920457
0.226841959939931
0.0934545056797517
0.368657886202408
0.289868551518563
0.206627640795818
0.346404312588115
0.0891971827809214
0.318190101945189
0.217313467596261
0.240462717614334
0.272721980380773
0.268133135175133
0.269643267615429
0.382198709769444
0.32740842470336
0.39716678334596
0.394774858135847
0.437679494236006
0.223152337551612
0.387719025949332
0.27560054155694
0.327319829612553
0.199709645904566
0.379147513509062
0.2254110030012
0.527657691909114
0.456251063593876
0.298336226550165
0.337570615062772
0.380378224647895
0.366689361859502
0.24821269081757
0.269526673650799
0.32527953768615
0.319136461822853
0.394194477768432
0.373832995229346
0.279676347947559
0.472093977609081
0.462676511603091
0.421751981339314
0.488899730503099
0.501098905754338
0.336676399508448
0.407371276844984
0.537752766052245
0.170864669800903
0.344553117318476
0.427340544738291
0.228295122488967
0.299929264159365
0.239384875957636
0.502310257404059
0.394793283642034
0.296848112108989
0.480913366776018
0.411238442620585
0.388482759486132
0.381539240197576
0.445714010343787
0.352075399974636
0.508444552836183
0.421201728788742
0.439617036070239
0.416084397205507
0.437563415041245
0.36128353406288
0.403691187745315
0.440792734383608
0.368937806644436
0.418383367871228
0.415406274485872
0.279949636467294
0.398413646554308
0.40324534787161
0.494774446325452
0.372128757631103
0.463188373370935
0.355919251135461
0.429942906496266
0.431452440094379
0.298611119705103
0.399171877880577
0.549158405466417
0.502265921817201
0.56294293286355
0.603607847846491
0.443218214197953
0.47722879670573
0.345877271971583
0.551956815828425
0.457159540814745
0.360951161693441
0.57256205100377
0.500832281032399
0.46798184593311
0.592036397649162
0.450971946935963
0.520434731147326
0.544553846443077
0.570603703251757
0.456286769787971
0.560480065584543
0.434210628092944
0.561856914973349
0.424291515784276
0.390785217929276
0.44844025972794
0.748185830143521
0.517989047942132
0.495800447370877
0.431808217176696
0.491131264514974
0.558567485211508
0.525287170381007
0.392394040961897
0.580957703176942
0.667701588859513
0.465716342715102
0.463896502844056
0.44720902933504
0.375526592620367
0.532081013238174
0.549274269523198
0.4884666146425
0.527744152234278
0.47726126907416
0.430607378506191
0.43175404972266
0.508837866507604
0.550427494729116
0.603918318439245
0.644409160013449
0.618580685879182
0.371817540217757
0.499035089331033
0.574884858199369
0.608304656775507
0.588484510446901
0.438826201228483
0.556904641253456
0.63389202297322
0.606909491782258
0.553358269476166
0.656788809229848
0.553034642960219
0.547298676864074
0.603529504747058
0.568339309902133
0.652539733113849
0.574796212782868
0.613589597437405
0.36684032136059
0.471993767435035
0.589627908484487
0.548004969450985
0.613130303601414
0.54580086348691
0.560708429697643
0.532028913499797
0.554805857792503
0.630206795061774
0.55462002135868
0.437965351933665
0.826550489233153
0.65749521891232
0.571444894558374
0.597232130626838
0.724802187997951
0.510596409836489
0.708724289786519
0.596412813911684
0.591582741350667
0.582974008197329
0.633493329632389
0.61991284020119
0.641279141486443
0.713631107771524
0.574632558077385
0.717144855418624
0.549386173082653
0.595443173474997
0.676439020664579
0.578968872556252
0.60262474247379
0.773283287713492
0.76300026638967
0.614498378985552
0.655840247167235
0.670481589156719
0.716803901333931
0.712921875160323
0.654115910538955
0.756575843105018
0.76028932645171
0.729933971706027
0.578927396067115
0.596070294731387
0.714089283258389
0.743100708660434
0.727173101575325
0.648536587838802
0.52418447838964
0.630239794373585
0.755880524932171
0.637115269776469
0.710973784669489
0.707884000091008
0.813002195026258
0.674937932936742
0.632690403071838
0.594036894011133
0.771020468528936
0.765754735043234
0.609306478461268
0.657317121221213
0.703402765700082
0.701185017513045
0.72280198511724
0.668210220948142
0.743792448511561
0.592357579340031
0.883055389207172
0.622430641889236
0.561203127641853
0.779538601038082
0.738642621624479
0.776228954052117
0.676247049556492
0.842901656468774
0.698317933306478
0.747135795179945
0.720645926548456
0.733397385442762
0.704111073677831
0.831659219488911
0.892191191118691
0.875099886329666
0.742972310172415
0.689889168641999
0.56561493942541
0.698013540790632
0.743448062535839
0.846394884419538
0.758888354364149
0.714042436314478
0.897046513952629
0.69641723116169
0.855248044576961
0.755591593002352
0.668769628186367
0.846631308312232
0.704843229724142
0.942621858744471
0.750683614137314
0.660115401024028
0.808923501436555
0.844410553264754
0.706071729262354
0.786846430383927
0.755221959965677
0.843426984221918
0.783522142430602
0.813783020107027
0.658552237237665
0.655821351647929
0.873377325284489
0.829692791008278
0.826571249497649
0.844592938584148
0.843575644443416
0.92655956311469
0.828635098677097
0.790053362770139
0.904854115939277
0.958315550906446
0.777376373942293
0.892613402621084
0.677154601869735
0.751849803186683
0.844315082870169
1.02538180037238
0.773447283395431
0.897827693035445
0.829975746046239
0.672820555630232
0.83222735203831
0.903607454147824
0.77649048927896
0.780635880237101
0.886966995542547
0.878567370992542
1.01139672219117
0.881938698493059
0.898559650775494
0.915017910694714
0.998980618448107
0.809042782144885
0.855892516600792
0.947734418796333
0.757348591596683
0.975861387956276
0.936501935280183
0.688286471699471
0.909335662611238
1.0293141424599
0.897991676077933
0.736145945500509
0.94836463901428
0.8062885097704
0.912783942640479
0.874120005839457
0.770293358435213
0.832985005321215
1.06588479148056
0.838221044277397
0.838179811089396
0.996310587735815
0.946359973924155
0.87779468343706
0.962295641312274
0.882542524410794
0.891272462675452
0.922026846000892
1.03735678701734
1.03346674655148
0.851298735574361
0.908520967778975
1.08932895155909
1.0581450790347
1.02097725421979
0.983899419646979
0.937323692580602
0.824350931740279
1.0369345788633
0.989082175568886
0.91363629858801
0.810453885942796
1.02269316751919
0.997028828441238
0.802793672840486
0.756810959369956
0.840449242612602
0.965585734271671
0.832960890876636
0.970041864471184
0.837330247358785
0.961830136029462
0.998215944975642
1.07037845784477
0.990462157097593
0.984269514071855
0.994358968656989
0.977606318747069
1.02477682271067
1.04116128079813
0.97444279124924
1.06993008901612
1.26926460817544
1.13203602030856
1.00083799707066
