"x"
-1.17521498880316
-1.08049954328446
-1.11487955661471
-0.892980578431369
-0.929803211417257
-0.940675293065036
-1.01440743417112
-0.903614303531336
-1.14855322349033
-1.00288929878397
-1.00900699386286
-0.998634714354974
-0.902237050550864
-0.850398396351239
-0.917535538329626
-0.97648788572264
-0.99468839799551
-0.968373419839666
-0.947590264591319
-0.899210419619315
-0.922891044144492
-0.98395159709749
-0.852412204803279
-0.905266831032854
-0.970877583878502
-0.82036893277812
-0.929325399085131
-0.880890008311822
-0.926700152217589
-0.960372080002451
-0.971582992426906
-1.02331504772759
-0.927374296904057
-0.919697409938915
-1.04181810556961
-0.94535193510174
-0.91062675611724
-0.946840046280687
-0.823644524109138
-0.84477484418106
-0.900754576654172
-0.799210271725983
-0.773491755450847
-0.80825951732267
-1.04766838137259
-0.906736586706096
-0.90812053590533
-0.947381463248425
-0.890530126847854
-0.884756958902983
-0.791949404082313
-0.986712993432585
-0.873524911137633
-0.875761107569248
-0.903875194645953
-1.04349104661922
-0.924517668180158
-0.919299817838508
-0.980086494278429
-0.898137985612393
-0.730538688236289
-0.923909824243472
-0.900510780310991
-0.775526478688741
-0.799335369678745
-0.693384732264971
-0.894869533307135
-0.855355128920693
-0.814170533732667
-0.831578340707069
-0.846198926094517
-0.836040831564481
-1.05337244643738
-0.953732767716027
-0.952933259095969
-0.922241046729426
-0.845537915085405
-0.736202925237397
-0.771989800599008
-0.808355104646111
-0.827391200979472
-0.826421826816747
-0.865273813292185
-0.857286173959606
-0.803752232592745
-0.721938026150623
-0.809990994833251
-0.873507096905007
-0.849208328498325
-0.796450604876119
-0.728462975003128
-0.717052849692446
-0.738525526473412
-0.651589508962429
-0.827928981574017
-0.931195873850365
-0.845305689885234
-0.724881353759164
-0.789481422910891
-0.725583917220148
-0.894522399117971
-0.788738413850114
-0.834481687994086
-0.8797120319044
-0.835505506748339
-0.899929540874804
-0.767207170027799
-0.794520312190066
-0.82000399707082
-0.791910370899223
-0.822246213407928
-0.80463944453273
-0.785905122880263
-0.629282074072723
-0.783184954731326
-0.876643235540657
-0.663266598843383
-0.708184318645645
-0.638758649567614
-0.65677556636849
-0.679988072455861
-0.792969845738765
-0.700279428166972
-0.793771243917997
-0.715634592445723
-0.67678656141293
-0.743290932885567
-0.588500418215824
-0.680629222141963
-0.801596182728088
-0.694997238514472
-0.867501811272181
-0.617384997298666
-0.623087801426826
-0.740410503606257
-0.78987150782318
-0.749330027485422
-0.740309393193136
-0.658785678667882
-0.753273535731659
-0.677957685769779
-0.771137656107381
-0.794442752179276
-0.861932444311953
-0.631952738871703
-0.761987345041112
-0.619081687901579
-0.754920771736998
-0.756883443569997
-0.75589550119
-0.55630327302364
-0.648548685985478
-0.781535663617725
-0.592694303315346
-0.778480654996548
-0.740401110441779
-0.596334753236828
-0.733768641082441
-0.757844672911815
-0.746178161141102
-0.693011170746327
-0.786430745082158
-0.608282424587453
-0.593514165433861
-0.693393099470991
-0.590779551984904
-0.544445707034011
-0.717538304097097
-0.546199865514879
-0.781824931971281
-0.709493768332768
-0.645405883260706
-0.74323691691155
-0.566653041227038
-0.716447408644629
-0.671649786644198
-0.692583807180042
-0.604766258218343
-0.671956946796903
-0.660515530392798
-0.685112048350825
-0.612624126267836
-0.608671185046878
-0.582738213882998
-0.669219682434708
-0.628065214915399
-0.609276590989908
-0.670170306645416
-0.661298672997215
-0.837076818472277
-0.531749458713405
-0.671702033076338
-0.634688506733817
-0.638159401567685
-0.626720718779915
-0.655348293275246
-0.547921807964854
-0.720896703779392
-0.539465858349853
-0.56718953224218
-0.593888823400469
-0.686435102520952
-0.624728175986852
-0.643230482422035
-0.622256212003139
-0.656191144983828
-0.419114351946542
-0.509007299860459
-0.755147620834852
-0.667376544308625
-0.569697482983678
-0.469299254544001
-0.536338840611552
-0.510581452073775
-0.698435566099182
-0.440969838443018
-0.411829827148482
-0.706168851406776
-0.603610159148965
-0.570623083538666
-0.534303128859461
-0.493520673705509
-0.66522396661767
-0.409600775172906
-0.482894133671257
-0.647179071353199
-0.67748730801785
-0.474452341416499
-0.415404729951719
-0.444960149490459
-0.618895966299393
-0.541122927161944
-0.372552568969903
-0.573409141621725
-0.504871022329441
-0.555417492927712
-0.592169969132701
-0.423814704141209
-0.557484380697299
-0.517744305438846
-0.565613486151225
-0.419228010608494
-0.578368717198978
-0.485704623501608
-0.384372515460141
-0.520452609321865
-0.562714764084168
-0.556632179534511
-0.424740598816535
-0.490018010593976
-0.586359011089315
-0.541904844470853
-0.521722513793549
-0.556350373890775
-0.684027785004059
-0.465652024899924
-0.404156125207373
-0.369375380015405
-0.463556516510011
-0.537751470942741
-0.465649802166539
-0.439368952266215
-0.536244296856366
-0.393683311985803
-0.490145562002372
-0.436203909006425
-0.455710865908939
-0.491290074649013
-0.350154208686133
-0.345926626529953
-0.489655505652597
-0.536640900455122
-0.45095471409883
-0.302846197459377
-0.44262931915691
-0.423361962698996
-0.371148648752111
-0.497475742144167
-0.555267029785775
-0.450954348584872
-0.310429153885951
-0.369020954228202
-0.539724069194186
-0.417468715121593
-0.393922745154638
-0.371645088293113
-0.44753389362334
-0.459870958568108
-0.31800231717849
-0.342299067133167
-0.425578332243299
-0.583072965347277
-0.38963812994893
-0.40401501498825
-0.415121588293293
-0.302031992892936
-0.551318965860582
-0.358797104195956
-0.474275129305965
-0.477185242793543
-0.337062843759941
-0.409127212762134
-0.355383731330352
-0.40096595628668
-0.234714981014709
-0.241806959669558
-0.370419849805836
-0.439853449782196
-0.295806821275594
-0.475568113946326
-0.323710035395584
-0.575149842927503
-0.479948136036999
-0.272714373288816
-0.40391936436529
-0.282725381596515
-0.403771354927463
-0.526780902706272
-0.257454975112013
-0.293782988409531
-0.3012188981047
-0.344779899837233
-0.213251245493893
-0.204840091464849
-0.340848618864061
-0.338724043764089
-0.350167418662245
-0.305615420030104
-0.452074591973037
-0.340769621519475
-0.342438268979541
-0.312973588296001
-0.131099314006202
-0.42256407372247
-0.437865572796258
-0.44634268924925
-0.34269893072634
-0.37687870238094
-0.290714340111774
-0.394482200154172
-0.292353570810379
-0.398459171476898
-0.316557621135335
-0.259653560733556
-0.330636138489378
-0.265950383639869
-0.415358951609159
-0.29037592880497
-0.247711441635148
-0.277496010392908
-0.479289122009835
-0.343881823220675
-0.270633168880989
-0.217348610311678
-0.306844187609183
-0.340921512762227
-0.285911654281828
-0.372402031264605
-0.189563617605998
-0.313834216965853
-0.249259139407501
-0.394393428415815
-0.356907274305207
-0.341191070190033
-0.264978190614864
-0.396696943169538
-0.284007317598744
-0.247791447205705
-0.151009992634512
-0.15736046915943
-0.163394882491198
-0.316972679279022
-0.325329267708598
-0.21647453142109
-0.304282908434063
-0.166293307648127
-0.282840700875739
-0.0564811671010336
-0.252088197271402
-0.442009671604905
-0.346229061868514
-0.223961765739022
-0.163721827033954
-0.398137131976762
-0.372097835302319
-0.260328942229452
-0.170475903175279
-0.151771763014759
-0.249388027849775
-0.18354028485202
-0.28874561884702
-0.143889063901131
-0.122375864987808
-0.368224434369433
-0.178345980349119
-0.309114722872247
-0.17831786969311
-0.171758181806767
-0.206914883649774
-0.211791806276864
-0.114971347274135
-0.193072286523541
-0.322215505505392
-0.212786668695359
-0.0726946501073626
-0.332957110568019
-0.167685910787801
-0.19783417864572
-0.00398927483717662
-0.189114614105192
-0.156658217499532
-0.0821607494054331
-0.240795074841186
-0.241186417391992
-0.159988152033896
-0.354844259096391
-0.106047797048295
-0.310922597632427
-0.143733619930296
-0.0830689840054187
-0.257301378431853
-0.155099193339409
-0.213691635384965
-0.251285531430188
-0.265592517678514
-0.100263484636844
-0.109458071639001
-0.00370445475450723
-0.164341617465147
-0.0555325773122489
-0.238084136373004
-0.28668003980796
-0.230654278279652
-0.173282119577254
-0.229431616673773
-0.0483267574901485
-0.18270424300057
-0.0233676405874813
-0.0799847025460584
0.0505660946363338
-0.0118244953244956
-0.0989367677790605
0.00865940363332474
-0.169219227463137
-0.190468321129812
-0.123394840384681
-0.110770454366337
-0.0128809464920798
-0.175786319253656
-0.0838021678626497
-0.120166498835156
-0.0135538807776916
-0.180047663236594
-0.18484301367496
-0.139937731650634
-0.0755162150823052
-0.0739487604153696
-0.0103182802838404
-0.188951044441968
-0.193684576940363
-0.132971285348669
-0.0273536144524174
-0.182601384893488
-0.189924595099816
-0.159417199121247
0.040664321898892
-0.0851287333751614
-0.0466442719126636
-0.151367294008694
-0.156599739186505
-0.152810252330405
-0.134576974468301
-0.229635202618262
-0.119966523749803
-0.0962707476598473
-0.11679198902081
0.0878585875941946
0.0128923804455326
-0.163155033766295
-0.107668874761587
-0.123986887255194
-0.00907966749653721
-0.122030830465776
-0.188570843177337
0.0890625964455704
0.108430840125229
0.059917946017704
0.0453100052516597
-0.166007461444703
-0.0579009268305191
-0.0396024213252659
-0.0212217537035135
-0.0146843258673266
0.0555330036555796
0.0639624856416311
-0.150340685310494
-0.188983964581914
0.116105420498679
-0.0729436333568108
-0.0132939712752363
0.0335830906448482
-0.126391677684778
0.0533077273915759
0.068708010764078
0.0271775893330801
0.0384158453604693
-0.088495299392099
-0.18435150287632
0.104576677236884
-0.0932423971201475
-0.0348598764639799
-0.00126759301978342
0.0553438565326757
-0.0920247979644006
0.0270672149212509
0.180218790159383
-0.0562102151475488
0.0575011451365789
0.141193735471298
0.0827715564796592
-0.018402162169465
0.117339766892502
3.82808919716389e-05
0.0740188282816024
-0.00662914575183846
0.208560866939595
0.126906078087258
0.132425792958122
0.0650303410772725
0.0884464825098927
0.103387997577658
0.0715602082808193
0.0407499569920858
0.146785016716261
0.0678858129378098
0.136929848008112
0.0325236122619413
0.0267468476953033
0.111935277148242
-0.0168703537384149
-0.0158649628660253
0.138181801923887
0.0887529706781819
0.0378381325671841
-0.0461225801793234
-0.0194168409207046
0.179241631002451
-0.0082727683639607
0.125956311426152
0.0219182599321941
0.0414224621336741
0.0988777552665292
0.0293516927254556
0.184613664447798
0.104816662295567
0.240297238734912
0.0478072137026475
0.187947939537623
0.0372192646431277
0.160755137081677
0.0223814136363707
-0.0910017143348659
0.113173052638786
0.0768444694098348
0.223344401434764
0.242159677043422
0.219986176624718
0.0230870933024425
0.12612852932326
0.229353520167314
0.141018059373706
0.105318512629633
0.133828919424964
0.103114248182065
0.159590125101396
0.152268637788345
0.0282830927137088
0.122844026767276
0.198121723776973
0.0930157599176619
0.321623985567438
0.0285596650284492
0.213968121331028
0.20594124266852
0.174228984863445
0.112410371747345
0.215535019355727
0.119088805580022
0.156355008064951
0.314611565154738
0.295696936620351
0.269848610210465
0.118206215162783
0.0834997220262899
0.151597175818794
0.19246942874404
0.145242609458098
0.212704816558292
0.147066934790729
0.291545693084789
0.119902071688665
0.0762736627611894
0.196622453124539
0.175649126381785
0.38523471521208
0.340878730354881
0.18622830595835
0.354687687995579
0.222835916411977
0.226000857433418
0.249082153965648
0.233219155027459
0.214421003140353
0.153298960115674
0.254245776446737
0.30619189982496
0.29513776023448
0.242790457110935
0.356045163851645
0.253242117750879
0.344834298818162
0.205306625304886
0.142041785054197
0.22942206891146
0.265373656564732
0.29642524640495
0.153451796252796
0.331073604760392
0.226123983803162
0.300100123182254
0.283110037015569
0.111756620977394
0.0948626721542206
0.189830663861314
0.37506462161777
0.29635082586664
0.249451346077685
0.323032400116371
0.353356098628651
0.235965476797752
0.0951302617578107
0.377315054210137
0.30019047788968
0.209993194055553
0.364790942520792
0.0460527988260477
0.335090409458502
0.19053885278267
0.230266870686251
0.293849833094512
0.284702640932793
0.25406577101703
0.393137067479593
0.31071571556788
0.414117873576954
0.397255390212842
0.422016082589228
0.21511306124788
0.372609559038903
0.287709224729556
0.347474758756735
0.216413408009428
0.374597000747565
0.212238421075201
0.5156761104848
0.461115464602094
0.287579271255491
0.339427898709624
0.409405823780149
0.366932337174566
0.250852507710085
0.282740901296189
0.314513788695196
0.328198107748043
0.422004077966149
0.393306377250913
0.277620578127896
0.475217678101245
0.439904127010178
0.415903357925932
0.489209456314416
0.5180842999144
0.337125975640211
0.376614230364816
0.522469752338761
0.172553533642427
0.355682289065921
0.419823697882788
0.271464709467011
0.297659806064637
0.243077193002549
0.527413508688142
0.386680340058553
0.313711630413479
0.509018167807366
0.396500384952365
0.392176620822607
0.378641285930748
0.435947725611054
0.350243540461743
0.4965115790304
0.408354038286243
0.440047066320929
0.374994936545765
0.445327488004621
0.350642507459553
0.373502816018155
0.459685931623277
0.388408054720617
0.407276057283249
0.416944576357999
0.285999315078388
0.396866364089723
0.421587380312015
0.485391247108278
0.392370878713759
0.481348999182473
0.370252772835932
0.428720716891297
0.428172279310983
0.286939436294326
0.39340009401074
0.552610807073635
0.462864873677681
0.57265993068609
0.614666648188096
0.445457577291948
0.441878406856793
0.3430514924202
0.535476890295295
0.467893673993002
0.332635459332018
0.578121880088484
0.495056917310735
0.467390390337838
0.573802619946082
0.431444495254134
0.532140201473744
0.514693064503303
0.59182056919815
0.438123525579601
0.551995668291424
0.406051228240112
0.543193326950391
0.418379353245939
0.395942267910888
0.431889636138356
0.737482521400236
0.495337376458012
0.499270189774648
0.431618956442951
0.487093947230467
0.564783620920655
0.553395783474936
0.397371741348404
0.577159619658853
0.680644014789161
0.457007048189318
0.460439483040267
0.434069610530089
0.379117429811594
0.524792671003472
0.547856858871334
0.483861611311268
0.533539831904001
0.514456092702973
0.445230905517525
0.43213952710869
0.538415705454637
0.534970682983508
0.619002682136686
0.651337790927355
0.621806315421368
0.373097623819874
0.51303085527386
0.581985675776219
0.610470186397603
0.584050208608283
0.432821765822533
0.555260490591546
0.619642992885834
0.611007475080237
0.57293119826515
0.657623368676225
0.55860028220662
0.534251273292301
0.608419819528673
0.579992163471998
0.667189369095446
0.56590392109922
0.588396994598991
0.371173229175693
0.458132822128631
0.588777557875164
0.559828225510899
0.628025117765728
0.515479520603359
0.559607204148975
0.545445516524103
0.563022065058555
0.630062360185138
0.562205560209835
0.445163221170005
0.845362508685886
0.651450699893917
0.564363187695537
0.605284718833492
0.712027220332894
0.521091280565106
0.704657436604866
0.610013528703915
0.598066857318721
0.58260751203142
0.636183118652458
0.601214093448431
0.646372656355719
0.734074641891218
0.57292627096834
0.730597833153589
0.536930427811718
0.602975965807581
0.676509611107205
0.590557132998227
0.593484911171514
0.769019656380658
0.735349958406735
0.621290350656896
0.661631983739174
0.658906215391866
0.71349193723024
0.711580212450358
0.681654188236903
0.764048926308615
0.776686751245595
0.740863901468077
0.583702152065395
0.592793537237748
0.703549627630104
0.750371750441893
0.727099119967216
0.646630532794931
0.527339788453923
0.607798174365494
0.780478931917048
0.61803760478429
0.72319484497924
0.691990910740143
0.830488720732393
0.651078248920773
0.627014858852897
0.573932017637451
0.78112344045367
0.751009191262438
0.620279482514779
0.673422538039491
0.702997351428209
0.688590700482297
0.713624484438653
0.66874897385846
0.728302116489177
0.584886098404888
0.870459640573373
0.615847343454183
0.534662463986657
0.770826019456676
0.714941474533919
0.774659685380084
0.679006685469754
0.858888864341349
0.713945871523736
0.740886232775223
0.718948230519384
0.72365225924382
0.692023124508676
0.82350446811583
0.892243791014417
0.879121410430861
0.736097401024475
0.681041088272758
0.577227352325946
0.733612726749378
0.729576534712138
0.848800834209273
0.762507509500011
0.706116465024132
0.88273111128188
0.70329181799743
0.854594179359507
0.77684618937785
0.67108120713361
0.845927340901746
0.717342294347632
0.953513964819215
0.758345516979476
0.663046749651419
0.827533244217072
0.861238262676972
0.690842177962666
0.766918288312136
0.754440605285518
0.833910410436219
0.758903565459679
0.811139042335146
0.674969219967207
0.665280174971649
0.84593065480091
0.824251029756236
0.805042403688395
0.84309007838778
0.857214155454636
0.92795046503118
0.82348889817202
0.789341299081442
0.909597549585043
0.957904387247573
0.77206358449992
0.907175603707982
0.671082895589259
0.739382293214979
0.838686970790881
1.00889151555186
0.745817521939138
0.881714817376912
0.817553348791449
0.696943805622258
0.825432931341248
0.921254092002289
0.788573328442968
0.767484920163382
0.888205697871934
0.882243934524759
1.00909183816748
0.881103187594364
0.908771359323447
0.897525045081825
1.02140587618441
0.821779198943242
0.842701320007461
0.946286399216578
0.770433809309759
0.958116499301329
0.944843369652402
0.687915896168945
0.904067677954091
1.01886513156547
0.908929270083643
0.728297908777635
0.95451269451339
0.810128605969792
0.904130364335861
0.877537598692722
0.755267094433687
0.869130067256985
1.06484943462716
0.822171012279025
0.813524753874133
0.981965438118941
0.924989849743028
0.877434396538274
0.931657493671469
0.891512669737197
0.909338984725337
0.909651103722748
1.0423042757279
1.02722532792289
0.83545937862427
0.903183215019585
1.06792314385594
1.07496303841588
1.01858364171003
0.992647043638037
0.940121367845005
0.837989333707195
1.032465468782
0.969013510109312
0.884193568365261
0.815171567522731
1.02992530332281
0.98562200715592
0.78627802712032
0.769676185370088
0.836576132305001
0.97004712367781
0.843830862716075
0.961308247061641
0.832157956033204
1.00472505230735
1.00549539912322
1.08139823928525
0.98594707830717
1.00844926331561
0.994406821720456
0.971748008197412
1.02615028310838
1.03533154803933
0.980333778211558
1.0465759673855
1.25724384062968
1.13187297782835
1.00497482582167
