"x"
-0.950631957001371
-1.01811451355389
-1.14345168802372
-1.10365232599394
-1.04906839601318
-0.998722677250765
-0.928820869735375
-0.90951733903959
-1.05945512984785
-0.964453894521091
-0.947105035792191
-1.1149570246184
-0.928275912483329
-0.845174944369572
-0.798410268587258
-1.02668968613801
-1.07749006799238
-0.910253921023719
-0.99707028365569
-0.801614068514059
-0.837353124494099
-0.881536158553807
-0.96515026582363
-0.974143642932788
-0.861210085620863
-1.10924911199622
-0.984057153407434
-1.12671568883134
-0.952831721389022
-1.01495761404233
-0.93313139671114
-0.841301784665613
-0.955343084844341
-1.01562964315967
-0.871041564494276
-0.978422098485476
-0.900201356180606
-1.07700656084422
-0.854362287208363
-0.908616893758678
-0.964320552392376
-1.05648737779709
-0.950261063544182
-0.959684497729263
-0.887042658948317
-0.925518206704027
-0.879848234939498
-0.681531114775619
-0.870223567354598
-0.961285517858081
-1.00800884656089
-0.895813353257945
-0.828120752222921
-0.821848736927031
-0.900541630552526
-0.920950417958362
-0.833725384479028
-0.8937306095625
-0.909198788913178
-0.774555191214793
-0.880931328993483
-1.02861118447985
-0.894353088409617
-0.850748515865732
-0.903579277816004
-0.855494488800383
-0.796790617476759
-0.898668594133151
-0.847446810815948
-0.968667253966651
-0.695098439566857
-0.745831054592745
-0.99282084274135
-0.908742718009007
-0.795997572429132
-0.859992584269272
-0.951542680203617
-0.735537684459202
-0.887599745018393
-0.779881233788659
-0.849129494684152
-0.760175037931007
-0.964007700994221
-0.75289289993237
-1.03095372775875
-0.812556331101185
-0.998673365197332
-0.819990138907583
-0.75569292653907
-0.746734525800429
-0.782965014991782
-0.816910196996909
-0.824629799050541
-0.810987478517679
-0.7909627470559
-0.78489078981963
-0.764008118942481
-0.681847666421319
-0.911156697620642
-0.729404801590803
-0.743186585540466
-0.814746633180195
-0.602801865264426
-0.689023949852195
-0.771743642157986
-0.780668004692349
-0.723310254438684
-0.694044126012907
-0.828411172319474
-0.733136440169712
-0.592740100201817
-0.835647311142971
-0.855158719581267
-0.766877615698269
-0.84892432685591
-0.84372928578555
-0.778071345267127
-0.758965321532297
-0.604132165067518
-0.770535760163989
-0.6512449878045
-0.895262518904159
-0.829104097882877
-0.843446285046281
-0.829382884252834
-0.683797735712941
-0.859488283441242
-0.729584507974535
-0.811498724093056
-0.66712867709847
-0.695296627924228
-0.738147046474737
-0.664052200854656
-0.849001413889679
-0.741312629381071
-0.758183163379778
-0.675173057787362
-0.800993167588842
-0.653926927729712
-0.663398488194947
-0.63415767354429
-0.594517720651991
-0.892088262079951
-0.544148975760919
-0.652859872612409
-0.786970892881016
-0.759457075233055
-0.68416889700262
-0.668882973278002
-0.641095600691805
-0.577195184091966
-0.584021468307635
-0.64350173012229
-0.764284456901053
-0.732248660878773
-0.624909082271118
-0.693223523642897
-0.610415878615184
-0.672561273215348
-0.670703862124377
-0.774724053673823
-0.622670099099178
-0.669263467072309
-0.563575575433347
-0.583617521966398
-0.741339184422335
-0.742566883054529
-0.621683455290693
-0.743352833187895
-0.740228650924442
-0.578827673410649
-0.643655215512361
-0.527794831752303
-0.675451891328962
-0.711744225141713
-0.625483512404234
-0.715624641083885
-0.618668921771772
-0.815141668687544
-0.643021574258144
-0.73044224553762
-0.615065721601637
-0.658259628381406
-0.685743654464262
-0.675816541191533
-0.61188869362438
-0.635800213587966
-0.579274524117347
-0.613348308713319
-0.736486082856916
-0.649657161530923
-0.731692415807471
-0.511621578733837
-0.634369900984746
-0.656089459331572
-0.615298319446017
-0.656381963110506
-0.576934998232921
-0.623833586412982
-0.685439727408583
-0.701268643460208
-0.513346581000503
-0.575803511345025
-0.510872189106789
-0.671988637378828
-0.648574722796022
-0.386012825098134
-0.591981434897653
-0.4707478008711
-0.32004102733701
-0.504117148063834
-0.535579070663476
-0.64033095294756
-0.524876289577957
-0.624866548986953
-0.513317841420583
-0.346064956884969
-0.507736411626697
-0.700314781588098
-0.709065727883404
-0.632242432763913
-0.579657224936905
-0.412723376076565
-0.800355026090519
-0.676776059782032
-0.613362506710441
-0.437718141767367
-0.502683647883053
-0.374767534930921
-0.552157825114072
-0.651952991845918
-0.650082059353011
-0.611902938679474
-0.596548030904311
-0.543178687927316
-0.457506277557798
-0.712985891501288
-0.452032667192072
-0.552365054526452
-0.463691093654137
-0.518744187561812
-0.564826101656626
-0.501576599870013
-0.591551018382681
-0.586542560732272
-0.352890599330372
-0.532075266647212
-0.427907546658249
-0.406912673703149
-0.64414184152711
-0.389299233189065
-0.477961760671328
-0.415810898276469
-0.387479114950457
-0.624854335821834
-0.49960153150431
-0.497401868755157
-0.496127114539535
-0.467067105874
-0.37972952519719
-0.581390125822602
-0.52473550934567
-0.249248709534171
-0.556871683584865
-0.63011511268452
-0.561843936811625
-0.422305953033655
-0.535277704322181
-0.539760240194942
-0.470335164129712
-0.468562935074884
-0.346958977370557
-0.419970237618283
-0.401971443499327
-0.427967369505495
-0.650549038151589
-0.433390177977189
-0.478121229074329
-0.436868551100115
-0.463866771095049
-0.449914820302404
-0.446099629606566
-0.492763251774833
-0.430354146040125
-0.484058940406461
-0.511487699988677
-0.378803491661294
-0.432084832223858
-0.347895590443911
-0.627583885902445
-0.467728110556404
-0.40583056770155
-0.59149920862063
-0.460006163074411
-0.377039425179946
-0.436815893945408
-0.432265587202875
-0.438247639171025
-0.342822344628376
-0.542618197271469
-0.448262340851925
-0.456944401700227
-0.337190725937365
-0.408105401216979
-0.239757767632042
-0.364774956608069
-0.556932736430443
-0.193450113591603
-0.32284470254167
-0.312451963856116
-0.356065404932185
-0.332107669167712
-0.388703833576665
-0.21747597129327
-0.4042676053094
-0.355660037460099
-0.332473681170231
-0.196684936794192
-0.464154782789859
-0.415538396588499
-0.307177194136611
-0.359155147747163
-0.306952638295545
-0.410434919971035
-0.408501532245455
-0.408994832945883
-0.189566132000817
-0.281877025545891
-0.376921563986676
-0.476848027863096
-0.173817393694545
-0.206727758432705
-0.289316286246526
-0.305235702031446
-0.282529451720243
-0.35416949746947
-0.288743274584361
-0.239657432147625
-0.316265446306902
-0.241117769786541
-0.293953196549734
-0.25725983839842
-0.357707706826152
-0.23475720844966
-0.34369549145206
-0.351161070037963
-0.299097486393464
-0.374442941078915
-0.280200458153504
-0.41087265071933
-0.1889236827616
-0.292993663847763
-0.300058766113792
-0.156041660333065
-0.414353976047852
-0.286470692530695
-0.259238381123611
-0.31449913120232
-0.24795256047082
-0.25610561711816
-0.246328890640072
-0.351606805651458
-0.273718882020494
-0.139908194127514
-0.19490532598233
-0.285527323709593
-0.31651676150659
-0.230134753965057
-0.22123845486913
-0.293322536184372
-0.228886449651859
-0.285162183018717
-0.152239777868017
-0.145015840196238
-0.285604865574049
-0.291861220993403
-0.163884723495129
-0.334379729714379
-0.175210037343412
-0.243186869306343
-0.21945819206555
-0.299772132763122
-0.169630331621841
-0.197982377580769
-0.196068200921367
-0.278972553844387
-0.306858814915989
-0.251318119815591
-0.25203046775155
-0.17281549323184
-0.302052331857941
-0.141286290190726
-0.220948062111447
-0.294951274513198
-0.281491236742724
-0.236192689074283
-0.0523698641496722
-0.312892143465381
-0.255867877165981
-0.0161945308090664
-0.139248124198292
-0.318905805000755
-0.0606047901158024
-0.166459804595754
-0.272202279291615
-0.279659164608185
0.0192577371620223
-0.314015959119728
-0.221498313776274
-0.0966936801011071
-0.188344649170224
-0.116534149606219
-0.189024182380339
-0.173744540615161
-0.127064730259698
-0.14316284636666
0.113255654933467
-0.0146518253431883
-0.0756475460901056
-0.175599781676279
-0.138239630526871
-0.150489392483326
-0.148915927187544
-0.139510466781381
-0.142392633940858
-0.192425648596354
-0.0046390107112609
-0.0259081853600871
-0.0529581886352712
-0.193449182481282
-0.222578887246487
-0.172009489282808
-0.081996083086987
-0.0654989679036464
-0.114742467676003
-0.135667142810358
0.0566440680751544
-0.0662076464412049
-0.121625474542727
-0.108693072538114
-0.105235152502981
-0.231257059268768
-0.249972181729938
-0.205455375370685
-0.171587754633123
-0.194378673050306
-0.155656184389194
-0.294272593229598
-0.220707253265114
-0.133783536972808
0.0737967372074798
-0.0498285319704414
-0.026862522980706
-0.106889717350259
-0.0397161947815506
-0.130537023474151
0.0134657866207788
-0.117642124665874
-0.127096174994021
-0.170135372490029
-0.0999808868742002
-0.0189323868730313
-0.0824996961563268
-0.0447321497222535
-0.150311471884473
-0.172135170169518
-0.128878584648731
-0.0231869259139347
-0.0124291262550751
0.0204955166186133
-0.0877504392617146
-0.108420136707045
-0.0225537375357844
-0.0116264849170658
-0.325138250490004
-0.125950313483281
-0.236447066661629
0.0303948604448843
-0.0624099177282466
-0.0355171880375069
-0.00763631967665678
-0.102454534783225
0.0495671422320791
0.0222473647511972
-0.0367520453034923
-0.0207543463938033
-0.167708969151928
-0.0155202452271384
-0.0860992286111922
-0.186321879727713
0.0084748531799952
0.132857780496026
-0.0133097236548101
-0.147166671730906
0.0670468874637882
-0.114586898712502
-0.170378412668055
0.0491573688367938
0.0108189978655377
0.0254181920012239
-0.0520999496237795
-0.0336012182528937
0.0215421505331994
-0.034830289066535
-0.0593634690578653
0.233934438993651
-0.154009813642346
-0.0540487860105419
-0.0568308593811703
0.072050703284972
0.0275861232402914
-0.0581487381164869
0.00645390458208988
-0.135712320811022
-0.0183038354620495
-0.0206771781420046
0.0588214126393641
-0.0371145375530658
-0.0110793816465548
0.174924262631768
-0.0929181484073934
-0.0447240138516637
0.0356691658078259
-0.0689723825415305
0.00376937471639437
-0.042213723235242
0.179275777235879
0.0824686690827685
0.0754368132342549
0.19593348503169
0.051596271061352
0.0341798302896651
0.144897557976438
0.156608670357558
0.114567544857076
0.211257015727053
0.105922532032711
0.0424682490994993
0.169496174967073
0.0996829967205449
-0.05899946413982
0.123297344784116
0.0750439094834086
0.0726150890830193
0.00422908765636692
0.105751800654331
0.0770789246983719
0.132443677580438
-0.00182071504740644
0.0976722445269292
-0.0146040122176324
0.200456918212897
0.103511717416162
0.124862063604284
0.192743673085709
0.0445597343446333
0.130318334011143
0.140464669046938
0.127790129539865
0.208931151968234
-0.0100091531136974
0.036215314086147
0.0705114873883586
0.0538548108840423
0.369839758721523
0.268050492581101
0.238294405852805
0.0401111026083102
0.186537074768651
0.0134321777383561
0.154647076265517
0.228838271243873
-0.0011057132913483
-0.0151820193153036
0.0929390872847746
0.1916852364099
0.15845263294737
0.13637671710029
0.207668299877659
0.254134733677678
0.174626574611979
0.220750151346212
0.0791050944544662
0.204151209618844
0.0846923984841674
-0.00532038665769079
0.118056466978274
0.0985197939880299
0.188263844861772
0.278983100160809
0.213884722523798
0.195095739714872
0.258417108859082
0.179461479034622
0.176775336081021
0.204262149683893
0.236752359916101
0.197331604626156
0.140795445945317
0.0987796250539465
0.20203210573138
0.241630991371388
0.194870320674642
0.355895363210324
0.236395125534544
0.0251678329426022
0.230808651009469
0.221140624124413
0.367273123004014
0.147761510874909
0.236002559574531
0.245104109625461
0.16087583108868
0.374863904380753
0.266904712016042
0.230011144844026
0.267105292889909
0.143542853811061
0.300653247736418
0.45576406509925
0.3473307722557
0.140926571883337
0.251436978477336
0.227556790504306
0.310586628579449
0.294226193613243
0.396306563268901
0.169586873281386
0.302757857448401
0.34097529979781
0.216408441325273
0.206362054207552
0.270942873813602
0.320904018122131
0.25605636759899
0.406075114140541
0.290043448337231
0.446852970220669
0.24992934258387
0.273650681314207
0.282850434780996
0.266571867105276
0.218631824396034
0.237123392571129
0.206287859172138
0.369394426665417
0.413768987142767
0.348464846426917
0.248926047260735
0.438506826699339
0.527478409900636
0.406195273169561
0.37240500604598
0.361448678273537
0.0759106122520519
0.349918475713725
0.386257855516374
0.17307666894137
0.43937099132255
0.32514714638966
0.349527166169195
0.382458823035966
0.299828570994298
0.419669620847574
0.298143256056605
0.349758011079417
0.293381711034901
0.284959256945435
0.38769184175614
0.311538870876706
0.377267344689929
0.361354613571102
0.258717765118168
0.421925483123637
0.324400729223934
0.25285627248379
0.327594626938745
0.362200689324639
0.385350958946904
0.471786182190682
0.311340578732045
0.36941442683557
0.376788519166845
0.492250276284769
0.439861916646637
0.399791773383657
0.38746388133813
0.42520139389452
0.34891986795185
0.381901688012842
0.477935092563375
0.303562435987868
0.471343320278268
0.393207797251177
0.402074681983163
0.34651656542648
0.363839963330215
0.469776663017717
0.423134975432732
0.484788723290992
0.32985927860915
0.264892158099857
0.371243019705
0.605115340446518
0.388054045787092
0.582263342340503
0.339475872417956
0.286574895901565
0.332104726059047
0.445919062531482
0.431294587757541
0.399327259427924
0.344066700265326
0.473743324255523
0.443601739561771
0.63230604050015
0.459247819127289
0.506315185101479
0.469012757410754
0.390293918369012
0.514312102631712
0.441688060711318
0.366145722829351
0.551329726971825
0.639417769402657
0.283915237052042
0.515729125553369
0.451891609159325
0.610059366428578
0.329566254290174
0.420041980968148
0.539756257570747
0.457652124731603
0.536792266313914
0.512698180880007
0.382421633331202
0.561926585140179
0.527969841835992
0.544475381005081
0.275833113904272
0.448539231112395
0.413403228838565
0.328891241741491
0.565987105147913
0.412388029146854
0.483394877119093
0.545038488911075
0.419205392089938
0.358551202549207
0.588926189242
0.460552942347502
0.38803792601973
0.546892418343602
0.486708655876938
0.498728297946939
0.331251057188875
0.471700671274042
0.577062520898852
0.475495558773736
0.557664312105202
0.510714906109578
0.459718172531738
0.448462842424174
0.558115304524904
0.435990871251584
0.545945010894204
0.544921814083849
0.583742853332302
0.492879006317258
0.481127854308997
0.492344025862133
0.39535319203154
0.525311886905713
0.55477904058761
0.659885974689615
0.641920383804382
0.580454328679825
0.368517602150307
0.578459696631624
0.503333504093098
0.603136047907722
0.504740794353562
0.474922848052317
0.576047993036571
0.563454272288841
0.455733626014289
0.558840134069551
0.521298999080573
0.635320769940783
0.548606957520327
0.456907108522168
0.730330582497467
0.614655787817541
0.621746769858086
0.546946913286279
0.635431925285594
0.525849744330246
0.595053470026987
0.447697442813952
0.647071948132141
0.557908039803929
0.563301660613905
0.649331688398119
0.773075157205918
0.639472080427982
0.724799583662753
0.56235923162026
0.585620417182499
0.676670922527011
0.656765378276489
0.751232008862828
0.713653997686387
0.614290114654619
0.638208752895969
0.704533470805739
0.503441242543381
0.663499831070102
0.56190917320138
0.588117672054514
0.536086002759154
0.54638148667124
0.635771505546672
0.514512233118725
0.643131390541622
0.793958106255201
0.577730768084495
0.750908358171768
0.737884719774549
0.68644397650893
0.678802054641565
0.620976970407931
0.589955257180532
0.661438743113233
0.829645668135217
0.646739178863586
0.555958942768497
0.715511674430878
0.573309778325576
0.517271411128422
0.646479372252978
0.604477706992572
0.77595816847642
0.704814151684752
0.631579467505942
0.532614313403678
0.620732431266657
0.706509110053944
0.662126475836635
0.760446967888061
0.684316691707962
0.733931800213067
0.876649547655279
0.84416219479824
0.564496538835609
0.79050067858266
0.717046836173837
0.798899186647592
0.62738818383794
0.721435670685961
0.773187663826342
0.735142897543915
0.780055894033212
0.722215720469532
0.687080074064955
0.720498349607048
0.762737044150365
0.689743456098025
0.687048337204937
0.720893705608048
0.644057791572094
0.725102502746769
0.749959750103611
0.67383011792718
0.691260064636295
0.665390886550464
0.842297022380424
0.693347117703964
0.648680416652537
0.72330277838759
0.61422914950851
0.689448814420871
0.754613327500954
0.733370430423657
0.776589654084068
0.621777601691771
0.647471461449767
0.643801155388682
0.782707711195567
0.732352056735724
0.877331227582507
0.759965913550127
0.754928219815716
0.884780976046463
0.68411885298719
0.744412155531161
0.777761348031764
0.787223134922208
0.783050436830093
0.876385717207371
0.759175699409122
0.813321299811045
0.740695725106316
0.806978636388086
0.994126763196924
0.916647474455384
0.831485837085745
0.844023028499703
0.935041371851318
0.786105900495538
0.808481730533151
0.814751714054958
0.821979746278562
0.957597601014918
0.787279621920419
0.798257057498593
0.815539340434038
1.02191164857398
0.657317042657802
0.830318201275932
0.785588773138776
0.862695179332924
0.82805051855365
0.837190465233669
0.77000493356999
0.914606774813895
0.611965442172481
0.924205175361018
0.851552810797656
0.65586579767724
0.89352766720861
0.918582639163779
0.953303415329048
0.861140396580522
0.942747510208166
0.777690909002152
0.801571071794818
0.868192835818443
0.974316557871981
0.896846978948244
0.835076063912103
1.00183689551281
0.832627171753228
0.767813143467607
0.974933716266453
0.954468872736518
0.830886954692759
0.814628519739168
0.898411036440724
0.969966318665126
0.942689125648671
0.98492327579299
0.991761612806622
1.00519561906936
0.921221195265255
0.815630618474117
0.912839019684514
0.941411154764231
1.0550086161101
0.934379583842645
0.931318200191326
0.986797679871539
0.924533911232051
1.00989695488564
1.05601758872811
0.923234724109741
0.875780282250678
0.831120078484226
1.01855542105028
0.941156129798816
0.928314820183774
0.906214922024348
1.07378974481714
0.96778145211228
0.959377173861649
0.924767136681871
0.946359041469677
0.860887023401146
0.928463988946304
1.05664357653371
1.03436740125558
0.842132361589724
1.07033975884572
0.984946908850236
0.825530522351351
0.919780517410505
0.940799744183797
1.12420855119015
0.967723253781747
1.08566280562249
1.02971867024502
0.906720971956427
0.774809691494636
0.993129506466467
1.12441248771785
1.10939145431511
1.09256600257141
0.944730859152441
1.07139147237474
1.03156503282526
0.99529047756524
