"x"
-0.926610026592524
-0.837949664438869
-1.10122888618169
-0.851634616132733
-0.897130631282828
-1.06278901949927
-1.11945280987723
-0.954516067147513
-0.956317369717812
-0.913080523887451
-0.996762273262889
-0.976218013385631
-0.953566808197729
-1.186468086035
-1.02686629145155
-0.992682570819165
-0.978366416859795
-1.01917757151907
-1.01860493312674
-1.02608826362813
-0.985161415880491
-0.861871092097062
-0.977451370255919
-0.866522681472845
-1.00636959722932
-0.937680873511102
-1.06413613834259
-1.01263141009111
-0.976927397149498
-0.8895875835445
-0.960415010918085
-0.800518716064359
-0.855530962844854
-0.897042801647267
-0.798329191117032
-0.883369212573395
-0.727553952860235
-0.999637098429359
-0.871027860216982
-0.882498597949337
-0.89630342749318
-0.858872598916938
-0.868376198449756
-0.880409891084615
-0.812311235226632
-0.840700832057431
-0.920185080687778
-0.945748785564203
-1.00581403622755
-0.798592720122071
-0.870405987359313
-0.881951665025905
-0.739341407842413
-0.866999544423326
-0.825268211958712
-0.978352327309294
-0.863566464559824
-1.00609573155931
-0.846094375684127
-0.881119816451173
-0.786887369176323
-0.936135631455744
-0.817593006126686
-0.918023778339381
-0.946843538606232
-0.932066722869024
-0.814673815051126
-0.92319366716985
-0.908377311556742
-0.893064953069859
-0.785607322475386
-0.824350658047198
-0.962960799968631
-0.804870253764334
-0.737724852636577
-0.851956044193518
-0.801837383783471
-0.766147439613446
-0.688653786229824
-0.862870477109374
-0.822989071826591
-0.68750049503488
-0.9236617165339
-0.774421525790332
-0.808835513678131
-0.86674344008104
-0.857694473223246
-0.866665160287906
-0.837380282711304
-0.844563952772755
-0.737935047219249
-0.894857515026254
-0.884383249694856
-0.736937715226088
-0.877660356511315
-0.739672857778766
-0.753497388587669
-0.662772305834165
-0.766060476963666
-0.871300667538758
-0.816516655199045
-1.0512266973367
-0.720478328907199
-0.77752031095157
-0.543576006711721
-0.770092915271714
-0.838067884558711
-0.818816594957844
-0.747853330177398
-0.799274067233953
-0.725100052464072
-0.779818398487472
-0.773236515210755
-0.679875289750628
-0.824596943264956
-0.812478722869108
-0.743183819175522
-0.756685000071318
-0.656797705441109
-0.840004584185812
-0.624469818872941
-0.827936587357188
-0.899202821171717
-0.682224678036201
-0.879890242495652
-0.767445101237059
-0.828621871313848
-0.588175191552604
-0.856712345905347
-0.658466712000391
-0.694056487967572
-0.695998671437421
-0.703512283768502
-0.679217169401464
-0.708902212832516
-0.680886347475959
-0.71790446618044
-0.784527958795565
-0.706072268069694
-0.866130728190492
-0.769465800965901
-0.762972832320142
-0.701295561647486
-0.783245801976381
-0.71695512042461
-0.425437536563779
-0.672466326171342
-0.745699704517211
-0.786203090969024
-0.691108849050947
-0.771454682118544
-0.64810331607156
-0.772402691419835
-0.681159241996964
-0.743546247965538
-0.681057771391006
-0.739793717682868
-0.7081918920461
-0.793400061341686
-0.764951310233961
-0.768902639870721
-0.744500865480555
-0.575497677821924
-0.628736521886404
-0.55500874228902
-0.761651667896148
-0.603749742010211
-0.661819068979202
-0.635488422110835
-0.658431943797582
-0.645125710735256
-0.698643014212332
-0.663698655631766
-0.72815602441451
-0.725748355414277
-0.63535159821911
-0.673873737508708
-0.600533309583582
-0.729000501205028
-0.670312053215815
-0.773888437277762
-0.634852439964517
-0.688342587596396
-0.55181201452511
-0.687158582592262
-0.649805096088232
-0.598729429633428
-0.50521389577314
-0.667412987802216
-0.569244754726808
-0.57821544616334
-0.494128256538159
-0.632227920026505
-0.461048594562898
-0.703880008331732
-0.564291662220533
-0.631419450304831
-0.70640692585144
-0.531881113756047
-0.536323972473221
-0.577810681376848
-0.534227903849514
-0.675530595412804
-0.586682564525113
-0.632746254046789
-0.678357720877403
-0.522943066753899
-0.675455714185149
-0.688151111961188
-0.556411337668041
-0.558423728848445
-0.583280831558224
-0.45815867663655
-0.52869224040806
-0.555571436533988
-0.461633010746879
-0.603850351778482
-0.508983670344447
-0.611513502399682
-0.480306058977249
-0.678863682030546
-0.555929111491681
-0.666381373945608
-0.472639997474883
-0.524661204283458
-0.57519596839086
-0.590026170221155
-0.505325171872475
-0.601825149803125
-0.560172323704372
-0.572990077927929
-0.495996242729669
-0.392387270163944
-0.541564905969015
-0.530344695608599
-0.52846679934089
-0.430409758307012
-0.493897183787192
-0.514912041941139
-0.462220016125548
-0.485231505687364
-0.557085089651959
-0.513779089859201
-0.650193869849821
-0.547136066431529
-0.471207127133557
-0.564212562528322
-0.478296348809759
-0.557861756995272
-0.422881769961052
-0.532306906413876
-0.445056038258793
-0.404990594419103
-0.337219349739256
-0.590218457442351
-0.406371777270501
-0.520182613839631
-0.571278046560067
-0.466028399093047
-0.443365674273817
-0.511902847588816
-0.489016837752015
-0.327686934440469
-0.639339058154532
-0.551310957071874
-0.478374317993635
-0.539983086022481
-0.410989873392031
-0.492426815706749
-0.381025456611483
-0.389786341352372
-0.519796918529816
-0.558039957626948
-0.365859131414346
-0.401759857958796
-0.51313339357718
-0.453497851023234
-0.399624968174466
-0.336823587444816
-0.483943913144401
-0.43507015407721
-0.288674716533354
-0.421465889511119
-0.407512539023078
-0.443806121095411
-0.427799408137112
-0.465851324235346
-0.474988001478163
-0.513540966644219
-0.425058215552686
-0.568522139544116
-0.418421289481612
-0.280726258494287
-0.517893395307672
-0.421883772710434
-0.434157264104357
-0.507905074855027
-0.285709724139504
-0.486170868130314
-0.402196158393948
-0.414978425734627
-0.473704670791723
-0.489427891589764
-0.339661801476351
-0.424390464821103
-0.405785973445204
-0.494313597426099
-0.448354709085424
-0.391808740922724
-0.531362687504675
-0.428852791582785
-0.367837447544761
-0.472482575944179
-0.394030693872118
-0.604565705313774
-0.334024366363778
-0.269704778084398
-0.319256233844002
-0.360039866435316
-0.464696113436631
-0.33195475044923
-0.32602246217289
-0.445666813751413
-0.261466232932067
-0.440125877533189
-0.373889348445983
-0.443705301631476
-0.342018491498159
-0.206796255062742
-0.265640537049118
-0.345466245408014
-0.347641472903092
-0.343826740909046
-0.406313782255951
-0.247687344488854
-0.391278215498704
-0.302715003332093
-0.276252347764622
-0.358092724202162
-0.322339156730301
-0.30100576909097
-0.374985642466867
-0.249365332964932
-0.203934755060161
-0.281189335014824
-0.383875472144236
-0.179392219141261
-0.258264583446336
-0.407135484088835
-0.331445367174983
-0.269152561473612
-0.340570784961597
-0.353511172561063
-0.341538897526499
-0.163340274062028
-0.202107333462099
-0.170972386005527
-0.14800425082307
-0.21056232943097
-0.48722769195428
-0.33684833530523
-0.205206721449524
-0.301785710677527
-0.29115761589203
-0.303682793572611
-0.297140034519144
-0.290641587100161
-0.110629484704274
-0.173783137719159
-0.21993532969312
-0.427829474802131
-0.241734434208691
-0.14772715225273
-0.236695010531489
-0.383185839521904
-0.244932051362848
-0.42112334662975
-0.184918485554035
-0.267050134627621
-0.085237520331252
-0.117431500440444
-0.165461427116005
-0.245459344461924
-0.231063924666
-0.258083086690965
-0.30542413453165
-0.205928233859077
-0.15270954459689
-0.0995842923041016
-0.269812174363879
-0.15879735459264
-0.202419294660014
0.00330334090903251
-0.333475081033896
-0.129059196654877
-0.235497388257453
-0.101986519580662
-0.10200545338301
-0.202144332305447
-0.0566251082000015
-0.219346560733954
-0.306979052802622
-0.264480263640948
-0.0920785670164317
-0.155057946809517
-0.0928835029780809
-0.145162855321967
-0.13308687034877
-0.349452197215533
-0.229625701836944
-0.253501216180352
-0.23495946889145
-0.0814311861251027
-0.120097181550616
-0.233331349693411
-0.0710366396455179
-0.111216545721862
-0.0823476612496434
-0.196497904351845
-0.14996854586731
-0.198466546787536
-0.306908198153067
-0.249603000045278
-0.180191460606653
-0.322617404743566
-0.130591878809878
-0.082139665488723
-0.122480709040453
-0.0630327676888006
-0.126601178083007
-0.189818929665349
-0.108946545592542
-0.168554147729814
-0.0681899127668265
-0.20402329743092
-0.115191864838935
-0.0466754938111913
-0.1872945087941
-0.146582352466075
-0.0540732184337418
-0.146882245320713
-0.119654233693363
-0.130506394576126
-0.0428354942145785
-0.0561493785436497
-0.09790292553194
-0.212730042720736
-0.0300342934465024
-0.0627116793292812
0.00749766624462125
-0.112470261505031
-0.0346228044568413
-0.0953756259953453
-0.0781762603664608
-0.139228248129181
-0.12761639562049
-0.213501365554999
0.0789696331251243
-0.0544288738708601
-0.00357520214579958
-0.128170802780964
-0.010195084996252
0.0981152707051619
-0.0272471972856344
-0.0643101973951718
0.0171979442612834
0.0457890005267717
-0.101410565700971
-0.152546185835984
-0.0392333854151185
-0.200350664407914
-0.0171686250754167
-0.117038009849329
-0.0431866485446016
-0.01069418389845
-0.0390131934534978
-0.0228286677432685
0.12821308036657
0.0480551259068418
-0.0774689095008238
-0.0612158811821641
-0.0188044450315638
-0.110125847141493
0.0129894677847696
-0.114133151959969
-0.102616223321054
-0.00609621027899324
-0.125490682919417
-0.0570569832379563
-0.165650186687568
0.0340237160302271
-0.0520930622202672
-0.0433024918156218
0.0180285552564272
0.077883520865785
-0.0748950734379531
0.0115223620057355
0.00824753401549861
-0.0420872291898511
0.0540606501933379
-0.0948520381720359
-0.0676161253116934
0.0327920696681821
-0.0235307913142745
0.0250571804826512
0.0399809803145318
-0.0461344407478552
0.00645798029954274
0.233497405307685
0.0310985061687772
0.0115966379151876
0.0736635675450182
0.0244535887969395
0.0525553263458428
-0.0843555013758299
0.106257805882981
-0.0400405947365808
0.0492415649643604
-0.0728283143025626
-0.0716343678615595
-0.0287493418200832
0.0996263350682148
0.298510726013485
0.0350009728126811
0.0976225320042443
0.0125431131304662
0.0425100843332031
0.173184182495818
0.118239460733386
0.0347545332821298
-0.0278960070639362
0.171832973243555
0.0168414940645315
0.200868095548649
0.0733313679479925
0.19879143364811
0.205759113186154
0.0570928946714439
0.0473662779258127
0.087307932805366
0.0827921282394301
0.0212638744654267
0.162197918069538
0.156780159363281
0.141132371006485
0.0533693868024924
0.120814988104116
0.00922042226133271
-0.0580667929176397
0.0980298012974865
0.138046195019357
0.0654553381222412
0.102681527833951
0.207758949081672
0.146664159628417
0.0897346738467277
0.142919458325527
0.101052746354501
-0.0221046152296701
0.165028428495463
0.122167883331258
0.187144876877326
0.0168331437631126
0.166516073220076
0.325783430382297
0.0609610308703943
0.139248810405699
-0.0250382191182487
0.101821230838612
0.149092089715143
0.126276631562339
0.1413407500515
0.267081622751611
0.0849363739190011
0.158019127806292
0.164461068676024
0.217063260002484
0.14343859457585
0.112081201927717
0.267723080464755
0.0663224378821328
0.244322225676541
0.200351851792802
0.111969035223819
0.171134482639412
0.317151109613083
0.252107732061208
0.228720678960427
0.102765064690335
0.174776494471832
0.0716804592076056
0.111975766027762
0.119684967989459
0.202967349119499
0.222120460512196
0.218692613078624
0.136247917644126
0.256024120693254
0.243067858714152
0.204224698201639
0.288500607100222
0.194175583482147
0.189984942676432
0.142214268433227
0.209500467027258
0.189319049063626
0.246327411895949
0.308240037335788
0.209835837267505
0.113963803458111
0.208085505763807
0.172874275224209
0.199537706938696
0.218748600366097
0.27079944568164
0.160828346979938
0.215928339471754
0.120701681976103
0.177922965941466
0.248672890010358
0.184497233908274
0.224619378861297
0.274142304649779
0.383174326668721
0.477238979617386
0.261296241511994
0.20930128511234
0.207524535882297
0.232499173310306
0.227030545520962
0.215569370925829
0.161622505150083
0.320434334150564
0.13649200100576
0.368380745517204
0.413864462360211
0.170285737635041
0.244599848504619
0.149375209119138
0.395610210331053
0.245584821003807
0.18113798236218
0.287837693743116
0.311964641313428
0.156167484962206
0.292050535329568
0.33709294217214
0.397296571518083
0.162708014056787
0.34345437333898
0.437990898430801
0.282086689581136
0.254775293058199
0.374727973087547
0.157049126237238
0.409343107341966
0.389116977946809
0.343467940984479
0.486921603963225
0.420524545008192
0.275370479945814
0.310689920207822
0.337852929925187
0.197372719723058
0.377177990392453
0.212022813551884
0.258548399927312
0.365310376494263
0.317385463327484
0.260268843543497
0.402265761387957
0.548892672693533
0.463056244145166
0.276472168152856
0.222735908793982
0.450806231044266
0.369149209178854
0.326748290832345
0.306747716943624
0.399959527929461
0.386016354758407
0.416187443863745
0.342633516449526
0.261592980341163
0.394799304560192
0.403880062583687
0.358044023785326
0.318353283602987
0.446404935024435
0.368789749453438
0.428189810831629
0.328898312409378
0.446800980772992
0.269985524539995
0.355509946962782
0.25159031880907
0.220948328857142
0.454360631205054
0.426296386938583
0.416338792233806
0.329613118142573
0.399962481281403
0.460019542955408
0.524478257758283
0.412970559935466
0.369387806254928
0.447866929036267
0.407303027377299
0.487908218466105
0.458494895299592
0.348134482762306
0.600246008593063
0.44369960059233
0.579359483214158
0.522592487916694
0.493367243310664
0.52461738539324
0.423141797917239
0.479508060954461
0.53771140053191
0.491971090951079
0.401307853126956
0.511859628651844
0.480898595567184
0.475857226066254
0.422184805841019
0.390536535786992
0.308177550684386
0.319528023969287
0.415291972628048
0.389783353877604
0.428783627757761
0.417993902500418
0.51274921665577
0.418632232659822
0.469300631133627
0.46393972130611
0.501461434704597
0.51407011082251
0.533098576945525
0.377940143251404
0.585124006427896
0.517444181837777
0.383213425990461
0.381817956193794
0.389411202710576
0.52803861594585
0.342868343943818
0.596112327127197
0.558818466438807
0.443657720457749
0.5305944012333
0.62014749907112
0.525328629830643
0.579272713189316
0.591597023520686
0.416637677556654
0.414485520696242
0.534368780542893
0.576185380366085
0.420056947630202
0.385548783738492
0.610536912654568
0.567778933126885
0.533400254515987
0.57535227594596
0.586335877198641
0.51357939396991
0.505274404748435
0.595277333410422
0.476139928209146
0.596316306172152
0.557570067622384
0.405099236340856
0.658735520256117
0.578808233476067
0.641267852306893
0.459554291802205
0.496405923056302
0.472641230754228
0.659962525596654
0.507792767413653
0.600821545612954
0.613230862180373
0.516445469471116
0.626256695079226
0.633260630636261
0.619171746676699
0.692729263836938
0.605202812413467
0.711952082334579
0.524768317528519
0.584297266281678
0.372449817607235
0.545287403471979
0.514207267844623
0.518241518277432
0.63674088042999
0.580045261733485
0.664573399432983
0.510266109049259
0.462732585970214
0.600273662869386
0.777786407452706
0.666687079597241
0.630252320158615
0.452227253789534
0.599722121995474
0.621985604006046
0.574859790636458
0.711160526187559
0.636561134232886
0.482746609550049
0.617831160243303
0.660569222215077
0.583567196833963
0.685113942010198
0.775325856448488
0.429180208775391
0.769391591002172
0.550504210970467
0.731466127980231
0.455738864797706
0.590217955010724
0.690763940687522
0.650159286596073
0.509811761920206
0.632603949674657
0.567953105194778
0.692053303513338
0.702735785461507
0.70053221500929
0.569271619972952
0.816914880113534
0.756713993713247
0.531485695246407
0.657387298579745
0.820137470433365
0.776086814845987
0.621051877909665
0.816824958406421
0.574370418488372
0.643844264805367
0.726320456807476
0.623645272433674
0.663533764271057
0.759452006850499
0.703313992246969
0.754379964425816
0.651763183051705
0.650783594812068
0.736922614085277
0.609411556983964
0.748175145247171
0.62695285533513
0.78235654790717
0.675387535582693
0.755225840546564
0.521485059560969
0.836193777314932
0.745815454079979
0.745885138535616
0.71403679325878
0.74551107068096
0.642889011137359
0.709129196404514
0.809680128992365
0.80582452900306
0.731763103718992
0.671834279681155
0.558307041046063
0.578621863543854
0.800790774062699
0.779284855786631
0.703980816944507
0.792632459997925
0.721551859933156
0.680893924706374
0.823913632116051
0.874512163387217
0.715333124377288
0.756796256148201
0.775202565989089
0.716895039826646
0.788632849147332
0.808129542949868
0.837647765601784
0.867936495133019
0.794663089906506
0.770007001246966
0.609357103174201
0.823546218517541
0.528528502302653
0.876844875103809
0.840858115369614
0.879699581648236
0.787320247154535
0.678271598573312
0.768235375758393
0.77393255015016
0.749157043833019
0.778960853171845
0.858093600554793
0.773681428420895
0.750250833718468
0.637696051870336
0.978407066233538
0.71271458269029
0.822128828326968
0.741292256977816
0.795611728909951
0.864627245147794
0.963568352697457
0.871729766762872
0.734373076292951
0.886157372460284
0.747000764078901
0.747036283832393
0.81527019756492
0.818868893695109
0.767425506936425
0.878612866618959
0.784261141212598
0.940507516336003
0.757516411555404
0.931264544193042
0.922627922799016
0.720639108288541
1.01689936129097
0.798976016735924
0.889992490253979
0.793667443264679
0.834158708569358
0.911705014893523
0.826522312473127
0.828064389954302
0.908353146676304
0.846497246409671
0.915817117050142
0.925535630984177
0.902213380744699
0.917522388418913
0.865003184095668
0.876955810580716
0.842891594845863
0.911164371511354
0.835403748695081
0.747776281023623
0.890414475257195
0.904139110527912
0.975078494896611
0.717493902366981
0.86421161958125
0.922920176520625
0.809184175452712
0.736607826950775
0.766353882789237
0.792303048864447
0.85642383650733
0.804052187654161
0.874180021488162
0.88869450652572
0.964108129831622
1.00800677578678
1.00913839688233
0.776524015191576
1.00107399617679
1.02978464944274
0.974987939025949
0.896970477396538
1.07156320214418
0.969922301366282
0.882047469352718
0.982829841325995
0.919284792631192
1.08890326605656
1.00631382334543
1.01217884953817
0.785903568669091
0.935020963583072
0.996765261133416
1.07775484070309
0.971531394795972
0.985611505304898
0.894508783071108
0.939159852731112
1.05051515750493
1.08643524799296
0.991125382095482
0.993519505230098
1.04533441045546
1.10703562228623
1.04929776419928
1.0564975357767
0.94509723164724
1.01263067227936
1.05468851776154
0.992821137452042
0.904251020954701
0.996176594092339
