"x"
-1.11579138318975
-1.01941978908345
-1.0422405317868
-0.997823453601502
-0.922312358519551
-1.0084968111665
-0.89876397594099
-0.949691475709699
-1.08301215222621
-1.09741385583454
-1.01061600501609
-0.971808107972798
-0.916403264382969
-1.05036766089898
-0.911423457989579
-0.975535516764758
-0.915679352946556
-0.983620645992089
-1.00480678750442
-0.912398026179611
-1.08229997878582
-0.992806175443332
-0.894060092947046
-0.869873466366229
-1.01201171419079
-0.893124336241905
-0.908937858999438
-1.03792622991106
-0.965192815442184
-0.929739391805982
-1.06598037282191
-0.853468548186363
-0.916646636877772
-0.811985237251975
-0.836337644278503
-0.893148681603307
-0.804969770543452
-0.902281314140248
-0.881931160660837
-0.974250957592269
-0.878607499125525
-1.07487246221505
-1.09377623307728
-0.964518120770984
-0.839934551422977
-0.943936811422008
-1.00235369641539
-0.859398780526149
-0.790099045279243
-0.897224856298863
-0.875994937835282
-0.871789375525718
-0.84277311469228
-0.855324709563122
-0.855642660249233
-0.849944501635435
-0.90745664727302
-0.822284050780308
-0.977271340748128
-0.934051210105752
-0.862308729732106
-0.884580111890459
-0.889841194128196
-0.834053853701466
-0.876465378643389
-0.957733007694492
-0.922456001614731
-0.830719852461689
-0.905647306589867
-1.03419389264853
-0.972157833815507
-0.892093627546236
-0.969512608240122
-0.800563009961911
-0.832908551488943
-0.852805635851324
-0.898978748614116
-0.878757780581428
-0.862362949064784
-0.684063238891636
-0.871580790259724
-0.832232732879003
-0.823023105455417
-0.847272317940197
-0.908833729026636
-0.830680515527277
-0.777940308405383
-0.886220066990402
-0.784437117506537
-0.920490580111452
-0.795812522360537
-0.713573422314917
-0.856319634039954
-0.82458399854355
-0.773846012645993
-0.85916496032983
-0.856199732189496
-0.721995407938808
-0.763912251420525
-0.703480253258715
-0.84276694967014
-0.766327149689737
-0.734179558462066
-0.689779563614595
-0.723825050949555
-0.903095854672148
-0.63727638025633
-0.697984144780117
-0.744633706393395
-0.80513009195182
-0.852072685937297
-0.865802999197188
-0.774844171018621
-0.808764443951712
-0.842941289321631
-0.835061853337068
-0.892885579926242
-0.594893766725341
-0.792644685836676
-0.747777113478191
-0.7610808462279
-0.876697835807209
-0.818781732921228
-0.583604490123351
-0.488737743089548
-0.672337425868904
-0.737845288224903
-0.747166710447042
-0.755390113797045
-0.806745107016025
-0.761428458237883
-0.724007840054593
-0.748203980937924
-0.710685313490933
-0.643015832021191
-0.78134509328348
-0.799421270060045
-0.846734044705396
-0.560308047618666
-0.671198400799005
-0.635030664163788
-0.737304506928482
-0.691390883309308
-0.717434846674403
-0.609661620443099
-0.754812126081831
-0.803810466713065
-0.771981657189036
-0.656612085901057
-0.568773517669868
-0.559296553717733
-0.652093522114404
-0.65967512947091
-0.613649525571414
-0.713163792422731
-0.666179016975537
-0.849966805364937
-0.769127802122449
-0.569076653294475
-0.667642195806505
-0.694667474326065
-0.694878317552748
-0.80198598774944
-0.78685619983368
-0.681628659331387
-0.793457943362902
-0.608581203920336
-0.560591914295845
-0.682380130925479
-0.543397923721962
-0.634330518759562
-0.630594558207731
-0.647150704028657
-0.601771510814576
-0.633568246776555
-0.632142649414843
-0.524589462020942
-0.600614514464078
-0.557137919146715
-0.716453876329782
-0.703494518797012
-0.692427378313837
-0.628831984587423
-0.610730094801093
-0.561496059250249
-0.590162571168192
-0.649510041565684
-0.676958739378026
-0.550815859331057
-0.700692555983205
-0.601689214942336
-0.595904112041782
-0.622024241509707
-0.460231737648403
-0.606655622940879
-0.635903958773803
-0.616039910386878
-0.633693773181611
-0.676197565521796
-0.546981264978148
-0.568254246299432
-0.591307781684619
-0.649144710699555
-0.61544162526134
-0.495039157558651
-0.665529771932978
-0.556332068591501
-0.56264972344739
-0.431835757575961
-0.553928890040767
-0.602541243160304
-0.521119058985042
-0.46571382383646
-0.514996248198435
-0.548285048617036
-0.504970669237915
-0.358553389588347
-0.548493892093505
-0.576180872940418
-0.477706872210286
-0.594393120630483
-0.544264246045489
-0.705359374333886
-0.554169544884066
-0.569996415510601
-0.433104870743143
-0.46118793719029
-0.676581600299547
-0.458324125188607
-0.5481633590288
-0.561908986168334
-0.617846839608617
-0.445972727328289
-0.554497943517899
-0.530731700686757
-0.5404972217812
-0.3611773488518
-0.435685873575276
-0.532581726419964
-0.537197742809321
-0.494245660728466
-0.551286290555426
-0.66095867238192
-0.581298243943755
-0.438976089348185
-0.677583016249453
-0.310714144349562
-0.579774028882594
-0.512280842451916
-0.542721147280565
-0.397937295374423
-0.65034455294691
-0.334409141645974
-0.706121393135967
-0.611601845287961
-0.453064882885886
-0.476294907131202
-0.524142236437473
-0.476147994194461
-0.487334082848227
-0.40659824026941
-0.510255924763185
-0.485101282132159
-0.27783540246136
-0.515340189367627
-0.6138591947014
-0.435295428959246
-0.399372259912907
-0.508800557533089
-0.491980785056546
-0.314800697936499
-0.378224981687195
-0.532065563500317
-0.575451617987902
-0.341672662302234
-0.363115904618443
-0.363322625260815
-0.411444112132854
-0.594866943991256
-0.508179231478991
-0.549037512641254
-0.292634904095082
-0.546264335723897
-0.371349220287259
-0.354779330128985
-0.30448049200605
-0.322402354820202
-0.634728554781146
-0.354733701622657
-0.514028449087336
-0.643501268799728
-0.323950047717192
-0.559400741119063
-0.465631327498991
-0.418227907440472
-0.401062951990579
-0.403466958645966
-0.451627241137355
-0.42644623641871
-0.298563240735094
-0.339238716970375
-0.498378037015245
-0.429553788028209
-0.506490039299736
-0.471285776192923
-0.37410185759847
-0.35407247527094
-0.298381980499268
-0.430390693529418
-0.309571024162622
-0.434781629508137
-0.400496101793664
-0.372445797040952
-0.412451714012626
-0.305797792548659
-0.455905368370516
-0.226149904789007
-0.251965638385517
-0.330031913636393
-0.458625700684582
-0.318123782716263
-0.436469750601795
-0.43403252501191
-0.338644329535186
-0.46879707626744
-0.307246419232794
-0.23736519279077
-0.318079256902487
-0.385757619826321
-0.318478946568071
-0.347334075332567
-0.343638211705271
-0.308460762258806
-0.140478637296988
-0.416221503450302
-0.29476961369659
-0.302776097352846
-0.413308110751436
-0.553017734898799
-0.329117364377039
-0.436777410925495
-0.185932567623339
-0.300125570575406
-0.340533416325767
-0.213740090875497
-0.132001750270043
-0.356685698585431
-0.155892949078248
-0.386329920653807
-0.290388916731766
-0.30099867397491
-0.39610466814294
-0.0992487062385716
-0.19007098512997
-0.335891865748599
-0.313630300665724
-0.311790463406137
-0.389390892284499
-0.310855393703229
-0.331257267823698
-0.282401234317891
-0.419947966722469
0.00617025859639735
-0.417636466336378
-0.209805864035472
-0.30574011076749
-0.29540862482344
-0.0938632362215983
-0.368580975017049
-0.326906185306292
-0.27894333445732
-0.114064060312176
-0.203470884742895
-0.135716857834661
-0.180235329638591
-0.197706704412163
-0.210481215099225
-0.237711707902158
-0.258246767872891
-0.441745507540106
-0.229541824197436
-0.297396984368349
-0.194057307815943
-0.0436467850473859
-0.3333298344102
-0.189161930516029
-0.342588262774554
-0.228393007179137
-0.291850356004391
-0.307756431055002
-0.263712696875559
-0.0790636046520213
-0.107608178327923
-0.207781842677578
-0.258517773770394
-0.198308548149397
-0.257414602330604
-0.324360611766268
-0.190605691753124
-0.270393802494338
-0.185733873069224
-0.289819185163253
-0.130384251814409
-0.365625370773998
-0.183612888578151
-0.214187692703361
-0.265064577573837
-0.155506073018816
-0.208524974952912
-0.155229576514855
-0.155493033221837
-0.0777392774337973
-0.0262209975949919
-0.177256076178658
-0.136121715662953
-0.0259636474940287
-0.221329953728973
-0.212956718308477
-0.182338996935618
-0.183352543490365
-0.0504039576332785
-0.259679212031225
-0.144382736559431
-0.077374617135473
-0.264831276478677
-0.204398553239384
-0.0849060448112836
-0.0451769447165853
-0.145782319520584
-0.151052317723775
-0.137975933819501
-0.141893287870232
-0.267723355750307
-0.102057424974267
-0.0862998852453349
-0.169319135523925
-0.214860431873275
0.019655832745704
-0.187295249204726
-0.174049966930384
-0.104716439718116
-0.0741932540995504
-0.0305850048415647
-0.00162354700892044
-0.154970825220999
-0.17260848020123
0.183334357825094
0.00731851802934708
-0.0568892233743025
-0.287184911644094
-0.21223004724483
-0.245141412744752
-0.118923283463621
-0.177740989087879
-0.0838901130859681
-0.14414459834279
-0.0362842685983457
-0.0928319856559308
-0.106335131083233
-0.112361898824215
-0.0475401676563915
-0.00687572787322869
-0.136742448404291
-0.160727583915664
-0.131272449140417
-0.0177162257267617
-0.0156822558011621
-0.0658249972326047
0.000488150636411723
-0.113694792810858
-0.00930288794287311
-0.0770119806708254
-0.139550347557383
0.0184807763331283
-0.0709878280955235
-0.10780262708792
-0.043080201660158
-0.0313374441494935
0.0291298820714981
-0.13257739150429
0.0760482377920654
0.143361419580271
-0.104523583403351
0.109604230343667
-0.0686216823413143
-0.0142272832195017
-0.0751108211677191
-0.0123025730467647
-0.0470882625101802
-0.140363675939602
-0.00365232157444171
-0.089430017605414
-0.0343564484524044
-0.0281981844876605
0.0905209021608953
0.086570085532044
0.00878415907747996
-0.0854651809450487
-0.0280740488984959
-0.102364671937763
-0.00324843804778262
0.125751696405233
0.00464765694961953
-0.00692952783171254
-0.122910980793732
0.221947055743778
-0.0872001816194204
-0.193324207523257
0.0992138827553236
-0.00515363957940665
0.0656158525007833
0.0948107400833631
0.0131896970872364
-0.00900588243964961
0.0529138351693432
0.045652810397899
0.0940395837039203
0.1149675107092
0.0809310937059946
0.0250965928013778
0.0526166019338853
0.0852596252557334
-0.12473666212666
0.177735971536461
0.0601035517820906
0.0175067145530146
0.125131893203204
0.109396782681466
0.030209013585933
0.000281840565833403
0.115932135115117
0.119031778617137
0.118825158569901
0.0665996097502892
0.179537099771339
0.0197604214518103
0.0574782279424502
0.00989689904336393
0.127706203898078
0.156039975652742
0.106932657403234
0.243352018056558
0.112107217012942
0.0159738460522733
0.0902852176646326
0.159603713050364
0.0848224707433664
0.0599250097694483
0.0183757554900783
0.033535408779612
0.117531086763104
-0.0189747389717953
0.0951086956958972
0.0135797888954051
0.184097644551372
-0.0479155313119791
0.150678364300717
0.190922044105536
0.107458109038804
0.268760652006234
0.270330162925158
0.227079005728903
0.135405611776805
0.139486099308124
0.0606330933706826
0.2104186347967
0.0762507579248034
0.0649498909038301
0.174649206657308
0.0270438780741243
0.173271132701597
0.137919285103958
0.0670372703505699
0.132786043702219
0.181367194366222
0.0695771073154283
0.287830044105672
0.272999125757974
0.142596441522285
0.116638438163878
0.0975458954385565
0.0999027328184942
0.202004777676113
0.196183446702743
0.152513150331439
0.243657332566158
0.0511262082653318
0.336692895765198
0.2111882918786
0.151525022427567
0.185136828083457
0.125553612140132
0.209033842405377
0.273178669707614
0.0543604782037623
0.248397724987
0.191820502191594
0.0392206036774143
0.186559297242687
0.11888987769402
0.224129356947527
0.155558607245472
0.298270589833509
0.265003479479437
0.114034703281637
0.39686619566136
0.275133700935193
0.0747308062255222
0.177709172276029
0.117356231278321
0.222316267927825
0.274928758289414
0.256037492208141
0.311454289978317
0.315866743416271
0.255313461202089
0.274653863133716
0.328283639681362
0.266341713196253
0.151584017581973
0.174838237080959
0.258386048016274
0.192303682687571
0.30184429546256
0.284549169899052
0.332301349785608
0.284667295340761
0.267069572759435
0.249188357144115
0.316292789185186
0.289013267850465
0.329750689101245
0.297200235440634
0.310916057816785
0.303121424297035
0.233441191133208
0.307777654802709
0.359035354282066
0.262101200212924
0.214663033893939
0.2477386034938
0.321788309229529
0.370614465675178
0.430067245445444
0.268870683643888
0.272953186081877
0.292699709988848
0.382054054427076
0.317732595115914
0.152906239051931
0.359154557937283
0.200313658104332
0.266047281861229
0.277785583755947
0.23562753191882
0.382483089901482
0.377216844057209
0.456266168353718
0.215923932810862
0.33909093718176
0.292278729135492
0.308594536185137
0.262906237156715
0.268997704307997
0.230966030262451
0.402333105699127
0.406349501440607
0.209975660618551
0.350240772833942
0.202575049639326
0.233857553160358
0.206207917342235
0.27980997404228
0.424239784577248
0.373006894403162
0.345154680531556
0.324594501441001
0.233271293317444
0.466233228250778
0.442024982735835
0.571773855187746
0.504013143325047
0.291161401820359
0.379169939417506
0.44512491511954
0.353030849689978
0.418953556576606
0.511601937563592
0.293484768769603
0.338932746522463
0.45574651908796
0.370703125321918
0.341678343430154
0.507439506314253
0.379195032611389
0.287759038334937
0.249701805376409
0.452596175661324
0.301243182931321
0.293965422196352
0.374670433714648
0.322032824372766
0.452540976108662
0.453574935523421
0.312658365587391
0.407325447449211
0.253914330611991
0.393077641438549
0.337442733641413
0.554263168170197
0.433752974827801
0.489263670761698
0.422347410562166
0.373714366116221
0.268856496927901
0.410098577016219
0.532444701069197
0.391163230170209
0.369992655290306
0.46006205291216
0.477610840769013
0.466864899058991
0.370012295733323
0.484937709341806
0.525836257265258
0.489961382565701
0.29628387787139
0.436651194327849
0.433206145988532
0.577733383581556
0.546480063098581
0.378433641692322
0.401412536588201
0.46959116340355
0.441430283516819
0.496386901728802
0.380311876896969
0.457516305832229
0.472066746468846
0.597286077498352
0.521366189655216
0.601040491800209
0.436758079430142
0.55539963956897
0.538402656395247
0.538494627980704
0.512170906021744
0.621927203905983
0.546233954844809
0.514138425812047
0.365685998525081
0.347351345029252
0.473880059543816
0.414384551988797
0.559782470539323
0.41175935964371
0.616276218684379
0.521086298473248
0.474510019572495
0.696358102505152
0.647703008890797
0.623385624237537
0.504140801034017
0.526510654985045
0.418284734807679
0.563060360351479
0.523012882592285
0.511688726632381
0.643681731260985
0.58823888744896
0.547339809459248
0.493721908094519
0.676664493242399
0.593493484024772
0.537083155794868
0.497221869739894
0.622359978728725
0.587745934214611
0.621911505250204
0.347659145558897
0.500637737891389
0.692141849778238
0.551691007911539
0.661131565952485
0.590324250232993
0.640058895838256
0.58423732191582
0.67778451249164
0.610123708892241
0.640690851075866
0.700238728084165
0.542557424350258
0.549566807637287
0.565295877354996
0.484872403678775
0.551682950005881
0.534279240957263
0.616344018425933
0.640900296476867
0.493985101291409
0.619080874185447
0.50329403022891
0.686714518144592
0.664853324887352
0.516810032839277
0.568980862447069
0.479940691335238
0.50864410927307
0.630872021322512
0.635356316112409
0.592260799040623
0.648671378292457
0.547655282651952
0.689406544993566
0.769802866509331
0.421161255935758
0.493736526589056
0.54022089156896
0.662210830475526
0.629833476811696
0.573631980698584
0.569487729214891
0.625851971677531
0.648499910732288
0.66336243852049
0.762026079329507
0.60559116700834
0.758267378305444
0.482559360670071
0.612948303106713
0.718762865271098
0.716807200740427
0.617458915677852
0.548887777137915
0.732749990835256
0.832838954042042
0.58849594029421
0.82833979730414
0.767694734141948
0.600081866368261
0.699269841488225
0.858466634209484
0.7675454259584
0.627385222128618
0.642602913620575
0.672538505313103
0.66133559907023
0.639641556842855
0.587991657399935
0.713837476566853
0.516760852324021
0.776022383356132
0.82143614521842
0.65769915205702
0.584690830372733
0.659362261422262
0.698065801428925
0.669156963729141
0.630384675577313
0.622616287227621
0.666640487984008
0.603982565546165
0.797182331736149
0.718587970019149
0.696119070344261
0.711476046315609
0.596923184257651
0.579251020296102
0.712685084731977
0.812498417765673
0.790190754022785
0.756187965503624
0.613930574601049
0.788695222502557
0.523236933805048
0.871260057441303
0.751703940603238
0.799144507557254
0.658533850408094
0.629934053211465
0.603193842787759
0.841780264412846
0.656112974560276
0.871067272345847
0.774610774283215
0.720135343621818
0.782769803497277
0.662565824673892
0.746203298906194
0.799182312241274
0.724156264154004
0.692972876513534
0.776588648573793
0.75987794504099
0.73326561521977
0.796878186698393
0.835515627300798
0.807264937901868
0.907092134528724
0.797523506317256
0.866710072985042
0.862217050562616
0.838564616646958
0.817991647111622
0.768656998826056
0.60869561782943
0.929388735778875
0.866015877014506
0.885367803344092
1.05353742128128
0.875364835381116
0.846672118835243
0.772232378335741
0.822496469021139
0.909676500733184
0.75678130123351
0.778600797899305
0.868385394493145
0.955427991486648
0.821315046054193
0.830694164362037
0.757878303372238
0.867328190768823
0.888493397058614
0.888042462371285
0.883013895906359
0.729818590714073
0.733639169640682
0.888384957040151
0.879096950588386
0.952016886883015
0.822799267592331
0.926836697828158
0.853902583776927
0.886914422505502
0.825863514376992
0.979137751813695
0.859894889108388
1.07092900195964
0.758527265922462
0.807913340177158
1.04361437296509
0.850176043439919
0.993757388566636
0.937284996278855
0.84546426149456
0.786863441804899
0.953278288704536
1.02382729858716
0.773509565830068
0.926188636773917
0.854781950049206
0.824941167247897
0.989330155656856
0.953523886728829
0.928512179231577
0.893212413540146
0.875700092069686
1.00064950893519
0.865737422693366
0.850857400004871
0.905646619117197
0.936197553148368
0.81818109547316
0.943420522513772
1.02225865763887
0.960895046005966
1.0143168670314
0.895670057460657
0.837854108743301
0.826760119107279
1.02749438150505
0.993297417482895
0.821508105803497
0.936606587671702
0.92902545842976
0.899452465666211
0.931311558743079
0.944590191298621
0.918419207431234
1.09279567133585
1.06271202381764
0.886088075662189
0.986135275812978
1.00851458918287
0.913158032672001
1.0939266548306
1.01993589824091
1.06464578931535
0.974108294215535
1.06704427244058
1.05401316357029
0.898269730477246
0.943764598837721
1.0409302636176
0.996725097469528
0.940487873114235
1.05589776854252
0.968010860243767
0.895089872259511
