"x"
-1.20242761176415
-1.10223804028611
-1.12808193868054
-0.88542926963937
-0.923208447312159
-0.93054977084116
-1.01420848903972
-0.907303091216728
-1.15413783207418
-1.02951862898487
-0.989655221206571
-0.975566927537411
-0.916846524338961
-0.858046867050389
-0.935819051169702
-0.988270161374114
-1.01058130392565
-0.95774731394857
-0.956696529347451
-0.886499590763497
-0.93930532621967
-0.972252907009175
-0.854353678900881
-0.892820248658984
-0.974756261473123
-0.814050672610226
-0.920108030840724
-0.874445289666447
-0.951108226795179
-0.945053831203174
-0.975090899921341
-1.0238960170034
-0.891999074868293
-0.905792164103268
-1.01539983538052
-0.947089510457622
-0.899520004713647
-0.912600283255608
-0.819460306862968
-0.817834363546772
-0.904413708341141
-0.786031227304464
-0.784272030231293
-0.80907334265212
-1.01269095688313
-0.904376502186873
-0.88310058090241
-0.940925716889539
-0.886961209981591
-0.874006657762854
-0.793013740952091
-0.977463279013614
-0.853605922938722
-0.868417891063027
-0.91441776211302
-1.04674618839282
-0.93817210295552
-0.906591817033699
-0.962536334432022
-0.908270713824573
-0.705645465305309
-0.927898683253251
-0.899660953560902
-0.776251057380915
-0.797569161882898
-0.697726847589456
-0.883791410258169
-0.840853409629503
-0.849493578765664
-0.820874205774861
-0.869976403629738
-0.845783785795206
-1.06952479498045
-0.973928887361475
-0.957571802571205
-0.951052633108123
-0.847414652369564
-0.720265900480037
-0.75961884392312
-0.83721801690559
-0.829842534397536
-0.827889061635594
-0.858826151972637
-0.832650449756316
-0.818009676610165
-0.714572134158295
-0.811594898358634
-0.878270396811621
-0.869439532131791
-0.791116663075572
-0.725811079031887
-0.726292780156641
-0.768971330015489
-0.633207416928136
-0.811521401797291
-0.895485168256978
-0.845539852823758
-0.6954634175592
-0.783804255490303
-0.729892424384146
-0.883673442306458
-0.785210454146238
-0.824451749287837
-0.867736495705289
-0.815208549644625
-0.867267017323377
-0.77803454701999
-0.774515429789567
-0.811271942357663
-0.764821569792881
-0.788829121302208
-0.807285971565204
-0.776743101393968
-0.630644837947932
-0.766011122847736
-0.881888227932754
-0.645455306087547
-0.718551597301487
-0.633339965365319
-0.664943646189301
-0.657259043718891
-0.802439792402539
-0.711076537041169
-0.788345527933979
-0.712876234949924
-0.675057295771919
-0.723346088042254
-0.58272799319106
-0.667455770778466
-0.798798472457439
-0.694497112800441
-0.85879526432991
-0.601511086456674
-0.639995348748522
-0.739363534480928
-0.784774737905757
-0.743574931274513
-0.712200487043732
-0.667889333031692
-0.772556075611925
-0.69178401300508
-0.766827265236302
-0.774153631422762
-0.855418146349283
-0.621748491358085
-0.767216816646107
-0.621659325215052
-0.766639211258513
-0.757015653681738
-0.741131831372068
-0.5373121747374
-0.640565862882936
-0.760739246630971
-0.592778381872956
-0.75362189932437
-0.712673909981953
-0.603974785633999
-0.712585402028383
-0.761267606862482
-0.751287681668524
-0.682407137519667
-0.789352565348813
-0.59365675517249
-0.600543886662523
-0.6815488035873
-0.582298486323916
-0.575246775169755
-0.714164595779013
-0.560437567900102
-0.759192724104075
-0.716360641569665
-0.660463385488493
-0.759220153685517
-0.559177398011149
-0.698753320021828
-0.659298427909736
-0.69791003543613
-0.601454030359145
-0.668109633141983
-0.675703295916076
-0.694251094767976
-0.620729331557257
-0.608582640881393
-0.583330966298595
-0.680112647298731
-0.637459428435089
-0.598326565924154
-0.661228994922065
-0.659681135365418
-0.829789235570187
-0.513054633010541
-0.68381523445741
-0.628018982651469
-0.646261140992913
-0.652374308270465
-0.681401047744379
-0.546941202011386
-0.743328191149935
-0.556991467666915
-0.5703745086131
-0.594613106410065
-0.706431742784276
-0.638873362482356
-0.634548745958116
-0.618699400446077
-0.66914979754055
-0.420721024471858
-0.506195248816977
-0.73896282400574
-0.664663687179759
-0.554924190614494
-0.459829340926695
-0.511116342317011
-0.510801919170418
-0.691423220636376
-0.437867635888603
-0.412524571036546
-0.713886789885779
-0.598532369600295
-0.558120851223501
-0.522793500732793
-0.487714418879342
-0.638562483042839
-0.435833942441984
-0.49216439987877
-0.642468098545058
-0.670786577039019
-0.464785728412906
-0.376073983060812
-0.45128185179091
-0.618206068736517
-0.549889750563152
-0.378833948497222
-0.572042421214795
-0.51304801087218
-0.57201096805485
-0.582066749269332
-0.421026246561403
-0.576024222246629
-0.53802013329968
-0.561688341323795
-0.395346274784586
-0.573396483012635
-0.482266596834535
-0.402168699056525
-0.514688815950494
-0.564058333055919
-0.56745733451502
-0.427683679819515
-0.474368978382066
-0.579349424772916
-0.551273927044819
-0.513179992035065
-0.543689549738103
-0.685743559279906
-0.483633494841792
-0.401685366604756
-0.364580260912983
-0.466601382104898
-0.560115084500084
-0.46835366792554
-0.417049161459108
-0.54360668317143
-0.388210484090948
-0.493569573281223
-0.411158646607879
-0.477832080838271
-0.479161142448004
-0.368203183003238
-0.338677739036158
-0.505512922726447
-0.523279622326772
-0.479809660094565
-0.315307008944341
-0.436453234443209
-0.408759674808652
-0.378689133276866
-0.5079410527778
-0.551966632527825
-0.464953782882527
-0.318372815373046
-0.379487702441179
-0.527341464356922
-0.420883738135597
-0.395890469838667
-0.367818784754494
-0.457266391612345
-0.473116721024706
-0.318618645720825
-0.370992412582774
-0.394785820498916
-0.562731062330514
-0.386063369156761
-0.411203017208804
-0.430862992295306
-0.334868052043175
-0.548071699337946
-0.364783001777789
-0.47966636003196
-0.478969839922187
-0.347977434770145
-0.411223522071407
-0.350878940953175
-0.378331802797226
-0.227837817966366
-0.227074878024857
-0.376397247672333
-0.446063920779361
-0.304675805344333
-0.489838563641705
-0.329285909720426
-0.56838656443222
-0.466743709727558
-0.249094222127842
-0.395818126088615
-0.292907675618023
-0.392341087407014
-0.54344919935153
-0.275005156709869
-0.286536010673637
-0.306229018740651
-0.330846449650951
-0.244718239767901
-0.207915477354886
-0.332343321781947
-0.337992584789414
-0.355604641677013
-0.295649126193695
-0.473836699317046
-0.343291373865757
-0.366102006831506
-0.323246398138927
-0.142577136433901
-0.406110789829508
-0.453681338643841
-0.430928151532737
-0.32733308564834
-0.385546758355294
-0.2841816909355
-0.396806889348292
-0.297303905190763
-0.392710407041688
-0.327683250441006
-0.269199129693125
-0.346174219428041
-0.272326419099774
-0.423261195684828
-0.276658875828626
-0.258748957880514
-0.284341310038357
-0.489602591168891
-0.340857181070165
-0.25525718300095
-0.208023469172631
-0.28349194676579
-0.334104681157817
-0.29597405694055
-0.346946518636831
-0.19902930949781
-0.320243457972546
-0.257059111720648
-0.412541867147132
-0.349236160625699
-0.324941542085994
-0.284172001683981
-0.3916593759771
-0.302276099558939
-0.241746284977727
-0.150721381677552
-0.10706341472798
-0.137144735346792
-0.290853777839702
-0.314432713044398
-0.216960564833668
-0.293912972748571
-0.168126513743374
-0.265484024437199
-0.0448997744025954
-0.273996714546341
-0.473505904865642
-0.326087736809887
-0.223210528123113
-0.186166377363254
-0.387939632369234
-0.389036402015873
-0.253510705192839
-0.166282470825302
-0.136892709321009
-0.248894298305315
-0.162722207951663
-0.287330230880373
-0.144392837997882
-0.146723785396729
-0.356205577238241
-0.175382613941624
-0.282749798490121
-0.18332802144112
-0.159127404840847
-0.191907396174229
-0.211818885036509
-0.110444008524488
-0.187663383553189
-0.32648827515955
-0.229045864335608
-0.0520857770291066
-0.320084170492765
-0.159751154191637
-0.190180931376006
-0.0220172235490008
-0.191716345559335
-0.148020542834002
-0.100309084882436
-0.241579297623054
-0.202240137878248
-0.154017488864788
-0.3689628341785
-0.0994876718883125
-0.299997523468379
-0.137836681376401
-0.0676780471846174
-0.250309893155046
-0.156567897926745
-0.213751107945464
-0.247912859802808
-0.258535059675169
-0.0981425774905674
-0.121373511896761
-0.0302693932843647
-0.160093466857719
-0.0694474070002153
-0.228237229335578
-0.277502195581708
-0.240899959441371
-0.173129225398291
-0.225270654244488
-0.0665335783910187
-0.178665179905274
-0.0187394315510172
-0.0681561310714331
0.0586447152753166
-0.0128381270870953
-0.106224431872814
0.00199397926829661
-0.191147793984912
-0.197906242559084
-0.122121321034345
-0.0951189754393111
-0.0392951175514338
-0.186365302684325
-0.0716865095337364
-0.13220431110727
-0.0191080496026086
-0.192815330013451
-0.178688465247683
-0.167658513566452
-0.0716026843601983
-0.0768825126328189
-0.0389642041445774
-0.197801187350218
-0.213556117527675
-0.13467305554008
-0.0385416378899124
-0.175687696718349
-0.17689111646806
-0.160010772715549
0.0408478842376006
-0.0920186435157941
-0.0751683635286544
-0.137253345967052
-0.160935167259941
-0.183833831296812
-0.129497488618063
-0.224461700198676
-0.12542723988209
-0.0843907736210434
-0.0992312571654154
0.0862019709876825
0.029799211524166
-0.158059342003259
-0.0921611408287513
-0.112054479208136
-0.0118504472858562
-0.108154993364686
-0.182590210828029
0.091001964432289
0.100864371692878
0.0595815991716315
0.0420109221366609
-0.178342454076968
-0.0574191726553545
-0.0600938993283823
-0.0355704947940126
-0.0205479898008538
0.0221012922495428
0.0421423761955018
-0.14475061328056
-0.167535715444648
0.113701478188557
-0.0682942293404948
0.00641045762354436
0.0638732225034036
-0.102021606274139
0.0515305062179829
0.046056355521798
0.019902564585466
0.0255720779592467
-0.104537069386435
-0.186690877616204
0.0938610295057719
-0.111028527238572
-0.0301806957332676
-0.0101999607198015
0.054642066133665
-0.0902973800808968
0.0191518485730563
0.178769933033587
-0.0420742354711327
0.0439365590449344
0.112197314772528
0.0548905194905784
-0.0340487996855256
0.106176627919494
0.0057519908914668
0.0340426399709415
-0.000718349118983879
0.209614485120922
0.137972221147616
0.115161607339842
0.0370541930913986
0.0828563567916409
0.111358612325039
0.0607131553312425
0.0243131779903425
0.140474933647923
0.0405264384308692
0.125562015341751
0.0207466528843627
0.0100126352943454
0.0980461820475135
-0.00664886337789788
-0.0230036435331829
0.150060139471036
0.0750973492503544
0.0301420720161836
-0.049228336344062
-0.00698415193140252
0.205825004769371
-0.0206501669656161
0.133955511193838
-0.00491769352463739
0.0408460380682505
0.0783965368239941
0.0313035172578005
0.15870424862205
0.104199746064491
0.242487700614244
0.0440216379250395
0.184883821449589
0.0212223338126996
0.160846702602569
0.031422122567911
-0.0927648823402693
0.106544448870176
0.0855752071430438
0.213606513770272
0.258628750529031
0.227281807252963
0.0124374662707278
0.123540294392369
0.227603898557257
0.152131536044651
0.125744818734082
0.127514361424203
0.102991983366777
0.136851693367084
0.149298941481497
0.0224930572072022
0.128607786928912
0.180939579558245
0.0916291003593104
0.333031432380619
0.0403324414376336
0.212444772585076
0.20081341621719
0.160469879771455
0.0923756745077436
0.203435278756825
0.11548028593671
0.145906778288283
0.318548968904512
0.298402034967678
0.271357125229141
0.128389612997206
0.090062364706135
0.116093197189383
0.192531046041707
0.124167675546376
0.211569597075324
0.140214239339715
0.316309033474988
0.113245367331857
0.0699317680510246
0.20016121442337
0.178984988387656
0.374908622117802
0.313983317362144
0.199866275486292
0.347016881020827
0.248901852056692
0.227338608425194
0.270162209169314
0.235781812593564
0.205169904240258
0.12837866239463
0.274496343926064
0.309365708018405
0.291546139475868
0.229694350710728
0.350516604719334
0.257114795760377
0.347552189282059
0.220303284155713
0.124689494529867
0.226380291610448
0.284426324032012
0.30853245743784
0.158533293385236
0.337454440164882
0.254101959751709
0.288734309669677
0.285033035948925
0.134781410167374
0.0716415236440632
0.180501572794701
0.388578687161792
0.281148453240608
0.241493944869033
0.304225690250314
0.348073954798893
0.223397141068385
0.0810302630157657
0.376753688339012
0.291900612038574
0.221855502010255
0.359944080189617
0.0874744964479026
0.332391436419354
0.187052111603364
0.231809161273645
0.294154026747789
0.275124455990677
0.270701953757984
0.381902721803395
0.307185144525262
0.424314048763361
0.392405719791963
0.444354366616793
0.207839392258467
0.392379793999903
0.286072710778612
0.339645143394397
0.205737707005087
0.363123411597411
0.222575475667628
0.518633856912566
0.453106460452849
0.299399337923745
0.336522343397409
0.379637523544642
0.37102143840712
0.244861998605319
0.272025175650455
0.309255845998073
0.325977746188252
0.4189767903127
0.372263216818905
0.278042122969205
0.458360684403445
0.441453469280928
0.400976569568041
0.494899320230374
0.491672248946131
0.342875252463177
0.405578005428002
0.545849743957077
0.170377268243464
0.38043743170646
0.423802555051353
0.253173217843986
0.290628928007891
0.221832986649972
0.528569734749833
0.383344723409129
0.303862204959511
0.494918158865261
0.402234786239483
0.385180159911358
0.378102060235237
0.43414660033251
0.347953229255641
0.486878018149487
0.409151047422545
0.459596292206911
0.396138118957532
0.441214421931853
0.375812851162297
0.387707020069807
0.444697484653691
0.411812083123382
0.388154864741889
0.421417516336516
0.279545243715221
0.40778905191563
0.40478777244375
0.470730564481895
0.362158555482575
0.461806042645369
0.378275820707359
0.441627760478482
0.455422660852623
0.272112005560711
0.395403848304646
0.570233938049354
0.476270208932587
0.555868725940088
0.624394018894306
0.435415828787836
0.454300530461796
0.351606927642145
0.532396537602566
0.466834753639938
0.353695376565668
0.572475127045269
0.507443325999937
0.477885997380617
0.583275676765537
0.446622352205224
0.539418694514773
0.542194343523893
0.55952245557702
0.451186642893483
0.563956442024096
0.426743109169198
0.533929598856967
0.413297637721176
0.390843658860303
0.440481888421361
0.737347678729352
0.505673340017637
0.491252725505462
0.436605564439016
0.499987016629363
0.573430659685176
0.54666544863937
0.411196971264479
0.58719825147728
0.679319448817399
0.452296048789383
0.441839087988754
0.456755686737644
0.397648201572485
0.540341609998208
0.558043347960642
0.486575708253435
0.522935642191858
0.500694904107453
0.458113460581264
0.424366373966627
0.53507003259483
0.53706918946692
0.59900521790849
0.64569411916697
0.613721121674371
0.367662668123972
0.500223591397549
0.572480575289528
0.596797539219798
0.568736899208938
0.435202924418382
0.557508880650079
0.620736742409523
0.606174482858775
0.56483326865292
0.648675813731808
0.560683918302878
0.526614443323173
0.617458370094456
0.560967310408585
0.653923506014319
0.565455595000726
0.601822275281021
0.372784665202735
0.464950853687097
0.579367735553957
0.558921721028801
0.622388620235471
0.530091588046061
0.553001951855653
0.535090092390282
0.550899588313447
0.620450882579938
0.570198235543231
0.444791723400035
0.821975215142367
0.658481412315338
0.564493703872236
0.586954601171266
0.706972953615019
0.521876738618008
0.682050170210611
0.607774953447136
0.592353589408453
0.577179957148421
0.615321572501144
0.612328476049707
0.616815241812938
0.727089780796967
0.568278262229517
0.724783189591713
0.54951344289257
0.569839371949243
0.676221152515968
0.599613779513241
0.588342140994184
0.7556761105483
0.751634477363911
0.609429500176082
0.651742467060577
0.661733146356898
0.722357225266867
0.723247931499702
0.666212892376292
0.745324052317446
0.778862449856851
0.734436568220343
0.573305228847106
0.59130010496944
0.713805362109568
0.736968836443286
0.736271273795571
0.661630663599716
0.531882352057438
0.625420406679965
0.791483240214513
0.598519525627188
0.725456122824749
0.707221206135347
0.805049791615411
0.66288203980952
0.643842051962923
0.576781532524503
0.763690697919424
0.753323980291214
0.627214621514534
0.679524087307713
0.689334214622521
0.717477947606553
0.709429067822357
0.665961395137793
0.736523369801423
0.603690158172793
0.887586542550225
0.627113890372419
0.552448642922498
0.784319047046829
0.728623356647837
0.77480683299595
0.682582738096003
0.841289295007818
0.708823093570097
0.745744345890987
0.714737758854612
0.726568717914136
0.719159516150894
0.815620030801484
0.874773143715206
0.878611593252555
0.745935090361728
0.660022418664204
0.566779072294071
0.714030366066176
0.736214982924976
0.841701038568022
0.760499163301481
0.696010827497841
0.873145529971242
0.696293309592467
0.838269678236246
0.774498605308626
0.662327340861391
0.844252368149416
0.709533254938403
0.948305088966515
0.759185521227591
0.678561711245397
0.830555948008578
0.835249947274895
0.687248423864364
0.779516263495573
0.759993456662474
0.848381634239359
0.784973627434101
0.808089399619217
0.668733257811923
0.644380565491014
0.857212301950899
0.84328783861607
0.80380835830074
0.855618214421209
0.846633896538074
0.901592520555529
0.841429423856379
0.785652576533006
0.899666245739006
0.94895444381839
0.780677389478543
0.895930615965468
0.702179871214258
0.751107939087775
0.835351614169735
1.03590620826969
0.755729042121997
0.905865519507702
0.815962707325932
0.700210302726221
0.823979131806816
0.924600497549874
0.791249342082456
0.772236876410632
0.890270099624403
0.862928110627443
1.01178578825602
0.90152577312733
0.908664459079592
0.882399085294068
1.0138703712224
0.801230990619702
0.849327325192248
0.947853005936497
0.751660882617886
0.961635983562263
0.941757819997601
0.680753866028199
0.87744168241879
1.03617406071985
0.931433422423418
0.743969028961296
0.962081114622615
0.791526911314328
0.907515415651355
0.885634850835957
0.753455085865756
0.864176483940428
1.06646726728804
0.829832335159691
0.8141564592997
0.976660538499687
0.936946917904484
0.874873264952927
0.970709705555423
0.893615828576755
0.884557948060408
0.913083188519232
1.05556320862666
1.03807095429854
0.844583667907432
0.917810600361561
1.08763312346924
1.05804680058136
1.01755183071581
0.990978051636786
0.944231245958356
0.820851061741305
0.999428343081102
0.96401821236352
0.897485690935498
0.816775086468668
1.01484983716327
1.01109152071668
0.782701125680086
0.761920161370314
0.838277228223664
0.964026857127875
0.852939311152075
0.957132148616215
0.82522459478386
0.957466762156889
1.02581301295119
1.09099502362447
0.973258304420245
0.97713373035871
0.992968047389339
0.986915832454421
0.999699693490194
1.03086359448827
0.983650852950496
1.05243232444135
1.27840856981035
1.12939664746329
1.01757238134401
