"x"
-1.10531277069402
-1.00609949488017
-1.03804384304182
-1.01899206458252
-0.931983184733337
-1.00750625228872
-0.912457687906965
-0.9588752794461
-1.09203174674493
-1.06795268391513
-1.01436784516037
-0.962018511530437
-0.933064018661174
-1.04185423001923
-0.875902316935058
-0.988835857739571
-0.892996135464855
-1.00867625267367
-1.0276596341579
-0.893319049013717
-1.08631988592782
-0.989713742521674
-0.880340785667988
-0.859596989623583
-1.01276953119656
-0.925726164290531
-0.887202744357309
-1.01822394203975
-0.961889931286021
-0.915841440919174
-1.04867291138891
-0.86644727071165
-0.8963395865482
-0.810953273767111
-0.863519236821173
-0.887196105798607
-0.789834213522156
-0.92869700419834
-0.870133512231444
-0.95578752199275
-0.897854898431189
-1.06642468943604
-1.06998059241316
-0.962548685257
-0.81754026760351
-0.935338541184934
-0.998193670138695
-0.862195048320885
-0.781681665020525
-0.906961967512797
-0.879351506240484
-0.881282102927756
-0.854076672456324
-0.845342480835188
-0.864451718914568
-0.82878897046027
-0.907893629295568
-0.826051549798442
-0.981233712725221
-0.943717385805856
-0.846245140847117
-0.881895515758048
-0.902741860341856
-0.854021048951494
-0.87976068398533
-0.935086778329918
-0.919922616222836
-0.799226915988838
-0.892958328003802
-1.0340477132589
-0.947176938392029
-0.889858645664087
-0.967655967834402
-0.805265907990584
-0.834109993219139
-0.889534886700753
-0.879497335128406
-0.900382120440906
-0.877809547613965
-0.684124632687464
-0.898447804953531
-0.837208691293194
-0.830657750280233
-0.865014523383796
-0.91366892574334
-0.832429457571017
-0.766589214272197
-0.879733647784421
-0.783432685879579
-0.936785016382287
-0.788733649448183
-0.73538017063881
-0.847126813265807
-0.822165197087797
-0.771337950421886
-0.840171616348182
-0.837077203771286
-0.751420647594234
-0.787739659819069
-0.701942238986935
-0.849862154680586
-0.753100396096833
-0.742193576885413
-0.68904533765628
-0.731763407412895
-0.898316174521763
-0.627041122198784
-0.696593035569301
-0.741126196465234
-0.798693232285586
-0.838130710447127
-0.893180006232206
-0.787064136846412
-0.825390569621336
-0.862474418220633
-0.829364056385581
-0.881586321927826
-0.573894770528838
-0.806060841417907
-0.743584445499165
-0.754463874192441
-0.873223037527327
-0.833388371571519
-0.601461022874055
-0.489004657257517
-0.655450189613944
-0.691196684553966
-0.766130391190287
-0.768367636871092
-0.812387218717981
-0.740105598655602
-0.726691153272502
-0.755177546660178
-0.702168576277065
-0.648232852562762
-0.798349805301988
-0.807024738278582
-0.832904718273257
-0.579675470775956
-0.709461208137694
-0.64356300824326
-0.730560000934511
-0.700727550701158
-0.67700947559805
-0.633598835562066
-0.76317363826903
-0.79502174624493
-0.756357206523338
-0.653995918048326
-0.571945882118643
-0.537262379177642
-0.641369429719814
-0.671177566561498
-0.604703761858096
-0.723820405927504
-0.676261559810463
-0.835753659781678
-0.759427355556885
-0.57906536352775
-0.65744431487175
-0.7056756828579
-0.698782298476493
-0.796527862101132
-0.795747107141755
-0.684457290545334
-0.805926361052908
-0.620400426577288
-0.536161900244196
-0.66905305598748
-0.54184874454908
-0.624440411322901
-0.629111502704862
-0.640641761289342
-0.603557768814573
-0.650670829827458
-0.664378931654978
-0.519042586111972
-0.580803800156413
-0.548010285029372
-0.742213133911878
-0.686159774950197
-0.679046220001086
-0.607756270272104
-0.605954906633517
-0.579384003849243
-0.613612583412524
-0.636648212340935
-0.692003109741047
-0.553369422078147
-0.70095108770248
-0.598620731274962
-0.610260179991175
-0.619311689039497
-0.457518707133399
-0.591663695320722
-0.631050330389461
-0.612819150910451
-0.632159631501654
-0.680590231775839
-0.535240478379975
-0.552322962402848
-0.59073444109953
-0.66681687180603
-0.611897306353435
-0.478521544749124
-0.643938668403138
-0.556907355885067
-0.5589196741529
-0.440217374156473
-0.558114885521745
-0.604376643036212
-0.507645440178792
-0.432194676721785
-0.480804991719684
-0.567674685747995
-0.496177406164533
-0.375793970818306
-0.537459924964249
-0.550065651513177
-0.50081240717781
-0.578911223422824
-0.542451165039692
-0.704722166735143
-0.548939106199935
-0.553855981859441
-0.423342214228704
-0.470255036463896
-0.668421615594678
-0.448117777564954
-0.543208468132434
-0.539187369059851
-0.598725424713344
-0.436363188293174
-0.563997880888821
-0.540262766199253
-0.531669821997331
-0.370879516984056
-0.43152570766056
-0.531211716483648
-0.529232897024036
-0.489797846815097
-0.555101863835262
-0.661559031060671
-0.553411092537541
-0.423444580619424
-0.700609377427896
-0.304550805690451
-0.579096149988563
-0.492910626118514
-0.540402310659785
-0.406391075957403
-0.634025295059333
-0.339966578488542
-0.668984712984257
-0.579101743871335
-0.461676142975333
-0.471886375733724
-0.515213614795772
-0.503040827153968
-0.504923630880569
-0.420190315608881
-0.510947971393432
-0.483383566436915
-0.298435286228974
-0.518895005609406
-0.636450514704812
-0.463130099048919
-0.423001455295602
-0.496678064808252
-0.487355140227161
-0.313827666028303
-0.385491405511602
-0.545794103053955
-0.579741234467179
-0.352321576601879
-0.373653331008744
-0.373012521322779
-0.4389073086813
-0.593415189026779
-0.498424644158058
-0.55041518962159
-0.310880301267944
-0.553551465148463
-0.370750349716986
-0.347827667476104
-0.322374147879802
-0.315006788439641
-0.617697288559904
-0.366287624007796
-0.522718628604944
-0.652212774042066
-0.347781157008952
-0.53406243553052
-0.454909388324895
-0.43883984715427
-0.395724870735298
-0.384331208600316
-0.448955998554112
-0.410248681225408
-0.305837977733449
-0.324697094784468
-0.55224816112882
-0.423958067058604
-0.497855046922108
-0.492791061837683
-0.37686881630133
-0.35740881528044
-0.315758995371238
-0.440267213569785
-0.296245665423211
-0.449681059509483
-0.39717658439321
-0.368753839089097
-0.427610218951669
-0.294840222711493
-0.467191240795935
-0.244541995139537
-0.246853831944166
-0.316390395708391
-0.485218267128549
-0.32516676575297
-0.450999397619463
-0.429722348775999
-0.363054962390413
-0.46705184277267
-0.317797077570257
-0.247378156136092
-0.303127414287517
-0.390659931067359
-0.314888352592114
-0.347752322407942
-0.315880725122868
-0.321377131458506
-0.133860756210148
-0.415839897917923
-0.298152260366108
-0.30338506955426
-0.402301414955806
-0.538109439111664
-0.356547537113611
-0.446943518347383
-0.175007724224946
-0.323385731264272
-0.358700476389172
-0.196105401667378
-0.16841508121339
-0.347183435399325
-0.155247990327044
-0.380085393192972
-0.298692343982119
-0.264784454127273
-0.410078631718604
-0.0945885012674604
-0.199939212900704
-0.331193932014926
-0.329128869480632
-0.320848335526183
-0.365510778413014
-0.303616468112628
-0.317679952536242
-0.269810035823522
-0.404258941703515
0.0385890724428237
-0.408769726403733
-0.17127031035967
-0.325556824868959
-0.29224923313556
-0.102208481534759
-0.346099252087685
-0.330470434789066
-0.278248578229638
-0.136358276577047
-0.183728850472993
-0.149371243460878
-0.191680616649319
-0.208239014048317
-0.195477662652401
-0.267138211238878
-0.243992708893444
-0.43738912522846
-0.245256014419458
-0.299784994659383
-0.186029555300781
-0.0592353419920831
-0.321171602283583
-0.190187141712963
-0.33775045708622
-0.255036698657816
-0.278768582769589
-0.302906508293774
-0.247226078764397
-0.0862823528156131
-0.11077313136
-0.169483373614815
-0.262833892268869
-0.142436380258511
-0.274025731972629
-0.317058444575537
-0.19481712381155
-0.276912764399329
-0.151028178646371
-0.272227361325004
-0.117102049206541
-0.345127871726676
-0.196176754586895
-0.208072326106452
-0.267949043765601
-0.15640930160095
-0.203889842223679
-0.150138745688022
-0.174658510796553
-0.0875757929825913
-0.0310223728001671
-0.19245414840999
-0.120321419357361
-0.00849470232568394
-0.228767722544431
-0.238345625371481
-0.181089895045766
-0.195087783955615
-0.091656321358361
-0.254076858128133
-0.144683217314059
-0.0730579322536473
-0.24502959367059
-0.186154836916168
-0.0927007268024769
-0.0328383342459367
-0.15249913324022
-0.14997627980698
-0.144554963662057
-0.173237644615683
-0.274990280168148
-0.108387324631848
-0.0762566964927923
-0.176760880715019
-0.207904429598504
0.0203859775564159
-0.191263129458452
-0.166057526096502
-0.0972040182727724
-0.0960011047834048
-0.0101628361145887
0.00886806458032086
-0.159830649899515
-0.184776762338771
0.174553528581555
-0.00836279415984519
-0.0556133780365691
-0.277208529579192
-0.207965986650931
-0.223212102740232
-0.112791286487346
-0.165014068620347
-0.0839782841666059
-0.158537594397152
-0.0510055705933654
-0.0992465007284544
-0.132262998537989
-0.115184403861654
-0.052764941874868
-0.0260072670609671
-0.112204745018984
-0.149724369143197
-0.124255872506506
-0.014037168604904
-0.0125466633182403
-0.081850272238156
0.00213281644364194
-0.120826175238726
-0.0272507144485187
-0.0611661861909622
-0.136680171380164
0.0500744988810229
-0.0417313189705042
-0.0967746934417879
-0.0308993762921189
-0.0175723718168527
0.0341903533508707
-0.130112995737197
0.0576014333489056
0.130691438219805
-0.094714808933919
0.10868212905083
-0.0530603566292651
-0.0286361796547572
-0.0571649012869089
0.0127108512315851
-0.0415306788658035
-0.137265874699074
0.00203042256496899
-0.0677345089904399
-0.0569730554048825
-0.0402361315311676
0.0998146907380082
0.0869875389360539
0.0203460725545452
-0.0677018739555581
-0.0205988033801787
-0.0788858235999996
0.0185337724264505
0.110102147886288
0.0114135992959785
-0.0205524034780458
-0.11584102211498
0.214141901600617
-0.112627383673666
-0.167277217667893
0.104486399211
0.00289782821425938
0.0466893267505194
0.0763181363961716
0.0404001562152227
-0.0115707601947616
0.0373603206945413
0.0503547822972466
0.0946785657935281
0.12477700146155
0.0746278034917641
0.0397479700098629
0.0735237774902418
0.0737774931502112
-0.125749519052857
0.184238240175738
0.0659812711282083
0.0345927203954482
0.137197078956381
0.0964491130814211
0.0461214836918386
0.0104173103137467
0.0966149734588242
0.0977941064796782
0.107118457587884
0.0911284488824821
0.201602072033123
0.00927841666377039
0.0367545224101066
0.0170460753784871
0.128877385196891
0.157794253668561
0.112928261666865
0.253328108957179
0.138507913338295
0.0138312754210358
0.0707473274502306
0.151511463738471
0.108599998230584
0.0502015485361234
0.0270105698129327
0.0304517351666431
0.103497774953235
-0.00404873582391231
0.0759228936338491
0.00472927773496714
0.184745415253556
-0.0515522065494953
0.145580142692651
0.173934419609168
0.102507924999608
0.269277660720129
0.28712927621326
0.19972231490439
0.13770424612438
0.132713624389218
0.0440977378630343
0.195693791757268
0.0564267249048259
0.044680617363052
0.201155965013608
0.0319574655553311
0.166643829590323
0.147754160634789
0.0532006033007529
0.124055585984798
0.155888817518852
0.0685033578741987
0.253654271834046
0.270874727340885
0.132051594893192
0.111696813743256
0.0943320531415952
0.102457693322807
0.202827848560685
0.17397343993139
0.140906584247892
0.238588717418222
0.0661124812357626
0.330368145724856
0.214439643637078
0.132750916557911
0.196706390181054
0.100097962569613
0.195787693070499
0.288947564230641
0.0545312068006653
0.24785249761695
0.172259583759154
0.0450510024750596
0.170316974880033
0.0889401280976767
0.251969129386319
0.14117459812299
0.289779349127562
0.261896257830789
0.137752955047069
0.39389321890862
0.292004299245807
0.0781239337774358
0.157771414289558
0.121713596266362
0.257200347968029
0.260697148413031
0.220087104285618
0.324659310977992
0.317741740642009
0.268696832438894
0.280242023487127
0.311185776150335
0.270659203292429
0.171501832122434
0.167235296339849
0.244608116988304
0.203886490855129
0.295570753628466
0.290909014587047
0.337628192428881
0.282696931759144
0.265986835720784
0.262206220213392
0.319499883350856
0.280390393406558
0.315874695473715
0.274009850256921
0.30402093790609
0.304803374700753
0.229622863340615
0.322699924402962
0.324075782313258
0.275995490961718
0.217617190664725
0.284122626649619
0.336912450656039
0.394983965797613
0.445780009581191
0.286163774241985
0.264507701672967
0.308202116292487
0.36358367907171
0.300471411869118
0.148088746362494
0.330517497805023
0.176879489350039
0.285475849177729
0.265237420955169
0.24671585953942
0.377821596042888
0.384555810857557
0.450106172441704
0.209497044562704
0.342138856456947
0.308822569456963
0.288403704831249
0.274619170747114
0.277150778441131
0.234056676347766
0.410637907148778
0.403769826419237
0.205862363166084
0.331902183254748
0.238490623463696
0.239891624881407
0.209317854129704
0.276639370364257
0.397949294175116
0.377524035617236
0.353127239756656
0.313704013650118
0.272334863174698
0.480080201665148
0.4432511979536
0.566529916829052
0.520438840630821
0.299401652885053
0.392442402560152
0.471270465131026
0.354558226061937
0.419041711729205
0.491766270099472
0.286395995545473
0.336840065194429
0.472176153960822
0.367196810265882
0.338413353723666
0.493475496669752
0.380695746990719
0.264634709426239
0.237871222514089
0.447138687051647
0.283867127119963
0.298237588059604
0.370127427908283
0.32415559456156
0.441840817053873
0.446791612774591
0.321759349331191
0.396273597745379
0.26506273455864
0.404187486393653
0.344894395729523
0.529047260225831
0.45529240130855
0.510356731805341
0.40239971744502
0.376890251471205
0.280693753250578
0.416765464268291
0.52498873437274
0.37053433001092
0.353844753960066
0.454305032124477
0.492755991024777
0.476459564134935
0.375543614058952
0.475371671993402
0.513943432243303
0.470729462544901
0.277599405154746
0.44963887144336
0.430356197879684
0.592274033400053
0.547544664021404
0.370775274065239
0.415979376078536
0.502445674734208
0.442186512185727
0.487719756396351
0.375598453476996
0.443061394608129
0.483210171908079
0.607432408533799
0.539952581179352
0.590555219393689
0.403272235193981
0.567578587682326
0.514427258383409
0.542233089111528
0.486953794267166
0.6098960959901
0.564722168860365
0.499148716808164
0.375322306359436
0.318549635676592
0.476479615933502
0.406826338053559
0.570120613341371
0.447608279208799
0.583073314748576
0.509700058616533
0.472535080098556
0.723856207062005
0.634400200378587
0.633196466907879
0.47561702600675
0.524778482837419
0.423556835389925
0.556781112266118
0.530374656262584
0.527877652670019
0.635309493381272
0.605961545147863
0.549151631674147
0.499883780528179
0.668791181256679
0.590393244682345
0.507530635429108
0.49871252205639
0.645617281386622
0.59879759314128
0.625855315288721
0.357823624487311
0.505028046090614
0.693941434310047
0.515260657856232
0.657733852948079
0.571007945293474
0.606816921096645
0.598787610121604
0.703794707183135
0.602080610924263
0.620893556045942
0.687777752240233
0.54402444043282
0.543274569660611
0.563082493954668
0.508675896877111
0.510887693978021
0.530678110854018
0.629901926144571
0.638980205950104
0.494694796896918
0.636467003068833
0.483482265247951
0.693145459631825
0.653096457407029
0.545861152154785
0.583649810885303
0.484741709768451
0.532331601911893
0.629489703088477
0.627313563723202
0.582008209885529
0.666575712281726
0.552569590960118
0.693901864806429
0.768451619161262
0.428013391215573
0.50412739348038
0.545522183218167
0.634603529569767
0.639788328098717
0.56383144803342
0.592191085911786
0.61247245851907
0.637608154508808
0.673927784776999
0.751441366431002
0.598375825788735
0.745763336822907
0.499953839011078
0.610376498832808
0.717003450336949
0.712018461886715
0.615880661489188
0.560555960164247
0.738324009551842
0.839602692679048
0.59048258777867
0.813771215599025
0.770760555830239
0.629290982890609
0.69792554728258
0.833360329689187
0.739342285667263
0.630731056017766
0.648275046880323
0.66118106295044
0.656991224706795
0.648072728971586
0.596125999856315
0.712887624527734
0.536441581536213
0.78775857488934
0.821533570824931
0.676628602777856
0.609575240885232
0.681964393200786
0.695307571228791
0.649231667290531
0.632615800499774
0.629574831050215
0.685547264439834
0.604850511598381
0.798888573075041
0.693522425706805
0.67688083650937
0.690371638555144
0.614981492204873
0.578944404711758
0.728789858825699
0.822665741957258
0.810365371037784
0.760316101246956
0.627687451940552
0.777436094667178
0.528597230760878
0.867748109134162
0.75895949274971
0.753218431630163
0.627242220534955
0.630529517681246
0.619742388031925
0.863814678333775
0.662957103467356
0.855580909663873
0.77331665852684
0.741621814631292
0.79465003351413
0.671967661351172
0.758907497177007
0.778289520261251
0.716065351151734
0.699881623183821
0.789721633562578
0.743677108846836
0.732816184875619
0.799855952636301
0.80575254848347
0.814031236878413
0.905935369435382
0.805281230367911
0.859844344938539
0.863294604249664
0.835342576236526
0.808887255300096
0.755305471785943
0.620637434202444
0.909628645195009
0.872659526299196
0.878377480212566
1.0589664104618
0.898478220520908
0.837370649583594
0.786762306649033
0.822880040909816
0.917434094604372
0.765408573762281
0.780741191754885
0.853968145634056
0.997407282956912
0.837890708753293
0.828965628374096
0.756892897779238
0.847358247911722
0.894504800628034
0.86025912546998
0.885686147848741
0.732064650789607
0.736940166913022
0.886776519842039
0.883356675722629
0.963647670371949
0.808860385203936
0.95176074983439
0.872153287870042
0.904180672655739
0.81450803904647
0.983208531384975
0.845776249953461
1.0591081564577
0.757232893190434
0.814801927536817
1.04414102486708
0.851589581088712
0.997771767409891
0.933027725459491
0.839118704323579
0.781876362565876
0.949029844211387
1.07027802530527
0.778943594764076
0.937170750962785
0.854384844797095
0.830283076664273
0.986930152500215
0.973241681532637
0.935513872498134
0.854689819590916
0.902357801404047
0.984211812101224
0.851384009788414
0.84043076944434
0.939493594751664
0.952189927123672
0.837122764939069
0.931550614480732
1.02005180697055
0.949499508831767
1.02306106064277
0.886723470908909
0.845664761811796
0.84842372335583
1.00690015558971
0.984225091461323
0.833804111462436
0.922978042322306
0.927377429908011
0.90125817018805
0.91850812556349
0.905049111852085
0.914576198460263
1.06702294525415
1.06550518608135
0.880001955213394
0.991232173398331
1.02396288077423
0.904651614710604
1.09515840734508
1.00217083977625
1.08726863943817
0.991612590559974
1.07463575788967
1.04300579109558
0.919232807622912
0.945749790583277
1.04005726277899
1.00444972276783
0.959333862598427
1.07210402507768
0.938114213409465
0.911678739025238
