"x"
-0.953531326188636
-1.02598657789197
-1.13219634356157
-1.0946827557115
-1.04951874917599
-1.01071370141524
-0.899326962877225
-0.886280662725947
-1.0615214234852
-0.947786038836469
-0.951936427841533
-1.10294081790693
-0.913912536045189
-0.860119331989383
-0.812767947265229
-1.05394083037351
-1.06575832744335
-0.904455574370898
-0.983952277155431
-0.812471313569174
-0.832830107350405
-0.889624180473932
-0.971609058857732
-0.955692831155123
-0.825561506236829
-1.10817086248784
-0.974001204317228
-1.1187410787244
-0.942397670237323
-1.02232595032064
-0.910239830311623
-0.894177184359717
-0.963883912476684
-1.02410197154536
-0.892393203121458
-1.01858295834233
-0.86433187790981
-1.07626342105183
-0.842381206060674
-0.885213370451017
-0.984538851439019
-1.06159883509386
-0.973942924238816
-0.984483495814989
-0.893880636221757
-0.931996566691246
-0.90391610885537
-0.697450174167377
-0.876541425472651
-0.959647802000775
-1.00378196975259
-0.904177356735635
-0.845506841460728
-0.808834069230438
-0.914855865205914
-0.924981477464329
-0.834864554639349
-0.879458437142923
-0.880703641376224
-0.785311893489632
-0.868819282816149
-1.02810372207351
-0.880278693196438
-0.826206037981624
-0.904517503812843
-0.862172030557571
-0.792251685341889
-0.883083395365905
-0.850314591340349
-0.968989817851341
-0.716964713710706
-0.730625718184839
-1.00649859852256
-0.897510285122412
-0.781788292672314
-0.874602669023155
-0.943499251304137
-0.74832442047036
-0.887520293107076
-0.787026174048373
-0.811601010374635
-0.763025661672764
-0.973876232924658
-0.758237135045451
-1.02229476604422
-0.818796547000271
-1.0239272023759
-0.834566478810668
-0.740814832510836
-0.739145904982733
-0.771665954921344
-0.818805327280006
-0.821212981468754
-0.809915525150193
-0.788939657941067
-0.790574522933284
-0.759288972558137
-0.705229288509501
-0.914502536761964
-0.721703935985632
-0.747791595392149
-0.833160717495447
-0.602106592725627
-0.688937167053832
-0.759760297801047
-0.784618802373735
-0.718713607895959
-0.694137334790272
-0.822628853257607
-0.737317225864165
-0.615732314865496
-0.828059143432656
-0.822573464959163
-0.752703928498425
-0.852393486412399
-0.86723160173138
-0.750123636870997
-0.7778834482311
-0.600566623355726
-0.757226713989254
-0.647369540274048
-0.907600881683743
-0.834449098665108
-0.848371968231028
-0.846344001090668
-0.694173222227393
-0.841365123168326
-0.744036290791449
-0.817525390334644
-0.688459294256159
-0.683617634586088
-0.721220683601983
-0.66976005073447
-0.843335657393543
-0.719543087041953
-0.750453921119015
-0.673381950942733
-0.789765776765599
-0.666681434400084
-0.650000759664021
-0.642497386998735
-0.578593882003061
-0.878423170670949
-0.552465149278717
-0.648068686818493
-0.768082131641834
-0.77272137172786
-0.694952526648797
-0.664034487237589
-0.621726326449588
-0.551883600675627
-0.577309623289072
-0.641701894747392
-0.773123783301906
-0.737199328420649
-0.63676639441582
-0.688085384283083
-0.616957065137684
-0.693201980193091
-0.65741919825476
-0.772257318980505
-0.644600793049492
-0.668304017668011
-0.547551528454874
-0.577334577218237
-0.753917173858128
-0.736086674885833
-0.638031717283654
-0.730048206012744
-0.729158682213292
-0.596844748142953
-0.622745381644082
-0.538725550047453
-0.683960073566025
-0.707929123759409
-0.650087213586803
-0.731045327162992
-0.647449142776111
-0.794381715614255
-0.644730094361143
-0.728831755924697
-0.595673041422933
-0.657897769867212
-0.663514698904502
-0.66909168528426
-0.618554780869158
-0.620745643145824
-0.574549779976626
-0.622651281443074
-0.751479007708671
-0.639058785686565
-0.738381732160351
-0.495924810860524
-0.613859227973004
-0.660093994206872
-0.585976503670714
-0.660608363517906
-0.568959964410842
-0.644336198654128
-0.696259036897485
-0.711106476952303
-0.512895503038277
-0.566708809797485
-0.534180698858052
-0.662984681054638
-0.646597388348783
-0.379025441381175
-0.603590533466911
-0.478081123194448
-0.315895246032589
-0.52512459098632
-0.520457210134881
-0.644665372268669
-0.532573617292801
-0.63667752155977
-0.524626302423998
-0.360829690005504
-0.510319386716522
-0.701863737849581
-0.721193480341483
-0.623488348959927
-0.601545171488713
-0.385279849199576
-0.793575710513973
-0.69756024272259
-0.617139521614795
-0.44687147185311
-0.511417230866766
-0.386212207833489
-0.570623056033361
-0.648853056560381
-0.648551663945631
-0.602952799315611
-0.59136538937836
-0.544463193751246
-0.443929962507045
-0.726403818716077
-0.454969333796003
-0.536099155665746
-0.495998237087652
-0.517858536676077
-0.594328321395395
-0.511210310219921
-0.589272304216866
-0.587887490565662
-0.368476331007642
-0.531896329430137
-0.441920913585092
-0.427750309555602
-0.646833579663516
-0.388056247815229
-0.484922043406854
-0.41891343933884
-0.390440989026158
-0.616158522268112
-0.500798170035865
-0.483256922342216
-0.491307842434135
-0.45600096190742
-0.380365245115249
-0.579254241544079
-0.512888151705236
-0.245894876929839
-0.521856183545147
-0.606141378847479
-0.570800202386677
-0.413339459729994
-0.548859614313161
-0.552357964029048
-0.452370579218436
-0.484160173170522
-0.371118647020769
-0.407854746288783
-0.396521153431716
-0.436739196408982
-0.642787018602738
-0.444255928484259
-0.479824049323746
-0.444624413642688
-0.458298420827834
-0.432068778290667
-0.44499455288962
-0.491806206957336
-0.407915411378412
-0.477441313428752
-0.489822968252657
-0.388441299310811
-0.446958162091636
-0.363350566270034
-0.639041998166045
-0.479802864432962
-0.385793609488731
-0.586679340315588
-0.447945280481021
-0.364080300374166
-0.437792998207552
-0.439084676752437
-0.43192071583631
-0.327917237590604
-0.533995205585875
-0.470212077162008
-0.447226197621194
-0.323035930363276
-0.404408447469035
-0.23420190553855
-0.393085604518715
-0.53443592798688
-0.188163841338976
-0.320228090939638
-0.322276607195063
-0.331333967577298
-0.330632654472424
-0.376494536615308
-0.229212417353917
-0.423484120928195
-0.335118332920515
-0.3304416326567
-0.172877094047268
-0.455477798487432
-0.405613813388617
-0.286844470326858
-0.36042713074095
-0.326104117362126
-0.409156854121086
-0.413214573817748
-0.425491287582652
-0.197673087099193
-0.299021443726405
-0.375726509183504
-0.490253774126717
-0.172790655876134
-0.20190961350353
-0.287202989749545
-0.2975632974192
-0.297954786253294
-0.363374109830221
-0.275718282873975
-0.260227771068898
-0.314209585208165
-0.238419148062162
-0.313984812719565
-0.275629622122089
-0.347121870081971
-0.218981919906396
-0.344860910912905
-0.348765831514866
-0.275378026199954
-0.372060819318578
-0.269174377243457
-0.405733129180102
-0.194006104538747
-0.286115977064341
-0.313365502424439
-0.157891832968699
-0.415572852891089
-0.291748098193731
-0.273453027566513
-0.323587373305478
-0.264068360234211
-0.263287514961604
-0.267241944775138
-0.359174898491122
-0.28229584518297
-0.137772600679908
-0.182755997475518
-0.285683631417661
-0.296299519587045
-0.224907853530771
-0.19379361849445
-0.293056426684755
-0.230814011207342
-0.275208927130558
-0.158765743899223
-0.152537469911571
-0.28214482005298
-0.283177019055552
-0.162776804513553
-0.337037532009327
-0.173063675794017
-0.218225299058665
-0.228491040378479
-0.320863056696345
-0.171526956828225
-0.190647568628285
-0.199525178387978
-0.262476830009127
-0.292899505216839
-0.224969198942446
-0.289979343333301
-0.155409756906652
-0.279725935291689
-0.14971179727408
-0.22999422048396
-0.269123923597272
-0.271348635891421
-0.260753417798812
-0.0465131647180909
-0.305492248729039
-0.246713729170748
-0.0359646239049441
-0.139337735495821
-0.332530834840642
-0.0708242174514437
-0.159485404663738
-0.285497563552144
-0.25814551717659
0.00607873908241553
-0.325960276871443
-0.214758103564573
-0.0811542307242303
-0.188974447081024
-0.0890817764470381
-0.167974640944117
-0.18711367077472
-0.135748308929611
-0.125917679918515
0.111710959648268
-0.0320354179616494
-0.0789862795840942
-0.175624091364142
-0.129525773373197
-0.13997794571271
-0.148421709196009
-0.12253996214675
-0.113832001402263
-0.194372441840379
0.00112648926493552
-0.0296607627199269
-0.052851443285276
-0.191760462162282
-0.230617077005762
-0.163973445071302
-0.0998404613756979
-0.0763585013717426
-0.119771515386477
-0.110881536769315
0.044718838333097
-0.0545914332930264
-0.139501807482124
-0.105478394226913
-0.0966021111733329
-0.196091411903207
-0.239705137752266
-0.207279139025485
-0.168995481962446
-0.218838258156599
-0.176909394884049
-0.271971404546122
-0.191698021737214
-0.133639895911573
0.0658194320997325
-0.0671343312953649
-0.0230607968852559
-0.113526591708601
-0.0456703754164207
-0.115304759039969
0.0130487897131102
-0.137795365581231
-0.123503272114883
-0.158711405586995
-0.093428671049134
-0.031576895806145
-0.0750621111713606
-0.040898791650146
-0.144953950666784
-0.180875154275785
-0.126035625554493
-0.00980881450848564
-0.0322791435471628
0.0202637806698164
-0.0798608711230773
-0.124115552941131
-0.0278599885954694
-0.0211116021469743
-0.317000600190277
-0.123696118420179
-0.241791505293386
0.0219201835779568
-0.0711905441680351
-0.0457458160144306
-0.0118022841909699
-0.07939603624438
0.0476453634764118
0.027616368301485
-0.0536816702876284
0.00278603005225572
-0.187459508496077
-0.0312141500388539
-0.0791170384020204
-0.16403858674576
0.0115652542192869
0.126310088775445
-0.00841506038356294
-0.12283724250758
0.0711828820182306
-0.123954587421683
-0.159453073705098
0.03441505379666
0.00981626095107734
0.0317096213084569
-0.0339727259794345
-0.00868063223912234
0.0511803282525625
-0.0362071606374499
-0.0754093138843721
0.229746903509348
-0.155932249092748
-0.0397836859725913
-0.0305985674930918
0.0526018869538012
0.0382175350260235
-0.0699255845236344
0.00164844784803959
-0.139414719415977
-0.0227266078234843
-0.0215340607727064
0.0668692519677213
-0.0144088790237328
-0.00328969004417438
0.181667572623468
-0.0911104376755832
-0.0441829312913937
0.0342419961458788
-0.0846159956151118
0.0101463752215591
-0.0484761853141973
0.182713997940097
0.0939340096984128
0.0574511201615902
0.211218980607275
0.0433177218260904
0.0276328769277919
0.148239631381761
0.142815319553592
0.0981330177439537
0.205821563816756
0.101139316998335
0.0679248335665371
0.17110479598587
0.112583040409578
-0.055773463450916
0.109206726408746
0.102335455762372
0.0499988969936558
0.00577274799370745
0.101285478207916
0.0885018360117152
0.127755213163761
-0.00803530719179245
0.0834092653693656
0.00594495540758205
0.195237888831912
0.116920362663188
0.128490462653562
0.210285509184833
0.0521964356629746
0.140830719971395
0.145423348271923
0.128304938210426
0.203728798625562
-0.0113531105827818
0.0238895871401617
0.0770952736207705
0.0545500564243495
0.372828139933983
0.258382019088117
0.239318392720523
0.0442983322145628
0.203967010168837
0.0141879978529982
0.131129223055841
0.257726810325564
0.00318006533645276
0.0118963397789277
0.102407246466068
0.183862130567919
0.146398134330466
0.137522748633969
0.189672570907601
0.238897681000447
0.172468634742314
0.205382101482648
0.0661199144497404
0.183274138809489
0.0782961762003163
-0.0170656333096089
0.133275920947499
0.0984647884918988
0.1913642633078
0.276579333594338
0.201474881729452
0.160696530238652
0.254792316710234
0.178659024200578
0.19734579185229
0.196999317784212
0.220163570485855
0.214132926138438
0.153647447366067
0.0994789951749272
0.211087872117126
0.213581417030248
0.201104850463302
0.351302960904858
0.251581231372539
-0.00786301401397682
0.223800817381789
0.222169572063727
0.368559891879052
0.133008468997854
0.229037993649545
0.272250126938219
0.146127050180985
0.3850825458223
0.286040912818641
0.216332981474745
0.2635519142628
0.15091524391003
0.295649734485171
0.445171015806244
0.353172850117187
0.144278709306094
0.255843054793369
0.216250066427691
0.325530476348899
0.287964916387137
0.380574287462528
0.168335159531694
0.318641124622071
0.330469246984135
0.198597547439825
0.210100595047366
0.240084344818852
0.339773658469404
0.229371598837765
0.399231822909619
0.299831125547075
0.439573631558542
0.238637620505162
0.269957819708328
0.281519414991884
0.278436385600802
0.215339809883396
0.244910309464919
0.221400121455953
0.371156352230557
0.392857448400071
0.380473751699683
0.246507067286391
0.43690935353686
0.506359103454583
0.399867292057641
0.356515188501512
0.35829771017362
0.0888678068758015
0.345997135306953
0.394875080606835
0.178839225721279
0.425798120774206
0.327020814370931
0.360439386726092
0.374949425286135
0.339441844661332
0.410409096806633
0.283990577361113
0.34786667379528
0.287147586294104
0.299969760613405
0.371112989098852
0.297074673473275
0.374419045992467
0.380145321487952
0.248043903058608
0.418104834149991
0.30858950908384
0.266357490685507
0.33711418016596
0.357637738908761
0.384065789121922
0.454916703577142
0.315881715271007
0.367176253184806
0.379616765419011
0.489339606813123
0.423109578168068
0.40166005494832
0.373807291681304
0.419360209732644
0.373754161560764
0.373453312718761
0.481416746504588
0.301293056532247
0.483680253584453
0.38228880070604
0.380491142124484
0.360651195405785
0.34497863155255
0.466181611223574
0.409636566602141
0.491545238031163
0.344712014208456
0.274249233296384
0.371977960977282
0.612351617434063
0.379547523853967
0.569321320569055
0.350000759873942
0.290576346169445
0.343010203890939
0.440161402065989
0.412163217776531
0.396472663083376
0.349636426080657
0.465552819176784
0.446529598653808
0.634761098983169
0.476823258346411
0.493221209884035
0.47011084775801
0.376885472393343
0.499269805978964
0.427615701922774
0.373571585641714
0.553223923125251
0.612510186557377
0.275358091521295
0.517923170436098
0.455464375025043
0.625706275832049
0.327291924057248
0.423635639174258
0.545972872696097
0.436629222237576
0.48485377018834
0.547390380935318
0.38052340000781
0.555225585740784
0.525485183843081
0.538946233049859
0.270121882378235
0.424664204068739
0.414550975648603
0.340573534018965
0.570701500670937
0.417730260620218
0.492516431143244
0.553531880408319
0.412250186148196
0.365418336803922
0.595952120111398
0.470257514659582
0.393793519156007
0.549915854615032
0.48470743047041
0.484513382524027
0.343456371461351
0.459806258610594
0.562009660855125
0.479143237166742
0.546279532823319
0.527642063657585
0.462941992145652
0.450052316985697
0.563163971904881
0.436828149122407
0.532613520597351
0.546778493272933
0.576427429274089
0.510118733049842
0.472751731818239
0.490502547744854
0.38608881437758
0.543897611851468
0.556423911198756
0.650949444375729
0.644960738622871
0.578633842107822
0.367666494940612
0.565883079962849
0.50721729558924
0.581366382915362
0.497415198530233
0.482822051442006
0.592261048851404
0.565693706481636
0.43386936828121
0.573644725941054
0.502854525098871
0.633488796326715
0.541428442327988
0.479818286115719
0.711066145710509
0.610054347748026
0.605078026502173
0.571598777551343
0.64813991241528
0.508571421969515
0.600868675734587
0.446451416168002
0.650964177825419
0.53906539546613
0.558080448478348
0.630901038386202
0.794515888474332
0.621117936261871
0.714708708024947
0.551839579594863
0.547972864672016
0.658130643687885
0.655141284099981
0.755904160451799
0.711546502964453
0.588676846840128
0.653797200360454
0.708032913304895
0.50825121161331
0.643221829581584
0.561350904263027
0.582991021140004
0.529625461500275
0.540032687385042
0.61441773855292
0.519850715753463
0.64376167642539
0.780415187681245
0.556496276694128
0.737068082124226
0.761649658669516
0.66689372433663
0.669040853540189
0.613178132730545
0.607991996973576
0.675288215225036
0.807515844120261
0.657822532403994
0.54188211873708
0.719438906835191
0.606063858062081
0.52511947332069
0.624088673080267
0.590253517011591
0.7736872304318
0.696106161491524
0.618904772763338
0.543760628657461
0.610916956065923
0.725844319722354
0.686929644384758
0.737695189615287
0.681207138251024
0.732673588451661
0.859757012283991
0.823990873153903
0.572826886440185
0.805095098145955
0.721917455244973
0.788889522845558
0.646495767787811
0.733289866219957
0.783428090045394
0.734200737034943
0.757844460625883
0.735064960672205
0.707082371662756
0.716893581271519
0.779038235585048
0.710817533351176
0.698730254443063
0.734807003449278
0.637003509687058
0.732976228991568
0.735702202639413
0.6701941724243
0.680927063187622
0.663870818064053
0.830065603547715
0.704035528673509
0.669397571376701
0.73634057991405
0.609833672237417
0.645390936652982
0.756181153712263
0.710824535201869
0.764683970057437
0.598235682231099
0.66279452367039
0.64204214743706
0.77497281324416
0.738915897421719
0.881173034368833
0.77696633161246
0.742566211164802
0.883488219083315
0.686702407563079
0.738322446066498
0.787096938273229
0.781116277520702
0.794064487616082
0.877010576397064
0.782682033132024
0.805389641510248
0.743201461392943
0.816385617767582
1.00614028936794
0.910739549283555
0.832713820186593
0.827818344969148
0.914656552913576
0.783196356161537
0.817439317799197
0.783244874321256
0.813092323536894
0.967805131344583
0.786248336391465
0.778218454355875
0.823854606561235
1.02911999851339
0.638926418065951
0.839267457177156
0.781269889799543
0.872998852318569
0.836977228327909
0.822483613741272
0.788668793327526
0.934425411436268
0.637208211716915
0.924673787234789
0.855379084065805
0.666983970479488
0.898048195649204
0.922235466355634
0.947075348820462
0.873086773857922
0.957787752324651
0.787441532176441
0.79004415108529
0.88153529094336
0.992565207117987
0.904900578657404
0.860385804101935
1.01867359114381
0.850087962878273
0.781842080946143
0.941978619091273
0.964536814193692
0.811358026185267
0.842099932001084
0.89676060503291
0.955490564968255
0.956220699472539
0.995041146221229
1.01210519492512
1.00972173784898
0.920954913547097
0.831318187169045
0.913101574143054
0.934438912266932
1.05501883095479
0.943497961033239
0.94959874926064
0.990134308852989
0.956368504159122
0.999145929277346
1.07379763987112
0.926017559327438
0.901572965379278
0.842468855013861
0.996852445421745
0.954410819061008
0.945614565281344
0.893194504189339
1.07281832494559
0.956829459835665
0.95159659368064
0.933057431122139
0.945949259847185
0.868180528666932
0.929405099174994
1.05068590758238
1.0595445560045
0.853415004235348
1.07585968706363
0.977158630886246
0.817960818791908
0.927414682208479
0.942357517646177
1.12081997083525
0.959254261299047
1.08990036113707
1.02487460080515
0.912400926596388
0.796192613496003
0.985516005277537
1.12101726006494
1.12099562769516
1.09380552970345
0.963759905921645
1.08206869608169
1.04430803755965
0.995634310026295
