"x"
-1.04273996495187
-1.10937014268754
-1.01563802122161
-0.949958374719859
-1.04986328328644
-0.977764677459895
-1.09868954517842
-0.959823188403957
-1.15480378890548
-1.04428683521707
-0.957594197973326
-1.01233447977097
-1.00246956439556
-1.12376254965037
-1.1369098397406
-0.981101057896259
-1.06458315347606
-1.11627257777899
-0.835837136127286
-1.03353083876309
-1.02661683442551
-0.899342298816059
-0.915583432654795
-0.985997876078305
-0.902834631270451
-0.859634630361475
-0.996152220571235
-0.868974304286126
-0.910676852945826
-0.879672152793246
-0.939011272454779
-0.917279176370669
-1.00117271095967
-0.823785045346668
-0.875282139224524
-1.06600084274507
-1.03035202428348
-0.935648601049559
-0.886164002226918
-0.986758551300367
-1.03600809684135
-0.782452407914912
-0.963270462356729
-0.971942044036544
-0.935580282377923
-0.928850292849217
-0.974848236249166
-0.938126714661342
-0.874971296870969
-0.986772404091817
-0.920967847605384
-0.938787671440635
-0.887417875313777
-1.05929793781378
-0.884035930896369
-1.01895398267516
-0.926799695371076
-0.728933264456744
-0.760280791075428
-0.883097384903618
-0.886303807406234
-0.877335786330963
-0.727427079170296
-0.875833206864737
-0.931019927157634
-0.862460029916649
-0.938990001152885
-0.969693451618938
-0.987922321066045
-0.835884009399807
-0.777855710219137
-0.878450406583627
-0.816742359256443
-0.813720653678352
-0.945887327787357
-0.847403944475576
-0.888607109600964
-0.643947976309715
-0.859291749953882
-0.728668584739065
-0.723779382899146
-0.75766981305436
-0.856674506497225
-0.905235854920175
-0.997261758552167
-0.810797756228684
-0.78691623057094
-0.88916077831576
-0.797681227034515
-0.876270147139567
-0.778657828215533
-0.845261847012147
-0.93797350420027
-0.804296209020555
-0.780280609421859
-0.740582443413549
-0.718996248529549
-0.722494733268565
-0.722138568607018
-0.723222280953213
-0.861999333995363
-0.753646670222294
-0.605055078068668
-0.873949554384317
-0.79364176554232
-0.807174973149439
-0.876350343359952
-0.809596200284192
-0.755335647465727
-0.692746124671289
-0.70911167635253
-0.797339308257133
-0.715825395771765
-0.850139036087918
-0.696702938683485
-0.931351417589967
-0.725339288644147
-0.90738957954248
-0.676632067112455
-0.88357360348416
-0.708622167083513
-0.813582381913164
-0.820164383156833
-0.951777846815513
-0.755025117411957
-0.837507397919128
-0.727568681356617
-0.624235457894619
-0.707441138715526
-0.696178584787116
-0.698857449883074
-0.791124460014837
-0.801756165404794
-0.885667014036056
-0.918416644909153
-0.78857515783265
-0.622982656910763
-0.604760893792407
-0.755223048941851
-0.693726003524397
-0.802832993260559
-0.455845965310078
-0.678724708035424
-0.757085082350873
-0.640204265170437
-0.495589363762799
-0.875005306918006
-0.573575924683121
-0.685428991834422
-0.616839350013237
-0.807511291804628
-0.680462792539085
-0.792042724949274
-0.7379257032097
-0.605236096192095
-0.650706193631049
-0.575115700754901
-0.614698735809412
-0.635731877226429
-0.70942770517726
-0.610261945424686
-0.706309182890598
-0.604083743657597
-0.545289212640183
-0.665937279658758
-0.636298557579376
-0.71768162704511
-0.593055906018286
-0.577416395816059
-0.705984299430625
-0.755112052904271
-0.622782108699678
-0.650471544067376
-0.6287746258603
-0.596792123806604
-0.498441761382411
-0.575598667032171
-0.599344210054684
-0.652147012015421
-0.677155464621828
-0.718022412933553
-0.69974439820403
-0.436071164716813
-0.584904721528192
-0.603325315261748
-0.695717571075249
-0.598075866167126
-0.588619650137243
-0.73211717686371
-0.594265448821657
-0.700943523891063
-0.621160517613904
-0.747482410894231
-0.715508892672836
-0.504359026094873
-0.640478173523964
-0.657195688479924
-0.672501931053182
-0.718774752512956
-0.497374918171845
-0.663187968790351
-0.602037454473242
-0.648961745087067
-0.603518017524137
-0.588577772684584
-0.536230588919855
-0.653590999589408
-0.57218315391383
-0.638435931508633
-0.492278401818616
-0.487020514953716
-0.487647151248242
-0.571069615479091
-0.498395255679591
-0.515730469574434
-0.528878214592943
-0.474058330791823
-0.506745618869893
-0.59690245369445
-0.579700019814312
-0.562811474889427
-0.59159090693777
-0.636796594586486
-0.527437896874223
-0.413062253506891
-0.575639162181204
-0.507930483996564
-0.597052755542644
-0.531774248693038
-0.469406543096347
-0.422823661999261
-0.60976177712463
-0.505807696584637
-0.505458217776094
-0.529764907715102
-0.480826635155803
-0.534342232253487
-0.541903947038493
-0.566462756835622
-0.544790945568647
-0.578472887165618
-0.567731568154183
-0.47326715063608
-0.618157568321989
-0.521398864052226
-0.530409027647899
-0.496763582547767
-0.566379084208248
-0.48855333738784
-0.551234790565362
-0.528468843741372
-0.583277679163745
-0.391183420687176
-0.643024798934005
-0.480381137754081
-0.569396528935194
-0.508385572072951
-0.522249360489345
-0.469061833322443
-0.488003485461294
-0.628650431642579
-0.623004962721191
-0.372286568072994
-0.566233254085161
-0.41939726731825
-0.466593218261661
-0.429483262821361
-0.525373982174488
-0.416369949322112
-0.402197146749141
-0.327431611613129
-0.430054747721061
-0.566377261650092
-0.448984320315156
-0.420913314300642
-0.356054410764442
-0.432831344019971
-0.492302959827171
-0.526896091070929
-0.425581990167382
-0.464353965542836
-0.521801624716208
-0.312586373860929
-0.418402577538349
-0.448654358673168
-0.370340005011145
-0.385921045426403
-0.312372236599045
-0.344445296867751
-0.350239245361698
-0.453573314836843
-0.27684490911731
-0.307918328613762
-0.529300010625715
-0.373955402787337
-0.402705764266495
-0.454420040573656
-0.23511467753605
-0.439837944522345
-0.410118631576321
-0.444072072750569
-0.372828627772898
-0.374922624002211
-0.477808799655038
-0.33299359917517
-0.366262723724912
-0.382932694616839
-0.46069000598196
-0.476080036546796
-0.353196268644327
-0.423348605000142
-0.304898643197406
-0.307461537085143
-0.393177124385593
-0.354472867558108
-0.319806486299739
-0.425237332946437
-0.170395280860493
-0.432818643413861
-0.257554784906893
-0.378656833899759
-0.411933713480235
-0.39535905559557
-0.398522050856551
-0.360696836794203
-0.456313115609466
-0.134404303028568
-0.33753031624585
-0.350903748519064
-0.177955885862717
-0.344536150682711
-0.254257324153856
-0.369348299512915
-0.307645198562089
-0.347375366255801
-0.446629552058745
-0.320249344610687
-0.405800626507694
-0.386640013098219
-0.220955636566898
-0.342410828087829
-0.366367976267334
-0.236536063989264
-0.437735802143352
-0.377484184110493
-0.244189507778385
-0.37281243344361
-0.48395630762793
-0.419325200906151
-0.201383786170036
-0.307192591961952
-0.291940100363031
-0.202618964044299
-0.265582046360677
-0.225226288513437
-0.256654133277007
-0.307665558205165
-0.275723869808277
-0.435559875585188
-0.216074287444445
-0.38625128912484
-0.375590173874213
-0.306434498249305
-0.287050979520715
-0.187637578264053
-0.411624267908508
-0.293950308128975
-0.335960369376601
-0.178331963069863
-0.207154907585779
-0.235999121200322
-0.305464256925132
-0.271327400694448
-0.404073858299638
-0.252528522795497
-0.206022077636815
-0.315492692164408
-0.263999522141767
-0.338299158456781
-0.387292197558721
-0.277894372884381
-0.244572995567413
-0.37208626504137
-0.230459050674234
-0.339363595445868
-0.339542277277246
-0.365544319940849
-0.176502685859189
-0.234542836494454
-0.21281405919865
-0.179220340088864
-0.152153164433537
-0.266862328160472
-0.0584472910425109
-0.369903460909999
-0.22053171372974
-0.227169408527628
-0.135832471738902
-0.289997159134513
-0.309333918160718
-0.253935252580384
-0.104823055169749
-0.225710314353001
-0.283155925523092
-0.326898148591461
-0.0527051105738606
-0.0760836567806951
-0.360440386779257
-0.226168797913091
-0.219242319755917
-0.262295262756004
-0.0497695034496038
-0.173668523558491
-0.233511873395574
-0.21029001045649
-0.151618394657698
-0.216965395306135
-0.172975457548347
-0.0638617598669812
-0.150041173322414
-0.0953109967531205
-0.193418078277054
-0.156260001375621
-0.189182886517693
-0.202331118437231
-0.0615306030360748
-0.0792026160115783
-0.175508694590498
-0.0804830203544125
-0.0100330573364139
-0.0907364526759894
-0.0795435490407592
-0.245872832967189
-0.135214878141889
-0.0719183379684494
-0.0552314904526555
-0.0744038777882085
-0.053857737971833
0.0753028486317144
0.00389547158657252
-0.223047850698247
-0.137382745498317
-0.055175956574381
0.0795775967706685
-0.147096465820179
-0.0630239971572023
-0.188564305851313
-0.06534900003594
-0.0706076859050889
-0.282792244309726
-0.142032682450888
-0.105335537763973
-0.134288488630473
-0.218310991408495
-0.0188025829331934
-0.111347306309958
-0.0314870195380253
-0.0725915723521961
-0.0503047151932729
-0.12253852199282
-0.086580886072719
-0.00868010453371483
-0.0298624875787341
-0.0547634566778223
-0.198803764598076
-0.120933879029351
-0.0485097371367808
-0.155052029416681
-0.138814514957516
-0.152900058069911
-0.078861623212648
0.160449710132851
0.0857743369267747
-0.107069645219967
-0.0306092215328637
-0.0451892891106564
0.0402782223923336
0.113049124550798
-0.000592273100959256
-0.078391116736865
0.0321598018616642
0.104562893507093
-0.00145950072577136
-0.000493924816753856
-0.0243791422093976
0.0146613556141548
0.0375613109501881
-0.0876604722394732
-0.051714680964713
-0.0239919192144751
-0.018905062509705
0.0295898688121124
-0.128242944058624
0.124076025906564
-0.0441062837918839
0.0518262571506874
-0.0160757687900228
0.0190015911046575
-0.0714982736618293
-0.0518287060148648
-0.0151637743819642
0.123592174295448
0.0400833422799864
-0.0397068223179281
-0.117724366187983
0.201650934781874
-0.0199434560784901
-0.0181164329216043
0.0843378963744741
0.130890298137578
-0.0285872239060229
-0.0105317074288276
-0.089172066838265
0.00300020611802233
0.128252591893617
0.0469545570143779
0.151363515187049
0.039741274733244
-0.0254346471251129
0.22710737595737
0.119421286204157
-0.0646232853248652
-0.101039865699398
-0.0545903697638371
-0.0930579178479532
0.0496343581858679
0.104050888924043
0.194787504197867
0.12781980319798
0.0416964228412403
0.0522340802932856
0.0516776481659705
0.0311417171546391
0.140475295994477
0.347665762906523
0.0948404096884215
0.0733179566592168
-0.0307422727713933
0.0956485257697327
0.0785630661856685
0.112499173134656
0.157077867616797
-0.0238109809953104
0.0625171513716815
0.194917085771747
0.0769932430195907
-0.00923075096873195
0.120372070047672
0.0217781463519054
0.109152541658112
0.113695080810882
0.114015525492178
0.161053078488778
0.067541491766413
0.0700612315319033
0.0997524618928402
0.0387289005354944
0.145660973414596
0.12099440173187
0.140870313441579
0.191910703039961
-0.0373591089382808
0.0947200535220235
0.176923077309081
0.245068225774791
0.0334206692896453
0.0380336991570538
0.193343409706079
-0.0309108652658366
0.20658802829984
0.0327519313894743
0.259300712553807
0.167083172902563
0.135219825122447
0.116328831665673
0.09467845647217
0.260191010582611
0.0704937628088216
0.219957925609962
0.0235161146076185
0.258595014871707
0.232973285779646
0.117117334164794
0.0694168013822707
0.321733688702192
0.236923533750632
0.235006012288609
0.194809952424259
0.0847418570007077
0.052337634945164
0.100567514372339
0.0177194612372424
0.258858251772107
0.292108500238974
-0.040428798588954
0.266663241236436
0.314879634698299
0.234380685107281
0.23303743352242
0.20033044504857
0.138109028795882
0.178408565502127
0.264901033122663
0.0847037974425396
0.320891169685528
0.288939887463527
0.166361687040812
0.221100528880793
0.240557330170785
0.263399315283018
0.302532563051702
0.0829047331796698
0.215415701930555
0.271426344105069
0.259316300532561
0.371921833367902
0.266918589908329
0.224952613662959
0.266449141365455
0.249362537463548
0.151452329852009
0.248404945861742
0.291442698228795
0.0592083241126119
0.184057923214897
0.249952232460149
0.350229063758296
0.165090136610642
0.374004021116128
0.380019127942281
0.250584414650152
0.153199394973026
0.291025265940964
0.265091847061877
0.337262963621388
0.193805739377113
0.381480920621928
0.425163659215731
0.279372580439334
0.247569510731274
0.276235660724673
0.211894504815986
0.406851952550786
0.440143170067692
0.323899297403212
0.205867790491471
0.147839004161083
0.466018933425121
0.302883777374599
0.217833931032836
0.312478718456249
0.264574769321159
0.417302919136337
0.277659453152548
0.288578762500375
0.242399117925466
0.243497528428416
0.383932891748201
0.299516136605391
0.460601166519716
0.280574807598696
0.366885497101338
0.364330171188538
0.383994838948362
0.314746324057741
0.279044080333421
0.430326028664374
0.323806968038208
0.451522238565314
0.310337681933442
0.442221240706353
0.318018199915636
0.279307242571548
0.379454839702464
0.450933972677997
0.432644799801057
0.408856960786541
0.345893282129466
0.354704650226278
0.328691460104271
0.177628563413655
0.433101318779218
0.19108495827328
0.20970414542276
0.430227030850619
0.437413062169115
0.423221860109494
0.356565518100843
0.343728582077091
0.355828283923321
0.359398909470913
0.352222186012739
0.336109879355388
0.361420426278592
0.364209155239451
0.321660331712875
0.281161014012457
0.3608251312079
0.457463259998895
0.369964573301302
0.42708857018905
0.318829104452761
0.361941394068408
0.287086245367234
0.229625496174719
0.558964637041902
0.480919148534264
0.338503030754425
0.412525316829203
0.518222715619885
0.440532325762886
0.465415968316927
0.351742707893939
0.330245177716923
0.388643503875678
0.362560415416018
0.295398889158046
0.417821689857668
0.277586791286167
0.417605478641845
0.508867896780512
0.468390692643098
0.470310938170441
0.444920549193093
0.52910192490873
0.451600498159243
0.496646560213265
0.402187080484287
0.622674309016586
0.369393571366776
0.541438585869241
0.413571935647761
0.404780075167135
0.511689174040678
0.442845429468278
0.54117386449238
0.499453377286197
0.321410589920297
0.371788745960778
0.39952233989431
0.385658897808195
0.579307125129271
0.615265087884035
0.679650158233848
0.465778799207893
0.496010410784356
0.604684751125549
0.497864060546063
0.416835678592579
0.461111451900009
0.45368038133282
0.53467196757338
0.488248606897662
0.646090704127336
0.343366725950198
0.618307246340132
0.566332331141794
0.47344106409397
0.638108735796089
0.550176746811209
0.578470220418728
0.660685690127946
0.533417328713876
0.450652784734721
0.470952072838336
0.594512917486419
0.476374599329422
0.487096395646066
0.603312569029863
0.566419940443847
0.518986419256996
0.575438161551285
0.494837933864627
0.730354571116536
0.703222250460145
0.386532196081214
0.447971592178445
0.576220220305902
0.575362375075592
0.491904133468535
0.357927290995646
0.447010284825317
0.537234580483212
0.578803930877473
0.598901966154249
0.438455559249165
0.683952754792446
0.647928654433224
0.582545071026626
0.571462636463815
0.703363137667725
0.436289108718497
0.378808569408837
0.53839612983348
0.533069487571299
0.541004397131967
0.47516755114241
0.431256640879947
0.57936046868651
0.568513782085653
0.807656821840629
0.69856524335588
0.602541803019489
0.62024818750497
0.701646009396304
0.632699549735533
0.683587680245316
0.658799679151399
0.578258019602185
0.576830409306915
0.562177678433362
0.681857003846604
0.509803155044294
0.685341768007379
0.684544271180618
0.678854581002235
0.735998157982528
0.581187805104189
0.674689707281903
0.640383074094804
0.684860340339221
0.593195082656883
0.733956858077443
0.832211459713826
0.839952990382318
0.655995222726788
0.608165469354618
0.665255598262318
0.811711891646869
0.656060950052609
0.708405877261826
0.684075404379078
0.647478618470463
0.567491231265337
0.59957917353734
0.633518441590845
0.566294644084465
0.789834049121752
0.577599914499166
0.624366966722222
0.470332641331073
0.609373962362149
0.637562205005261
0.516453587800131
0.671216409262898
0.640820922869918
0.728823267184912
0.621317009844115
0.727351400255881
0.644642675757483
0.547246477451887
0.625578162738235
0.748900642124179
0.793650660013605
0.820178206483928
0.724830210126443
0.706099391023035
0.785912627222921
0.648050865513112
0.604567107857362
0.762488058860275
0.743373263691743
0.734378634952275
0.758213822893435
0.788248647149047
0.657998554524935
0.810281379096555
0.813054719289392
0.65680752149874
0.652948446150605
0.667914129078165
0.707067661376179
0.844360579761796
0.839010741314937
0.577467266061565
0.706640644794532
0.87751213931395
0.769634478808702
0.804023925504644
0.662286329733854
0.864000685653362
0.782662400392873
0.813058989785349
0.778350649535869
0.786170310876138
0.9167045112185
0.674986615024062
0.831354659145711
0.803961930622211
0.773309704405547
0.707281453597014
0.778840966917398
0.857333685103942
0.795566456515989
0.791371339304398
0.793819914816633
0.776940649313598
0.740943548756312
0.782741980143727
0.846454885409006
0.709476504365729
0.573117039975871
0.956658698235105
0.698364197193706
0.907586197127213
0.862663116513631
0.861662328068744
0.704489508378338
0.840543050008359
0.906376608055632
0.732547553448955
0.810365944681083
0.828138065330358
0.87369519709485
1.02863238769889
0.862324454077661
0.655675792466225
0.766988228402405
0.7869592972181
0.90043842137766
0.783853228501671
0.836744474564779
0.855523875751038
0.841084739591546
0.711868816997444
0.880960413879483
0.84822128284596
0.967164150355089
0.888894997369243
0.746266955182872
0.96403501092678
0.839898610796775
0.818204082834284
0.737708942280543
0.839785803460225
0.782471353227086
0.874991092965615
0.934754240950155
0.858521783555995
1.07563771740117
0.86012988231377
0.882801499801638
0.681476308812051
0.96826216079132
0.952638846756232
0.944231135765772
0.859222492029085
0.925120195425238
0.848236241071621
0.809222695781787
0.825576227405419
1.03420306031249
0.973868557199406
0.856687478904455
0.902270917277871
0.877624865669137
0.915171505959415
0.933457063576449
0.940754930033341
1.01453801652698
0.99216553426967
0.906762506870938
0.785698872502809
0.834599729240358
0.909674299205138
1.0382448503319
0.930383444518441
1.0420183553021
1.03131484061244
1.00745620975433
0.905341993501376
0.836348641796155
0.882516696670186
1.00936298685475
0.841027881674772
0.919548458143277
0.957067066692853
0.895449874388369
0.857661788368873
1.0865363961875
0.899224078154507
0.776328573576651
0.883257685664104
0.874939039793336
1.00517505405825
1.02453308812063
1.07950401436774
0.947723747842955
1.05177385391634
1.07954383795906
0.986816859563334
1.07239163281624
0.967516033206093
1.09098633864041
0.974305153286176
1.03725459990207
0.999206858805377
0.924196940280072
0.94132477490913
1.12814973823586
