"x"
-1.06117921705828
-1.13541284714783
-1.03668476383016
-0.942638995806326
-1.05423736559846
-0.98346971353878
-1.09354009829798
-0.947297386090732
-1.14832267047985
-1.02365747075335
-0.945647205157141
-1.04499918378121
-1.00341899540245
-1.12452592606199
-1.1069581635111
-0.984822420812192
-1.05894082554703
-1.11016538223773
-0.861537829690975
-1.0336478190392
-1.00958802489248
-0.901367152661136
-0.924681185700644
-0.974000688599616
-0.915392481595321
-0.85647804871707
-1.00887700335555
-0.856437782535282
-0.922352484565265
-0.87100659093131
-0.928231704553756
-0.913521818381078
-1.00775603997992
-0.841198264972589
-0.876695119274998
-1.03794689898169
-1.04900908713013
-0.944934738452639
-0.891869992686773
-0.965268185044343
-1.03179026825664
-0.798470682877419
-0.981414810455095
-0.985065740135607
-0.929855329653779
-0.932018810608604
-0.963148581315521
-0.935110142455833
-0.880981248887423
-0.954052745604045
-0.904043994193481
-0.951797219955924
-0.887075056110855
-1.06885580194532
-0.887800066909504
-1.01866937652337
-0.931813210755804
-0.71936631981961
-0.797647631222175
-0.885493634141772
-0.891888121130086
-0.88376755855623
-0.715487509831456
-0.854642694393127
-0.955805962013751
-0.857291823860888
-0.954084792920245
-0.980636060615562
-0.972356651118933
-0.830100918201008
-0.780243169164108
-0.861117630157848
-0.82347324805646
-0.832530222715981
-0.95481458371531
-0.853084621050639
-0.900790778975135
-0.623953208675273
-0.844510083261049
-0.743008835780363
-0.706214600153894
-0.735094561501425
-0.861111231971976
-0.893979690586847
-0.993100360211567
-0.823695809780125
-0.785538557405253
-0.891559525462929
-0.781578581363102
-0.884077637914524
-0.787406848900941
-0.84794629172935
-0.919583079623744
-0.783374104496242
-0.793631243632326
-0.721367242328011
-0.739149782079426
-0.741982789636893
-0.704136420428952
-0.714277618541248
-0.869985904317648
-0.741446272146466
-0.622699868780307
-0.876762640401087
-0.82070918046921
-0.798391644069302
-0.880559676978685
-0.795928681416933
-0.765199610765403
-0.703347947453171
-0.697734367078109
-0.806956543450269
-0.731495769153262
-0.854398978364673
-0.715343359412393
-0.910005208148671
-0.730723404748059
-0.897045388279371
-0.675108841468146
-0.870357105473435
-0.712089778040832
-0.801541426479591
-0.828061588847031
-0.946650522965021
-0.735257783831994
-0.840818259215572
-0.734248316520946
-0.647246474997321
-0.736080482331526
-0.676486819870267
-0.712611422226083
-0.797282275389586
-0.804863838741069
-0.880342413649588
-0.907200162773434
-0.819890033719363
-0.636820525340923
-0.629332733535556
-0.755290047230977
-0.700703498925459
-0.786623678439858
-0.451936184840281
-0.684315035627859
-0.772107985939734
-0.64440593986593
-0.516915641488397
-0.863617404686789
-0.55620797875741
-0.693906182037369
-0.632543178775324
-0.80596340615112
-0.682534540621917
-0.788080055985616
-0.729670833598584
-0.590878763241434
-0.654372444414148
-0.580523739696516
-0.631802118084833
-0.604224989722723
-0.711702706314778
-0.630355969706961
-0.711845246984738
-0.620467961788348
-0.52632390467443
-0.64756892541727
-0.629511125183335
-0.69930257503926
-0.598833867344661
-0.574893262885405
-0.682449567918101
-0.749759959957828
-0.608640070980253
-0.654359845249011
-0.638930833529699
-0.589349030244601
-0.4990490094519
-0.577174196196259
-0.597243747806902
-0.633997193678221
-0.678051042868332
-0.733466367532564
-0.69114330462624
-0.44479872526947
-0.593221713387681
-0.628061736982841
-0.700489348892389
-0.594661254936693
-0.578762114216498
-0.740760516563557
-0.600507899297928
-0.695867502866778
-0.627323775520502
-0.739832485553665
-0.690911410545084
-0.513992431777157
-0.654028804098599
-0.633328741271654
-0.64938682840242
-0.724539049026098
-0.517279161795376
-0.681855041533076
-0.643348456165896
-0.650254042697258
-0.612664602417262
-0.600992318695089
-0.524452393716655
-0.660870739493465
-0.578503513619896
-0.642027244313087
-0.484685687183825
-0.503315563377994
-0.47856084192294
-0.573257776029931
-0.504467889312561
-0.513416021360773
-0.52886303422359
-0.476186276567654
-0.494406912023399
-0.595559950808627
-0.567799874133044
-0.560883055909493
-0.585898809247367
-0.623766669719872
-0.540058005829507
-0.430809177289414
-0.588315858998351
-0.491305196768021
-0.604579192319784
-0.550215758386026
-0.461058097332659
-0.42179715368863
-0.594517025274378
-0.500351004034787
-0.531898792804336
-0.538471555709749
-0.470390189437342
-0.539395972729904
-0.532736694439134
-0.573798516798694
-0.528808797556403
-0.586295114557992
-0.582245204047931
-0.48606292669077
-0.618924731768638
-0.537366481122826
-0.533401834364167
-0.506863128106823
-0.551271578714189
-0.474022740810451
-0.537665186018935
-0.513698071741896
-0.584880363145408
-0.391568386504754
-0.621913842347569
-0.463913253469292
-0.56902829042395
-0.510747709346234
-0.522865553416268
-0.475752432690961
-0.486594718757861
-0.624475620661866
-0.618424293767853
-0.369945342065492
-0.555687424210775
-0.425571588154829
-0.492692264372432
-0.409343512118897
-0.52892596542436
-0.421322438605866
-0.400824496393011
-0.319878278681011
-0.439607363294662
-0.574401010945571
-0.424258395625844
-0.440913209307441
-0.345406434737868
-0.48595825425278
-0.506441999515358
-0.546639836369531
-0.444462668891425
-0.471636468238157
-0.537136152140034
-0.329449367013169
-0.41124490909912
-0.431179128641092
-0.379086584626127
-0.391096844583865
-0.333493275697036
-0.327695095140667
-0.311541176381884
-0.453470103921366
-0.294501102054833
-0.306420918458852
-0.510813059908878
-0.371662067192842
-0.392146750720549
-0.457105850344414
-0.235186033686325
-0.444965203538384
-0.410970660875683
-0.422822840969526
-0.367519202656111
-0.3588624293573
-0.487392864885209
-0.322112213801516
-0.371543727073811
-0.373741680519277
-0.46362837709379
-0.464117544069509
-0.376829828644152
-0.438838194616506
-0.319341577780053
-0.317067863423078
-0.414196762437001
-0.34546149995538
-0.330858732292549
-0.424299325732408
-0.200385879289629
-0.412844945642506
-0.249760366866655
-0.356580434039392
-0.414360759394861
-0.416274799402629
-0.415729574265701
-0.381312633124659
-0.462814157380715
-0.137989468454481
-0.332057056850941
-0.327482520473328
-0.162284230967644
-0.34407441798644
-0.261375688095973
-0.363967760032803
-0.310142454996766
-0.340358519338319
-0.427139972576951
-0.342506304326192
-0.405670213686684
-0.401766747402454
-0.229850048316481
-0.321592046260343
-0.361162845677224
-0.248845634340131
-0.420585036158864
-0.370621970943522
-0.247538135211229
-0.348061798051604
-0.489976193881051
-0.437532925629937
-0.230958939471643
-0.311571069175659
-0.297483919872576
-0.199265490897304
-0.247738884091543
-0.222260824453495
-0.27242111898898
-0.320131259879604
-0.280747974138313
-0.405515798594367
-0.23070182848401
-0.392266415908872
-0.401113662776196
-0.300409479737383
-0.265371074169326
-0.188266584296351
-0.414631245833812
-0.285593102267118
-0.323420907194257
-0.161057268628223
-0.208368468660285
-0.239707858184308
-0.304836579911542
-0.271941136641894
-0.408490904899328
-0.26005193635203
-0.220522543637294
-0.297933696123947
-0.280209256236731
-0.334886489049269
-0.377856475077536
-0.284605638157134
-0.233294111752899
-0.355118816250578
-0.2299207679711
-0.341233740879801
-0.330962321547002
-0.406614103715914
-0.18562143618122
-0.210309977157685
-0.214919672439665
-0.184097054658152
-0.139873209533944
-0.271949923603713
-0.0492008739027286
-0.356062758969014
-0.220897303108769
-0.189713718882704
-0.14710258785292
-0.290004428360186
-0.306870634297953
-0.267259444414274
-0.127453217720944
-0.210169061698075
-0.291086144853414
-0.331908103935852
-0.0398411869329808
-0.0801712804763892
-0.354637814709568
-0.218747065651862
-0.247843916735154
-0.280493431479373
-0.0382890267904568
-0.175955840683848
-0.25379407437489
-0.213707107240778
-0.156659506883795
-0.234736848551854
-0.171058015667907
-0.0877888992230389
-0.172089177601456
-0.0998826692059906
-0.18534998796083
-0.127250493217222
-0.199143809552602
-0.210546704628183
-0.0667664079488923
-0.0832234960093255
-0.185019252148686
-0.0905416515254191
-0.00836829940938623
-0.0933484225093476
-0.0810919338901255
-0.242242091180454
-0.162510585100729
-0.0844322924992729
-0.0395432914094343
-0.0804654414956274
-0.0467270342251388
0.0734389463271949
0.00891147881318684
-0.23295284495584
-0.143815865826531
-0.0386591722725103
0.0848175547591126
-0.130957612249426
-0.0491413416427534
-0.162397568579368
-0.0602981099344827
-0.0579136225354652
-0.288120045463048
-0.123199492806209
-0.132617573970055
-0.12779048110678
-0.197003617595106
-0.00922717600315723
-0.0888110345849187
-0.0219320322530264
-0.0272449468995796
-0.0515425321222118
-0.11401427287135
-0.0742468542995079
-0.0274536896532994
-0.0496765789844397
-0.0650096827361148
-0.169080918420093
-0.115611958944547
-0.0248244797553065
-0.13663267890886
-0.150733394823784
-0.128868728210132
-0.0884823143551751
0.172810617990134
0.0935570503380427
-0.119740419338926
-0.0163302486506536
-0.0253424363312282
0.0624372554912479
0.1308961609678
-0.00949094885888902
-0.0691228213319282
0.0193598753988679
0.0765510420542781
-0.0226717266133411
-0.00352982966354144
-0.0215861538853984
0.0111880526408993
0.040834764399061
-0.099917202951751
-0.0768591063554479
-0.0263358333630196
0.0044556940926615
0.0102913756762662
-0.135316208961161
0.101276121148216
-0.0465351632096286
0.0601365719231397
-0.0153109852301743
0.0250686233927414
-0.08236196379818
-0.0187151615011501
-0.00443867910726154
0.114598726029865
0.0529375966566182
-0.0212273346176922
-0.123475308509687
0.209811222546497
-0.014782314131328
-0.019821351508454
0.105159536268297
0.134415398572751
-0.0237556299972168
-0.0299389953125824
-0.0841732275347072
-0.00199213096091971
0.132155942298741
0.0331076607713794
0.12792655372863
0.0627643903632962
-0.0349103105159732
0.211164251856489
0.116815985562064
-0.0481742521483435
-0.0889441703638031
-0.038301229871488
-0.0865039316623542
0.0513248074791343
0.089519265016474
0.188768876523159
0.152948017344569
0.0388204134000664
0.0502027932753167
0.0843651781716388
0.0251802267180511
0.123393519733801
0.338598940899454
0.0985254932090976
0.0723188267856168
-0.0142002760328274
0.0658732645698322
0.0645380653237956
0.117783899735356
0.161213157433441
-0.0230348698815386
0.0862806223570613
0.232028099480429
0.0861013837055837
-0.0184560423439441
0.112874265413171
0.0216779691863224
0.104907429405429
0.0945936105414786
0.109875614719752
0.169623144883935
0.0630598141991757
0.0431974612545725
0.0987650746729836
0.047909273396814
0.116332852460674
0.129231967957139
0.13509445124767
0.187256097394352
-0.0547234364006325
0.0888744301918432
0.158593989986406
0.238920963816205
0.0333134535457999
0.0434449227041761
0.183374875582105
-0.024811910484883
0.191327329037181
0.0177267303796461
0.242455779006775
0.184402425781768
0.146306371004075
0.116454419450452
0.0960269462449442
0.264912290572043
0.0665893390676455
0.221338131641862
0.0208505300753489
0.25074550392936
0.218076503623366
0.114132069468666
0.0858594907952581
0.340802196556461
0.222787368864698
0.248336793343439
0.187449748792507
0.075167728726765
0.0654828517236795
0.119454511017039
0.0258343533408063
0.271842199852831
0.279635695002616
-0.0545428787311313
0.256870123281438
0.293483573564312
0.224603123603097
0.231607192483309
0.185055019800479
0.158339366361045
0.161728441506505
0.271516130451581
0.0985819579348074
0.316319304883465
0.295602165601312
0.164164896285864
0.236191222507544
0.23975293281017
0.259413205753116
0.312277793433254
0.089044799041893
0.214702598783047
0.254206615029811
0.270332176220089
0.401942463765027
0.27463069094946
0.250883998516926
0.265776224325444
0.239500087328989
0.114858619105973
0.259589064347224
0.299769397831734
0.0620765627649351
0.21847736781877
0.233557482471745
0.376125139337354
0.158517914914281
0.373435512973165
0.392793320275096
0.284240699367315
0.162695954863212
0.294500035051018
0.268713942940567
0.334984652317825
0.174951306845434
0.378430613357924
0.41545578811765
0.286613357791428
0.253596303392771
0.247374019862945
0.218061324575934
0.409550708079047
0.450905781502032
0.335764372406946
0.194302337979002
0.137278243199156
0.459701455574201
0.286664183837032
0.22289284354897
0.331978721391254
0.24872080364148
0.395370498546083
0.269026409666084
0.291316275833488
0.257037273758168
0.247201539520615
0.387205558320363
0.288187856272529
0.454667601986353
0.297151131377465
0.38219125363598
0.36648103100145
0.376672368684153
0.304222170722849
0.258586061654702
0.413445730443025
0.325335217703202
0.459392750075903
0.336376487234974
0.451558518128867
0.36011946405801
0.281806516831716
0.362839732172742
0.469312779467326
0.449453285439792
0.395708056249805
0.360481528083969
0.342433265545746
0.339834087848704
0.162958776399277
0.425164136101467
0.220147914684503
0.2024225841138
0.413215077317623
0.422681826687311
0.393447702675455
0.350189817248007
0.330445722948786
0.34786771548677
0.376688723810513
0.375240283287986
0.343377137969886
0.350932947255123
0.36032739375373
0.317525689818679
0.286262769263549
0.363491146997772
0.445271683230212
0.367513676561911
0.412787647104094
0.322654740854123
0.359705424876458
0.292957897110314
0.232878160440821
0.581726363596221
0.462928995632562
0.345422047939812
0.426180679035969
0.535834123296031
0.43059268344647
0.467433059947556
0.340342417844861
0.342297518460898
0.407673462571885
0.357659389165831
0.276331294110502
0.412470203143151
0.294290289890893
0.437769948738221
0.502684485857779
0.482618260918158
0.462166359558427
0.482533310445043
0.541451011999042
0.446031835957084
0.514032661489732
0.399879393772643
0.641342653434305
0.377709322574812
0.535566961483153
0.427331661077842
0.407455715181616
0.507126283518762
0.424550237548297
0.546906765497519
0.507201631415199
0.311577587360715
0.387690548643549
0.417465119965476
0.390776740874127
0.591926754534939
0.646212861358801
0.663694003535015
0.461343647106653
0.481473326702034
0.592298227938742
0.499457296074536
0.43036947599247
0.484983543783213
0.461822845253609
0.545681933665646
0.511870702256945
0.634496024812394
0.338921683770756
0.616316527900652
0.578097761740123
0.462778425477067
0.641358792428524
0.557736676162952
0.591531234791693
0.659612803648684
0.507355827891165
0.449204428978854
0.455402211338142
0.614625302613279
0.48419745032374
0.485245496069405
0.599513261608308
0.56757417815615
0.509530485240066
0.585479811813273
0.480988249019191
0.718468862164675
0.700805212286158
0.38352467466243
0.44841813504277
0.580203288914583
0.572149249360302
0.470952076028929
0.392904521554106
0.460443668887383
0.554286286399888
0.583245557801295
0.596282442709571
0.421838082978253
0.696508848711056
0.643274809338387
0.576546039782069
0.568693991657756
0.707092369315277
0.427576934544908
0.355119748174956
0.538631564484256
0.517142927072337
0.545610024366377
0.471829388702612
0.430398061534048
0.571789672563529
0.573944350497746
0.843798037659388
0.680106945851675
0.571262108848305
0.616390983503306
0.704592520122793
0.647090282136752
0.662781012807272
0.646600026104807
0.592208861796406
0.584997639582709
0.559501039267096
0.674807715271529
0.508116293205818
0.685720766345115
0.696857725471658
0.683352204808286
0.735914324760686
0.57626207212747
0.689884045150998
0.639475629766825
0.662127220637548
0.598142228060609
0.752453416752404
0.828101834393288
0.813843117231552
0.635968681812288
0.614549113068207
0.653459495850002
0.81344222489233
0.657559911463964
0.718105792239004
0.702514526508869
0.657079907712939
0.581339555818734
0.596296282002473
0.652051221279535
0.5869954077016
0.779637026043793
0.592571584440804
0.630602170584546
0.478477596885426
0.608602330967719
0.63329790690062
0.531389661807315
0.657429810866883
0.657403652140818
0.729390805162078
0.611809700926091
0.731789326934845
0.648515632901026
0.538337817427244
0.619028895861524
0.744519245121472
0.803724997430702
0.815552754655706
0.713979142785792
0.744432321046306
0.774436495716135
0.644046458814027
0.588542133159779
0.757062451897858
0.722957377533718
0.745306539487121
0.750156594390482
0.795760913722133
0.675898738212255
0.797073217828494
0.800390263395087
0.657522698504956
0.626917371770501
0.6896845249593
0.693420850269195
0.834611735355475
0.832815042594172
0.595641860030395
0.714987784594828
0.869929714982159
0.800478031767513
0.811371826273314
0.644858331956657
0.877130662990722
0.811249138076759
0.812989697902428
0.766165764109845
0.782335327145773
0.917258106466143
0.654029761653261
0.839803994553674
0.800153914161588
0.775440871962404
0.726203947475023
0.776878951708119
0.874976852614719
0.803972711515251
0.8195200872494
0.780401901026734
0.768605946312867
0.747551577097263
0.790406664801113
0.847209541626464
0.704713530255786
0.591098808864313
0.970677699727158
0.6921054351942
0.877983473325444
0.87339103211622
0.868581840924599
0.717998512444347
0.831218194851366
0.906467422169273
0.752877672010726
0.791626384816353
0.821758899531218
0.877734094148086
1.01666907491867
0.878103261670826
0.671793072757782
0.748353760636158
0.798873145941883
0.90419073933033
0.799830377654384
0.842141121387547
0.842689520726653
0.82888651775096
0.698572284162976
0.877312032557654
0.830846162344197
0.947877414024177
0.894463167112445
0.733008632324434
0.947102189620186
0.854547453140542
0.824334376102073
0.727985219424994
0.839850437461989
0.788908664953462
0.871481180018067
0.943039676005555
0.880557323867355
1.04632580946612
0.869212711195418
0.886264921060196
0.693668036228592
0.973305059008686
0.968975026196412
0.945894445596047
0.842085076142229
0.935747464657994
0.874258400353339
0.81519828987127
0.834087690926454
1.02623023121196
0.956622134386596
0.870929121736954
0.906389289752975
0.878594637176688
0.909982206962867
0.934528686576273
0.944146271953066
1.01557153485572
1.01047395472484
0.880885109302466
0.808511689118209
0.820152626646539
0.896837422118389
1.02049600286215
0.917064477583346
1.0157159605049
1.03612018170919
1.023948552254
0.876337637042519
0.833200227875604
0.87830965280906
1.01076253104301
0.851063694931407
0.914715860599494
0.976443897234737
0.913234292517267
0.850764757554133
1.08760156469563
0.906199813054076
0.774115301639395
0.884682643724255
0.880571026193431
1.02081618629947
1.01684300348184
1.06115396983162
0.941140616918172
1.06301314375989
1.08778271045278
0.96942780693566
1.05652640130431
0.971334584420776
1.07644563766957
0.983812095066948
1.01525321355802
1.00236132778163
0.925362678156478
0.929730855134064
1.11577123870417
