"x"
-1.03520788908226
-1.11998331742477
-1.02005041140333
-0.937293505324092
-1.05005807450994
-0.988076130189968
-1.09242025892603
-0.967255850087395
-1.13565595235538
-1.02943752887798
-0.94367907930811
-1.00538557648297
-0.9958932562016
-1.12513301483068
-1.11044003289366
-0.968700014905091
-1.05586670405132
-1.11262367025065
-0.844304912661874
-1.04024056269549
-0.980180366480238
-0.89700483198858
-0.927346403475551
-0.985351263233568
-0.891556269559032
-0.865028755618588
-0.993824982256369
-0.870852255124363
-0.932430693227072
-0.898464529766562
-0.933066739478775
-0.924304939964427
-0.998014718462511
-0.813991108263593
-0.867853928962726
-1.05525866875185
-1.05915420591901
-0.944358382989064
-0.887990113451915
-0.957149580977097
-1.04278991062286
-0.790329887347242
-0.974845389104276
-0.962492237467285
-0.95640861403198
-0.914860880084435
-0.97816766957539
-0.935274307363933
-0.866223177241109
-0.959039111852519
-0.889820633177802
-0.959865518431827
-0.885779816203974
-1.05929177613015
-0.888484804244753
-1.00326992255141
-0.939142925761428
-0.728685704030162
-0.793010410570357
-0.88566503882788
-0.871944288254463
-0.90008183339961
-0.720195252587312
-0.871742656128725
-0.926011824376997
-0.846799469264056
-0.928277678183629
-0.988427261896913
-0.997709430043017
-0.817939256038802
-0.790181062292621
-0.876881242604406
-0.809631629667155
-0.820071213461588
-0.965903671651751
-0.85152425184675
-0.89154674087107
-0.648938421421911
-0.829423540652593
-0.750611295064122
-0.698868993960547
-0.752255242435287
-0.866401634026456
-0.889093178809199
-0.986296987047543
-0.840368540948403
-0.786595275746675
-0.897111455828361
-0.792943850537582
-0.875618952719787
-0.761655207699351
-0.85482157506336
-0.923676199660345
-0.803090088567985
-0.775906618012667
-0.723816529056875
-0.703741761933716
-0.72149096865022
-0.71165783095092
-0.739496019686366
-0.866998907805474
-0.721498676362284
-0.61093677178984
-0.870329135312261
-0.817990937736526
-0.821585248672185
-0.873571598897602
-0.814736894412115
-0.764155715386386
-0.70982517262968
-0.707931959022043
-0.808228035332497
-0.722448532735046
-0.871727320148272
-0.698895780332266
-0.919906075037429
-0.731540736770923
-0.899209613194929
-0.668646734575156
-0.896946803726396
-0.722508950549834
-0.801027179154767
-0.836386550581373
-0.962459361518869
-0.739423367023475
-0.834015722779029
-0.729843348594022
-0.641645965306431
-0.712671713259554
-0.668624382961348
-0.703822051281953
-0.790294914491987
-0.775716745452929
-0.90181419520589
-0.904921324183777
-0.801156724849198
-0.632577052277275
-0.633842093625177
-0.752172096720883
-0.686498854032218
-0.785936175864417
-0.469908258537279
-0.692156943580041
-0.763530291230309
-0.642837083820148
-0.511696052310737
-0.878643516073889
-0.568268458955699
-0.688166292963355
-0.620863277110805
-0.811841937147367
-0.682253473023033
-0.806810258793374
-0.749331631296612
-0.594471481579809
-0.636126078814016
-0.577629439516906
-0.640559601062242
-0.609585977811505
-0.697889696541879
-0.607735590282587
-0.727200634066256
-0.600237206690676
-0.511297061917352
-0.633089630242068
-0.626493404949998
-0.709445715873847
-0.613122289332789
-0.584968346423512
-0.68121590339808
-0.739828115629907
-0.615335478717028
-0.646857949442185
-0.634133886944116
-0.584572886798533
-0.528343050309494
-0.565037035876264
-0.578411753257644
-0.647402314583688
-0.670887966451392
-0.735543170512478
-0.67546734917814
-0.438790740629969
-0.587765180512865
-0.62539486689749
-0.668343187211182
-0.589916053486089
-0.587703686705882
-0.732307300606251
-0.608750283633881
-0.702665059112746
-0.604583821941429
-0.735634292875095
-0.696586446547685
-0.51419321827843
-0.656993726888783
-0.658786283255611
-0.670435800262758
-0.73265309926736
-0.517608051503795
-0.674794997690762
-0.629844038450918
-0.630742129477231
-0.604254148795137
-0.592306615366148
-0.507099592486495
-0.63704540931651
-0.586150190831254
-0.619431751693058
-0.486499198762397
-0.503494195751305
-0.492545595012445
-0.565214412081596
-0.48631095725077
-0.510237921928407
-0.528254653268293
-0.473512343659388
-0.511434832092836
-0.59657072682314
-0.583618374905239
-0.561208888738665
-0.589353507938027
-0.618097539690207
-0.529980183520955
-0.419111499974662
-0.568768249435438
-0.498952842921945
-0.597498180249242
-0.528409703543319
-0.457749294929194
-0.418441609835506
-0.594188126998759
-0.502935661251772
-0.528099919427241
-0.528205761155044
-0.485572742091007
-0.548415940557961
-0.537149009760911
-0.579588429094799
-0.530831110867402
-0.580668225149531
-0.583711238302281
-0.45661707041335
-0.606697353495872
-0.532307531091115
-0.513469382935493
-0.501074984201056
-0.552677746699526
-0.471426510282235
-0.545606045666443
-0.518914170211507
-0.575034031358841
-0.398903857197375
-0.613801329190988
-0.487247534202917
-0.574157282316383
-0.500040276615247
-0.519456589147702
-0.454260488873914
-0.497068382949635
-0.625845101040487
-0.621836228264691
-0.353979766960975
-0.566941782612155
-0.415950703614422
-0.471351250617447
-0.427423805494727
-0.517971113349603
-0.416872746238512
-0.416482494402413
-0.309369633557023
-0.44321538787088
-0.568047857352387
-0.442487375579034
-0.399926766103891
-0.33828683056499
-0.469639736723024
-0.476453676437257
-0.517401583675292
-0.431897089547317
-0.471797478241425
-0.530162011911055
-0.318739677373136
-0.409501425745193
-0.432309915745108
-0.361093293193755
-0.378911274332269
-0.328527546205925
-0.32668553376581
-0.324367725744408
-0.426070648784484
-0.26545076071373
-0.316437363865408
-0.529442325148354
-0.371937601739488
-0.413480242545206
-0.457395199300621
-0.25051914397846
-0.444003134279499
-0.414486166844641
-0.434105963614272
-0.377454951240079
-0.375410510884168
-0.46889356845451
-0.326203491716588
-0.391787953651701
-0.39049193261759
-0.463538063842265
-0.460145657658507
-0.353886633418559
-0.421227303072436
-0.315062325554045
-0.2948218192337
-0.415595176859715
-0.339230428275606
-0.321642145800834
-0.435919818289079
-0.176294332560566
-0.447159398458023
-0.255147695688517
-0.38457416553892
-0.408766508871075
-0.391761263271165
-0.412087604646787
-0.379984752034794
-0.473234662859649
-0.133260772373415
-0.337537437191348
-0.351032276166958
-0.169588546779896
-0.336880978972553
-0.262190774586595
-0.36955086987145
-0.331686737099567
-0.339844272700358
-0.456230420237449
-0.348347629247093
-0.404490711441758
-0.398524727089202
-0.205043802016874
-0.336749988588815
-0.36683819735238
-0.255291202976086
-0.446809676458015
-0.364126349082263
-0.23950280125333
-0.33604028653929
-0.478570069119197
-0.412941970010187
-0.21100676526909
-0.306833217833686
-0.303832694860923
-0.204536489584154
-0.273003324669464
-0.231935939406196
-0.249517885058719
-0.304299051508706
-0.276998311261119
-0.429327548273982
-0.215841005764435
-0.382822678436678
-0.376035762194733
-0.28918545224535
-0.264259446209954
-0.189733078787802
-0.412553388385216
-0.308602899048915
-0.311986658393616
-0.172930734827939
-0.216483761673953
-0.253374623206542
-0.317183196903164
-0.28029603669759
-0.399457578141594
-0.252758900378085
-0.205608438612291
-0.296230017416918
-0.260819190851553
-0.324728617327109
-0.383364458524633
-0.279108605416912
-0.256528791607314
-0.380759531227183
-0.232638468420272
-0.346916720169823
-0.333860975980158
-0.384615224852168
-0.16680033677821
-0.200801568321197
-0.221266093294904
-0.184780417193174
-0.148872845803587
-0.258711658924604
-0.0777490943105298
-0.368416362810892
-0.225215281080665
-0.207392878830822
-0.1413884328408
-0.294238861954821
-0.329170298284183
-0.235273324908532
-0.117232295991324
-0.213690109053277
-0.28264822246235
-0.346188682732964
-0.0491067460365015
-0.0691297396270114
-0.36028992121081
-0.222193696219254
-0.241667025479639
-0.286249197616208
-0.0428794098055117
-0.168574287809736
-0.254161049957646
-0.207523627301219
-0.178775277574961
-0.232629314552059
-0.168000710302636
-0.0719946901140394
-0.166466377785444
-0.0874918164862877
-0.199694864711134
-0.134250060511795
-0.192469580530151
-0.201578587895252
-0.0620607605791197
-0.0908496928373744
-0.177947399055298
-0.0870244931629025
-0.0360304757626871
-0.102691187222928
-0.085080003826135
-0.245406638853663
-0.162918675689339
-0.0677383722436104
-0.0387351893908147
-0.0863645116254722
-0.060271187354815
0.0626886020890316
0.00165612021987382
-0.22738588267899
-0.142939359105637
-0.0548228158510727
0.103014447044828
-0.145989102716154
-0.0643489223873083
-0.162548182384126
-0.0664223781299926
-0.0500682033718132
-0.264012328367951
-0.124656521566564
-0.121337805645679
-0.121548409957974
-0.215028273343885
-0.0188790959340881
-0.0961249567410951
-0.0418244586807607
-0.0367033401225698
-0.0530815480371817
-0.125535044311483
-0.0970678786494466
-0.013838055229474
-0.0477177460117236
-0.0459892315793969
-0.177049616203288
-0.109284522009712
-0.0459627503460343
-0.140375075635893
-0.150326913012722
-0.1551296505048
-0.0809847860797068
0.17377810338689
0.101955764788441
-0.0978132554727379
0.00355769497782974
-0.0405895777075212
0.0547214161383397
0.10868186978326
-0.0216685741041341
-0.0653009900612783
0.0145590578648666
0.0878631633717472
-0.0059835477608393
-0.0145979427665474
-0.0350526962765129
0.0111059699184773
0.0466115660861228
-0.0904702281805135
-0.0452241103519281
-0.0177953578518207
-0.0185950020155055
0.0216064149560134
-0.117939320149316
0.11936670963412
-0.0453210147333392
0.0716992772585218
0.00176254105179694
0.0312782519344991
-0.0827696522328133
-0.0444428938798805
0.015949273863335
0.12756658285097
0.0381916977969812
-0.0429621323473535
-0.104497044262927
0.200715777913503
-0.0211538019504361
-0.0272133804782895
0.0827273067301755
0.140579584078107
-0.040691915600216
-0.0304579530326202
-0.0781653291658765
-0.00540755413700146
0.133946507339755
0.0530185742634304
0.150758960321903
0.0401335792147636
-0.0370017723574012
0.217194621868524
0.127991387617415
-0.044600848912226
-0.0829683934788184
-0.0528833903390858
-0.0699998718930636
0.0386147547434959
0.102706750962637
0.199231392160513
0.133448965816062
0.0438137707641528
0.064658530179708
0.0491687457924502
0.0451141434379091
0.112456770351501
0.347214087655892
0.107527676985738
0.0655532423475225
-0.0383804727150529
0.0768181840644894
0.0819975600430844
0.102031502157266
0.167693141478446
-0.0159969480930115
0.0851295936871192
0.222326489674801
0.079252956700363
-0.00367312852297397
0.112801807366269
0.0225289882496687
0.0974985742735536
0.0968934171699217
0.118718162582533
0.160566850110444
0.063877101556778
0.0534005502296495
0.113832293174755
0.0447330478484478
0.12406368347891
0.151913219958694
0.127483345619739
0.198738890203492
-0.0409484703199119
0.0713678124615981
0.166117737076725
0.251478114894306
0.0442839733724838
0.0652773305778152
0.187577443349325
-0.00695662719216114
0.191815069358881
0.0209445873353594
0.263405985334548
0.171144340129523
0.14185279246838
0.107164901551689
0.0901008457877178
0.258625227039272
0.0738605123798994
0.25058205688989
0.0326878990246413
0.256872075255251
0.219927997507093
0.13214197042669
0.0766540275151249
0.33644660421321
0.239603118597453
0.239656927579054
0.192818031851992
0.0886207594303334
0.0740007905662703
0.129387634800119
0.0175199340222697
0.244949199738581
0.27913085258858
-0.0326002361945387
0.265479967078313
0.304753622710592
0.225253953663602
0.239759483057102
0.18201411103896
0.160266121403703
0.152631740318336
0.298344860318809
0.0826446466993298
0.327621120468968
0.290057761700234
0.165876912393677
0.234500217268635
0.244267192901035
0.271847089415861
0.277283359127586
0.0866497470715588
0.211020962617783
0.269288088807412
0.236224982480388
0.378085443936008
0.260891524189645
0.234673023915995
0.262213461508622
0.236621331383749
0.138807207463326
0.256544410624984
0.300046628489109
0.0517460505603337
0.209243511876869
0.244118703945142
0.383061572694639
0.164706054770446
0.381139388867494
0.366362607434558
0.274206357190384
0.147515649369407
0.273368201024263
0.263868458557177
0.335126662104229
0.179256132762508
0.404251296293277
0.428707864767354
0.262869489691707
0.245500732890059
0.232849191835896
0.213807171377463
0.40728814813552
0.466684190934509
0.319461653413866
0.184278434656875
0.11336362693127
0.472032611802567
0.290517998312763
0.228517349687796
0.342366943926083
0.266052557201014
0.390859461068924
0.247756849180294
0.272727421191908
0.234924707374641
0.26158136459375
0.3807327883218
0.275657957390658
0.485965994509024
0.292125236519457
0.371281066329881
0.352688328077907
0.345585382833694
0.306715473316172
0.270376458407093
0.422188581532623
0.341954187168319
0.453511463217757
0.336262897339363
0.453228222013407
0.331589273005197
0.294033594885754
0.357897338674231
0.464761421258876
0.440160988471802
0.410559449674945
0.364837435730726
0.340404699837101
0.32495751055566
0.168668028475004
0.420910609487681
0.188774882302224
0.201837440419943
0.425942834255656
0.432434954863512
0.433920252793949
0.356985442149406
0.331478198164218
0.370561430183757
0.355511731141887
0.374433730388239
0.334086345221781
0.346535557552833
0.361285664318921
0.329678093202105
0.297540822239547
0.379253276631786
0.451128238796305
0.356197509521861
0.425572782167482
0.320755861959306
0.366239669497825
0.302367028972241
0.232082574860398
0.563588977989948
0.457548592381118
0.343718060694689
0.417567890707232
0.524425563206944
0.451529172967337
0.448987536460981
0.331268440654158
0.341841301253468
0.394465871555746
0.349144151033781
0.312069526159821
0.406586736526752
0.301706323242697
0.434697532418388
0.497212590916864
0.4762264407805
0.450960160337917
0.486027687229171
0.53446001968986
0.438003641830342
0.499198342304891
0.428082503149535
0.64259922645422
0.369563502864086
0.540301169432449
0.427235464631071
0.404484737283456
0.526910593563475
0.425093699354607
0.55173764841884
0.508890041420723
0.346449338647401
0.38382104524146
0.425325615261642
0.384054170147757
0.587561859276972
0.620282740113732
0.67553581468579
0.459172679895084
0.493516918036387
0.583944499669275
0.485223914941219
0.437531221586138
0.495122732120528
0.450432748431238
0.547433956193207
0.482345704349198
0.62758366248526
0.355304300719299
0.607970446524063
0.590103154594451
0.474539542977518
0.634236348251398
0.549076931280983
0.584469995395038
0.635068997249373
0.523191023662031
0.466080007532089
0.471493657773128
0.617597549219993
0.487201608023811
0.489873999450951
0.59725748775183
0.563162206072834
0.524972643507755
0.558313807908702
0.493812386753838
0.742587293668542
0.699696538314787
0.402005988345772
0.455688320446563
0.572521249225434
0.562093222807834
0.483623435022411
0.363143508308877
0.462557066286657
0.546694400746692
0.581893375348434
0.607714748205261
0.430091196198503
0.704452794791229
0.631435275852541
0.575398197794294
0.574515307919061
0.698381695097424
0.436562531336656
0.370151061365975
0.546148981766114
0.546618520886344
0.541699659689547
0.49053308933862
0.439981473546593
0.5895194104474
0.55182816102504
0.840357987111887
0.67809460342904
0.587657018469991
0.621595628787101
0.723477801484163
0.633271752570357
0.689010377073042
0.640684336861242
0.584563830501667
0.570770110616901
0.576866233722046
0.679054100877131
0.517829780219124
0.670714759906489
0.691006944284411
0.682972914839064
0.728614331127272
0.590173368037077
0.677515997066621
0.618628333747957
0.665987478926134
0.594246384222196
0.748583737313688
0.810677595794877
0.840251606074177
0.647232616982677
0.603639833570477
0.672396196332906
0.802240316771893
0.651491478193013
0.713499591140397
0.692363438887695
0.675403381555738
0.56725229172776
0.591967613868817
0.639508062509785
0.571975517818077
0.783204586952147
0.597852646184567
0.626631847513899
0.452750126058654
0.607960614484782
0.645476406352477
0.511298516907181
0.668910323198823
0.655601502515739
0.732459328883368
0.625709488374386
0.745285734759214
0.654359281609556
0.53524756987991
0.633084235177875
0.74967829084544
0.78916434335727
0.80619504473102
0.721803951639404
0.722844521461437
0.77982605656763
0.640472133373732
0.607323395716126
0.748298239772675
0.730024584913618
0.720333149356593
0.771890741586885
0.809761357041076
0.691712846677182
0.817645720202065
0.807648439042198
0.668140475292304
0.642940345459414
0.68226030493925
0.6971565079152
0.828946085633522
0.839855253455997
0.587058369159504
0.699664814086311
0.894520347508168
0.789703785351254
0.826215450460115
0.672328854909773
0.886788373040394
0.775216984848664
0.810077218272718
0.762308187035216
0.769964332220645
0.904038157844482
0.654954116348039
0.82581663517688
0.799950691014528
0.764387347048012
0.726794579727804
0.774508440572943
0.886588085709535
0.794911770731085
0.823985217003454
0.783693099605228
0.771577027096679
0.744469908884659
0.785750349610135
0.844147576137576
0.699014692655279
0.598227993193073
0.953016938740858
0.67674427726995
0.902760012233582
0.860574797651556
0.852280251087034
0.720442904345276
0.832902771051395
0.909104877150057
0.736454360949189
0.818046400543641
0.828656920266086
0.884753312748712
1.0210106474483
0.846949173417254
0.639761088776904
0.762184412903246
0.803360054124545
0.899716492573928
0.805809799524157
0.833445062009923
0.846055140032728
0.819748951342407
0.706520649680399
0.878685171371347
0.840360627661156
0.966413594493165
0.897873326946073
0.724906101345914
0.970189594924311
0.845462190926439
0.807440470462305
0.727586353182607
0.825878041768583
0.79781370195543
0.855426895227551
0.939122821697331
0.887524522826227
1.06348959443494
0.86331750417095
0.895189090876462
0.669711611428059
0.963932830510931
0.951047587120098
0.955760299964342
0.85985560417307
0.93430022868637
0.848638931263114
0.818552211270541
0.816056174566078
1.0224309148683
0.942958093428229
0.855744613506208
0.896378319684673
0.859891274730868
0.926544477773235
0.950255467917977
0.946687785606712
1.02181896684623
1.01935388185655
0.915317134391014
0.812862681136062
0.825288261744306
0.898073559404342
1.03219743692048
0.93202488069962
1.0083653483745
1.02262372130034
1.02324164928644
0.887645898072233
0.825700634911797
0.880692919644246
1.02376370582494
0.867598058232411
0.911444931979239
0.945469017460661
0.926533629900629
0.832200259328566
1.08314412378602
0.912976328433297
0.775080784075901
0.871367570425069
0.888381047409638
1.01622984276848
1.02830896804379
1.06041663673
0.962647709223035
1.05941163739733
1.09000793472181
0.970312491271877
1.05002347950638
0.973662579930806
1.08942845179856
0.997272085607506
1.02803165962612
1.00844445042385
0.925293977197139
0.958850271137845
1.12356603167686
