"x"
-0.943803903455574
-0.84949484105978
-1.08075912156767
-0.858968181359613
-0.876231164762783
-1.0386450066903
-1.11797314325951
-0.943206550086315
-0.940302126738511
-0.918951471684881
-0.990720556992922
-0.984334789244222
-0.954997376406638
-1.18176471420495
-1.0176695564904
-0.981366198277938
-0.994675884394516
-1.02594155264953
-1.03875810553646
-1.0421723643467
-0.961708336036068
-0.85250440363058
-0.978696664149778
-0.863333722396374
-1.00614973361626
-0.93033375473053
-1.05141896433928
-1.02683317553419
-0.97906372845036
-0.912050193113916
-0.949865305426115
-0.831091025700221
-0.858570173733464
-0.90258428502018
-0.798387263625237
-0.845623893394066
-0.72682158238195
-1.02401325237706
-0.859543347541391
-0.881055704200259
-0.88356758674334
-0.874011063345187
-0.87901676707868
-0.886853702217952
-0.847004806160713
-0.836718684188244
-0.925809738955891
-0.948960424304481
-0.989867011720249
-0.801716238646825
-0.888131468228681
-0.872596751654021
-0.725019366702504
-0.861845374328601
-0.850226151875271
-0.994659569350321
-0.885117409281779
-1.00149513800198
-0.825100625609096
-0.90768737633649
-0.780385724465519
-0.916425751956683
-0.820016551788811
-0.92290666787864
-0.969850866527594
-0.937593762941536
-0.834382861338913
-0.897799747919198
-0.89495290928386
-0.905499028349076
-0.793466648636134
-0.829603075580103
-0.957997983176824
-0.830212189757528
-0.754572427013581
-0.846190159179972
-0.801790315144102
-0.752976703711412
-0.71146329987534
-0.864721539607713
-0.834037916428908
-0.694967850122003
-0.923178689664153
-0.764735946402645
-0.804041546087963
-0.870233763047044
-0.852216485301139
-0.851788271488019
-0.809732796925551
-0.84879673932908
-0.702879259892776
-0.890213475398515
-0.908274742047213
-0.719200628394655
-0.876406333535683
-0.761256152012509
-0.751784209543381
-0.677685366944039
-0.758531628964353
-0.890568202397506
-0.825102719061593
-1.06531458613205
-0.737560813805385
-0.765963333789606
-0.543742699802829
-0.75649355664383
-0.835349029718575
-0.81559980956716
-0.750622036024165
-0.807061472300682
-0.731318558545238
-0.793292119996634
-0.791390649199963
-0.670650781654706
-0.82977987545913
-0.825855796733488
-0.768649988228807
-0.789648669050635
-0.640079802807335
-0.841985908019304
-0.626877068656289
-0.855521309443985
-0.874653432890274
-0.68219848358396
-0.873780881340719
-0.757957794518275
-0.77679225478126
-0.6182474725029
-0.877397477702067
-0.655486180321935
-0.713714988398984
-0.696747813222052
-0.689285242752796
-0.688571020062051
-0.698717427414838
-0.685665146497175
-0.722949190221773
-0.797876161187503
-0.693577091037041
-0.847572181597798
-0.771922928291722
-0.785894014002788
-0.681205620155892
-0.79480271899606
-0.712704750222268
-0.434612558528956
-0.659682201318068
-0.739140718409732
-0.782535168658991
-0.697802353549989
-0.753994749125899
-0.640523944359122
-0.762338390733396
-0.684849429008556
-0.74373195738544
-0.671625350462094
-0.76742515338634
-0.705949121883986
-0.784682483723485
-0.749722865347657
-0.76008487729038
-0.722022495024778
-0.569703010380003
-0.669273527959815
-0.55464305869734
-0.754146166941586
-0.615221687980241
-0.662977859300768
-0.666551461650981
-0.661395992480498
-0.636957532225106
-0.701841843793192
-0.666419293922178
-0.739566922195543
-0.726115845831786
-0.643582696553929
-0.670240767161249
-0.580332275478033
-0.737262242393748
-0.667211731086315
-0.781555026340268
-0.64372304038236
-0.701361025321242
-0.573492449916311
-0.706160051424107
-0.665315425507044
-0.609477269291787
-0.516988996941516
-0.664812440171593
-0.559212621056965
-0.585120177700599
-0.511898076263902
-0.622590910689128
-0.461586659667738
-0.706108433341441
-0.577859305185682
-0.633355077211377
-0.715171813774352
-0.528057474857411
-0.545742714025909
-0.570336216671506
-0.544870747546341
-0.692333325670121
-0.620500873881076
-0.60942847465865
-0.674886689688265
-0.531441822191001
-0.696285147634137
-0.697025645514099
-0.575332138995821
-0.54069536267154
-0.595941418227408
-0.446311456247562
-0.516446449954126
-0.567607111315866
-0.452960622700813
-0.622007972655616
-0.496939665557899
-0.597697511912499
-0.474662303336531
-0.687253322573141
-0.564963026245452
-0.666454103232473
-0.469685732549778
-0.5088162723682
-0.585482259423089
-0.605484604508599
-0.481901253531574
-0.616348261412338
-0.56494264222357
-0.549303712330116
-0.48165648699316
-0.406869210908326
-0.526854528923196
-0.51538124018026
-0.509714581358413
-0.434804842296545
-0.489845186660243
-0.500190667782545
-0.451041189588012
-0.481551483064524
-0.554217203181903
-0.495311664077495
-0.642426788938177
-0.54606129311819
-0.495442647157362
-0.552466742639764
-0.478145763696771
-0.563615332125283
-0.425069811287679
-0.560439602660806
-0.449448818908539
-0.414254682712951
-0.335310388043355
-0.571090298495516
-0.388235260652446
-0.515715138178499
-0.561978008215378
-0.466516647684301
-0.433252730298269
-0.51385932214449
-0.505745020261006
-0.33545688878415
-0.665456957203464
-0.5438362630453
-0.476904453044778
-0.534614570211004
-0.393682110345873
-0.491280549848481
-0.388519225228011
-0.393993180124429
-0.53172937685513
-0.543217717941137
-0.36804311702892
-0.393423802808183
-0.518973942639189
-0.472584282518601
-0.411773441782205
-0.338862838115732
-0.501687109917901
-0.416965949353332
-0.296609776852427
-0.427448315087421
-0.410952748730099
-0.436630315524847
-0.42189219731541
-0.455602847913323
-0.498424586638579
-0.500479091166123
-0.400655950593316
-0.537566806607434
-0.446361783736693
-0.293700813380454
-0.510512702518668
-0.420794110529025
-0.400990807320694
-0.515562657783332
-0.2890754587638
-0.474698818337057
-0.40335217417887
-0.435348917577635
-0.469338052088183
-0.486983561076885
-0.329959416671361
-0.439042563031449
-0.410759211658693
-0.493495957428178
-0.45581033823353
-0.385567756557339
-0.505427141236952
-0.419850959880134
-0.383879985242995
-0.487809466091138
-0.410797899450615
-0.591985660820866
-0.344524171537348
-0.269879632115586
-0.287927341446143
-0.335106789472886
-0.466153934292217
-0.327328809360625
-0.338184831974257
-0.422235496234446
-0.251219513009515
-0.432452471758251
-0.355684308309219
-0.426820858953631
-0.345077959102925
-0.220044663035421
-0.275133590664252
-0.351939917464593
-0.359497781644614
-0.332656356583337
-0.414442737038274
-0.268117601419177
-0.37696925741754
-0.337669577235659
-0.287982424281482
-0.366432871085102
-0.336311632854598
-0.299544350133363
-0.385972765672792
-0.253526303446548
-0.190011790927167
-0.269227825991477
-0.379224934163487
-0.168772470070969
-0.267099477397757
-0.437635633470859
-0.344011363465936
-0.260088079265409
-0.334566708017262
-0.380668976790277
-0.32570739986122
-0.177157444219876
-0.205528630032394
-0.141158654803183
-0.144156993226202
-0.222269777619092
-0.491018799683973
-0.334596144556962
-0.188878569826656
-0.291760111540831
-0.283825025911046
-0.310958934335857
-0.282495996188473
-0.295944476042995
-0.130376617716477
-0.169712882809282
-0.212033055964492
-0.440458398236761
-0.24617041112509
-0.132610929692269
-0.263471058208444
-0.360761271728377
-0.242407383723161
-0.431415656873064
-0.203104497474929
-0.250024791419917
-0.10165668753702
-0.116762375596762
-0.17674597188021
-0.238583299464399
-0.225208990040239
-0.268017761585381
-0.334331877262014
-0.207619570558369
-0.150212847178907
-0.105012513478522
-0.290198263153888
-0.179339168936045
-0.210247180111437
0.00574733360256841
-0.314124878885017
-0.127342496840359
-0.23968255626859
-0.0940055647212838
-0.107766837401349
-0.215129940603405
-0.0595555041805265
-0.236208383012305
-0.298064178851937
-0.28076088649615
-0.0981575080887389
-0.13172339589871
-0.10695396278648
-0.124487244439776
-0.103648520222162
-0.351007493087441
-0.219708225065006
-0.274064882257655
-0.222597845828246
-0.0694313058963374
-0.114449008638279
-0.233998875968519
-0.0856437442347924
-0.130410505508247
-0.0968815819309569
-0.195919472017289
-0.16482420776941
-0.195328013672282
-0.329627861750935
-0.245625422901843
-0.176000165644491
-0.315041979633049
-0.119727993972408
-0.0931139055767469
-0.11682995902167
-0.0499571754807361
-0.134086378302269
-0.180982307221639
-0.0739546926257618
-0.177564950619618
-0.0678686777127171
-0.189490667343073
-0.116254517761523
-0.0289147150937292
-0.18758684136919
-0.139973689749762
-0.0586889856540189
-0.125976663756959
-0.112560094856647
-0.105767848029084
-0.0238891221065964
-0.0300552469914055
-0.0838401896908851
-0.220246143112924
-0.0302842538408446
-0.0380069158974104
0.0106673764033442
-0.115821922463207
-0.0512344073055571
-0.0935771494081235
-0.0866266473195168
-0.13528108016257
-0.126343930748659
-0.199696834830016
0.060981466052719
-0.0328576359032201
-0.0134442182096453
-0.139504359241049
-0.00352093275415728
0.0770250423779539
-0.00630710627333558
-0.071425009080625
0.0202713375485849
0.0581803857916136
-0.107323657783523
-0.16083424357703
-0.0732575894952057
-0.199592539837535
-0.00830435329725415
-0.110481955484003
-0.0392072349143141
-0.00230229596310981
-0.0306755455829359
-0.00717403684246712
0.114587211787696
0.0466143266377286
-0.0782660347445591
-0.0437503748139409
-0.0184194316150169
-0.13274564478064
-0.00783620190490516
-0.0790333408238304
-0.100377057962819
-0.0319670796373875
-0.109335905616291
-0.0792377024579907
-0.18617453411804
0.0131279633112032
-0.0567187793744909
-0.0357164687677798
0.0256101776369502
0.0894382291511308
-0.036841576742475
-0.00579221843765465
0.0147434287220164
-0.0483804219319505
0.0599003938989108
-0.0858745592408007
-0.0715571574267808
0.0419931082927042
-0.0026756501450706
0.0307438310881415
0.0523649241544618
-0.0475459999318454
0.0471161064946783
0.237648977822472
0.0341020048094344
0.0300018452025073
0.0739219899666499
0.0462504826416795
0.0537710737628836
-0.0875544634685762
0.0906056098089972
-0.0413714947434943
0.0582029246791693
-0.0647942775399739
-0.0815471786774842
-0.0300124795467454
0.0938367286232314
0.275976408328418
0.0179398130978495
0.106258794463032
0.0415268388078095
0.0350017624532298
0.157539435786799
0.110183784321365
0.0414877460839515
-0.000413365742127363
0.172451091026647
-0.00487270146149284
0.183418461610764
0.0715891415207027
0.21116883882781
0.215654342909071
0.0592107328562309
0.039333120417453
0.102547038970476
0.0901147759080119
0.0110875121840595
0.136125968526155
0.166877283683055
0.167837472776068
0.0539461403618503
0.106924358044859
0.0153889467436823
-0.0684494563744333
0.090800539318045
0.15269685463521
0.0647728566948784
0.110293619102143
0.212999080866572
0.13683763793417
0.0884766273046994
0.116303692234238
0.0807830897514843
-0.0244688519660235
0.157143891338865
0.129168363639426
0.190320536566829
0.020134719778879
0.176692731311906
0.321758342142844
0.0577822224637384
0.121734730316198
0.00298800016308248
0.0821165106977445
0.157065678111102
0.120770807554627
0.130529112884282
0.269640255792472
0.0703604037969817
0.183009424322739
0.211781500806176
0.226979227186496
0.137385260790967
0.102097092562435
0.28053251486162
0.0539670238330729
0.252604094117481
0.217175331084963
0.1032701387706
0.178490520620674
0.310537160569138
0.237869347220634
0.207403052262602
0.122784645537885
0.159413964628553
0.0776684357629787
0.134250421955918
0.115308585285068
0.205177094034172
0.234050041388743
0.206513873686444
0.158689199413479
0.257504056225025
0.255105957143473
0.212979979609638
0.274286284841101
0.210021440508164
0.180835288784202
0.144522590006169
0.218463650715425
0.17727467233085
0.251159238040256
0.287980965998469
0.189900256926743
0.118180195002285
0.203418067858137
0.171919851244526
0.188982679276194
0.209129559442854
0.258388164968604
0.169798414665614
0.209596538890101
0.141952337768475
0.172289947328694
0.26648629010683
0.200388103626408
0.229837788461646
0.266682537568778
0.377474531823088
0.465738350495606
0.277033514853552
0.21117545371999
0.209716985763518
0.218357283945321
0.223804738653534
0.203299510861101
0.171609558562656
0.302470523098658
0.124982098457662
0.366090538187624
0.424065799504593
0.188829884171116
0.248743543313298
0.17822039204902
0.378662814951882
0.262040118960971
0.181809650267266
0.288015830482268
0.294911896747935
0.156135561513922
0.269436339607145
0.346991977337012
0.392460737980077
0.158012859706771
0.319614729868782
0.446916974353792
0.277348565575632
0.229431389472351
0.364384819891299
0.158263654952774
0.42221818765516
0.368036746298711
0.343309965807072
0.480881240391447
0.423845616957822
0.295259717336828
0.312548626507751
0.331125596879985
0.213728127210465
0.379533788865953
0.224490477849779
0.262241179920912
0.36391853093289
0.325074306840352
0.255463935200472
0.410339698814378
0.56613034384714
0.470630881527607
0.29848059897458
0.231142527204212
0.455399022495893
0.402321380862928
0.366314380684914
0.307206535056002
0.408363825914926
0.388549402225748
0.401326355268072
0.340047027587216
0.244421208133933
0.362318247236128
0.390683086983888
0.345137756917733
0.308022708458218
0.423420711471765
0.373480714501212
0.425414370645428
0.340938643007885
0.467424685201223
0.267268627949324
0.351552806029756
0.260631668926069
0.201700460215124
0.457507405575576
0.420350002148177
0.414995263466195
0.33856182015192
0.411662804109648
0.449319790944561
0.512470649605132
0.424300796660769
0.364257854366803
0.440469485431061
0.451716229562994
0.476357163086263
0.448487283549583
0.343883612897468
0.61312590844062
0.430614180261677
0.561478983066236
0.503803339657403
0.5144804705279
0.519310006609093
0.432056615256455
0.459276785032313
0.533079813574771
0.505121750634711
0.420609461003725
0.521346935487236
0.454938621726674
0.486737151886854
0.434042207988063
0.395547791852305
0.313569788526841
0.316110819151505
0.404632509773106
0.415598350862137
0.434409650776564
0.423442244824491
0.521564909617388
0.44541577472894
0.474326258619284
0.44874626916826
0.51125214930974
0.516198797046338
0.541080968389904
0.378427542434185
0.602347856755693
0.542604550853345
0.380290884310591
0.39412523684433
0.379252266614776
0.510691000463844
0.349438903382587
0.575168489104774
0.563021695800519
0.418651633652644
0.494374624826505
0.614937405302276
0.555123195867251
0.551827887117557
0.586764926642455
0.414034496044315
0.411171760440694
0.540278657731627
0.539311849635608
0.415566412461175
0.392176243422011
0.633243401766392
0.570976715965332
0.535070802298662
0.594028895700496
0.548907307165718
0.533901386819703
0.510686334608626
0.580782699598859
0.44919196342921
0.58954144965513
0.550498355559037
0.436111150063809
0.649310056424473
0.590704572327631
0.656140867059764
0.473835117802673
0.505539462167875
0.469782076023901
0.654807414456819
0.501574070292038
0.605488674679631
0.606952643295954
0.533327634789775
0.641703627777463
0.638428220984756
0.598622229762608
0.674492868886263
0.609753991467174
0.714543434729685
0.51437624668753
0.564301872109451
0.357447283111092
0.52930813307479
0.515182975848091
0.532237299714985
0.639387321486336
0.576030407613471
0.670223887620392
0.513071627953283
0.471908997918485
0.604684192338417
0.776037293246826
0.676661154845666
0.634930930990052
0.472863743359668
0.593048290181007
0.619220192780914
0.584133813136178
0.699025514155933
0.662687836024961
0.497101824823582
0.632090127924528
0.661865464780197
0.589912815483406
0.697283383688475
0.773234619068084
0.425055096768303
0.756029979720349
0.552244017776662
0.756058939601731
0.440741853819333
0.578747004473528
0.697313473295358
0.646804583273644
0.520775846993598
0.651153625458897
0.573427047849356
0.720078487715428
0.719609179276656
0.696362445925141
0.578955968697671
0.805342427428278
0.747448626637507
0.518872424176331
0.646873633842609
0.803650225019953
0.798656148956609
0.619357223798641
0.82187436989094
0.55482195283448
0.671940800873629
0.734171595433899
0.610971749478969
0.668916445352214
0.768135077976255
0.685976106613073
0.758180346719931
0.645931826388449
0.669408086651615
0.758131165920486
0.598434274611927
0.732191306776423
0.622231545355047
0.79437619050999
0.696408955062066
0.768654265876013
0.522441477277507
0.834426825811206
0.719288777777053
0.757336670287822
0.70647340486206
0.736903684301425
0.635248536384613
0.702620543747988
0.813792391832863
0.777636989029262
0.741783123405285
0.673563826805944
0.554649518346967
0.580102619844808
0.803641694582795
0.799163493392338
0.67211292884383
0.779927202134034
0.737587898881358
0.675329546029888
0.825620938499129
0.891698643208679
0.706269191210662
0.783181415237947
0.774179756302401
0.706825537404078
0.788445094817952
0.831522559612043
0.838215461259283
0.85262545946215
0.801499855526516
0.757957490408421
0.618196154018832
0.819548748123864
0.546402308275546
0.866403335245745
0.82940608218814
0.871206314954535
0.775886692900519
0.699503987447079
0.792030949570419
0.778712118118673
0.744472816476633
0.803164341911694
0.846202846175638
0.790033398235512
0.763373473109263
0.635287284946779
0.984403159150313
0.71972663916535
0.813309960931846
0.719559527332872
0.817497873322526
0.833785492912301
0.96067731942332
0.862220668734175
0.75903073171212
0.888662319443144
0.742033015522416
0.748727308256449
0.84143017229721
0.814920996523425
0.789298470026876
0.8632129949351
0.783061322303849
0.94254240662675
0.780735111321282
0.951577107502092
0.917197019526675
0.72329606444358
1.0072477861566
0.812025642639226
0.885701473770169
0.791615333175505
0.835966398278929
0.937904790798969
0.823643636111006
0.84142734699147
0.887066353875596
0.842215788343065
0.914603244784954
0.926596688746552
0.91061090625047
0.92039647310514
0.8543496277784
0.881290601355482
0.847921786661032
0.903032986631655
0.841557486709047
0.757505893117004
0.883677598071424
0.917949993575323
0.973473183544114
0.719258527714396
0.855334023475805
0.922572422223102
0.820083603404205
0.756732871649449
0.769803197052146
0.806460025350661
0.884111172528396
0.817209829737398
0.883945470175782
0.881878939491892
0.970494935269929
0.986241969926319
0.998344573437992
0.782577523878457
1.02183922588228
1.02679551813558
0.963373555533624
0.92334494815564
1.06948229931616
0.93554663394529
0.86392683637386
0.997346665347743
0.92345738175585
1.12076365550369
1.00477520438737
1.01052335587284
0.784775172965656
0.905780274796929
0.985769126742076
1.06425566029995
0.975835027776115
0.978827016151894
0.910250521692692
0.930780607937831
1.06328968829781
1.03781718207401
0.992325522927598
1.00700069637853
1.03065394293894
1.11733179956295
1.04567818790234
1.03686751969626
0.937730093190665
1.01661886355659
1.03891389450517
0.995965075501235
0.901224173905283
0.994973062473259
