"x"
-1.1873678513372
-1.07945098390979
-1.10900516507865
-0.907723200152652
-0.956845744097696
-0.944466494295201
-0.99805036925958
-0.916088779477426
-1.15790265771916
-1.00985029910434
-0.99717162783941
-0.971663906414711
-0.913246755980103
-0.853068567239405
-0.930882684725027
-0.968017732363948
-1.01138432932513
-0.970385725324763
-0.948903237435673
-0.896519741747909
-0.926709210054315
-0.974631574375764
-0.849840056473153
-0.921941061778595
-0.977121792432867
-0.832615647181769
-0.91368828728855
-0.872200455331914
-0.927566993489599
-0.965825333274341
-0.974910406193901
-1.0243066546751
-0.914574281914667
-0.927670724157888
-1.03443461515992
-0.935111093011688
-0.921394542880945
-0.918073132266214
-0.82003472051424
-0.820529850492289
-0.915451221552836
-0.787524881398834
-0.790893686011124
-0.814101465301659
-1.0068748368813
-0.889907295596312
-0.884961768690642
-0.944803967698493
-0.877744612119131
-0.880502265398237
-0.7811360973777
-0.977616827039139
-0.856464024760186
-0.871627431731658
-0.899369251948635
-1.03530840944548
-0.912249990074721
-0.920357817028606
-0.955910669762343
-0.913064888955314
-0.706838021175611
-0.920626462987407
-0.901241493623183
-0.751004745486386
-0.819145325855593
-0.701680369975801
-0.898224992550061
-0.843117816032464
-0.812775180918751
-0.824323832539794
-0.858189052562771
-0.818523488842739
-1.0559513121004
-0.967501492013621
-0.926545310043367
-0.931845839639875
-0.840649976829594
-0.731657081475053
-0.76166301341332
-0.81600522467987
-0.833412653981752
-0.829869193248594
-0.872743724861661
-0.841302069264124
-0.796074651293727
-0.748143651148967
-0.804085839458683
-0.888609672983057
-0.871592980188237
-0.779149105580308
-0.714059150920565
-0.721714227890079
-0.769182911597911
-0.616677360880561
-0.817672601512913
-0.932327942897145
-0.847907035438249
-0.711870007739906
-0.802005363513853
-0.72916060343613
-0.885634842814507
-0.790755648437202
-0.821196536681896
-0.877453181913803
-0.833196582791674
-0.871694666993828
-0.777423389758554
-0.813026644786285
-0.810462971656991
-0.788562726375887
-0.801464916444254
-0.801175558159344
-0.772498882613624
-0.639945959159711
-0.796530895501845
-0.881743226927516
-0.646890881599503
-0.721588386429626
-0.626268152523235
-0.645123450040669
-0.660416662569473
-0.78419466288131
-0.697084527741797
-0.791236383477196
-0.717788220510572
-0.683528867345782
-0.725252898143349
-0.59628074366933
-0.704006473126617
-0.796421214483982
-0.663646214656771
-0.86931836033552
-0.611691740475392
-0.616435084028437
-0.752042534843031
-0.797389118744173
-0.74805052069649
-0.715251269379815
-0.657725729876259
-0.767867410002662
-0.688319125004197
-0.770406960215831
-0.796289201938754
-0.86198385532279
-0.630930175049634
-0.75175380190228
-0.644536221419234
-0.755202269163835
-0.748392030489721
-0.733785004259237
-0.545857239037815
-0.674701305169925
-0.777884118319612
-0.591156165006607
-0.768233363123569
-0.724980867953428
-0.601090311537592
-0.708318193266539
-0.759676513282366
-0.76515588842927
-0.664292329182152
-0.802282203176744
-0.596985893290198
-0.587556771366872
-0.669198044019035
-0.559745148578233
-0.557509698830257
-0.711906799615132
-0.558573494591578
-0.753371803131568
-0.697236082090435
-0.641625009617972
-0.733325399857963
-0.561265507534122
-0.717373296708881
-0.665068492963397
-0.689379704631032
-0.61518200229446
-0.690462231254248
-0.667379543723153
-0.707250667017928
-0.619783819316092
-0.599475184817138
-0.561752563939897
-0.682095641547768
-0.639993288443003
-0.594828117389577
-0.667899208388793
-0.667593583753421
-0.820133212366402
-0.530129452225215
-0.682963395093269
-0.634192212974216
-0.633702424894317
-0.638528259749745
-0.672791656785467
-0.542153810034437
-0.731940039286405
-0.558723672062171
-0.567905017884762
-0.587529502045386
-0.686011980717114
-0.631796387208951
-0.645269281822704
-0.608639910227518
-0.679008966566476
-0.407838372124983
-0.500945103902166
-0.757276691950278
-0.660809908585148
-0.559035293350732
-0.482854348383535
-0.534448157869967
-0.515161019704324
-0.689515635317563
-0.421658067556943
-0.405699670191636
-0.739138939939143
-0.617796979259562
-0.545017016434397
-0.524032103789647
-0.51759263948513
-0.656897645160158
-0.428507738497272
-0.475986486184556
-0.644425235109941
-0.677998587315666
-0.460779110625139
-0.380699010127948
-0.446794734129555
-0.618306449790017
-0.565656126800484
-0.380631818051434
-0.586037689811522
-0.499042638555204
-0.552131554669597
-0.579845985239054
-0.435240476679772
-0.571405770184831
-0.538321323694214
-0.571099018272189
-0.418922426887992
-0.573117301810313
-0.466481203064114
-0.39867934531439
-0.519099421717887
-0.553529770175914
-0.570741352238548
-0.447530143408262
-0.46876595839983
-0.564319462542617
-0.527433757345452
-0.529791774681176
-0.54462185359
-0.677964716766578
-0.477353510727179
-0.411881933292948
-0.34819197329972
-0.479426410514288
-0.540372383390056
-0.459156030256076
-0.405867152723638
-0.553997426465773
-0.404064988450594
-0.479636934665576
-0.422556301491649
-0.479785108790643
-0.490804439130492
-0.349464791753487
-0.351423414890597
-0.484506182618979
-0.525970362864815
-0.484129611354447
-0.30260214084055
-0.451251919457022
-0.416964196976545
-0.397668175779959
-0.514705403200443
-0.553563392758278
-0.449334586481483
-0.329755393051039
-0.367283687571417
-0.509552643922069
-0.409407806282014
-0.382465884319142
-0.355648068182176
-0.452899850801882
-0.454435912407814
-0.310821596514458
-0.36521399537089
-0.400663618166681
-0.578792722778993
-0.395304148358779
-0.412827891374545
-0.430699119791447
-0.322068263642429
-0.537924735476839
-0.377160626787859
-0.467277898897991
-0.482818715232836
-0.345331677320229
-0.401115454515806
-0.34349206837538
-0.384516158841937
-0.234370622042107
-0.243303695166235
-0.382226512409365
-0.429178601030621
-0.318270921296386
-0.476589680219987
-0.325866715665887
-0.586110048645404
-0.478114763363161
-0.251951151006325
-0.404137917570152
-0.275514570128953
-0.380154733322412
-0.529881326015985
-0.276708521219536
-0.310490504193385
-0.297643532204078
-0.344050922817481
-0.237281112422701
-0.20774267514911
-0.328875096936488
-0.321558853307774
-0.356568712437924
-0.320503188195634
-0.47193738189764
-0.325258959729848
-0.36210921092989
-0.331907135438282
-0.140635116450019
-0.41993879510273
-0.450083524918213
-0.434918559498833
-0.346824205778428
-0.377218929333456
-0.305802407902171
-0.388653658476976
-0.292404451900624
-0.419918701004197
-0.333971081333627
-0.276104871798816
-0.333857472875217
-0.264226784317435
-0.425715167573989
-0.294947515329985
-0.254506679117023
-0.275415170674738
-0.482306690054079
-0.34853456530208
-0.242200454223668
-0.222614647571983
-0.300566229401421
-0.338565300515058
-0.29325323548629
-0.35493528653022
-0.184322470928607
-0.322711378408
-0.263920027840344
-0.380400255436811
-0.340137796181237
-0.340345386925019
-0.269784041974391
-0.386165610100721
-0.282975422177787
-0.241655370421233
-0.132593139625701
-0.127625192830618
-0.159962692978724
-0.320421452805948
-0.317175190889594
-0.22187127922112
-0.31046237496576
-0.184398858380481
-0.266402685094366
-0.053748239555391
-0.264851023320319
-0.446062723412622
-0.331210407931309
-0.230003129977503
-0.183419931896191
-0.384059351001351
-0.380027366071528
-0.278131656244352
-0.165778466447893
-0.127484748230696
-0.252897073614409
-0.165443001334721
-0.267672110676797
-0.162393207046004
-0.125264373896382
-0.374201157902357
-0.177239148559788
-0.288448579886046
-0.179075270218595
-0.17417290786445
-0.188988487069989
-0.219013006181092
-0.0881314989987658
-0.178042457664152
-0.336790971951449
-0.237732635947167
-0.0538897326536552
-0.33540251619246
-0.191772132133395
-0.175446042337585
0.00588865491076819
-0.215044890224242
-0.157947699056689
-0.0751300088762185
-0.243561125590121
-0.197736618238226
-0.152381246201107
-0.346947453778907
-0.0972025839328404
-0.315094476399583
-0.154761733258472
-0.0816354869898902
-0.232264323871635
-0.136011487458957
-0.230292324466672
-0.263761272455253
-0.257270238054638
-0.107664613571833
-0.126631113970481
-0.0246484208567437
-0.168120260505086
-0.0638476011995143
-0.236664882302257
-0.28129194757961
-0.248568314447186
-0.195548945388927
-0.234324103252959
-0.0656418017880387
-0.160920208465106
-0.016210009181049
-0.0728790351433772
0.0406365583282036
-0.0172768791162662
-0.0971920979121353
0.0256353353324817
-0.168191111924488
-0.180107494466313
-0.121478747300415
-0.110222952328952
-0.0220043975509154
-0.174527071895786
-0.0895805964894683
-0.117174031452919
-0.00548400599437326
-0.180969956395362
-0.187825341827511
-0.141134731642748
-0.0719474308366297
-0.0847256092107582
-0.0323953547059407
-0.177625694742941
-0.214164490084153
-0.128611991674317
-0.0541600899754685
-0.179442780383995
-0.19173295943532
-0.169830612836887
0.0276291518089247
-0.0749991906895518
-0.0385770898033525
-0.151695715384272
-0.159806942524654
-0.161504375184659
-0.144425845553225
-0.216323645106796
-0.121893993955991
-0.0717426921791711
-0.102879241643972
0.103195602191423
0.0134235333572578
-0.157520347684943
-0.0948861901609842
-0.135120039958852
-0.0176448050479229
-0.0815572275357628
-0.206626806537048
0.0880971038516329
0.120211425437644
0.050926843556982
0.0228691857885648
-0.183771040011802
-0.0634418872581715
-0.0417746235618273
-0.0319443896000255
-0.000270863849124644
0.0336070002934508
0.0456774743274248
-0.143540559582284
-0.197608849109661
0.109686557794356
-0.0894332899780925
-0.00405634921342424
0.0354850554349068
-0.108851460576462
0.0376150331724465
0.0651486555522804
0.0364151305570481
0.0349329230636882
-0.101684989228005
-0.183974444157523
0.106344933460078
-0.0847416086469707
-0.0222938282838089
-0.0293251804915181
0.0668256274659066
-0.111523641749678
0.0166289817642649
0.181904287731582
-0.0348590366300862
0.0497906814491008
0.109808564561669
0.0914974199041929
-0.0123496186877905
0.114679349045078
-0.00656349672249047
0.0551285815574857
-0.0194593806576072
0.20561079780845
0.147449670035465
0.142018873558391
0.0370321691410986
0.0752008689175251
0.101057227527947
0.0511918872449559
0.0324139205973048
0.129529248780978
0.0517284456984781
0.107937550969136
0.0412336033764029
0.0237538061401594
0.106348279054002
-0.00678744318323152
-0.0204283218654467
0.148974775613339
0.0829299614118975
0.0361948017856138
-0.0569195770538547
0.000524612901606911
0.201646814030221
-0.0307020097843085
0.124913989706982
0.0116481973348011
0.04152240534314
0.090524587351587
0.0167117690511065
0.180930384149218
0.0906128155316687
0.241575454665116
0.0426425507580514
0.184840946724236
0.0167246749140077
0.162910246569075
0.0253387719228663
-0.0707878649725801
0.107026280068857
0.0754623674174918
0.214413093076814
0.247273189525871
0.23873998943704
0.0123017026378333
0.124220382710436
0.257132279099466
0.128326316832391
0.108230197574079
0.142780552700896
0.103414071400408
0.139260652413183
0.164542991616525
0.0264150228656073
0.11234448046522
0.204547733314219
0.0809158006650257
0.337643574465533
0.028192506938032
0.216449946027984
0.209998818619976
0.163674617450895
0.128717876771182
0.227727310909909
0.117124772078928
0.169028484860462
0.30529291210731
0.292967966708599
0.25178221676802
0.114377039975155
0.0967579690132354
0.099052929811839
0.188989094368365
0.116039182586987
0.213861046161615
0.150867891911012
0.293004583606268
0.116493219734379
0.0755100444721385
0.198230325069926
0.180884939254784
0.385996059039615
0.320025915764344
0.187532891040654
0.338144748749603
0.247222978278493
0.225951997651082
0.254770538883465
0.221967329720827
0.217138241911294
0.143034258729824
0.256134693868159
0.299491019715728
0.279939214597779
0.218329473766581
0.355334782303931
0.254509417847743
0.334063457140962
0.220908493997905
0.133341545059177
0.244635113087899
0.267636438868877
0.294423877223811
0.162522862394651
0.33496876549987
0.236146621553678
0.297379501454472
0.28578849885091
0.115304748249294
0.0863515234590253
0.183461836644882
0.389025258743711
0.293992266401921
0.262240547696993
0.299606348709516
0.350362742018358
0.223737496140818
0.100273410747515
0.389862114889546
0.290291572328865
0.238319478953434
0.377151785878682
0.0721098168723602
0.339455280001765
0.212628468631396
0.239933273295697
0.278771993060828
0.262952987039761
0.279923475234604
0.380845024684733
0.320453845067625
0.418118559649103
0.38376940250752
0.455372993773839
0.230202650580547
0.381659971009613
0.280185252161083
0.331698603200914
0.230664951290878
0.364009304396803
0.21539473744965
0.523355927386804
0.459028684086688
0.275476972075602
0.316563358659385
0.383054070210038
0.410056400792291
0.252936436627955
0.273803142802685
0.323614575886167
0.336829666015179
0.404798210844062
0.383713370156816
0.259367391771624
0.481910828079278
0.455563069469415
0.418651535984014
0.480083903947631
0.47941543301447
0.342642182308455
0.402882887207393
0.530770803163772
0.183677696962001
0.357226143024884
0.414399948952077
0.256667212931658
0.288425857079644
0.255187163426796
0.533084326800124
0.385698497100749
0.328008633496586
0.483765817844955
0.40376226629126
0.403111260670354
0.38082190203116
0.433577315212363
0.342380171945902
0.496179182224374
0.415667979375086
0.453424923799016
0.388823405093787
0.451387122813304
0.35917288973568
0.373892826261812
0.437279611372386
0.385185993606844
0.397512699499291
0.407721780641915
0.274051930254686
0.383384755146093
0.41855303470381
0.495868799306483
0.399386236433271
0.474681349293019
0.365360031011747
0.433641409428565
0.43184497315947
0.269929515912968
0.39670171184099
0.549430703063009
0.471016505418891
0.561104829861338
0.609389665800342
0.449697692324674
0.467017586789133
0.336862863643837
0.539275227162329
0.481402842205948
0.337339085558646
0.56470910461075
0.520182955305699
0.483977761168866
0.586749172534417
0.455810268587528
0.536903209803007
0.528349404689744
0.557510445107523
0.450647915044645
0.551401956901894
0.397748118810445
0.527033287041667
0.414415852105191
0.393546455527349
0.445653782589984
0.730649962720588
0.525897498710263
0.497339151124524
0.419030660482403
0.492709240117655
0.582648470476788
0.551771119556827
0.400080429058802
0.595116002749004
0.678394768008877
0.45750097771831
0.446750851750927
0.458328378538609
0.384281370914459
0.524827848348342
0.543186271860702
0.486549784599007
0.532381670990409
0.51532055992605
0.423094790751577
0.452578592198204
0.527230247866775
0.523611743048892
0.61940202479264
0.647295955720856
0.628446831812667
0.373161785702201
0.520835461215041
0.564357448249807
0.595996691239926
0.585676982817991
0.42607992638365
0.547818771278424
0.614320398003863
0.613585198880988
0.551553264303431
0.635155105265994
0.562574605024648
0.542541584815666
0.621292976794342
0.549650739844191
0.664554118920148
0.566918356921994
0.605012140076632
0.376717334519283
0.452407957709395
0.60630429194455
0.555114745802205
0.618946976418034
0.527518606234068
0.572294635097815
0.539182365059552
0.547937001366546
0.621401812086244
0.568240594974922
0.444757647227886
0.836331506827654
0.671270920077325
0.592933077390499
0.597832143733627
0.732569234800913
0.512126147581975
0.720042465706298
0.610147003564995
0.591046673163609
0.583967911188246
0.646374053609057
0.622909052008199
0.632800143735439
0.716261971824505
0.567728639922788
0.736943636786511
0.564348635867874
0.583048800467154
0.690520213689659
0.58385389361421
0.594946111105519
0.780898584641686
0.738436602062379
0.625327839918351
0.647664611804664
0.664748397387139
0.709383126974532
0.713916716403712
0.665790103713695
0.76101684876928
0.782725505227033
0.730914106088983
0.57012716836144
0.603679844204877
0.714902189296044
0.751848730487736
0.733583047667146
0.652724722287169
0.505952168674258
0.632122853312279
0.783625122781446
0.618600143381182
0.715958202130362
0.728408418206404
0.811052304489341
0.649842991563958
0.611136923131882
0.564144162432625
0.770105399320952
0.742862508818954
0.634229785639715
0.649205702250032
0.698521608848855
0.71194582405302
0.7114813048402
0.661786738591964
0.743633455497572
0.586654468094313
0.871730557761945
0.63735415003669
0.545903062106687
0.778665606889635
0.741094506058444
0.763376268767271
0.687216902621223
0.852193700926756
0.70300645998781
0.748229422831496
0.700470629908849
0.746705224616821
0.699180057062222
0.830590487838506
0.8785151688674
0.876266635389471
0.75607388572253
0.687409419839325
0.563161636545036
0.72512022384758
0.72529173940798
0.82503572892122
0.76435606137231
0.697364749574926
0.882896294548154
0.707685682864389
0.842069360533188
0.781237252466769
0.680064293350515
0.827386034747409
0.706603019499933
0.95708760805882
0.734887400099298
0.671710539016872
0.808102775840883
0.827151783176353
0.685631479288199
0.774324250513375
0.755009406872011
0.835532429794684
0.772235278865487
0.80977395132955
0.668791517556116
0.658764024187191
0.861769225658576
0.834083068091249
0.81810360615056
0.835740277463168
0.844268912297099
0.912046285237367
0.828876116807547
0.796691192596794
0.90484053705514
0.959008679468142
0.767704628689769
0.90036509181405
0.675027079150989
0.756154956527098
0.829561678805058
1.03766822432639
0.733463829143757
0.877495573338153
0.819186309254779
0.700697947720582
0.832865855836871
0.907158873575478
0.783088323174237
0.77018950255431
0.868270549947262
0.886520233541453
1.00954365090817
0.880102764480258
0.913772179885963
0.890120243837015
1.01498322597912
0.829085868550472
0.855719617928652
0.943086146067786
0.746979272566473
0.962633417317077
0.939785610211171
0.696273719130202
0.883293453876617
1.04577946218594
0.917886444270875
0.739823234164564
0.934519590365367
0.802482624507159
0.908294006632554
0.876674356191611
0.747285338019711
0.86183835984655
1.05559515761572
0.838837960132016
0.814179712336316
0.978759648553519
0.936793884205618
0.878947425480748
0.968594310832833
0.892576431118281
0.902035424605358
0.900125692284741
1.04707971926094
1.03875109548935
0.846369275309492
0.908121993547757
1.08117185654652
1.09021726303803
1.01070270322745
0.998455811921517
0.944546946066852
0.829099644961296
1.02017094397185
0.988393030658702
0.901330061486641
0.794523030173277
1.02636340331784
0.987107739496219
0.789160735714866
0.750810610864743
0.836461362879353
0.95956897759909
0.85152709999259
0.954956480588789
0.815956640438361
0.961576395915906
1.01163169819985
1.07130629658778
0.992511295520004
1.0022588739807
1.01222292459345
0.980875687579687
1.01559501463038
1.04074616679218
0.979439208376543
1.04575651318141
1.26644585930826
1.15593047293484
1.01998425097048
