"x"
-0.945961549035227
-1.0193572340939
-1.14560355514185
-1.11290640191004
-1.0484033945291
-1.02735476914478
-0.946204137412211
-0.902856353353962
-1.05749714374017
-0.962044045581052
-0.933943892577576
-1.09337938052021
-0.934604240015277
-0.853755898772187
-0.782871426745098
-1.03456854938733
-1.06680839252236
-0.910705986622173
-0.994587960181926
-0.822340786871776
-0.825135420819853
-0.888075425355864
-0.980719231479681
-0.98626300467297
-0.82227431153904
-1.09410331147639
-0.956044097489987
-1.11368767740586
-0.919251396354542
-1.05049444622234
-0.925253137405686
-0.87600646847658
-0.937061829860705
-1.00090614221979
-0.89482649457648
-0.987172434221219
-0.883807703982068
-1.07737617681647
-0.867787959040175
-0.919522693512403
-0.946888981201473
-1.04169740107507
-0.951625826674482
-0.979052527063814
-0.886173875174698
-0.943412863068199
-0.90479034346965
-0.673366399999324
-0.887393503968856
-0.93610014413778
-1.00745443817258
-0.890852259687619
-0.813259400424958
-0.824900275416973
-0.907292701811693
-0.915538072243492
-0.844749908743268
-0.890600585334859
-0.866374371886868
-0.807243243123124
-0.872967052787928
-1.02416498058476
-0.903639620093521
-0.809528262220908
-0.922224087881918
-0.870592975005578
-0.792203922039261
-0.871484674975228
-0.843890843004264
-0.970125178407084
-0.695629342248261
-0.744986725132215
-1.01514829927201
-0.892958502533589
-0.783664010074295
-0.856362712024801
-0.970571749338848
-0.739447483243757
-0.912006690324273
-0.797427740694219
-0.830956733270141
-0.770628842521508
-0.981893943909978
-0.767905463158646
-1.026462327007
-0.818735267483029
-0.981970535730629
-0.825233842183354
-0.758847477328552
-0.750544200116846
-0.791525868576477
-0.823795098319606
-0.8250039198109
-0.815368865143177
-0.787490941592923
-0.792200614411564
-0.76264480264735
-0.684735905688881
-0.906974178901213
-0.723481289270535
-0.744296923153428
-0.800859092539895
-0.599917572897255
-0.696883566456272
-0.7820809731029
-0.787583403960383
-0.739316348337505
-0.699702106981484
-0.83120035141279
-0.74020408916351
-0.586910688396907
-0.845247001867974
-0.842918810216985
-0.778268004196036
-0.881971011957051
-0.847306268820008
-0.763340775644364
-0.757840694108395
-0.589682939323027
-0.773429595626529
-0.633318506480967
-0.898342122433334
-0.825603167827024
-0.867771672991055
-0.846810333269412
-0.694290948473134
-0.875743030135628
-0.74894938072454
-0.804311023822803
-0.687212122131656
-0.677303744976712
-0.724104304266201
-0.661600066686426
-0.83980282911628
-0.741282284226669
-0.750140537496609
-0.660562359088482
-0.80570091894428
-0.665650073313268
-0.645338156814088
-0.631940578735097
-0.570326141914194
-0.883462287621513
-0.554712652246699
-0.651442593592941
-0.762792960812399
-0.76342673821459
-0.691386876934616
-0.640281282760932
-0.618068721505437
-0.575758807946828
-0.588110965725
-0.648402070992804
-0.771358476463862
-0.741088396943975
-0.637282259244686
-0.699096130610589
-0.607207628284613
-0.682236027332663
-0.65874598814132
-0.749333973398518
-0.627477542397029
-0.668396084350115
-0.558181661513441
-0.573543925423844
-0.742838807473945
-0.744394409471514
-0.620448136876122
-0.749898308105088
-0.708386534741346
-0.585193040264564
-0.631238310833765
-0.53759995346334
-0.680051435060382
-0.711001314561656
-0.638288598610537
-0.714439511276377
-0.639408759067106
-0.800955781046541
-0.631253018816944
-0.717425381542951
-0.606876020238793
-0.640641936824496
-0.672794712446747
-0.671122192174589
-0.610062647678768
-0.611393947760078
-0.58559725818175
-0.620917601460542
-0.743183665673987
-0.640866326989465
-0.749698719316356
-0.522594495535322
-0.610474641511292
-0.641553556055349
-0.61562809362632
-0.651730951383957
-0.573721482653655
-0.633076524262415
-0.682542121906252
-0.681177383907361
-0.511804757226883
-0.569290245434879
-0.530219606812877
-0.655582200578981
-0.640463324799778
-0.382948988399725
-0.602317804657006
-0.476818942752304
-0.317538239076067
-0.502444312809129
-0.519785722385902
-0.648592399283939
-0.515731403974063
-0.631945464264036
-0.517073003268021
-0.352123518986923
-0.510769320722461
-0.713844456173794
-0.731470055601321
-0.61869246743914
-0.591827858529354
-0.405336041543961
-0.818088469909872
-0.705152370694948
-0.606815584315312
-0.456329602861738
-0.502869943866888
-0.401683539870646
-0.566994540949011
-0.660904493553359
-0.6578321423106
-0.608113019965266
-0.601905542998277
-0.527370679223996
-0.442443279671365
-0.712312749250238
-0.452077828396434
-0.533789059935367
-0.465980568579073
-0.523029346914378
-0.576695516671031
-0.479469058770217
-0.593193552421656
-0.579110814764933
-0.353222507946237
-0.533236765396134
-0.414805453795887
-0.405136931882719
-0.655207837538405
-0.394839316267764
-0.479676348004042
-0.431641439232058
-0.385076972132776
-0.632778708556891
-0.480684153454001
-0.495138932112819
-0.49917251844662
-0.469201871663272
-0.383987446700658
-0.590392267895969
-0.515506088037145
-0.250017796184487
-0.551385814158996
-0.628251242117335
-0.571591828769011
-0.409501681332172
-0.555338306287547
-0.541110065673581
-0.473980133631509
-0.476573624861074
-0.350696644746558
-0.422700879260993
-0.413400591427848
-0.421790623542666
-0.661794788156437
-0.425751699794251
-0.481415922790255
-0.420277925246787
-0.453585154501677
-0.433419956933796
-0.439123817283394
-0.489340689388332
-0.445887247744514
-0.473641992726253
-0.483318495171509
-0.372062005441182
-0.410103876927533
-0.368807656615833
-0.629828544624098
-0.45263651509147
-0.398658236605075
-0.594248313081176
-0.459669201546369
-0.379193842330077
-0.466396227130838
-0.430282453080807
-0.4581966110967
-0.302789835078906
-0.539446221649018
-0.45939494864471
-0.441381544583218
-0.323671179797982
-0.404738634222046
-0.244977114937384
-0.361903466306409
-0.543534865844197
-0.169418726160017
-0.328589923950884
-0.328683938230806
-0.349447066866513
-0.352692163461802
-0.379355950910706
-0.238593843843673
-0.412742637339988
-0.35469635588988
-0.348100337921179
-0.168352526088239
-0.459126766046383
-0.410506924680904
-0.302870167032997
-0.353872320931093
-0.308298405200117
-0.422447107106953
-0.430308585536103
-0.421444268439366
-0.192064307573531
-0.282423634086987
-0.371957762929248
-0.465824987677165
-0.189718000809338
-0.202286170281888
-0.301778867174698
-0.286051653101347
-0.30036179911624
-0.349816392381373
-0.280368998822811
-0.264078979046663
-0.329238499589289
-0.222069420431151
-0.283121651679539
-0.26016360970883
-0.363587797671065
-0.223751255634968
-0.3403328584134
-0.343651539786527
-0.289360687352034
-0.39133973982782
-0.269672771013099
-0.412399025908129
-0.202165358662286
-0.303392559490412
-0.291677302054419
-0.158234743657775
-0.429110178938573
-0.301664856774996
-0.249849934575908
-0.322007481626782
-0.248254970392949
-0.290743739273075
-0.257465541691703
-0.348300295305589
-0.292356912167886
-0.129536663587785
-0.196461543850165
-0.284341826181234
-0.312215784547394
-0.216891412399907
-0.204094121249225
-0.276703809476794
-0.226812715599619
-0.283045219692818
-0.148375434310836
-0.138813305162303
-0.281676828375352
-0.294152518775744
-0.172105041398078
-0.341278192125706
-0.164541873426582
-0.23669682962782
-0.230308710986543
-0.305251098077699
-0.158332252514721
-0.209139610749451
-0.191462155999868
-0.261958238926688
-0.293354748131356
-0.259224444736254
-0.262112260263893
-0.175708003076184
-0.294912277171124
-0.161651700983946
-0.21976081394018
-0.283571637682718
-0.262026788065368
-0.242170039309642
-0.0495911239367754
-0.317694847853513
-0.236041073833736
-0.00992923548543968
-0.138060125538898
-0.305955837297658
-0.0668902686525746
-0.148341384934701
-0.294741249602733
-0.255224383868192
0.010961269759888
-0.310043241356716
-0.238499293506239
-0.092108210903524
-0.196935656652539
-0.101838989792622
-0.181701992428498
-0.190102639173721
-0.130971949442781
-0.130021371296022
0.106511177826708
-0.0472395241692378
-0.0906842650029935
-0.181561681034365
-0.161017619854171
-0.151925494374382
-0.158953766721554
-0.129289828359426
-0.117441476050809
-0.190538522922993
-0.00986405476652311
-0.0355513099503555
-0.0614347976490787
-0.179839822894646
-0.231074835933567
-0.167882213832366
-0.111510410283149
-0.0671987918074742
-0.115612118435625
-0.10727008053512
0.0387636007038805
-0.0678492833883405
-0.122092871425543
-0.116315393085567
-0.0867041466458293
-0.197583391048289
-0.251720995618053
-0.170781638487029
-0.167548862614593
-0.209892554993763
-0.141338194430651
-0.272500240563233
-0.202831956247248
-0.123032600513232
0.058979384998463
-0.0419547820425087
-0.015411716208059
-0.130679961674993
-0.0362183629070846
-0.144115167692282
-0.00682442753465694
-0.0975571740131875
-0.147585922692757
-0.180717724501045
-0.0599981117767105
-0.0160254286528462
-0.0807072957655109
-0.054043386912711
-0.154415830418615
-0.171519357461791
-0.136345268663935
-0.0121825338089405
-0.0479061347314874
0.00070399247833074
-0.106938909738473
-0.123833028779977
-0.0227071078912158
-0.00871646268054708
-0.31842603924957
-0.133310471229071
-0.219826286316788
0.0144603364845634
-0.0500245272393888
-0.0504549375215348
-0.00763118099336177
-0.0890953471126837
0.0690661179581082
0.0332705972176257
-0.0529163385543207
-0.00698836312791175
-0.169384970131619
-0.0460467279134219
-0.0954724383675002
-0.185888128680824
-0.00996427421999277
0.132086736275236
-0.00857930143206198
-0.142001206160091
0.0753370606899189
-0.124305902495773
-0.166623055523721
0.0313387658955729
0.00452758063863974
0.0412349509262962
-0.0249638483482699
-0.0101977612112196
0.0235842775311829
-0.039506300974099
-0.0663680728000845
0.229034932230918
-0.173618581101004
-0.0429241965148427
-0.0343264571668066
0.0601650575881201
0.0397848632411182
-0.0609086125491356
0.037071711565579
-0.103985714085456
-0.0244098834230913
-0.00462394281406884
0.0518779047936332
-0.0058074602323694
-0.00115941996307887
0.165722657638761
-0.0844066619300351
-0.0208230845287016
0.0321538353749473
-0.0826871066248063
0.01555877576451
-0.0531421843862825
0.186359825194657
0.0920838348687545
0.0702553167978033
0.208119257102938
0.031335940189869
0.0150913629866616
0.148608272448706
0.151794786702883
0.124491843538278
0.207613655034539
0.0780341384157216
0.062563927432632
0.190057527603371
0.123030375502948
-0.0660969766196619
0.140649618400998
0.064805600231055
0.0437659486045342
0.0201043098424294
0.10456553824468
0.0782265148063483
0.13005622227788
-0.0169754375478828
0.0672638857063478
-0.00921231192539259
0.191640146792719
0.115479748954971
0.147623658760625
0.185242477012281
0.0544305918883431
0.1256994105042
0.158433087556772
0.118624246863088
0.229345828200579
-0.00344498172414852
0.0196022342432394
0.052118004580331
0.0403734318523072
0.385260261089813
0.236913712109162
0.23288464297003
0.0250668260517152
0.169990913804423
0.023774953526231
0.128404943905064
0.267690567867864
0.0247282990369897
-0.0110130260064933
0.104195302403397
0.204907261455897
0.149928638575338
0.146569133762823
0.207214368981006
0.258514943666062
0.174682176054494
0.221153157501215
0.0761120832583314
0.176673986233758
0.0841814415702936
-0.00793965518500392
0.116360951977334
0.0767123437859928
0.18030408600112
0.28128072088066
0.201948703564586
0.185228691504934
0.259411235040826
0.189730852557175
0.178489720802862
0.195415062346149
0.231085646221967
0.224165570785163
0.141444898978014
0.112344883697704
0.222846263655306
0.240392957997852
0.213841151700371
0.376106109103594
0.233461534308373
0.0114782900152853
0.228373544588377
0.204646055371233
0.375669861443667
0.138152102306442
0.22866940583364
0.249404019104257
0.147188104344681
0.386022765614467
0.285654943508912
0.215669170141763
0.257234286060551
0.13556570352319
0.301166697382689
0.445848999396709
0.345757562760306
0.147266366812717
0.265442616961502
0.217629996271681
0.320810626858542
0.301606204876658
0.362982648234666
0.184668652263391
0.311536018944859
0.342393241219356
0.196577507202981
0.199303740402827
0.266677502009464
0.340999621583424
0.249520591553385
0.399793330284404
0.296720624520194
0.451236611125023
0.254621845083807
0.259277807081975
0.284308814275589
0.271885864705308
0.205260318214858
0.248524808566551
0.208122530347514
0.37182638922074
0.404754210573155
0.345802741252813
0.213389719331929
0.44807843117751
0.520618641441409
0.412395439713279
0.371204539923097
0.368698429173878
0.0807509831961887
0.364705474526208
0.38002593322675
0.179567806201081
0.437398826415227
0.331636119852497
0.365982352481982
0.378990866906559
0.336639538354969
0.413257527122526
0.296009907930054
0.347366898783925
0.280883087982342
0.322301366095065
0.393412531213001
0.325617760738137
0.38123593666328
0.346906174738874
0.2541957759799
0.427029107548795
0.32031992321027
0.256293134979101
0.316056866578145
0.37635682689733
0.392437885557465
0.480059843458853
0.304279795987934
0.357242606794593
0.373875111629273
0.498051812448539
0.420478452286343
0.399702331590865
0.368237349978818
0.433773896844008
0.364777913390132
0.399525301288906
0.467134926607937
0.296855512387954
0.469780404261027
0.401028900554576
0.381329436993229
0.36801064119169
0.365713364824264
0.458865933197614
0.42637422197542
0.481247673965809
0.335062641774857
0.277889339394493
0.364143607703382
0.614504781422591
0.365043057240419
0.552340007022091
0.340364744943067
0.295878858854898
0.342576327671896
0.43250327916244
0.424669080945779
0.376917508866207
0.370727985973475
0.479607022522741
0.460053206562293
0.646514101651881
0.461125190193746
0.483691258541378
0.468150474971326
0.363606090500994
0.513379541842489
0.419084042978838
0.365754159118019
0.535510359886775
0.623285642120953
0.277715612216915
0.509664693114329
0.458200414496814
0.607472956012185
0.334573604477448
0.422588857960313
0.545771439747088
0.467448740852253
0.508935849142846
0.5276336372353
0.394368772398246
0.54879561016074
0.549504654790965
0.534656392858329
0.255479186690015
0.44473378427677
0.419438975629388
0.344117433188701
0.552917888059312
0.399940585513538
0.463017346097412
0.548517238083151
0.41375792462927
0.349601040876336
0.583814544732448
0.460200223380885
0.398216262377343
0.554431864475552
0.482458163347964
0.480394403214812
0.33138493559067
0.456194346703984
0.551216547276565
0.470039525515644
0.539711393604731
0.50936103489464
0.454295786278038
0.431088543374797
0.55940444508105
0.443549094107254
0.546887683022063
0.552022406705775
0.564068384119107
0.486440622796706
0.494531993186957
0.476394240293644
0.412556259135612
0.540198607846518
0.560820887832075
0.652380071102826
0.651238667580405
0.594032102726906
0.368907705401957
0.564470541787986
0.512181793988675
0.59963096772709
0.489893212369577
0.479234673510642
0.613398292438706
0.596500200103902
0.44580263850846
0.575671747464999
0.533917326689839
0.649516439342237
0.547148580572104
0.453572453973713
0.72108386707156
0.602847671535957
0.613925170666268
0.573622558880045
0.64186851784186
0.515715475875884
0.60513546683801
0.456790438220154
0.666189115516576
0.536430089513048
0.560405513420721
0.634159176220371
0.762600446206149
0.63904348971822
0.726570727649723
0.563012878086942
0.560688249529457
0.649525726850985
0.652181785153847
0.782312237564467
0.738076274557853
0.586190052924125
0.654742008879112
0.712948997141437
0.528706313893265
0.646246947907169
0.557873721738133
0.603003481596885
0.521852439862823
0.530243046735131
0.621531691494807
0.523132394280168
0.637176853557667
0.774948772272751
0.561737009515833
0.714886158826398
0.774303987280068
0.670800326377208
0.663576303247495
0.638852953049295
0.602746579052933
0.66962269797402
0.807873700853733
0.674788218171135
0.5666548188805
0.685198026691611
0.584748056612171
0.527304774205723
0.65582395951485
0.611632315869923
0.747376357387943
0.695442841112544
0.620743093650142
0.550782624725846
0.613667012013373
0.713361395391258
0.670419734752584
0.781100054208086
0.685098181575617
0.729231129445732
0.859357153275133
0.82645599304771
0.564981582913847
0.783053372663352
0.720855668786845
0.801383668928743
0.646305649689039
0.709750898530372
0.766886472332329
0.723700304988546
0.782729386442276
0.737408885305657
0.698049243281186
0.743290051805284
0.791840276744944
0.685332284548096
0.690292370613981
0.72432605875563
0.651248381618219
0.729847873543327
0.748652090444995
0.690809704442332
0.686870871914494
0.663281143454155
0.836907337655693
0.685676806901006
0.654212527621622
0.735399641532782
0.627030831746119
0.674957842108722
0.770428837026081
0.73135993228621
0.764890464750689
0.627710351580342
0.662404249871084
0.615815402621803
0.772802443731836
0.72588500530195
0.8669491304452
0.783165030397958
0.761718820192269
0.876057125481735
0.690290801534727
0.73387783946702
0.784037640504669
0.785098545905739
0.789414296592814
0.897200273142377
0.775222402179379
0.832485349328541
0.747700472567034
0.793421044331031
0.994738264991478
0.928396203482253
0.825232760069536
0.820282441960344
0.938632375869499
0.788009982835998
0.802305203656017
0.801005374061293
0.832365257254299
0.939484932023974
0.776558949588895
0.797417414698762
0.841712302830144
0.986065618736504
0.647127502511532
0.834845376105071
0.779372911723086
0.861495815669488
0.827195949650958
0.830864111038969
0.765324385733984
0.939649222463625
0.631838945785029
0.937765999066831
0.857401902987883
0.646814284449017
0.910161509937088
0.9448805607965
0.931627799214391
0.860400545407909
0.937825327572137
0.780478188979452
0.790942421943481
0.892975765899296
0.976408104819653
0.904249688403449
0.853685682235866
1.00314542941146
0.828107032303716
0.7846535196454
0.960172934079365
0.934599619586651
0.821483795452062
0.83110442551157
0.891555935698531
0.959616222176425
0.933822147614506
0.989409864367435
1.00576732103148
1.03138904354764
0.923692762238544
0.834418209468892
0.908586019137592
0.949725100767943
1.0572716886799
0.923129198883074
0.939389756904375
0.979171090455073
0.932570172504642
1.00544555214683
1.07710240170531
0.897983711244649
0.892186472738708
0.826607578507729
0.999460699291003
0.96304281652123
0.925855086610383
0.899361069403455
1.04863481286091
0.952707919597569
0.958906275308691
0.925616527415454
0.94032292567972
0.865648312723407
0.926413278728044
1.02999308764899
1.03508115699955
0.834869242425083
1.06834729315463
0.997989587630126
0.816097547331546
0.940299963016784
0.926387145113397
1.12443379118374
0.955699991316189
1.09010875263101
1.00836702722337
0.910316870806251
0.788399188752418
0.99225332900211
1.12879205951253
1.12008649336805
1.06021926260877
0.936900114386587
1.07880988323301
1.04370045826214
1.00869963859175
