"x"
-1.11003452896255
-1.02912794718807
-1.04539556009989
-1.01875475534047
-0.925522426232851
-1.02112965758095
-0.895466521970885
-0.983767439155794
-1.09809122544536
-1.08861184031994
-1.00913590884438
-0.970475924254611
-0.914465327454389
-1.05457163473214
-0.885708244718862
-0.967173942251834
-0.912018606725209
-0.998669690094882
-1.02228025513065
-0.912198545840383
-1.10984068504268
-0.998774742601297
-0.87127061373083
-0.84120010194176
-1.01271496575578
-0.910342868038527
-0.894935020172831
-1.02888900249923
-0.985592608750016
-0.933490198500835
-1.04675766680791
-0.883504979863026
-0.905241387319687
-0.807963352727939
-0.842458135207863
-0.900596825869942
-0.792230098631816
-0.916947435492482
-0.873943645942663
-0.954569137720546
-0.887564307858652
-1.06613356968167
-1.08051367186457
-0.974666148572282
-0.838187755846214
-0.93389089672538
-1.01101081489671
-0.858043282147692
-0.769240147399686
-0.926025154739752
-0.877742097452409
-0.875289285437025
-0.838297629630777
-0.853624381987794
-0.866682406605594
-0.840962015570996
-0.899317612447284
-0.817651029443094
-0.982865924679481
-0.954975712502643
-0.859869007984139
-0.874592960118979
-0.918160246305057
-0.863355050592868
-0.881430800729259
-0.948187604158638
-0.926179719676812
-0.82906650734592
-0.902755112279428
-1.05372140581078
-0.951266940679733
-0.881049429828476
-0.95187632258227
-0.80300748752214
-0.816940513257456
-0.868356636724899
-0.893822232098832
-0.889824844779475
-0.875862905721373
-0.686056631963708
-0.860099412970807
-0.84377223189828
-0.849332387261373
-0.856845012354676
-0.916618690584861
-0.825319260579187
-0.775058081990924
-0.872256186417408
-0.764210171066157
-0.923299194236526
-0.80633229920482
-0.732108602775975
-0.853807822605378
-0.819773328712471
-0.788344216395495
-0.847221577840131
-0.822590936084909
-0.722438037808895
-0.775967849463667
-0.689050958830042
-0.828020752282544
-0.741800522461172
-0.731909769182956
-0.681766808802942
-0.727216626088599
-0.906986235128901
-0.638841968707789
-0.730613600447961
-0.747865678835729
-0.813349271027153
-0.841595937701641
-0.878008310199207
-0.785503469469794
-0.816082682585353
-0.864468791147472
-0.844075999860052
-0.891111645634304
-0.589021390364077
-0.78766585598869
-0.741414003321972
-0.770372508641773
-0.892544682885274
-0.826917808606096
-0.59919460819918
-0.458975133676483
-0.670617879366355
-0.711903451876787
-0.753606742268094
-0.759439059693103
-0.811683475761977
-0.74778940699561
-0.741755240470398
-0.73461401249086
-0.71666833736857
-0.633390761992274
-0.777475932360139
-0.785764007322615
-0.838315726896102
-0.572875091064596
-0.686234190837391
-0.657362193264388
-0.717429034385167
-0.684921319157866
-0.695825358403828
-0.620343625497231
-0.739831505866572
-0.817413400970822
-0.768163061101831
-0.651139807899411
-0.578137734145538
-0.549686778956757
-0.657423677362587
-0.673942873810727
-0.606886482000159
-0.720103662129887
-0.698443743897681
-0.837904201385132
-0.762870536206198
-0.567161305402899
-0.670465357170962
-0.706390780623499
-0.69098321282203
-0.815198337027762
-0.790471066056238
-0.691215053402508
-0.809463186596764
-0.614481871109458
-0.559637396685748
-0.684021862360768
-0.543820505465082
-0.635721029345234
-0.632016658183407
-0.648829549765421
-0.585411082618403
-0.646567858184899
-0.644904354257022
-0.533749973403319
-0.58065383794142
-0.549760314999373
-0.755835321869154
-0.684513123948493
-0.695013833876439
-0.645044253797637
-0.607755370177574
-0.583677357876988
-0.605059705968026
-0.643557634573371
-0.684589131282981
-0.547141200957506
-0.688855132089894
-0.604642872223446
-0.602060603766527
-0.615440897163369
-0.472590930916558
-0.603587096845074
-0.625136341226456
-0.604975841988024
-0.650666925188584
-0.67083904692784
-0.551944999749729
-0.561414836474851
-0.577798880188433
-0.666517389204537
-0.609433891608469
-0.492082605168934
-0.645033596022636
-0.562199297345046
-0.551296247284484
-0.435794688845036
-0.538524568927768
-0.608229789831844
-0.528373854101375
-0.449983063587043
-0.505360594504977
-0.559496255696822
-0.495363082363216
-0.35903313088636
-0.551249073385951
-0.559990176865743
-0.490848140141327
-0.573144984412104
-0.556688549444975
-0.695494890241342
-0.545414174227576
-0.584791186097189
-0.420764162895429
-0.485096393467636
-0.65726718205374
-0.440373868179086
-0.553897091732908
-0.554557155264652
-0.610054057052084
-0.466525198372969
-0.580668908059025
-0.522180758891132
-0.520479924386556
-0.383103165406915
-0.419979578317905
-0.517755314202511
-0.52975165802253
-0.495467874293648
-0.537037931227964
-0.667144579714578
-0.557203695921925
-0.462273842047047
-0.684612307300517
-0.301735886955787
-0.593175083808853
-0.50494962560675
-0.556159346274451
-0.399211914602819
-0.645397035932099
-0.341073795669238
-0.700687788613415
-0.600853737241751
-0.455714584734613
-0.481915524649583
-0.517196696505422
-0.462986941841396
-0.504149002626126
-0.412125693626762
-0.516794431014501
-0.453845718033696
-0.300292531203948
-0.518015698767769
-0.616066558398195
-0.462317377275426
-0.406753863836166
-0.492859261457824
-0.469667570674594
-0.332500292142579
-0.369332283907714
-0.535225006518748
-0.567891764481342
-0.345034752886944
-0.374888193425598
-0.358369060638604
-0.421299464588872
-0.585842526439849
-0.483425222877028
-0.553132666268735
-0.312526253691323
-0.558396314368702
-0.38939286550335
-0.371146706510805
-0.336656701623112
-0.305145846709374
-0.619973593724704
-0.379885501430182
-0.532691166788966
-0.674667684758488
-0.311362156548243
-0.558261393153695
-0.453232017241234
-0.443117190187603
-0.39028588640005
-0.391852976677421
-0.456357824934976
-0.432894300986947
-0.307312746917774
-0.332714230305572
-0.531380803860985
-0.427526044876234
-0.49338099021401
-0.507773435878902
-0.371568089246029
-0.378226228073559
-0.30141305646439
-0.458128694426889
-0.310631999676251
-0.442943498053769
-0.385567233833868
-0.361141943359942
-0.412070295313338
-0.304238014951222
-0.450051826522461
-0.230271210642712
-0.235546681072839
-0.313832229834028
-0.469075379626713
-0.341753128551772
-0.441779317941122
-0.423406592974376
-0.364326270696192
-0.471345842250394
-0.317564547365672
-0.228736545775914
-0.300318252138687
-0.429153653958252
-0.31481048543849
-0.366593626714542
-0.338833930946426
-0.298599301829375
-0.128567112106558
-0.401867287081049
-0.305634560545233
-0.325525600605782
-0.387444338314675
-0.530480560470613
-0.352909933173465
-0.447865518996154
-0.180193085208502
-0.304582031464511
-0.333699822477519
-0.210315373536714
-0.134979055673714
-0.348185959458467
-0.151672403766158
-0.382238744974226
-0.308786824683539
-0.280681764206331
-0.405158423288131
-0.114124633317781
-0.198857446667402
-0.340606584391158
-0.317636842674439
-0.329330942285895
-0.370393757811475
-0.304439695984974
-0.314657037143842
-0.274506386420955
-0.416903068185395
0.0199015449596516
-0.418779147531276
-0.201578468378365
-0.322979992180907
-0.290714318293453
-0.0912093114768472
-0.34642126638918
-0.319651839443756
-0.29022298577762
-0.125815806341114
-0.194829702233142
-0.128854625377753
-0.185873814521251
-0.18126623245587
-0.184340014088556
-0.239552389996488
-0.244228786645738
-0.435619967268944
-0.216595614485768
-0.29521808008322
-0.193490205520822
-0.05465111460016
-0.314669648523999
-0.178676208566467
-0.344270585326679
-0.258394567050551
-0.290722769909235
-0.32831284797011
-0.26344633984185
-0.0749873032329318
-0.116547988730588
-0.177531903104608
-0.270382380627942
-0.179743249913604
-0.267510817474422
-0.336209325343129
-0.183699644175108
-0.282810445755072
-0.181837060822589
-0.290605148087449
-0.134979136016635
-0.345740373563106
-0.199254082559072
-0.214798495103821
-0.279360440064536
-0.150557233976502
-0.209857100518169
-0.138658475787512
-0.167294364696063
-0.0990665917361144
-0.00470559001879889
-0.161719111820818
-0.134314615099327
-0.00932623925144651
-0.235912386877785
-0.223260232549533
-0.173099989816209
-0.188946843853414
-0.0763519568682324
-0.240595622238568
-0.157960303338329
-0.0797044285515149
-0.269675943764725
-0.187747884413223
-0.0729102031102208
-0.0564306608737985
-0.135745369757445
-0.123324378448849
-0.142902170669768
-0.181468178750246
-0.264710460713558
-0.0968985775459085
-0.0832847575580794
-0.177102894086165
-0.204580272972798
0.0145709592103357
-0.182029349284353
-0.172636987353147
-0.110713950086703
-0.0827486748338133
-0.013575722835586
0.00513250016921357
-0.138922144825022
-0.166089685433689
0.192046753065126
-0.00163438489891251
-0.0669396963680398
-0.28395324697803
-0.196333854996354
-0.215993789989566
-0.138353119563165
-0.167789990467069
-0.0719572415696019
-0.150809876454234
-0.04830749193285
-0.111615169758035
-0.155451715976562
-0.113073995581509
-0.0649895038895079
-0.0137737741248517
-0.151178677774336
-0.148551889231969
-0.148536038845188
-0.00761677344892232
-0.0185963811357152
-0.0770526977655896
0.00566990513186734
-0.0958916644436848
-0.00885876442483304
-0.0624158956087291
-0.146434377001256
0.0434934027572309
-0.053144739466743
-0.112974653841993
-0.0364870503731327
-0.0277336718061927
0.0352217257977734
-0.14098389124385
0.0589166433317479
0.134655651689256
-0.104316684885876
0.109795215353479
-0.0685493964730377
-0.0151458111759141
-0.0694572737851145
0.00936981254955768
-0.0476737153712883
-0.142856310371098
-0.00533619277439843
-0.0569006356031357
-0.0354932531678918
-0.0322845521908385
0.107267530145325
0.107597379273659
-0.000181751176235225
-0.0631302818339627
-0.0296533411923393
-0.0974231257967358
0.0044510130146779
0.126063420866268
-0.0062779725482835
0.017452617516139
-0.116294696648468
0.182744937305976
-0.106971186867394
-0.181720813962136
0.0911943621565417
0.00151176831171022
0.0354965015672282
0.0906770880541263
0.0259951406129328
-0.0017887689827343
0.0482377105086711
0.0379591760388494
0.110445066663081
0.114811300035772
0.0887016989209338
0.033908476796646
0.0586478985665
0.0790213285915793
-0.119426732070477
0.193910637299699
0.0615980723225179
0.0328992624602602
0.153966233591538
0.104938283359255
0.041557996371644
0.00105142358407029
0.113007341902248
0.123897663630278
0.118763354821624
0.0883924371797258
0.178812757168868
0.0164990634699265
0.0469158910350617
0.00864806733892716
0.133344467600047
0.124441967012321
0.120179074832454
0.251785152551784
0.0981976680674988
0.0369313876478352
0.085641823524828
0.135022380473325
0.0760188307008909
0.0565101997116316
0.0239135386566434
0.0268300191035414
0.117093995611262
-0.0379034962694047
0.0823961080479826
-0.0243703906456626
0.195892693329971
-0.0342380341295339
0.158149882051049
0.134471038274646
0.107603304084972
0.263625621163078
0.286623806338306
0.224342225516631
0.149248404336707
0.133149400452237
0.0505656091320553
0.182734725642822
0.059838919537694
0.0562831810442091
0.183646224311887
0.0347509894884433
0.183202876172249
0.15150150145839
0.0454488610508272
0.141349680726527
0.162513173644113
0.0629259564858391
0.240254537029199
0.266268993376339
0.125634083208242
0.117807930240017
0.0957550065626936
0.108479608417386
0.223390534048013
0.188761197089715
0.156269908734566
0.244111104909056
0.0494530297159226
0.354081882602062
0.228720793665623
0.153672118423964
0.194718619371565
0.107811696965134
0.219339228389474
0.271046715901844
0.0386207422565808
0.250379589579658
0.182105790583711
0.0513738481041247
0.157023823877348
0.117932513703785
0.225095129209363
0.158442893059759
0.277730416527462
0.259002443528367
0.127927138611906
0.412258411855271
0.302896375051477
0.081867511608428
0.167160487669089
0.104923441364079
0.231531020503965
0.286673043444005
0.239406502173046
0.322571480920565
0.307500657103973
0.241649715615322
0.269759204707883
0.303935778034617
0.281540802909107
0.154237789315371
0.183430464957663
0.247691940017708
0.190403856628708
0.306336871602599
0.285916144560134
0.308122428207838
0.277182356998446
0.277762266573365
0.245616752329414
0.314707002762511
0.278454283858809
0.30396900619018
0.293387193702883
0.318413588973998
0.292751115616272
0.231974211557368
0.320385646706077
0.33185370782195
0.259228229424385
0.195983467970346
0.284475424313477
0.329537526564417
0.381519479017477
0.436421325080768
0.273175499931496
0.266798857971708
0.289991530487373
0.396841371259798
0.316182102101776
0.169258871387256
0.361989963584977
0.204678953670861
0.282138591396954
0.290365784504986
0.250294246894276
0.393335909477374
0.376431351936631
0.438293262797055
0.219611107514835
0.353131076452515
0.284105503779258
0.297287690159733
0.267776918048727
0.273887845122788
0.209717892939117
0.402322613909631
0.434434387366461
0.224412513431353
0.317406493750541
0.227793776315425
0.235715545481937
0.212881978989419
0.266194757574584
0.414465425954711
0.360063940449808
0.34949296597534
0.306528450140783
0.263988145235844
0.475770633566336
0.427013691504161
0.553791762901283
0.503961056985884
0.316066578847273
0.390010444334792
0.469585331176704
0.338336428640748
0.429347357870893
0.522934552623475
0.270022486567326
0.363535658799218
0.447770336129238
0.366812576242266
0.350247900270402
0.509868611759058
0.385801032391498
0.287750597356831
0.245733082890957
0.43465447184159
0.292489241166012
0.301669552158934
0.351162549054514
0.325836557336279
0.411901259757138
0.431487204930639
0.333093455597243
0.384515680106272
0.25465679148825
0.400183623186441
0.346975990459693
0.518659446597616
0.471629864201908
0.509548444375872
0.387756980376191
0.399300419774469
0.280940546148086
0.421687154286953
0.536764409359516
0.372335152246992
0.365117361385682
0.454222441840041
0.483739535580962
0.458305205148186
0.368498211753026
0.478582322185432
0.529923582755623
0.492316831966514
0.283654942302644
0.434491135011626
0.442329840484332
0.577759750980122
0.547076632662988
0.393944018734356
0.403991072596313
0.46756739558708
0.464789938089524
0.473285941436445
0.384290924020016
0.457167364529957
0.489446080377076
0.585687984697663
0.543540848947863
0.600979298629084
0.418508884405167
0.564481911936045
0.516241652952959
0.522518949362051
0.477791881704631
0.625523055883316
0.533212117202553
0.521326358065098
0.390586842400717
0.337011873399365
0.467772179678252
0.419460847880761
0.582208014621398
0.452963737886369
0.581198647632493
0.540649654810216
0.473917325296898
0.703071222865281
0.635815188071519
0.641265553164122
0.476828112156421
0.529921624849828
0.413154176203458
0.569589018093474
0.531466856128007
0.524428986298643
0.618071990443074
0.590735430792735
0.543168678941805
0.474409032701913
0.660704773180218
0.587452681076045
0.537519471219311
0.500326174813468
0.637242825504962
0.593763398360634
0.639030612185655
0.34274292519812
0.504179337923711
0.712140955989322
0.540230967579322
0.652238016694056
0.582707549413714
0.635377677502195
0.599120186892999
0.684779986135356
0.602405590251093
0.651855212103039
0.702258835352565
0.530435654029988
0.548735206444063
0.578869138121238
0.506164573224577
0.515061187807465
0.528774726886041
0.622860984514788
0.645490207937377
0.497675372893767
0.616855278666636
0.490154146910255
0.66894299997248
0.630223673193966
0.5265501584515
0.568105993008032
0.488869833871743
0.548340619352413
0.650536849183118
0.65188486956253
0.573660796278252
0.650543799589551
0.538454690234574
0.687649482240262
0.774038136344711
0.403124691440273
0.501547251041012
0.529335563891625
0.638591201881763
0.615671736131713
0.57820689723884
0.59974847396137
0.637191432621045
0.661611774834518
0.657591692811975
0.742252556945863
0.628381329411181
0.735979726599626
0.489421090703447
0.602874657107904
0.712855132980903
0.713397112470456
0.608997726981867
0.56719666608469
0.726409299125119
0.823492680496654
0.588717668522875
0.818011810259549
0.781829271035839
0.639969152073085
0.688695717465357
0.844985967244932
0.764103015537917
0.607556005790779
0.651408302754234
0.665393250388637
0.649426891218244
0.645507688066307
0.569676044470759
0.710769760792341
0.5478698568589
0.78510009928788
0.836351297742209
0.657801128370609
0.611579728748628
0.661202191644503
0.695457649530548
0.652765959039848
0.650880553445787
0.631784257607652
0.692998326273868
0.601388315875875
0.782188076150954
0.692982047125111
0.673379706320297
0.713506012700403
0.593232393928211
0.549205406086907
0.71481198823671
0.826351432112413
0.773463887842619
0.760879697472562
0.631387400301289
0.787121548025325
0.532660549788231
0.875277507744264
0.758128960865002
0.798262152127921
0.661983612294489
0.635296695698711
0.613680398058655
0.850116676813282
0.644118822599693
0.877750970852119
0.766612017262355
0.726898562170974
0.774000871573241
0.65169238645114
0.746078995359305
0.803639552736012
0.730874317854104
0.699382191953552
0.772348036093796
0.7579501210563
0.750222387452266
0.787604477177486
0.809008719529165
0.806731455170038
0.903187041146669
0.816374659357692
0.873448126303117
0.85469791125893
0.830904917867645
0.79409958861236
0.75588762027878
0.597967522876772
0.900852177689336
0.880711930442742
0.890660669266291
1.07509209840597
0.896754435989837
0.843893091120823
0.766805288471807
0.816913599420742
0.926108858043788
0.763891700766211
0.791719323673661
0.863726003774406
0.953849234068126
0.851551589120569
0.829203053480615
0.756192780714842
0.834342177057266
0.879697301531977
0.867474343341079
0.896962088838843
0.723516437246316
0.735525154429351
0.873744748428553
0.869455377462489
0.965842161936707
0.815638988943152
0.944771015797469
0.864236557487038
0.896566620942642
0.817080392819134
0.982632316842833
0.844691693288907
1.05501998931889
0.778062299100117
0.818716381812074
1.00961942152551
0.852051897232959
0.99165279312538
0.921750090949661
0.860641896811536
0.807575258664683
0.972952043730392
1.05243752506294
0.799580676050685
0.922886765107466
0.875463675977657
0.86566659832194
0.968852950874188
0.985138265830475
0.91878705626781
0.850029853607294
0.896847557406139
0.996142997231314
0.859442663874855
0.856405608537293
0.913995171017475
0.94160046426695
0.836380275071144
0.928066191932275
1.01875026705287
0.94845240036559
1.03128298626086
0.889385168517483
0.854169435795083
0.839557199237094
1.02044555232671
0.998319196759113
0.824185039500675
0.934899938439509
0.934574911015353
0.90859378319584
0.933825827179879
0.93667655606372
0.921477868244128
1.09003605951048
1.08685507892086
0.883098192387472
0.989032034134372
1.03225510002912
0.910877712013323
1.12363192895102
1.01970561170063
1.05891222295845
0.995330153548757
1.06542229799312
1.04211671319503
0.887573524153714
0.952793124693715
1.03639463796899
1.0218992066785
0.945924776416616
1.0552006763758
0.957833773427674
0.897208667547796
