"x"
-1.20211428274657
-1.08431745772247
-1.11961239727149
-0.888878933642001
-0.948974805591233
-0.945774737890253
-1.00947327698307
-0.917722355527116
-1.12594692850703
-1.01009149716233
-1.00644963476893
-0.982868464979014
-0.919763128330282
-0.84862162462158
-0.923866426899608
-0.984666325947615
-1.00343179479031
-0.988568088286271
-0.937824426218176
-0.891488188834735
-0.949888435982113
-0.975875809345002
-0.838774243773376
-0.912196628258152
-0.966263837962761
-0.814857527946566
-0.911757532788974
-0.885805761876684
-0.935620063015716
-0.964959005893907
-0.965724956868306
-1.02674586823682
-0.911868178443652
-0.897935406183076
-1.02993295910782
-0.948696619030151
-0.911561839591062
-0.920559685023064
-0.81920778302595
-0.815529450112933
-0.898369530540398
-0.80502740124847
-0.774798934496068
-0.807901169972934
-1.01216063866583
-0.895136735850108
-0.880809926644096
-0.936280136638437
-0.872087350965494
-0.866446268719499
-0.782272499728133
-0.965403127159143
-0.870660097613426
-0.881783346815663
-0.913947886543704
-1.0477341051808
-0.932786069044617
-0.932402371558701
-0.973305582148279
-0.916626936348228
-0.705812068418637
-0.930966721195525
-0.897995644459601
-0.770038664296214
-0.813509398244946
-0.710211445733592
-0.874457466036983
-0.838824890482678
-0.843125389847037
-0.810576991779558
-0.865510319225451
-0.826941302777502
-1.06987919282033
-0.985589232764298
-0.941825194932517
-0.952697503427185
-0.85276166523074
-0.715650366171347
-0.767314398194544
-0.83528167182815
-0.837418891129372
-0.820245582687273
-0.87502290094361
-0.828415417705069
-0.787554546496454
-0.729709241762408
-0.810835700878715
-0.891608049137487
-0.855231234210452
-0.798049366122167
-0.70053244671232
-0.710708004932282
-0.752847847963707
-0.657982018537091
-0.805085570171459
-0.898036400150551
-0.836096286841129
-0.733616820929641
-0.773737570427178
-0.726034037775453
-0.893020054334373
-0.777710594819156
-0.823518270597819
-0.854281422656651
-0.82845076657934
-0.865627683969215
-0.778505131585306
-0.790267335949358
-0.823874554528946
-0.779730981724764
-0.799887215061725
-0.811014829694171
-0.774843858290241
-0.610200284206846
-0.801509599412293
-0.881391859790416
-0.650934706734504
-0.68867489697014
-0.650794155412584
-0.667064759233937
-0.66144923019962
-0.761493277689871
-0.712026983360872
-0.78309678508937
-0.720080189159043
-0.713428802355217
-0.712133032749484
-0.570526760213179
-0.67220993996483
-0.784665949648772
-0.672990728918225
-0.885866670829204
-0.611181528622711
-0.63196039229125
-0.737000497442759
-0.786949660061852
-0.738049276055156
-0.726007412610694
-0.662982106747724
-0.772064340867345
-0.667335106800876
-0.762320104014565
-0.788376662634738
-0.855632326956678
-0.631715484187129
-0.75884805251394
-0.622943067476722
-0.764252158903436
-0.749664035175937
-0.728762076331527
-0.573495552328785
-0.65387232180488
-0.780842086988818
-0.581987320881724
-0.770371023097609
-0.719007229631543
-0.601212145351189
-0.710426252584002
-0.740429134524414
-0.762563694571985
-0.680584359653916
-0.780007806649649
-0.619943010817113
-0.589466152740495
-0.687633525762651
-0.579704165693281
-0.56978083392974
-0.712828245136139
-0.538094953481215
-0.757969607037108
-0.705195278303715
-0.664417835364537
-0.741530335724933
-0.558732766890753
-0.711617771829708
-0.656024289310338
-0.696181969815441
-0.621618939413919
-0.682411706421168
-0.65676359656802
-0.700173677280706
-0.612082565053789
-0.622829591407454
-0.592665768236727
-0.675938291401146
-0.619151871762308
-0.603318086559991
-0.650597083626378
-0.641066496703275
-0.824621615074603
-0.524896204251149
-0.658231655877594
-0.621420748791962
-0.642372641530489
-0.630124762189158
-0.662121638739818
-0.541439551597511
-0.727666045543538
-0.563538322967542
-0.59658990145136
-0.59561639300313
-0.698662279416718
-0.640651927361174
-0.6445921386864
-0.627914638896503
-0.67170237436168
-0.421230016132688
-0.496540240304389
-0.748988657021244
-0.652604728795045
-0.545592791582463
-0.467301052253099
-0.543962103289733
-0.501502549354112
-0.683802307583857
-0.425609930949486
-0.416635328938639
-0.707296257267956
-0.624658702563988
-0.560502224444601
-0.521921358463294
-0.501747333262024
-0.657261173580714
-0.425976929914444
-0.485514931830021
-0.650067507387027
-0.666902868953115
-0.453245478810617
-0.387309901895685
-0.431571078522984
-0.623686731468636
-0.562831021886638
-0.376194764299244
-0.561291500928426
-0.508237052917541
-0.564166273550821
-0.589350291301067
-0.416246841174591
-0.565988081738748
-0.504214333423849
-0.577645356197358
-0.402125844421719
-0.581053986288756
-0.484602716906988
-0.387646139513131
-0.508854891784566
-0.568361219823717
-0.57894609244225
-0.446152109136804
-0.46131028290988
-0.583676078323454
-0.531582083104832
-0.551792912200686
-0.541244182477841
-0.682098878655053
-0.471247103289239
-0.408617953746298
-0.355483226596728
-0.472413465694987
-0.554507862860183
-0.468401548738819
-0.412330423120032
-0.555722709151463
-0.395472313026075
-0.496510122861525
-0.42992156404235
-0.461235185362434
-0.496565469434767
-0.368166493362139
-0.363548407094941
-0.487562524836359
-0.548171416858826
-0.47504815017384
-0.306419707658907
-0.448557831374768
-0.424436665419906
-0.378060884005915
-0.493878401223291
-0.543996917444184
-0.453887175094581
-0.33197890837553
-0.379888894182048
-0.517130331416315
-0.407274277506153
-0.392390408435124
-0.361344085283454
-0.464063330152591
-0.473146353944925
-0.314420632574545
-0.369792893858211
-0.405764361226097
-0.550522872227189
-0.396173936116051
-0.410355859102759
-0.436131448059998
-0.296710570958335
-0.547594069618896
-0.357651063814039
-0.459612687335773
-0.489373062006794
-0.350968090382708
-0.403884652387701
-0.347702988735756
-0.38754536258653
-0.221953102862554
-0.24149926471008
-0.381657721238469
-0.439274548041254
-0.295185440343266
-0.498784135567696
-0.336832094407757
-0.598021602143095
-0.472670937319084
-0.239318719802454
-0.402470361362507
-0.265817569087394
-0.382455453311398
-0.536069887423473
-0.247852171966708
-0.294522662793633
-0.30124469377096
-0.334100050401231
-0.226121991712065
-0.225431593720699
-0.330243074822012
-0.341793591641298
-0.366934170704156
-0.300256645867409
-0.478726619471298
-0.347983690525187
-0.343251954331845
-0.304460311095203
-0.137286463596862
-0.412791629711844
-0.431994448467736
-0.430586185834913
-0.319248057431078
-0.38347093625423
-0.290562564545064
-0.411106541330943
-0.293712686890315
-0.421886080973155
-0.325899417690842
-0.270049881117565
-0.343674964053953
-0.273489292325084
-0.418008667562496
-0.306947518087961
-0.251335224439002
-0.280487424298702
-0.479199459911885
-0.336662423533651
-0.259677062972431
-0.212456152203645
-0.294219880688653
-0.341684946434312
-0.283249059076144
-0.349754622932859
-0.183148605199598
-0.322619292142199
-0.255494403669308
-0.386958230837165
-0.347659733164035
-0.336302516330393
-0.262300290096011
-0.399035739376834
-0.276079452134827
-0.247445770511683
-0.134758212831336
-0.11646840429466
-0.16507866583288
-0.305392188673122
-0.321141001449671
-0.225216585499946
-0.316680737069789
-0.165935691813705
-0.261790386617402
-0.0536267123606695
-0.275038900969542
-0.440773851566439
-0.33195916799022
-0.237652376870637
-0.182362917173614
-0.399952089688667
-0.37752916285525
-0.264963431486489
-0.163013231761839
-0.153472710407867
-0.245459510535159
-0.186664623223997
-0.277218137819372
-0.140705508769281
-0.124919207997591
-0.371534475939823
-0.169247617224163
-0.293201012792551
-0.184798252958574
-0.165722376878699
-0.188903275903208
-0.223763940802267
-0.110220625991106
-0.183144452188133
-0.351067019032827
-0.22768575404963
-0.0617264984978526
-0.315044513678025
-0.171078126474959
-0.198973177700734
-0.0082632531573374
-0.192451810403208
-0.166749540294477
-0.0779245132750178
-0.259947939669877
-0.194969271883833
-0.169361415312494
-0.349599509809875
-0.0912518975981012
-0.304957202612714
-0.140726139724646
-0.0961031969246028
-0.257509476016975
-0.146389184695965
-0.215099020203892
-0.26277038112276
-0.248602767425331
-0.0994422814871733
-0.125063751368642
-0.00500887365247803
-0.163219859076057
-0.075488958042444
-0.232759999104863
-0.293905545652026
-0.225949054307535
-0.176350423986317
-0.234060316706079
-0.0829215256113065
-0.191713339963316
-0.032616363120696
-0.0541826633360312
0.0624064068663085
0.00867275354512502
-0.0845618872424974
0.0331381686592855
-0.201864613537118
-0.186036723115314
-0.119408984870035
-0.106623626862068
-0.0231748031629877
-0.170083861198637
-0.0946587840183119
-0.119180698352601
-0.0296205486209128
-0.184834464404819
-0.169390621933512
-0.153514634957447
-0.0577381673839004
-0.0850196833871097
0.000814128384801798
-0.195632602629371
-0.187752224529428
-0.122078011341596
-0.0234913043709031
-0.168164798462681
-0.182026867575357
-0.178754090248514
0.0521442837368312
-0.0799429300353776
-0.0452181002905328
-0.150394664883026
-0.171371739555675
-0.153219329394002
-0.155813487341178
-0.188544493727595
-0.149171054848656
-0.0839235446976602
-0.110660170701118
0.102741783764627
0.0286364067410416
-0.143738340903795
-0.114861354184144
-0.14374734804614
-0.0242935034620984
-0.115030992571702
-0.177439279485341
0.0912407744875651
0.102726448840403
0.0719536799511856
0.0414907034286714
-0.174278090786338
-0.0658792122184704
-0.0382346084586316
-0.0291893469987853
-0.0190029360987354
0.0439603229729649
0.0327237416108874
-0.133193642182094
-0.191100493046746
0.0997866609043216
-0.0946563449074756
-0.0172280823969713
0.0546025105175503
-0.104531956009313
0.0631893919039509
0.0602555703380367
0.0432799243706064
0.0304454947871092
-0.0776393446291574
-0.189193399712746
0.109711937325541
-0.117116984809546
-0.0266107271802906
0.00357151921794475
0.0746464519307196
-0.109850933482501
0.025492030137314
0.163340051795642
-0.0551619615947378
0.043491026488131
0.11783634867409
0.0536677885004555
-0.0189385869014806
0.114668391849731
0.00656824428080667
0.0541729868060324
-0.0100618305523274
0.201252003581572
0.132131978727066
0.120093702721837
0.0446030134284517
0.0723464512216205
0.0975486253979664
0.0417431638230235
0.0482120690317117
0.105266884835732
0.0511171906349751
0.115911336061733
0.0372399077255759
0.00959492452986439
0.104313957375235
0.00816480966649087
0.000375730359148003
0.147479707721559
0.0850615343901064
0.0184843100834934
-0.0612853333134935
-0.00135465834783959
0.188112803468058
-0.0173533208857731
0.132757937869582
0.0197039929871461
0.0266900513780296
0.0929451285579724
0.0221920367195869
0.181687007262838
0.0967603018186044
0.234221087359052
0.0468370876256167
0.185154416787874
0.0270864729226797
0.154417987149685
0.0426778031098984
-0.119789588403532
0.111025269989591
0.0899001608939635
0.200475157033915
0.251273741739174
0.266386126510445
0.0253529874587826
0.143837820329479
0.239096694239615
0.150729439647372
0.111196802482533
0.123114785842518
0.110507680802478
0.136413619779646
0.147495315434962
0.0368678006831806
0.12346415972684
0.187238810509501
0.0682650741296936
0.32686592592764
0.0334801985408372
0.223602808641543
0.190346621273674
0.183707798196405
0.115007331872551
0.223029319443199
0.114614795272358
0.160058538149292
0.327904166139147
0.318802439703856
0.266700683794761
0.106832232096504
0.0862905682695891
0.132317228430085
0.183470769746807
0.121254431342453
0.221970843552037
0.138943241809637
0.30059619515834
0.0976384647257934
0.0789153586500773
0.198451269563797
0.176037003086516
0.379605716395406
0.330593078929506
0.198473711705122
0.349730137915271
0.219929296253772
0.230939598979831
0.232360436703083
0.224412512607714
0.206936799467173
0.144981798173703
0.253510591364723
0.313873375796645
0.293070521835872
0.224111109429514
0.370666795998233
0.252807976180761
0.34598791135518
0.222519308097358
0.124902085868893
0.24590723267717
0.277405226008838
0.282225121764074
0.196524785557504
0.354712542388568
0.248172848354391
0.28045078696251
0.285825841389189
0.117420303565803
0.0789515532530362
0.191617689730973
0.397125200889161
0.274069425985182
0.273031372903853
0.301885036815417
0.356827864032408
0.219016089497083
0.0955256857182157
0.354055638225099
0.299704131292856
0.228230312743124
0.344132773088343
0.0629529510065913
0.343418266226225
0.206339906982355
0.238344390884928
0.282249464191552
0.268246152664572
0.262338098860311
0.374032161937766
0.326970262987132
0.424583495062303
0.385884662177891
0.437452528897862
0.215378022032657
0.3878673840709
0.277992936047204
0.340896789707231
0.186330254559495
0.386887264399734
0.222130980851726
0.53131751040091
0.450264011633126
0.281963675340124
0.329038350735438
0.37996408159237
0.395860734853275
0.237306046158767
0.270390437924175
0.302024662663141
0.359209173403832
0.431617587489489
0.395347438583164
0.275461428607184
0.466642116425107
0.445077450542907
0.422568891919063
0.486407377665535
0.490790492607102
0.349573438458047
0.417930401301846
0.538258539241953
0.196174931873278
0.364019881237769
0.420393069936378
0.259804228251108
0.297707882819144
0.250354915872772
0.529907297357844
0.392050290004657
0.285963679557979
0.489491453013198
0.408059760196088
0.396262856039999
0.382885009896707
0.4224166793462
0.341302648259515
0.496370037910867
0.422231348949119
0.439890109519825
0.395027781188763
0.449448033695978
0.341810753128028
0.385191179006363
0.436806581885281
0.393422142638849
0.414959029233923
0.420323782861017
0.27832536388606
0.392496465404419
0.402423624287126
0.495737814295971
0.387388677958674
0.469469100225418
0.37249934570172
0.432636556329992
0.433161945876133
0.282163884126475
0.401716178441759
0.538751942498896
0.475700237138417
0.582090277600917
0.606218952941806
0.448131214757111
0.476818970648357
0.33857084809411
0.557682540274112
0.478337904799788
0.359262453109796
0.545266529481248
0.510736929497885
0.471426463592652
0.588299579092318
0.431188843071059
0.539990468637668
0.52668308136614
0.567496863634601
0.461905857797809
0.569423249354258
0.434885428221418
0.566471651044914
0.417486727760393
0.371668879250886
0.439228260301894
0.738931968958289
0.498896802312607
0.493997417218214
0.437477640037793
0.488773358576269
0.575877368796717
0.548819751612937
0.414144251278443
0.562033750491151
0.684880101487369
0.455420420511922
0.457147551634678
0.436556455620935
0.383437343446183
0.532035325217277
0.551390487157913
0.48300213322306
0.534070195284708
0.517052038809615
0.436341944235871
0.454300372639788
0.518460891485281
0.535812634047261
0.608338322405154
0.638085650063219
0.630774571288693
0.373801789030953
0.512362534611989
0.573484575392523
0.602001752028949
0.601977915222309
0.431518894584797
0.557659910386618
0.620703729951419
0.613260844413109
0.546830700821706
0.648193199940247
0.54987316236748
0.535648326086282
0.625080334002864
0.548480898635266
0.66359742110001
0.558406811823964
0.607243556511267
0.385255447256284
0.460944332531753
0.595568098988538
0.542871661275263
0.614936920633734
0.514940063218857
0.571663538532614
0.523282752975314
0.566449277987243
0.609234581282917
0.555508583171381
0.445739640018217
0.832615699540825
0.671350728069707
0.565060725796796
0.588060617541496
0.707479019879407
0.508258461518264
0.707731886263025
0.604664302841599
0.583026466548186
0.584332633318726
0.622793848980012
0.605632075770112
0.639480473514801
0.709266202940793
0.562850480685074
0.72510434419161
0.540375275252648
0.601406992911761
0.70174917672374
0.605848568236687
0.593048550012967
0.765714291782386
0.739089825266791
0.60108930770207
0.649461540295491
0.674537156046031
0.713351584515494
0.709326514285185
0.679173321874995
0.753596221406851
0.773815513651615
0.740029038485042
0.58264704792072
0.591607637054894
0.693475860998296
0.743591623579841
0.709222505393914
0.65204443235712
0.528034537057975
0.619271821692799
0.796333077114284
0.624715781807456
0.713714193081693
0.708575689400279
0.81831430049349
0.656997501088454
0.631376785033053
0.593963455517799
0.775519194409122
0.750843377743382
0.611743876283983
0.666011015517429
0.687339891417962
0.690327859150227
0.708014005765723
0.651934875506678
0.736820047105985
0.595837379492445
0.887696291516642
0.627403464330402
0.549372588457458
0.796286146392253
0.7350332880701
0.77309510433169
0.677734217704827
0.847429684620376
0.693142777857637
0.741165579078439
0.705990672777683
0.731340839326284
0.719067576352234
0.818335325017608
0.88675463697308
0.891400077807444
0.745666572960532
0.695113342862187
0.559771183724807
0.731539875726421
0.731217439002645
0.817651103093725
0.748206144729207
0.703872345342023
0.880161866317364
0.700244462180685
0.842858519979916
0.780526537465534
0.676167595223476
0.854274510832243
0.718143323070731
0.95338393889319
0.741452232604508
0.651807047178899
0.824734799193981
0.842296672087455
0.709943195708077
0.764196050284935
0.733737915995707
0.847858526684751
0.761115633704612
0.823446504052024
0.675565349591528
0.642724493905852
0.856939314156731
0.819184301384109
0.803281411230547
0.858755340169731
0.832904376449826
0.914633996974378
0.839155988809584
0.799967321750564
0.916200003360693
0.968028729155194
0.764942315654666
0.90308671810871
0.67314733599888
0.746004956058264
0.843275739739213
1.01584307017651
0.761897353594628
0.889304664716601
0.830523864600802
0.682199097758266
0.833251625036997
0.936999560420244
0.78044843802956
0.773074939605255
0.888985488226083
0.885580771122487
1.00530873427289
0.897691556337232
0.901576058527635
0.905735599114968
1.0069522541789
0.821064345381738
0.839348019448732
0.95492459185077
0.764362519671245
0.955057184681184
0.927957512952579
0.700321289253406
0.893331235273159
1.02947903673553
0.911381710974358
0.747319156500082
0.946887048626867
0.781601560415949
0.898592480636406
0.86117789251621
0.772659734675642
0.840123369445218
1.07333095804246
0.836641408655207
0.805128711097741
0.965872360007233
0.950235949849298
0.870143274409502
0.940029768154412
0.887911968583021
0.872681459951986
0.908320787920663
1.03724814904793
1.05731697259132
0.870709686967092
0.892494883897729
1.07350357741678
1.08016339850795
1.00269236618303
0.991217011180962
0.9407266912567
0.820713199157658
1.03226079919679
0.974018863450499
0.896028144389681
0.821412298811195
1.01815006756097
1.00816935984039
0.76721591539968
0.761394018848338
0.821815910557494
0.953937129841548
0.841881188850839
0.968588708727365
0.83351369861261
0.975484864279559
1.01266293012114
1.05652106560266
1.00439996858625
1.016308163142
1.00070683931915
0.982665001454308
1.03396326393811
1.04340810068323
0.981711933940058
1.04905844433385
1.27415253789535
1.14132033915806
1.01801501394758
