"x"
-1.11763956632219
-1.02428122482095
-1.04792279413211
-1.01539187345978
-0.924200933824423
-1.01715077027057
-0.914909332457287
-0.955202581190878
-1.0917369142558
-1.07585642777394
-1.00772750742467
-0.971476128553517
-0.900807194546447
-1.04916441922311
-0.890469711957134
-0.979233066260061
-0.906586771620632
-1.01180452087288
-1.01843090900765
-0.909864475127313
-1.08391376284432
-0.996453347943016
-0.891113625285195
-0.874949525144706
-1.03112781826123
-0.931937956820226
-0.903448065182416
-1.04635109000516
-0.96647592677681
-0.933473238005076
-1.03470151894987
-0.898299687321942
-0.899621143884561
-0.79598551846051
-0.859026264401266
-0.893730502512424
-0.797595147333403
-0.925303546333399
-0.896092920799803
-0.959316844553087
-0.902286260890728
-1.05954110063536
-1.08660542097335
-0.970635530595777
-0.827044269850432
-0.940448945736696
-1.00729660200732
-0.851309559201513
-0.79120494207846
-0.903612417025473
-0.892860773028228
-0.884202689156753
-0.839554842135684
-0.83420730075284
-0.871615610646606
-0.843338225734738
-0.908497910595295
-0.840061290328836
-0.960292612625835
-0.972768763093914
-0.830292073897344
-0.857466624549059
-0.894368466899742
-0.853486005759298
-0.861796427558929
-0.942191739443046
-0.915735874815129
-0.801069981864716
-0.884501383600951
-1.03464810697442
-0.971767935032666
-0.877114557500831
-0.968859775304531
-0.805469904845412
-0.85256345694544
-0.85979050738082
-0.902313242969056
-0.902240782820016
-0.878044259150799
-0.657308613739535
-0.870188037260218
-0.826660559606195
-0.832491516258209
-0.853839793571185
-0.900520598595068
-0.832686406856604
-0.788754465758327
-0.875199271161214
-0.783425152989296
-0.90960323391121
-0.788756701315697
-0.735675007648145
-0.854627637013802
-0.85222531241126
-0.777776519348908
-0.85658200520269
-0.839785508524243
-0.729196574128221
-0.784866799864435
-0.700168776223289
-0.830142876547459
-0.731298178747331
-0.743577020481691
-0.700378036049883
-0.732616683215191
-0.901403760044397
-0.634816914293648
-0.705334922047061
-0.742298323908858
-0.804644763081755
-0.838635219428786
-0.870233595977131
-0.782468776173471
-0.831170790786082
-0.85808195774744
-0.832883065460191
-0.876510373422817
-0.575296227744993
-0.785108597329241
-0.753697266425458
-0.755490175757832
-0.867102132501507
-0.812087934085111
-0.60408341832942
-0.482158417715998
-0.691671819922579
-0.68701929323161
-0.755710974363358
-0.756724877821914
-0.810595272179107
-0.758348319259877
-0.734874743904481
-0.756623864234303
-0.735169198688901
-0.643021350471672
-0.811438263825364
-0.8012110821861
-0.834403457606958
-0.573477605397115
-0.681467179884911
-0.65951216460748
-0.74235795757457
-0.694642151453728
-0.702256278691198
-0.620188344588154
-0.7548358021622
-0.811596458725603
-0.761388233625761
-0.636609697605177
-0.58999432675142
-0.565877529950066
-0.65772702915546
-0.658754362339228
-0.613302911581926
-0.732355785369903
-0.686572808923366
-0.840865796393922
-0.764770465000999
-0.553327017538065
-0.656581030846406
-0.696798690217206
-0.696632010032135
-0.790293306137409
-0.793964860009366
-0.684789404578368
-0.827450361893162
-0.609198556010637
-0.549662238830806
-0.667121652942644
-0.540617744521888
-0.636092720508876
-0.624381367453755
-0.663180299218744
-0.597434453076944
-0.629361260174612
-0.655334149810314
-0.527670872302677
-0.584456683870693
-0.537805927070746
-0.736415488440071
-0.667328058574562
-0.690717318143689
-0.646574726966705
-0.609284256690278
-0.578338018236501
-0.59504448757357
-0.651976863665925
-0.687088468112938
-0.553375272625334
-0.70975545561836
-0.619062241856287
-0.603093648646935
-0.608229422569915
-0.469763455203206
-0.572592886803432
-0.637565930933113
-0.612353540110776
-0.652846804070182
-0.67293243073722
-0.538812610075576
-0.554333925903406
-0.603271770017889
-0.65782122397154
-0.617751531553619
-0.491534546723172
-0.6402484236219
-0.556199313337503
-0.552630929508452
-0.41817305021364
-0.561721907848955
-0.587544386395788
-0.514408496896281
-0.430706178159974
-0.497788123689326
-0.568554419576269
-0.520894498696068
-0.378734630507065
-0.542731451588128
-0.552770792668249
-0.506446016921211
-0.58230457283954
-0.52272059201405
-0.712782303920575
-0.561745867673591
-0.560259408112369
-0.417066677807919
-0.471338880272261
-0.678256470039626
-0.444540748877814
-0.554755035912571
-0.566809488912677
-0.593722525172222
-0.444782867364759
-0.559904358229435
-0.550018444624734
-0.534527063127544
-0.356561413848043
-0.439862686660519
-0.521940406098381
-0.527137683602934
-0.479029349680483
-0.539938535187098
-0.676274323915311
-0.560240419821846
-0.442845042684235
-0.685679716193796
-0.302994954278033
-0.586736376655875
-0.499136404588193
-0.545052178129122
-0.397542980101614
-0.648322248405386
-0.340421294852948
-0.696754613650866
-0.607652420672955
-0.465364741686558
-0.506019305717322
-0.531857906817109
-0.492104649186459
-0.502344287853726
-0.411547229388041
-0.50531760641442
-0.492430701749514
-0.295933540080408
-0.52580524660179
-0.61320735487414
-0.435064489130537
-0.399428909975322
-0.497966072477709
-0.486440305018324
-0.32639317606045
-0.370373176766042
-0.565679319088663
-0.562930137463597
-0.350303274226223
-0.385289819663314
-0.364013868652696
-0.426992704759674
-0.598263627179374
-0.51357681606308
-0.559322164659255
-0.301291749835092
-0.541771502596842
-0.372343787013178
-0.365883507181336
-0.312731126599609
-0.307608374707856
-0.629332495354132
-0.374344723098783
-0.546721095482494
-0.665635233484398
-0.325305234687518
-0.553109667894076
-0.446202668149223
-0.42112677667963
-0.393026152162078
-0.428976817254843
-0.444392769313206
-0.415656054375368
-0.312724633177575
-0.347353834101681
-0.542182299719232
-0.434978834490911
-0.517377064199543
-0.4883701086491
-0.379307847979895
-0.349443227202682
-0.286946305886899
-0.439685170010242
-0.307453350572774
-0.464470138773472
-0.3979157211875
-0.353263938957931
-0.422957648346536
-0.304354165388024
-0.455180547662039
-0.225350260804753
-0.233566235470564
-0.322606360961151
-0.484121212218026
-0.338256829614515
-0.448487622378487
-0.415991860600817
-0.348605173531475
-0.477077065515224
-0.316183407950353
-0.229192352592438
-0.292098217492521
-0.408817026243583
-0.306874637316466
-0.359094668392692
-0.334793348181846
-0.294810411776699
-0.125392896822515
-0.403050329930709
-0.293917032191761
-0.331769800546857
-0.411966574084774
-0.551008164168685
-0.355048733550573
-0.42972371963392
-0.189093127808243
-0.298616857029277
-0.333617880790199
-0.215525921057561
-0.13020638469588
-0.346423778398371
-0.167817014187973
-0.398977503531224
-0.28886957412776
-0.281404781558871
-0.42072370509014
-0.0905588538648261
-0.196617381894211
-0.351645425858741
-0.324787172569039
-0.333577082938663
-0.370270868991497
-0.301527253501503
-0.324874380064373
-0.252474199122468
-0.426598817865394
0.0328917205446424
-0.42099901467474
-0.196303417849387
-0.329948042494115
-0.287214722758104
-0.103530651020321
-0.349338753442817
-0.312466147074002
-0.299820868477827
-0.117627263256921
-0.203349627045155
-0.137105944567427
-0.182230420695429
-0.208967001910163
-0.200715733162944
-0.250748990722033
-0.249340625836472
-0.435866271067877
-0.2380369794847
-0.292991310833505
-0.187906381123165
-0.0774561162097839
-0.331277600886613
-0.212854689227882
-0.333485172697727
-0.244182998155482
-0.271896361276935
-0.305019790441785
-0.248989332923808
-0.0800708812561646
-0.0983711379852382
-0.172620969859027
-0.253877943601627
-0.18596323950531
-0.256270047435673
-0.341833893039713
-0.195191269142402
-0.276471659569534
-0.191507069339882
-0.296342879454843
-0.136221137894768
-0.354136480739642
-0.202581741051765
-0.216673105736057
-0.267077082995504
-0.151205894414084
-0.174545516945609
-0.139523931722023
-0.154508127847476
-0.10018895086079
-0.0104298466868813
-0.171763646592927
-0.121946825801254
-0.0197474866086421
-0.228879776568769
-0.220804264402935
-0.195239397510124
-0.191772271418152
-0.0606230671112384
-0.231142589571809
-0.150412180716116
-0.0616258287731282
-0.24798275421715
-0.214273114680826
-0.0576348664565871
-0.0322439113947624
-0.127028058265538
-0.139547039969814
-0.142266911079309
-0.170629488194492
-0.280444262042528
-0.107459020153796
-0.0867031085047859
-0.175378241259775
-0.208000542151149
0.0139071944116431
-0.185433516535439
-0.170537507886822
-0.0910319915504393
-0.0857908921634254
-0.00688123484405765
0.00570172918342803
-0.153033690741422
-0.165721011548618
0.169529928872797
0.0125628462870507
-0.0639140866743212
-0.290934549029841
-0.206447542739069
-0.219735731946045
-0.130568070734093
-0.180370074149536
-0.100686699027301
-0.134935735656799
-0.0514317078927816
-0.117855493115861
-0.15335691899304
-0.0994919547295721
-0.0581105005985936
-0.0243229061218128
-0.142388969165958
-0.165154390314633
-0.1349752366635
-0.0169870893836037
-0.00622620631147917
-0.066084320063891
-0.00366890534194808
-0.115884566645583
-0.0316882581900605
-0.0555159078064363
-0.129654457790133
0.0556422274921731
-0.0773067848250804
-0.0948300773324008
-0.0561127131872009
-0.030891026928216
0.029196870505038
-0.136900763026909
0.0699321266525467
0.135462396533867
-0.0982795144696243
0.111402150339713
-0.0615484023290191
-0.0204985114254535
-0.0899876070932757
-0.00288147691590969
-0.0361879891010365
-0.15403499868782
-0.00665736629344856
-0.0754525156069589
-0.0601632728313425
0.00250057884084497
0.107153715151597
0.0752628099296593
-0.00422607836861651
-0.068104324333776
-0.028023572362426
-0.0991929757247357
0.01477723100777
0.121511796267121
-0.00071910179020203
0.0119051554121973
-0.146483781892325
0.184067775961421
-0.112964698631213
-0.194248479244599
0.0913733142080984
-0.0215261227446373
0.0412758878054538
0.0838965949566054
0.0316507044573283
0.00312596814933581
0.0506233566774485
0.040747489491643
0.0906996336550809
0.104826571670654
0.077692641285055
0.0313277888531605
0.0675775067744568
0.0933098271379627
-0.130167513889401
0.188709826614902
0.0631110195387262
0.0184786734365288
0.152054015731994
0.107677210711424
0.0474161375533502
0.0123568762116142
0.105093219565642
0.122811605513875
0.114250553815501
0.0781324846783921
0.196535648532163
0.0334418208831492
0.0478722630365617
0.0248058346558687
0.14389360932763
0.16756530023506
0.117757766845224
0.245530814160445
0.124761149321514
0.0170526365923294
0.0715812520657084
0.143433206390304
0.0942313916449684
0.0496797492533506
0.0263644544351912
0.0607131113821019
0.148692883403196
-0.0213826867340552
0.084192146839682
-0.00570717114745453
0.191134455484014
-0.0298501113365839
0.171963112815106
0.166964164803631
0.109321579966828
0.259191276984226
0.288988892627485
0.214104490354596
0.148828781792457
0.144275573250621
0.0531633179947547
0.2008434430508
0.0686675116235839
0.0529616242936808
0.183664489617796
0.0166954729077333
0.178544043008176
0.126434047199191
0.0503380664850637
0.127279977661243
0.204349400914628
0.063721358151975
0.270522758228182
0.272135086551087
0.122066619041896
0.108764198592007
0.0953181925264296
0.0834753495467196
0.207102080563432
0.17904838692227
0.173100478689668
0.249406422619862
0.0674170066421459
0.351464282303676
0.225656820813628
0.136238327725637
0.203084296381053
0.116187281025623
0.184533287875521
0.28625809165046
0.066723723641327
0.254101004344196
0.169372322435236
0.0192564259283174
0.136987633299697
0.121939868641215
0.239243150509063
0.151897729125569
0.281951791913468
0.264171726152995
0.158293843270131
0.405958706162944
0.298460425402117
0.0774383322687732
0.176940746608902
0.125367843641263
0.22354296741045
0.283873006246567
0.225590693439681
0.291761430330734
0.31950947291057
0.255321588350846
0.268887411731816
0.317850580555615
0.274120680013897
0.142369973875162
0.163931584130352
0.243049558051494
0.185025766319596
0.295501708657239
0.2722910120834
0.328705205486512
0.281429943125429
0.274887000998207
0.270665338076434
0.320182467311068
0.285767266748189
0.325099464500117
0.292520935724742
0.305007476035874
0.294601086056389
0.221456956418611
0.317594844416548
0.3233158283062
0.270720051878666
0.199410791021868
0.284402350690603
0.32628912852006
0.39123355987198
0.428568025392096
0.26865902523214
0.269499337445971
0.281994750432336
0.395065893267244
0.300543274734589
0.16750493348435
0.335181419675601
0.197475080059274
0.279532428340832
0.270796735800225
0.24552344176055
0.380330676009633
0.373439434083834
0.448608593151166
0.221725381813703
0.324721228139808
0.295243668881523
0.275691200363048
0.265727460706026
0.259087869594971
0.218789381567089
0.402021372038387
0.426508333055225
0.19275136028134
0.334950834356635
0.220455711774278
0.234734863387749
0.200001819405161
0.262881991118586
0.402630659230829
0.388390654705069
0.338005940977551
0.305207518079366
0.250083296948116
0.498157374255543
0.427677729084899
0.570416941143581
0.525627935255139
0.301527402344237
0.389364304942974
0.471668575513926
0.367518124846923
0.420988902987266
0.528229019807241
0.287726273434401
0.355532584756417
0.46496831298268
0.37044932636543
0.354788149072052
0.515928687035959
0.386040804947005
0.284062192679376
0.25755622925312
0.439750471864028
0.291375082809763
0.289764248638759
0.357695077553916
0.330917272335772
0.434934521184556
0.41933191686279
0.335412630656528
0.404099168354243
0.25814762582055
0.400101061015226
0.319351586854707
0.535810249651187
0.441923746828184
0.516469521495996
0.416536599080165
0.377658763263697
0.278821313118362
0.42963340442937
0.535557096296716
0.379257581897807
0.366817801718689
0.454336144945378
0.484624783485915
0.452112213950659
0.374585494287028
0.485149984125628
0.51328983767457
0.47810969720985
0.284555390642268
0.415861231127405
0.409198364389917
0.592575855929597
0.531423599387272
0.398534849588917
0.394441925475758
0.468206530222889
0.455728517348012
0.495222026106391
0.363526808211252
0.467806261622502
0.455808935085779
0.612448971289926
0.527317040711361
0.594253154258672
0.405604967699295
0.564952839246842
0.536942296753745
0.532472561330838
0.494143202935253
0.615344761095475
0.553747397732036
0.482419162605947
0.377284895948399
0.354757280250007
0.488233378715087
0.412824193222606
0.567724736487041
0.464162334848657
0.593081914395198
0.518882649203987
0.483085589220904
0.703470424238935
0.632004437305145
0.635762382064061
0.489335003959663
0.521048367743815
0.41197921354736
0.570039964886183
0.516969836031923
0.518354363465632
0.635377233377388
0.583995004170415
0.541873227522395
0.49897181479255
0.649031287917205
0.600749098988843
0.536132850165872
0.506609794061949
0.641868414014553
0.594358359182159
0.634192309047616
0.364258352949276
0.508178379012307
0.695663724396538
0.535921979300959
0.659479997444617
0.591336010742819
0.647052499178234
0.628740545168843
0.673327347871649
0.608994232239897
0.62757039526846
0.710077976926191
0.541070450850885
0.546162395994774
0.579070970843454
0.520393338219566
0.518415224622546
0.556597167670878
0.628146321389303
0.653057279052105
0.486728283187164
0.605186297167203
0.496646421345245
0.683802245787043
0.653515430357787
0.53015871792787
0.582759729415413
0.478689875835421
0.542535685659313
0.643258696262304
0.650069001022618
0.57852748698033
0.657709556044705
0.555239706399073
0.692745959584223
0.773969740128352
0.422772626952674
0.494398056350551
0.535860188079455
0.645235584030352
0.599428234657786
0.569369706869256
0.589519795237536
0.613563584487089
0.654628617647657
0.66157975478252
0.742045093036565
0.618283716080209
0.772073277418203
0.482116672472607
0.621569155620821
0.701684512489367
0.700772952498883
0.629541780979681
0.566183011558813
0.737610437977481
0.829856095329947
0.599323224756217
0.823703675421638
0.773949188922997
0.642895879567643
0.696469342363752
0.836576217161247
0.775676228429913
0.618008032369536
0.641764855579848
0.669362216031382
0.655387237103524
0.648766670664462
0.61526033262907
0.725655013540315
0.511496285963388
0.773545501344069
0.830941203475315
0.663923744077796
0.606350352325443
0.658239261019586
0.724932858791857
0.647974016477405
0.658409433194006
0.629427452997773
0.671827682584758
0.600741078353707
0.801903125538801
0.734469109514872
0.684143398842683
0.714680101499563
0.615708329876924
0.568081021604073
0.726163106001685
0.835315541861066
0.776963166496283
0.766159703683771
0.621575382976417
0.803340452356163
0.525416662606371
0.865874815237928
0.758632135439908
0.80623197956113
0.648400249122202
0.634479330424122
0.603222906745788
0.83648636728215
0.656225192385969
0.873232055632469
0.769128910794963
0.704437523680997
0.785581385755733
0.64609059496394
0.756489835699308
0.792233875662429
0.718231166141749
0.689394487560279
0.801054061239057
0.766146569293795
0.748172090804087
0.814492493492194
0.829535077690329
0.813632804157528
0.917714435880903
0.806624554045007
0.86567704949739
0.854227161830901
0.836325961920949
0.792579379071177
0.756448927538282
0.626157027117273
0.906471252508198
0.879113842506679
0.891679403487216
1.06407507706083
0.919655474341501
0.849109316984043
0.772073925832895
0.811299021082952
0.92573140323936
0.754389292947103
0.782531749994326
0.859793169224071
0.984758754337975
0.841257695968531
0.8342851611478
0.73460291141498
0.834104122532683
0.884285795531213
0.860060643898675
0.905266749089583
0.722038286850129
0.723847162052057
0.885190493010888
0.87358104641901
0.961401706549449
0.833332767369748
0.94832534137253
0.859727294421159
0.92080607634275
0.803487515118674
0.990037982883441
0.837346455931039
1.05600504983675
0.767877986862883
0.817257862423529
1.02857002032667
0.826374798926137
1.01076861777121
0.913791472705153
0.853012740843386
0.766938106461917
0.970228111921407
1.05943375792672
0.782225534572417
0.930512068204739
0.880477513919591
0.829064668792981
0.980338041033223
0.9747267081249
0.910559744977628
0.881351039413313
0.895593188175585
0.993825619547289
0.836620945196714
0.848776568738531
0.922506881353179
0.920590853637655
0.823339599919706
0.940628668823048
1.01734470781923
0.947095517898858
1.02385413984546
0.877186492383265
0.845180964197661
0.824746009388786
1.0195967686346
0.99995907493555
0.824770443089655
0.916747481765758
0.93249404271658
0.893517299599216
0.91563822558449
0.919178726051593
0.908258120154628
1.05915356389499
1.07308491225508
0.883056530234768
0.993686486473908
1.0130497389378
0.915493654660475
1.0955473435381
1.01148245576588
1.07901827374851
0.991898295495425
1.04632005364079
1.06046981380853
0.916202346470347
0.955487811445525
1.02762205079314
1.01728301727992
0.949613298916999
1.05809513329243
0.94921564635938
0.903007066387161
