"x"
-0.944839694455002
-0.842915099277293
-1.08009804207294
-0.868300709966789
-0.879319345969329
-1.03903105193632
-1.11269835407952
-0.941416351101493
-0.938260941662803
-0.913534450281338
-0.998712647613474
-0.986349262617784
-0.95959084620066
-1.16331311921878
-1.01279590952764
-1.00126097980629
-0.993270953176396
-1.01164960902707
-1.04581976260951
-1.03259373171601
-0.976893387967281
-0.853993273486439
-0.979632416216904
-0.857936611659202
-0.994662918896352
-0.941704038737569
-1.06144722107977
-1.01935255889769
-0.985002411684181
-0.901929048248193
-0.966734158892719
-0.820057821995343
-0.868973663526548
-0.887668603041745
-0.791595848451793
-0.880956949668187
-0.717415966167627
-0.995702994001802
-0.874767898046973
-0.897745489678616
-0.896041095061946
-0.875055472881362
-0.891038902086678
-0.895176084931618
-0.826383600500797
-0.808131052336061
-0.931269345561022
-0.955426705936909
-0.999693706702273
-0.793356543423712
-0.874559587720703
-0.891087331104378
-0.72917985511815
-0.850625271951913
-0.83009458155838
-0.999913863303364
-0.876197337607338
-1.00078023630583
-0.843527441019881
-0.901001920099177
-0.770837360696386
-0.919625647566887
-0.810054540192347
-0.923086134520389
-0.953509583384474
-0.906782406835037
-0.825889127126936
-0.927765196442098
-0.912144967515462
-0.873289874838987
-0.769928072641655
-0.816225653634522
-0.94605967283177
-0.80980158399825
-0.742503144432827
-0.83749585585807
-0.815514808027063
-0.758923993932128
-0.697814032081042
-0.873153289050107
-0.8262233584922
-0.716320327701808
-0.912354734391999
-0.771934852243452
-0.845683613950597
-0.869145351543657
-0.862754048592181
-0.835901113124569
-0.819759528163231
-0.831778870580693
-0.730065003548153
-0.885971666000037
-0.914835775239854
-0.713720219305873
-0.880689246104598
-0.756237951817007
-0.748901742483046
-0.672968010662798
-0.746759461684009
-0.873169956195756
-0.833664134291965
-1.05248998153132
-0.721662004727047
-0.777811881613448
-0.557131117829327
-0.760810902495162
-0.844076371559257
-0.827644421149847
-0.741165207294511
-0.809544815364129
-0.708254119000122
-0.776330882249254
-0.792392331301811
-0.689223875706492
-0.813726981906412
-0.828327055004327
-0.735288890096463
-0.789904412061012
-0.669922581749662
-0.848852179520246
-0.607671793005408
-0.855833093664068
-0.877327352839163
-0.682163876935648
-0.886381529620071
-0.749196139108851
-0.805947872801988
-0.614126332015195
-0.862997714084894
-0.638908367995083
-0.714663130978863
-0.688676193905026
-0.683911446593857
-0.676793795832216
-0.709871178559168
-0.698145643031564
-0.715232422190622
-0.788941764507536
-0.679927525110689
-0.861523664830563
-0.777756353045072
-0.747666342845866
-0.713004984419096
-0.800931438905938
-0.69465859039977
-0.443010067963292
-0.68513446776328
-0.755951406224267
-0.776065143221434
-0.674029773706298
-0.755603347189154
-0.609014256537685
-0.767440554079362
-0.668244297481153
-0.746816898004793
-0.675291144698944
-0.727674427657333
-0.710167404733781
-0.793475359633228
-0.762430086441231
-0.757264236749146
-0.722367903003024
-0.600667512022365
-0.631935069603932
-0.563373636619361
-0.777975614777846
-0.616836559844231
-0.680540687459892
-0.640083292729951
-0.643061294118324
-0.639276661359455
-0.698566339043936
-0.671238589356081
-0.72882956749632
-0.745096598762482
-0.623484852585602
-0.66764927513799
-0.595712617198841
-0.748016151145235
-0.656039854470417
-0.787254750929568
-0.63872948278332
-0.693772454118476
-0.547100680790916
-0.716736280023495
-0.667428918788696
-0.599690651678891
-0.52813168463323
-0.663790872973243
-0.5606306054736
-0.562684102959912
-0.493115744408703
-0.604391114516506
-0.463079989379785
-0.672075229404366
-0.549368825885699
-0.630485260276029
-0.707286946013651
-0.51356518537299
-0.52474484130759
-0.559737351407339
-0.538201516716957
-0.675740959258538
-0.610898407414425
-0.615870240155303
-0.677563598834371
-0.535043098187774
-0.713075751946584
-0.689313480728452
-0.554866512108495
-0.550811325585472
-0.573241226648319
-0.442029791792005
-0.514949099047554
-0.559727254363651
-0.441912795301563
-0.615955478674622
-0.529634021865872
-0.59669743682942
-0.490344994931644
-0.689081489863682
-0.560717599288226
-0.653490814384865
-0.462720547350465
-0.513820574894298
-0.590819089558309
-0.569658957271076
-0.502302850446827
-0.626837832900803
-0.573983142473966
-0.579214205560049
-0.506887595191838
-0.395371638075924
-0.529037920565739
-0.530453499362177
-0.53711807324939
-0.416292883914228
-0.4888690726305
-0.507099588897225
-0.450317547521862
-0.487115361517751
-0.550261692215579
-0.514649917905056
-0.633155485569999
-0.531941242527573
-0.478536703468858
-0.563322859472427
-0.490082452500262
-0.545681898920176
-0.450087277706192
-0.580033213716955
-0.444991524971256
-0.41011395610266
-0.353351347724184
-0.580899800149545
-0.393956666581861
-0.516149566926283
-0.577591308413893
-0.473503749569902
-0.427803060155632
-0.508090088317391
-0.491793263131115
-0.33424554745423
-0.656513321180739
-0.555651788834848
-0.486871573551105
-0.534846061675688
-0.398203358461275
-0.490171726998234
-0.380663935557496
-0.396829817705878
-0.54183397821402
-0.54448116868747
-0.361518900404176
-0.408373537506525
-0.515839025112895
-0.441509400622835
-0.406625898385104
-0.332736766716264
-0.470863836870443
-0.431178003869322
-0.283372907605684
-0.416422816210159
-0.409982552751193
-0.434292021440475
-0.423745853321744
-0.477882475111933
-0.483225881341051
-0.498914640615125
-0.392941224201094
-0.533611721379853
-0.415168986028417
-0.283466552512009
-0.53274907778378
-0.436673985263806
-0.426663773720337
-0.506824609110985
-0.301992876847406
-0.479152541487938
-0.399081636640732
-0.409662619627867
-0.451352301003973
-0.4972911234046
-0.325634578664044
-0.453849503065754
-0.412726630949254
-0.489544138316097
-0.444558568505099
-0.387627102387211
-0.522696737504324
-0.417617245972148
-0.385527973880067
-0.473589600474958
-0.407766501587656
-0.585392738801388
-0.347713559710412
-0.257625862078012
-0.311913532698207
-0.337981539766071
-0.501049058932323
-0.339536758187709
-0.339800666142444
-0.452797701270543
-0.264169519266818
-0.41608684904468
-0.347527621484036
-0.439799358309347
-0.353858927924225
-0.217813263518033
-0.285178249036622
-0.30610556427293
-0.360335763940078
-0.331323983975205
-0.401691736301515
-0.261666606210682
-0.384253984592105
-0.316662109682667
-0.290333912113535
-0.348389694748161
-0.328512178454397
-0.309154342704044
-0.365152986630089
-0.251851447270621
-0.190800271172762
-0.287492655569845
-0.389385693763498
-0.182192910001537
-0.263392554250696
-0.412044280867609
-0.330196040052254
-0.281656218249048
-0.329164692974532
-0.367168452388933
-0.334912337542467
-0.157791371241743
-0.210534221068339
-0.180445641801059
-0.13503523145825
-0.217540432363873
-0.480667503110817
-0.328479974768988
-0.192656181258528
-0.286559952972398
-0.271725311024976
-0.300229199941131
-0.269395361558438
-0.279283664887351
-0.117085353322616
-0.166990369306246
-0.213503946046159
-0.413408855745154
-0.25214691412598
-0.120572659399378
-0.24362268849775
-0.388862074375073
-0.237456904904721
-0.419256692348996
-0.184744403895099
-0.250870635874324
-0.0961560797377151
-0.133787502127941
-0.163049771885277
-0.236404128283985
-0.222351998913769
-0.245182104340886
-0.312524274865623
-0.221815769878099
-0.135270273801205
-0.110075478167299
-0.266991706907389
-0.160007245885375
-0.214337007420774
-0.00449755192689752
-0.342651836011554
-0.136875052588733
-0.245352440043124
-0.0909694391285851
-0.0943653855161436
-0.202959004717021
-0.0564497458114274
-0.241677713597627
-0.300279919467953
-0.253741395042364
-0.0884489101125369
-0.164734630804698
-0.122370825356226
-0.102216883210028
-0.107822872118425
-0.329572154026058
-0.223680129912949
-0.250855068054977
-0.23866890998948
-0.0545462600481543
-0.104462126811497
-0.255797480054688
-0.085559127078821
-0.127984573658937
-0.100012600622752
-0.214592781416639
-0.153537678451303
-0.191031986408473
-0.30151233634722
-0.233126835059288
-0.190046017138384
-0.290482859309404
-0.123890982749937
-0.0740772167850295
-0.123279396465262
-0.0528116935667608
-0.122350561364871
-0.201777033981198
-0.0808477331804386
-0.153597210114825
-0.0460390743240773
-0.185008240437452
-0.120553946587565
-0.0514903910419716
-0.200752454277618
-0.151653577687041
-0.0587263178528673
-0.122022623476285
-0.113000809355849
-0.123278928294732
-0.0446620885052065
-0.0439390616949688
-0.0894112730049416
-0.210306877961574
-0.0374149081742255
-0.039569460625455
0.0160172865973845
-0.125680566413372
-0.0326381746104056
-0.0789268688355124
-0.0916353570594263
-0.126695934628161
-0.152020395851755
-0.203785694423318
0.0791953564314902
-0.028126244608844
-0.0186207437609243
-0.137331548204137
-0.0122623768093436
0.0924214214797362
-0.0119025739142028
-0.0497703962201553
0.0186644368449895
0.0525849801557538
-0.122767177220326
-0.158419571896789
-0.051984046125252
-0.198188519182623
-0.022856507194543
-0.113019840911856
-0.011660881793537
-0.0142363339085318
-0.0431883421450409
-0.0116143943787412
0.118186041086904
0.027482475732179
-0.0887212277498209
-0.0482314785117785
-0.0230407304191806
-0.104994427102736
-0.00468047714194465
-0.115673378734337
-0.0992984584060916
-0.0244920445307902
-0.135017998025393
-0.0793547010197452
-0.156213757280841
0.030727178571325
-0.0591600339927258
-0.02803278432502
0.0154863472015269
0.0970183549289317
-0.0540816516729342
-0.00187018002444376
-0.000209225772012814
-0.0324994445133997
0.0365411879349028
-0.101796003223067
-0.0703971974351404
0.0407641812176327
-0.00545254823955178
-0.00176460175161895
0.0198066143938607
-0.0717192970298783
0.0286655117726221
0.237470490498034
0.0492355790136862
0.0116053835715423
0.0760313215243422
0.0398605316271832
0.0797708754002448
-0.0941753361209045
0.0936210390622256
-0.0432471747941539
0.0691828779100563
-0.065917074519882
-0.0650406085479208
-0.020583463836461
0.0959530143963113
0.276146606495856
0.0279032138931566
0.120119086132252
0.0161420654414597
0.0341112488664751
0.176225114790563
0.112129607956236
0.0438091507500306
-0.0173847789598876
0.173327592332905
0.00423985307080591
0.203815388981051
0.069293197616165
0.203750382327225
0.205554348014403
0.0865868423737331
0.0492365403682339
0.106585041571795
0.0808164191254361
0.0281283440702716
0.138605864977504
0.162411889065883
0.153186584066099
0.0792892275272618
0.117399284865805
0.0120512978322064
-0.0863164000484741
0.0739702468438609
0.144144852200932
0.076186683258594
0.108638204738179
0.215367798454622
0.149257501110177
0.0783059018627617
0.109051585211077
0.077331613390654
-0.0146596865978872
0.153180134505309
0.127711613592715
0.184494292173372
0.027872775863467
0.165519957675632
0.329887077356908
0.0549567063676599
0.146044876497847
-0.00358475990850668
0.0805094497041047
0.145363871665882
0.140876220593322
0.134096206899044
0.266142502723913
0.0795453646153173
0.146594511535357
0.184261758363827
0.225926454375769
0.149573558168242
0.0996069141896964
0.291779249895825
0.0584795500694004
0.223962795309509
0.201856520950885
0.10603478943524
0.16715355615182
0.299615029786061
0.242443117929952
0.2251296185832
0.132577320109735
0.155676941652041
0.0793813736704415
0.123736169149996
0.11729346317581
0.221894867812117
0.220165645076549
0.212037335730478
0.150983464354435
0.222817869104827
0.252167063190919
0.222037026886111
0.268186653636223
0.210396407828738
0.188849321772112
0.163915215453003
0.239729684456471
0.189902969813812
0.230163419929549
0.297268822558657
0.191104755892654
0.128554494250873
0.204180397715763
0.188170246322444
0.203639761900687
0.213384435711626
0.268175808936834
0.167433098859272
0.206473013556453
0.150473893574985
0.16348603717851
0.253518847722287
0.18993082665695
0.241434077901984
0.273582890804757
0.397384238951867
0.488246538215324
0.267742347136568
0.216472674727254
0.21345565056366
0.222006730081238
0.227709469534138
0.216999197295828
0.173658606463969
0.323350095581147
0.133008201360294
0.377079244353661
0.420531355208321
0.196261572240622
0.238499928557708
0.163312035528136
0.380569719086378
0.257452020546213
0.19290218447319
0.299721269452466
0.297134276888838
0.165406657183165
0.293702627441334
0.318455701958849
0.397032066973106
0.169452243435884
0.328282987137805
0.430701789200447
0.273184030339163
0.250573817684498
0.36639534447474
0.160129911105076
0.421789328334928
0.378294839236224
0.351507513797219
0.487834551677567
0.414963415841592
0.272371763510325
0.305378388396155
0.352175074577341
0.187985368319915
0.388234691210883
0.218373232289857
0.280803768475081
0.373583126177835
0.298630214678456
0.25501510803236
0.425396503899762
0.566502728070701
0.468483092029197
0.279055890247216
0.233489889113547
0.436515036722005
0.398509468440007
0.367105913355468
0.331435028724605
0.396038227419525
0.41170894669767
0.415485021680488
0.334551817502124
0.24749113250197
0.383547508034686
0.390969007749721
0.356787797855353
0.327297103007565
0.433230651666245
0.384493031654289
0.425941515316722
0.326024836920244
0.460839405687484
0.290965036058395
0.365119249111202
0.269010851685411
0.215870416475372
0.462925725981949
0.397301642471072
0.422250644063017
0.308266012153875
0.406636768824256
0.463583169702711
0.516794150350154
0.413728285916824
0.361019924323298
0.431633881846433
0.442439623962668
0.487402112900967
0.42430794562455
0.342949406452275
0.604446569871276
0.445808568540921
0.569568449508091
0.518764995832136
0.514587694282852
0.51517819791291
0.438145710796551
0.441047667520729
0.550386334017446
0.493273335900934
0.413892077270898
0.52992754265862
0.458960293016622
0.479582307108716
0.439038479878798
0.403146747919517
0.30670438620233
0.313904077706677
0.405607014140344
0.409170756441222
0.431793793403949
0.413986054656895
0.528253084036194
0.430869893357415
0.468248192286462
0.477516001721621
0.495577405860383
0.521673657281934
0.53547736867153
0.367236376166943
0.576347545955342
0.509564095963291
0.387251482053558
0.410453279136233
0.393344417247982
0.506811340419435
0.34932545918558
0.570685358821683
0.583626921460864
0.424500321018022
0.502854111498459
0.613432713124773
0.542010653830301
0.5613017867199
0.576407542958444
0.407284967134701
0.420220525492527
0.541072086667557
0.563986892057889
0.428509044766959
0.369390381969787
0.641408731565241
0.558722887927274
0.535747394458757
0.586541393944932
0.57004101978634
0.532708424982905
0.501670539888655
0.574737579699686
0.451285545747764
0.599721379476628
0.569129148357036
0.418258053455959
0.648488200788054
0.596699178641678
0.647960937716473
0.483642244092001
0.50351353560566
0.488565579896853
0.670657858053151
0.502851735870004
0.588245750527555
0.638223074071004
0.519637985762816
0.632090438414904
0.638731602043388
0.61843656670661
0.687264877047251
0.606533667234673
0.726581030317949
0.525011070138698
0.584943142311316
0.373681887895786
0.540601095101885
0.510606556336124
0.532316576074695
0.668147797015393
0.572417884061736
0.685545628284017
0.530004418002048
0.481073319708919
0.619817992255058
0.776032129991871
0.667435898321513
0.629802332250531
0.468972341652914
0.600556773916584
0.637796357660101
0.590448035907263
0.71518659124443
0.654580926448067
0.485282804718623
0.617855012329737
0.665058328781714
0.558747574901475
0.700023585804289
0.7610182955601
0.450198346871423
0.762155765436233
0.5631689539847
0.742593610700577
0.458516533257808
0.584837055057312
0.716059650555754
0.63027087552534
0.503336464047408
0.66733403820355
0.580980614316241
0.723936962967489
0.711827000947683
0.679672674114455
0.563507190231063
0.794664467658876
0.733443157879247
0.514072701308361
0.667480124493919
0.782382146594017
0.777660828768624
0.632712626263756
0.806944240912942
0.561296932270022
0.683288336911008
0.752554359272044
0.59906461553988
0.672784296721702
0.732044698657891
0.715150531824639
0.754861374174068
0.652169844936776
0.653694692553707
0.754287785499608
0.600202703608486
0.741198781032972
0.631933259883633
0.803764697118048
0.693703225442673
0.783469152312434
0.53690887463796
0.840004360483037
0.745779524453103
0.750184499463091
0.734611133052302
0.746850914823608
0.644195331393202
0.714000585888071
0.81131400147638
0.7704400407778
0.752684594150989
0.667844356497857
0.569048284832809
0.57557304699945
0.797780930549295
0.771884371901423
0.678008363428898
0.773148702083719
0.722780220692093
0.685786921900173
0.836886858079742
0.873709656013708
0.691155268056972
0.786905358723699
0.757620649569776
0.696663287994149
0.776150637433083
0.819843133684095
0.847403017820744
0.869949384819751
0.791768378667038
0.759449837420558
0.613814614475067
0.822846321582014
0.53417303507221
0.887142312307623
0.826879457655834
0.876973087543085
0.802325885036609
0.696814039434899
0.79181013301145
0.758994348407951
0.741561039282606
0.77337224142833
0.868274123378348
0.776458186291124
0.741606384797664
0.661582886075156
0.993785764058081
0.726840598949972
0.824326427959209
0.729294690055269
0.80177901940443
0.831289417303165
0.97333088203113
0.868846280383947
0.750782697646708
0.883019964089306
0.741119844867462
0.742503697039187
0.840251559141693
0.824929005553793
0.781086358906247
0.859750103255536
0.801496878563312
0.943339732827011
0.78399315942326
0.937513014301297
0.900616168226075
0.715386733875763
1.00361683714894
0.80631148581526
0.884885316699322
0.797579132341799
0.847596431842282
0.93986182909003
0.838031623043567
0.832994715201851
0.890429897651193
0.846360221581619
0.906700250405216
0.913125130088605
0.912993566933334
0.923970280566177
0.865861327008344
0.86596568662528
0.869460919520125
0.9059006180053
0.852847052011003
0.747137931448212
0.897360147286591
0.905699162546724
0.958058192719978
0.731031404584836
0.855608511347033
0.914777602007277
0.82579059119115
0.738863666743138
0.763220506795327
0.795763537123365
0.86553403280731
0.799063022153329
0.869429990116526
0.899420517255936
0.974864841807275
1.00109070797222
0.999345754020678
0.752001616907247
1.0078783368834
1.00545773475561
0.955702441030098
0.934157982421365
1.0662357107823
0.947860960355925
0.878741662973441
0.99041324846434
0.92744318380871
1.12135460298687
1.02342751505015
1.00498399882644
0.800963589771292
0.924377970675126
1.0050034091641
1.06434719013065
0.979553606277415
0.97205499336058
0.919064967552358
0.93169683234809
1.06450699022048
1.07246491494695
0.990990400730183
0.998166489386098
1.03618791025516
1.11045608179574
1.06174862195549
1.04136124013186
0.920372097232573
1.03983994529789
1.05215820090121
1.00475287894286
0.906393868023846
0.99599610729493
