"x"
-1.1108100589337
-1.02567849493366
-1.0481742819991
-1.00954181955278
-0.939465036359648
-1.0006759270292
-0.90270530721601
-0.97566973218514
-1.11307694283397
-1.06044332501888
-1.03551922671506
-0.991255526484268
-0.930715721711088
-1.0572162777192
-0.909673716887957
-0.965571613303322
-0.902974820965069
-1.0046474069821
-1.01565656764534
-0.909753918619155
-1.09900601626667
-0.978253455832407
-0.878558697575229
-0.878337511816026
-1.04070540675386
-0.901108932485622
-0.878893761249323
-1.02162046445541
-0.967921646043977
-0.917819879493561
-1.07160702429403
-0.854461087525137
-0.908841106630958
-0.804893732803576
-0.855828175562161
-0.894770899882506
-0.793497907662922
-0.924405999360708
-0.881598492504154
-0.970384297798404
-0.886387474665075
-1.07616843637437
-1.07760998315503
-0.983576223526711
-0.83094127407406
-0.946592396087291
-0.995108511347248
-0.845033409104466
-0.785808795736
-0.900557742411773
-0.875492275166912
-0.901556154940633
-0.867923480173089
-0.858471093784994
-0.869525341989537
-0.846004192681051
-0.921994451310959
-0.834008323666476
-0.966935337810571
-0.943955353344642
-0.817095840759564
-0.867796179095954
-0.9087797964713
-0.852955559240847
-0.887131624261877
-0.926230485273102
-0.914621614096933
-0.817386328413554
-0.919021058048875
-1.05090603529469
-0.948027172340817
-0.896533885975488
-0.983713015176268
-0.787824678572765
-0.831925718335289
-0.861545059054008
-0.895614877188665
-0.88155625951035
-0.870789335681831
-0.680356664072032
-0.893201693836303
-0.833640613756245
-0.828332301336124
-0.85791062389736
-0.903111832766063
-0.832520271700691
-0.780485099759584
-0.873020585582207
-0.792019513073235
-0.922599346646771
-0.820886811723172
-0.738105338183105
-0.864264421536612
-0.84004645979572
-0.76766796778855
-0.848525267493051
-0.835767322939999
-0.724861598348542
-0.7785464804702
-0.698980408399255
-0.823608166228587
-0.765707567040193
-0.743758676388562
-0.681489381256268
-0.712786284467427
-0.893032538715313
-0.639037088265824
-0.689431618213021
-0.745672291508359
-0.78739288758024
-0.839392115515551
-0.869021376724443
-0.778775338154918
-0.822618600360278
-0.866633732009524
-0.827576951905398
-0.881906733243797
-0.573751944020719
-0.780566916478189
-0.760808238711544
-0.772549967906185
-0.874609458220077
-0.825433181746126
-0.598703056902268
-0.48181707860138
-0.667443733534637
-0.708893736602453
-0.754340519182354
-0.75299814884136
-0.821263349326816
-0.757845365946242
-0.731728405188986
-0.742067526536453
-0.706017445516922
-0.65438421636385
-0.796763966655444
-0.814539803841895
-0.834164433371709
-0.562760868922357
-0.675783372697836
-0.643678195505656
-0.730575942518778
-0.694654384002355
-0.695892666045818
-0.616745373635783
-0.745328475251176
-0.784900498487875
-0.768584701503295
-0.652539057348742
-0.571083714667082
-0.550360208576561
-0.645468118616227
-0.670203060758847
-0.607215698643993
-0.74549875164867
-0.674821430152926
-0.849878552566812
-0.763673774232179
-0.575107458416462
-0.660211348558553
-0.689003298426035
-0.679474561227145
-0.779140339762772
-0.787123577747757
-0.69101083805708
-0.809657360695876
-0.607329543189991
-0.54838589128074
-0.672351647075504
-0.527472523376678
-0.658764102109116
-0.613518251069933
-0.638318086052944
-0.613597246995003
-0.636226121854798
-0.65499767288407
-0.53186635410143
-0.581590818371322
-0.546934300239944
-0.730568115495109
-0.675300984858758
-0.682373959446684
-0.630115427015154
-0.629073672146392
-0.586921039923292
-0.596708533270075
-0.64132502831526
-0.683817221857854
-0.551006661978725
-0.699801760662745
-0.61683020507538
-0.619522124031621
-0.612710519306756
-0.464124848027905
-0.591491359464406
-0.63482206631849
-0.616415476328261
-0.615599067480854
-0.670503957665577
-0.531070322280199
-0.566137172655152
-0.592465832754245
-0.649460149051871
-0.628004953199705
-0.506573846656709
-0.652958989273729
-0.542216670552392
-0.579096813664919
-0.425402761990883
-0.557276161507669
-0.61082383566214
-0.532338484967016
-0.450586332401655
-0.503013407953054
-0.563719525291327
-0.517736659359832
-0.362035234729658
-0.551949382280067
-0.552472827480123
-0.479280625564647
-0.593135616813314
-0.546528212926602
-0.715560726839608
-0.563084086017267
-0.555756033773551
-0.429455450454183
-0.46698018632171
-0.68087386243412
-0.444089046303879
-0.554847321040502
-0.532623929497169
-0.595465315794285
-0.461163149747811
-0.56419925724633
-0.544558218158929
-0.539300627055474
-0.363387148934548
-0.440358088315601
-0.531757926782554
-0.524399630932453
-0.470579908700043
-0.527621139359562
-0.691862707785909
-0.569822769443851
-0.451963558988156
-0.675352171604718
-0.29943037488712
-0.590396538927597
-0.496984491100532
-0.531098934174512
-0.395170568146883
-0.638775065714625
-0.332195421083253
-0.713153074764805
-0.598980428102763
-0.442087120925097
-0.485039592692598
-0.518513843215095
-0.480189946157923
-0.496979802372291
-0.400930385782302
-0.512430561988053
-0.490510256823801
-0.295501861544731
-0.513151040100662
-0.602433803515915
-0.436774741814569
-0.406716117919357
-0.495304521110803
-0.483693204522107
-0.313085538009998
-0.37281123322867
-0.55745104161551
-0.568453108081465
-0.362677420164658
-0.375085758151851
-0.37792081433197
-0.42260508071647
-0.601204191728297
-0.53064938584007
-0.538255813525453
-0.311042402070483
-0.564912408857652
-0.392080938768203
-0.343556942994825
-0.326567530584992
-0.333527712984726
-0.637185242211094
-0.377031823249438
-0.521803654396765
-0.665632059037527
-0.327747828806929
-0.549714485703588
-0.458505222680456
-0.420113996741388
-0.404312080757394
-0.417252785637377
-0.452725758671415
-0.412108105791268
-0.301912259785829
-0.335775625516407
-0.545998263292649
-0.420764550027179
-0.486853287788006
-0.496299019707825
-0.384225915385376
-0.352236865174819
-0.297013261261574
-0.457614092703578
-0.309225319332282
-0.438893000642214
-0.408924984169494
-0.365340103216858
-0.419204498069941
-0.291685405923956
-0.4592822424524
-0.227270278282196
-0.226710477816809
-0.318391359452902
-0.467286020511283
-0.328302979852564
-0.439056175030372
-0.418971044301388
-0.373297909450083
-0.455860860065878
-0.308740339768188
-0.230965125140564
-0.295357380404318
-0.404185859298584
-0.305420376350264
-0.360586900033718
-0.333364415033866
-0.327222709418927
-0.140512155072635
-0.393768902598386
-0.291246236742476
-0.321268019305331
-0.402876623892958
-0.561844224103917
-0.345451684857805
-0.44317581845545
-0.172294329324951
-0.311842991794815
-0.324214723039693
-0.211000931973018
-0.131037509401659
-0.338110510940004
-0.150921105762345
-0.388132641650859
-0.283234763792853
-0.288962557246902
-0.376844362209335
-0.103855366467014
-0.207857403499579
-0.33156815969484
-0.324577273626721
-0.305336004715907
-0.351377508696341
-0.312379056281991
-0.32976964515695
-0.25139030910438
-0.409746857885647
0.0279418245242977
-0.421114837687259
-0.188256099517669
-0.32419392554332
-0.302856178228469
-0.0981950265890963
-0.355536767236066
-0.314362475316834
-0.28900166965876
-0.134666543827563
-0.213402530508863
-0.130799754731336
-0.171173551418491
-0.194796942036889
-0.216857031762027
-0.248986440316753
-0.248002889529226
-0.458695180999834
-0.24275249307792
-0.307112684373368
-0.197231784025196
-0.0710497483512278
-0.333427617279987
-0.199119730884076
-0.353328526431784
-0.269276822699545
-0.283614359038492
-0.310600704914815
-0.271130515332789
-0.0878891888581271
-0.100519555596567
-0.176856258452651
-0.265495201790247
-0.195615481676493
-0.270974717097489
-0.331097013786866
-0.191653353678844
-0.262188701475473
-0.176425457151229
-0.285097533314138
-0.128891159553087
-0.358983019868525
-0.193290431994467
-0.213399391776658
-0.273687358029511
-0.147690040494767
-0.208934802788946
-0.156405475301245
-0.169227912877353
-0.0843414077183317
-0.0359547980354995
-0.17592603182783
-0.112027685878373
-0.0292223980813532
-0.225541922732601
-0.22241105448029
-0.203765064572107
-0.198624588883025
-0.0871217113762432
-0.252801884682946
-0.149716737651547
-0.064792680999179
-0.250604975138142
-0.190276509622575
-0.0567904525198827
-0.0436567156466655
-0.149293963399876
-0.140232752048604
-0.131387830147213
-0.171581989992141
-0.285753203210476
-0.112999277729559
-0.0911607851199957
-0.186320635621522
-0.223179231006242
0.0158522975629359
-0.197623310382991
-0.163528099374303
-0.101341781302808
-0.0764801050334718
-0.00417319144154429
-0.0122469315549769
-0.159819356702482
-0.166595665617663
0.180412347067715
0.0114747395364692
-0.0646107653409737
-0.271072980607378
-0.202829529684304
-0.215076812873004
-0.130096972700244
-0.196390684282064
-0.0948261346961836
-0.157223679406701
-0.0457929412526438
-0.0912502571813155
-0.115913333425762
-0.106846296202985
-0.0765260595820264
-0.0255413160387174
-0.119338927209666
-0.13698045967525
-0.116795134672404
-0.00555732752329669
-0.0308586159450245
-0.0652344388790398
0.0051456233126481
-0.0959580184786532
-0.0299221988168466
-0.0630673573063554
-0.137433569510798
0.0474777808385751
-0.0639745427723295
-0.120255062587672
-0.0338802481253144
-0.0284124766966709
0.0395985054914543
-0.144728973558239
0.0714481918386161
0.142984000162252
-0.0878531390811129
0.101288525823679
-0.074772789973821
0.00277413796300375
-0.0670909732447864
-0.00231304854524805
-0.0474268786332488
-0.145224871850925
0.00335899742581551
-0.0728201270457392
-0.0459737200807075
-0.0111084375438165
0.108872096371713
0.0760206388446804
0.0123384774407291
-0.0919178385692716
-0.0559422491450201
-0.104068369039704
0.0147051263065366
0.118786292999649
-0.0286539488958966
-0.00592216709632099
-0.123681434957655
0.22339925876716
-0.107808716336976
-0.180101613945962
0.0934698090876044
-0.0121380718114674
0.0540197684634271
0.0983027232211622
0.0265284839462763
-0.0202967758215574
0.0250170366209783
0.0463813885035385
0.0866472270119063
0.113844255917604
0.0836412881877857
0.0359662220792827
0.0689717915609258
0.0828265293872694
-0.122543692694616
0.177644582335244
0.0654026115410423
0.0281086402919412
0.142767569924916
0.113538898916825
0.0329749809644691
-0.00095810588915724
0.116725497737595
0.11687908173593
0.100029225000282
0.0802389749571713
0.173211326290325
0.0229832797403537
0.0555564974174895
0.0120913747640047
0.120113332928127
0.149409153904674
0.0940571579667002
0.238890658889825
0.143997146894186
0.011450218817914
0.0640103191757073
0.147467783285931
0.0917259132828347
0.0495189781386317
0.0286396194236203
0.049810926557188
0.119647643513259
-0.0150784073450602
0.0789841679023479
-0.0175743629413883
0.201412511308498
-0.0440529321600243
0.168070956894128
0.176382322305988
0.111094941365963
0.252682907302195
0.301033185007274
0.240137377600853
0.133052937165123
0.126604655075939
0.064468307436839
0.189731087334232
0.0702492206109585
0.041973143173076
0.204112653265104
0.0334888924123135
0.156680556308877
0.135576202925442
0.0595824048411867
0.112840465315567
0.158949126321946
0.0630131315702846
0.268742401403449
0.257693760152796
0.126644204274197
0.0989015900233632
0.111654823750899
0.103472256208589
0.22110528655462
0.163940585415457
0.171084778532447
0.261366281410099
0.068570048071083
0.346284782009898
0.219825698025196
0.143957893874598
0.175914298297276
0.110384275832342
0.199584274864009
0.280074075325254
0.0466585055197733
0.236664965233406
0.192449652880906
0.0240265955430705
0.1531961405861
0.120966882903085
0.227712710641291
0.159668804927992
0.280492933784243
0.251943234156358
0.128873031092811
0.408588297810655
0.279569592638995
0.0854194278986714
0.187871183193367
0.113463744530958
0.227533347541977
0.291787415824794
0.233585555440869
0.334239105409177
0.308900452088914
0.271698103229379
0.283411041764714
0.321073274842486
0.269150077918557
0.139659721114314
0.181706289336906
0.252163195002068
0.189015865869988
0.297487513838931
0.296151353921541
0.328400703233955
0.260418236749409
0.260197555702542
0.252755519401252
0.325488456795646
0.282094540050889
0.323574534581009
0.285774326794419
0.294588955156211
0.313881451806118
0.218844743464984
0.326784465219626
0.354376175716275
0.272023482501068
0.21410412143727
0.25210540960262
0.320412347902151
0.37521095093862
0.445538762388801
0.275446232082962
0.261043473621531
0.301285507345252
0.381122562291743
0.304271311464835
0.173845136823168
0.331880838772578
0.171607554166776
0.273196973309857
0.274857110664536
0.249415696904424
0.372734243180931
0.380950002905133
0.450318709664206
0.20828231051691
0.341159461761891
0.308165798766423
0.285939372067161
0.259129716674293
0.261488910606418
0.226678897081672
0.398107177452119
0.407287867997422
0.197584326181786
0.326633165037806
0.233301748426843
0.241535008759358
0.192521528619228
0.259509669983173
0.412857905599776
0.366006264868906
0.345836630853366
0.303147170446155
0.25149378475694
0.477132586328121
0.425463003441983
0.576593687068558
0.511427677805051
0.303523216853734
0.381704518447661
0.465062044024601
0.344504550882643
0.422436816787211
0.520898657646645
0.300233592260244
0.370072207576835
0.4447812559224
0.363248009606207
0.343768080523862
0.519205445054522
0.39287603555553
0.273321808965353
0.237971126108638
0.470171793525329
0.300350948297434
0.298394707213767
0.374927455345994
0.307948516981754
0.41582065236607
0.42824950915834
0.340101550312721
0.412270370827845
0.253649272942178
0.396916306581458
0.364619573014814
0.512389464667813
0.445565529205591
0.499828452278802
0.415723185064843
0.395880713196327
0.2798010463163
0.410908109530232
0.534442597092256
0.391345950222409
0.361703429374863
0.476021550228378
0.483073400664217
0.458291057946
0.360058332109946
0.469569283388876
0.509972805022191
0.485826729979446
0.288866602448165
0.431975522751633
0.426305786725871
0.567545286953038
0.551943938691166
0.388159082427105
0.420869620680779
0.461493217899848
0.409440997267688
0.492289163493007
0.388257696562262
0.454358003469506
0.463304659010655
0.59322451736878
0.52498210153534
0.600413494399896
0.421364946674551
0.549757159908214
0.522213706451159
0.54893733315021
0.467892285402546
0.63287853244071
0.568351194055414
0.494758218997567
0.359719380970475
0.33330708323753
0.487263294605474
0.400527863063942
0.571763687108188
0.44187996293517
0.591549229340452
0.520494926081158
0.480025087330268
0.703424586060912
0.629225933689735
0.647167586814979
0.468538994638316
0.529442887793116
0.416616604593466
0.555024018822044
0.523344366019684
0.503511058916926
0.621018144952054
0.578860436321772
0.554725487647989
0.495636222067801
0.654083163064487
0.618398265121201
0.541306080297932
0.482823835389316
0.639231971705691
0.588081176450114
0.634306739409533
0.360717884017442
0.495495278396868
0.711587912429067
0.535656517183354
0.662526982369923
0.587759012667337
0.641572639530842
0.615411352539857
0.707276777265818
0.591938787149489
0.639464510472538
0.698274317314254
0.513718916010148
0.529999580772805
0.571974743164512
0.50146486002949
0.525481846015065
0.532022231810403
0.638720308337123
0.654870206204665
0.505792560040649
0.615064235728358
0.496789179609815
0.672782572998128
0.657601545335702
0.533291683715883
0.58360281940257
0.46656540360623
0.548157218384757
0.650001535568235
0.633915281708575
0.583082437528219
0.651441302634954
0.539508649852924
0.680041291493285
0.789186268902709
0.445031284424886
0.503079804945362
0.523012692295628
0.64488954668512
0.629396383039543
0.579898516136194
0.591241775168938
0.622724601265499
0.646196763247938
0.656957359716456
0.748000927019723
0.609527995525556
0.735343535058994
0.487254314468107
0.612982946384388
0.715850458138459
0.707921969188737
0.628830371657674
0.551530883838237
0.748783773432517
0.822576458661501
0.601305498201116
0.836300894630687
0.77031131652649
0.631564389863906
0.668930992346198
0.848154248115872
0.767598278519432
0.597457447815586
0.647225357796231
0.66144029973613
0.641351658774099
0.649940670433292
0.571865156948145
0.714388753355945
0.516914712920804
0.790406313571086
0.827644021667445
0.668301353469319
0.603129688894701
0.657514089982198
0.712368218908856
0.668839855613763
0.650919102455106
0.632069736814516
0.66625701692458
0.612891328397578
0.787301103838933
0.698529679623552
0.675474859110417
0.709892569162692
0.600888917729399
0.553998138202593
0.731768189470387
0.835764124189029
0.796370340233041
0.75875952165779
0.617494807816867
0.788373852242211
0.516062089618967
0.867798382858824
0.763797016797274
0.792365039865192
0.63641659850546
0.643587499708149
0.605672481213429
0.854737422391758
0.669000348993795
0.861006248873972
0.765679714783727
0.716278052035215
0.795747682995913
0.67511976667894
0.741598844806599
0.778669605691338
0.733221475540505
0.694915444807824
0.788015029049569
0.749532976912104
0.740490350624786
0.795872604577775
0.801960561202606
0.806863587121637
0.909207190852148
0.826186137654705
0.863774108846079
0.832269526168709
0.828518556819801
0.810600448449858
0.74797951890285
0.641181878662897
0.918442486239463
0.875500699486077
0.879885308591084
1.0545667183287
0.911741927369953
0.844150677010009
0.794513677621461
0.823687184433372
0.922642105407028
0.753804734390932
0.777474599222704
0.867902062038711
0.96579335713199
0.839682005830932
0.806389307101174
0.744668727854801
0.845536312606804
0.905799087289237
0.870306878137717
0.888894212434853
0.738091810943118
0.737546893741248
0.867019008328544
0.852347726741934
0.963228408828976
0.812685320368814
0.940651234694482
0.860354250646776
0.918926168717337
0.790741202656842
0.992203745304967
0.855269771021682
1.0445183372318
0.759134456008845
0.809703305705633
1.02699153407577
0.842098258630524
0.987243704202628
0.898842366449111
0.83796248316437
0.775238405311294
0.966252905133152
1.07641143070284
0.776609530116261
0.947117192269499
0.871250095382971
0.827978760691979
0.981548819038719
0.997208511363235
0.918598769368911
0.885836682296527
0.897789296080317
0.999689852277587
0.862557580775857
0.849813693704353
0.936940525490433
0.945533527436135
0.81830812889549
0.930278276350292
1.00575586787193
0.940359329088426
1.02276200510378
0.868130802645348
0.831008961414321
0.835646042358956
1.00132007087381
0.989290209093549
0.829744065176335
0.957012542590064
0.938106087246493
0.903038287355676
0.912670846380579
0.918311347261005
0.919641363030026
1.06446713426764
1.08254949475114
0.89303782408292
0.995015326947103
1.02111346078188
0.918043902607307
1.11390445309896
1.01465208935468
1.06420765707359
0.991085301212112
1.05893966945836
1.04694573806817
0.917686339581091
0.939820256685831
1.04181200565797
1.03196761427153
0.937915026859374
1.05743886147527
0.956954821082405
0.917599865446434
