"x"
-0.940503952645714
-1.02033643453559
-1.13530732036941
-1.09409213591573
-1.0577903755259
-1.01462130739764
-0.918966773734057
-0.924420547027353
-1.04906744310053
-0.957322627302705
-0.958390585755919
-1.09854660123409
-0.946251306533495
-0.863172692947024
-0.806744050701752
-1.04378494736071
-1.07695555262883
-0.915441070182848
-1.00715085066467
-0.802702694541746
-0.835566064875424
-0.873312568113951
-0.964377999278769
-0.973551078815144
-0.836090459989062
-1.09826332717744
-0.970656816022118
-1.11190416824936
-0.944059547879758
-1.01237071447848
-0.915503589900099
-0.86824159314175
-0.957294232855997
-1.00959597583698
-0.893893883232491
-0.997945263193016
-0.890343963671554
-1.05720033125651
-0.856840488885171
-0.915488872561018
-0.956143487717085
-1.06007377787446
-0.96120252570963
-0.96178735561855
-0.879475188533047
-0.929566052485648
-0.893940279656171
-0.67664545602214
-0.870865601883998
-0.959048340967361
-1.00094730960444
-0.910441971697851
-0.81694187705155
-0.816539530054558
-0.910237649625882
-0.906811179990361
-0.834972282462903
-0.886227747412242
-0.886263066044802
-0.800083837957929
-0.869053778594704
-1.03742100539073
-0.893881447961947
-0.846890584694182
-0.894250871930397
-0.865860725519535
-0.796167114687414
-0.878069232406443
-0.858607568456243
-0.960075085999914
-0.704927671327587
-0.732697579299371
-1.03215048363834
-0.908414006049414
-0.799265636140015
-0.853782279252922
-0.957631767028964
-0.744527442150032
-0.893914724473037
-0.781936776030703
-0.82349001537477
-0.773954681126205
-0.978470835443498
-0.763695397523821
-1.03839555700225
-0.813787644982361
-0.991312857066449
-0.83102822960342
-0.736619627334012
-0.732990000326455
-0.775528907950848
-0.822761809020797
-0.815140188083957
-0.816747098603545
-0.796780479974301
-0.801361721299565
-0.750171950004743
-0.690698998390785
-0.907581727617451
-0.710154195157768
-0.764362106556704
-0.830380699064121
-0.599925011845432
-0.683517087997825
-0.769521258816025
-0.776527590403309
-0.72810802007136
-0.680224153337514
-0.826271274124851
-0.731698466283131
-0.599879828071851
-0.838279866452662
-0.840744331572081
-0.75999897629364
-0.860795360087882
-0.855390347022171
-0.75705270221766
-0.781848066731039
-0.610163272311879
-0.779191056978431
-0.648211102110624
-0.907294155434709
-0.800614230773018
-0.848061326141482
-0.868526266726896
-0.691196797512461
-0.871100786556777
-0.742505654532795
-0.814272607580468
-0.678462934284651
-0.696705988607109
-0.736017868342574
-0.660439540910248
-0.838321464242951
-0.727047421464178
-0.764367950335509
-0.66728394207351
-0.790564993517164
-0.652691011349605
-0.66137591848802
-0.63568027724998
-0.576340428896807
-0.891174702180664
-0.579561585229139
-0.647152656339786
-0.760533605857832
-0.771271397897385
-0.68733301902383
-0.648166763831869
-0.667528918269986
-0.593417171937868
-0.59323305164655
-0.648089500308243
-0.758814754001174
-0.728889430400179
-0.619155867203217
-0.68614508793743
-0.609667518356948
-0.69349078980146
-0.655755756977922
-0.767587488645484
-0.621047614624048
-0.676292093774507
-0.56273773949873
-0.567060399586245
-0.750199730487381
-0.72915340729931
-0.629204577724277
-0.738204943613291
-0.727535429466608
-0.575421433035335
-0.623885501756558
-0.524942492488896
-0.67535728768167
-0.706883669339119
-0.632542878543576
-0.730865559817745
-0.614805774154052
-0.800770965497953
-0.645327714488585
-0.750554678753323
-0.607423502755549
-0.638091812833435
-0.680537286324371
-0.671902377879726
-0.627434297950371
-0.644982038661893
-0.594378938784415
-0.620515150083152
-0.752766346875667
-0.627066400750633
-0.73120235336476
-0.51218214633476
-0.645757650971633
-0.676977037297847
-0.611801275316973
-0.67100560880803
-0.583204021354062
-0.620830425226448
-0.705246624903782
-0.69931583547245
-0.525633236946455
-0.562282058119383
-0.527188126584079
-0.646206382679492
-0.630878786026618
-0.387984540113935
-0.607480156306112
-0.478196400257422
-0.310967458484338
-0.507491838052641
-0.527075773772003
-0.659884475503233
-0.515546104081096
-0.621443612063111
-0.535579520750859
-0.361984016668756
-0.517547968757971
-0.704232996982096
-0.714277894642094
-0.617085742041568
-0.594095537205048
-0.419112344452734
-0.804960864425779
-0.699682844729383
-0.617143811594915
-0.447051288365469
-0.522336349981696
-0.395976080821076
-0.571065685628692
-0.643197050126268
-0.65704851340239
-0.603536152274676
-0.582391816027408
-0.544902234840055
-0.450698432130755
-0.711525298585439
-0.458732217682258
-0.525098049890158
-0.495860872578302
-0.532089419916357
-0.586212857390429
-0.49686793237061
-0.601511977542565
-0.578447454535136
-0.362613368345848
-0.534828379758317
-0.429347101512212
-0.420459170477366
-0.632809048719932
-0.381347030042174
-0.473815259610177
-0.423562025286478
-0.400531223400577
-0.632969401198669
-0.478035331267618
-0.505117148828734
-0.47103686996696
-0.460663037069884
-0.382438613643118
-0.594466535579912
-0.530495113429735
-0.248645976999337
-0.534286423539397
-0.626721929076382
-0.570727357404477
-0.422502060297921
-0.537444978558702
-0.561735856562577
-0.489310179746285
-0.477938067446127
-0.365416879293677
-0.417736125596255
-0.396163144190894
-0.429304808667737
-0.668237906065603
-0.452961237559028
-0.482046466257386
-0.441459636412113
-0.455913698865746
-0.437824774233923
-0.451071228837366
-0.514229744294433
-0.422681931804303
-0.470529595430548
-0.507872315106382
-0.373942671571701
-0.440594780642893
-0.369432201322389
-0.627708282257908
-0.492353604405017
-0.398403436689116
-0.592036560907451
-0.441574838123754
-0.362510133067889
-0.4615974656303
-0.442061393035562
-0.481873888998579
-0.321926649556649
-0.546257381273617
-0.469443067562801
-0.448561012679343
-0.304545450134105
-0.386330405133827
-0.243518670344236
-0.381102194551329
-0.544106441465727
-0.20437625593171
-0.326865719597926
-0.305768940944358
-0.342806119362131
-0.308368173580047
-0.389639500118479
-0.233305003093675
-0.418192405298411
-0.358650135107502
-0.345581908274048
-0.170500744190066
-0.464462579204683
-0.410577803673172
-0.313743811345122
-0.37348518594629
-0.326146285366763
-0.42874961355867
-0.424590669778741
-0.418560085004045
-0.190003385682003
-0.311875175526633
-0.370886845010154
-0.479712619117396
-0.17253466070188
-0.230813523178625
-0.276120422894187
-0.294297690592288
-0.288007508534244
-0.351729191363877
-0.281232189367062
-0.254948209962923
-0.333090422601128
-0.229134687737948
-0.290678836622355
-0.257135266818121
-0.358098717560028
-0.218265175608722
-0.349285589860113
-0.350024689033588
-0.295544516017439
-0.375511512590472
-0.262468882852291
-0.428098396811543
-0.204268887548246
-0.293692667554099
-0.296289258640088
-0.156585558373353
-0.410506593560024
-0.312131351396692
-0.280119886785435
-0.305863313228831
-0.240752854200178
-0.279086590876764
-0.26028215211197
-0.358539746512527
-0.287759695810138
-0.131706083506792
-0.190256459351047
-0.274082050486918
-0.308871668119871
-0.234805654532222
-0.179377967319041
-0.275497941020575
-0.219276511609435
-0.271865204867592
-0.138726183345791
-0.164123898226145
-0.267284706479528
-0.289552954970287
-0.176038752654682
-0.323218566560601
-0.173185258796116
-0.240042954567427
-0.230525119721129
-0.326933019482309
-0.154006948070888
-0.213401297078261
-0.191143549962729
-0.263026465540385
-0.283772206354188
-0.237684386174074
-0.268154880130502
-0.174831396981859
-0.287085033835917
-0.161248794964272
-0.217644987326162
-0.275476432772857
-0.282044418453751
-0.240532973407739
-0.0309544827550971
-0.305662899164504
-0.271026653704903
-0.0326293575442893
-0.158302586186126
-0.339379632523079
-0.0900929772366239
-0.182678946898104
-0.285941845218438
-0.267620887183081
0.00291383962369457
-0.302287103157446
-0.228853905573747
-0.0975366498711773
-0.181164769136835
-0.0926259541316709
-0.197228695232936
-0.181715546589715
-0.127955682172003
-0.124961366116773
0.111971477123008
-0.036263348365301
-0.0724600713761259
-0.173310479024963
-0.136003670793984
-0.14217827721934
-0.144071279334048
-0.142468663347102
-0.124853451226493
-0.190263326084598
-0.00958749991737548
-0.0397711192684269
-0.0422246921822092
-0.18387733268588
-0.244396287145564
-0.163797581534778
-0.0919974516558715
-0.065223722858288
-0.11974610847273
-0.104733263327111
0.0299868180910608
-0.0570061784201509
-0.116356436702726
-0.136455711301804
-0.117107218278643
-0.201594836746615
-0.247770891597294
-0.188372637445053
-0.157495682210199
-0.227599806811842
-0.151618414811612
-0.277177387713174
-0.212043171831046
-0.11125637808346
0.064326877057001
-0.0629124292842201
-0.0136636108071528
-0.127449839645408
-0.0457732934134719
-0.136855089535487
0.00965961931903524
-0.0976891960891219
-0.152608498805387
-0.170198681269958
-0.0776533875853674
-0.0118474281084996
-0.0918419016464112
-0.0634361085753537
-0.156041130395041
-0.212263843907498
-0.125550173088067
-0.00858669903888473
-0.0241959496418695
0.0168050270813062
-0.083914545546831
-0.117354891143066
-0.00552811958495481
-0.00492397131798421
-0.317021129555188
-0.128164208156592
-0.23387866202025
0.0240809635766562
-0.074043604359397
-0.0398618929935772
-0.0329597319570675
-0.0926627947829794
0.054312688910925
0.0173834103820381
-0.0546836829480956
0.00439225202956672
-0.153620834711353
-0.0344002893055752
-0.0823857210825327
-0.172561273404245
0.00625045327227762
0.120338437801622
-0.0234812593511985
-0.146271612369108
0.076625449251293
-0.148346352263355
-0.172957225703833
0.0211534383809553
0.00795849840315303
0.0404867826488623
-0.0404462660915596
-0.0216973265753984
0.0228282318090823
-0.0455127787667906
-0.0692820807905817
0.229417834942045
-0.153672640732442
-0.0443686196285882
-0.0401247129484523
0.0553117846586784
0.0371264855806538
-0.0657982212818233
0.032582731265959
-0.106950730741423
-0.0191562792565325
-0.032139114677702
0.0592423776326466
-0.0239096305165747
-0.0192480077171327
0.181653121872317
-0.105937225136528
-0.0123963582799444
0.0367999186609185
-0.0774098275817621
-0.00229055679767526
-0.0435149995772421
0.192865746984969
0.0973716542875326
0.0685604687319202
0.202143911532157
0.061979047881534
0.0177447993409198
0.152462710007651
0.15124035324087
0.111628227129254
0.194914365605977
0.0989174951957256
0.0598081947733476
0.196674993684543
0.113155107537272
-0.0639360986965559
0.126329066210267
0.0575423925750611
0.0393153634763807
-0.00306982859476885
0.0916867269907023
0.0920479403564866
0.134334809182412
0.0116617968253504
0.0933580902567745
-0.0119774317699017
0.204913492785565
0.0930919439101986
0.113286378321222
0.192551506336753
0.0437164832656544
0.128058179403785
0.147047048327401
0.122611357657133
0.218025450707085
-0.0242922116019072
0.0203660147907824
0.0566185430990666
0.0399923105767151
0.365475024671432
0.25354053594993
0.228460608352697
0.0246745433570404
0.155932862541546
0.0149464955687651
0.136684761009619
0.250077838617207
-0.0100273013502775
-0.0130176758846118
0.116227651272654
0.190411415681467
0.146617589205137
0.123641318098294
0.192771358091694
0.237159663760821
0.182179625317454
0.238519052431153
0.0692621269966197
0.185796551438212
0.0945724098639626
-0.0130828296656605
0.129623115215442
0.078116978981656
0.191026308381756
0.256037685782983
0.215199106499971
0.191859524269639
0.270299162651753
0.172789577366108
0.1713232683852
0.205250881155319
0.222687329285784
0.20809167022057
0.152468896967114
0.0991315938801851
0.190662267248563
0.250587295481943
0.236434744629861
0.356557643382253
0.239540125368718
0.0190557772379033
0.236989444295572
0.223574619205943
0.374241058209689
0.148613598656773
0.233067419191878
0.281306227807784
0.154306597462778
0.384481791443032
0.293119075464423
0.220987469716408
0.255353219572025
0.147475167505507
0.301968318909053
0.453797250159395
0.34923059032187
0.152433668641522
0.253607032338867
0.250346242596228
0.303688556831599
0.30521611877952
0.362575283489283
0.156241676779727
0.284124790804333
0.338630366494761
0.197963777631932
0.197634005168467
0.261788730283676
0.34709600642343
0.238877550791034
0.409962935405464
0.298793939958153
0.429695217620242
0.241782368393043
0.279155650945059
0.28745562668967
0.264170070518729
0.198471374664539
0.249185290829603
0.214584318752316
0.367025138110415
0.398581381352949
0.356970313181592
0.249294865849822
0.444461457653635
0.513608455517651
0.40888950730468
0.362439715194435
0.343807606069541
0.0780672941205444
0.342753995136122
0.399825641264883
0.180386319440794
0.419295336353636
0.321156534536621
0.35767989386056
0.368903603037209
0.316098989685413
0.427029415032772
0.284443428664106
0.349810688436015
0.278076190941947
0.294052870353878
0.386134622646527
0.321498196008097
0.37475018487917
0.370163757094758
0.270066571142132
0.440987278685954
0.326960574490276
0.273064843894287
0.336691840477961
0.349458718122531
0.401960526666888
0.467526370132735
0.320287072675138
0.372804390962324
0.35676710230069
0.492789825671693
0.437247254107482
0.396514952432259
0.367353232172976
0.418184491623383
0.350037866980814
0.3839370491278
0.484784332560795
0.268633878476059
0.481304946464749
0.364343790463282
0.381117983516336
0.357667339149766
0.356864331398714
0.482489408006116
0.442250972066305
0.487059006849158
0.338909908233615
0.299259608085404
0.379674767903687
0.606843980100791
0.376897210075222
0.551397490115392
0.359599657646303
0.289101327966
0.335831256543799
0.440914014287871
0.404141091617261
0.380860489822801
0.354063551581923
0.478332680832183
0.435544905305505
0.639735653009505
0.468661140915984
0.501404829906262
0.478593372447774
0.371072025540162
0.501374455577905
0.419890713280784
0.35326914881461
0.53344098919812
0.608849080316125
0.261057366683486
0.501517128269889
0.452259313566749
0.597483500847776
0.315093578520565
0.426862611015216
0.528312242038687
0.454026461869706
0.512397815645213
0.509669177924843
0.381637802483368
0.559884020313302
0.551135758096011
0.533226638103476
0.255050981816033
0.454820650645049
0.422067353474976
0.347301020918712
0.563682121014181
0.416431397576145
0.496929538181253
0.532816514402937
0.417700252925534
0.357072834690064
0.570411743327807
0.453526294386821
0.393808436297941
0.556297850294654
0.482230932579555
0.489895850761927
0.350396572491963
0.470570068981495
0.580957907742817
0.459602885797131
0.547296170337079
0.529053867138479
0.443110623622432
0.458232512481024
0.557723929071008
0.411526648688931
0.535408683161591
0.562544948547414
0.572571243405541
0.484185081162265
0.492610615897782
0.489549815766343
0.413560453256329
0.525275984134105
0.559756260500091
0.664576798666551
0.637171629149348
0.584493116310602
0.383049869944682
0.575642876120928
0.499342142215901
0.604610867388233
0.481219026702079
0.488905988393646
0.588654259036769
0.569728066589171
0.443875004722171
0.57731320883021
0.522438098870256
0.607902070595773
0.531442697039298
0.469400743942612
0.720304345640016
0.609132501479227
0.602940567952166
0.584424227212827
0.62173736807726
0.517382034764137
0.598268216315722
0.437951867067352
0.665599177166119
0.533577960108499
0.564303993196927
0.642980632149483
0.777849423924292
0.634792811217153
0.729688402666116
0.560980480790141
0.542760262753811
0.671666211309401
0.651422569981259
0.764195795670933
0.7306794720912
0.599028699839187
0.649249965119033
0.712929307734681
0.502066497492177
0.634169948577855
0.526810496083093
0.591550579579642
0.535651515524157
0.533464323395123
0.617320740785259
0.501865396651732
0.636824778304575
0.77399249381764
0.564381330213412
0.727624455608563
0.756560854349959
0.690126019342383
0.664423905375286
0.609960723627845
0.607355292396501
0.662176096348649
0.808871177632053
0.647687273090777
0.5727050480948
0.705554252493903
0.584853085725151
0.525291596125829
0.62245005980283
0.602728263128222
0.753022301788062
0.707607933565486
0.60329418714706
0.534669951158081
0.611418616930324
0.711968878282468
0.676235127657107
0.744887868990308
0.71343957345046
0.743364258260417
0.871946815622154
0.857979887801525
0.557489245237928
0.793368285511981
0.716146541842114
0.797464284574405
0.633215589642778
0.721760389687454
0.779909672056601
0.710050476265811
0.761880760597719
0.748661542177595
0.687268172421477
0.720368665220012
0.752621040043053
0.698812030221987
0.701670369479189
0.725424066911427
0.644555732476159
0.736131186790787
0.747983945781716
0.673352834415793
0.671501111718444
0.656246196595705
0.849736505893583
0.702073175897511
0.669594962741416
0.730529525596415
0.615053813962285
0.657154071869844
0.75062347540114
0.723893804168174
0.754552862442402
0.633956407630009
0.646793133023051
0.638010042540839
0.770360789675134
0.739120557113635
0.880839879200096
0.785472545867597
0.754556832256782
0.878311967108787
0.682319376299628
0.739019898480918
0.788964363051576
0.799725961040453
0.784924872505251
0.891631816548014
0.769000684645327
0.846990353934893
0.759604048035387
0.806360021487031
0.991284901622158
0.89808232428381
0.840145907285927
0.836362577079923
0.926644066628315
0.76768417477884
0.809538482305105
0.812067033684221
0.812526921255695
0.959454805579213
0.792214667485752
0.797378482344447
0.830864335017121
1.01175860020665
0.643563232032231
0.824672582837626
0.786005679960917
0.87881266013885
0.827471373898106
0.837592380574452
0.777688252433342
0.918386603550961
0.605706862538021
0.93403050921687
0.871522441434553
0.665513331346971
0.896368067853559
0.92814030743567
0.945609052480597
0.868114451518394
0.950667113404079
0.758914507747194
0.806954075401189
0.874076788037263
0.974067073011134
0.906081417258848
0.857170424679366
0.98710056883964
0.842047696750436
0.77167271646986
0.970460116042107
0.951885865639409
0.821976633336332
0.840869388555938
0.882968487441868
0.974124515663542
0.942828634376375
0.997128073098845
1.00061195440818
1.0165177027885
0.938648903566893
0.826118064345929
0.89881575513883
0.948636992302484
1.04810134421789
0.950180797542657
0.923271396742915
0.983823847446488
0.935775007628155
1.01142367670143
1.06326526631239
0.906115277708168
0.908383541308396
0.854379595304448
1.01401271222218
0.96193858972419
0.921155394100288
0.90964571385245
1.062350525276
0.976482909842134
0.954749880633956
0.907344932164438
0.919406562005978
0.869399220902986
0.911511206258478
1.04490424037974
1.02946014994304
0.850109542708904
1.0527349960926
0.988826338314083
0.829333062746246
0.928454786560347
0.916961159772452
1.11606973271966
0.964352511112187
1.07734427141458
1.03959348259918
0.919687155394628
0.785577594430234
0.983721780436599
1.10887636400549
1.10101654440971
1.07425035377737
0.929146898673726
1.07148928977484
1.02707739928925
1.0030420799469
