"x"
-0.937075175953436
-0.831837287042513
-1.07723267178865
-0.86384686531418
-0.884759097770344
-1.03736174997281
-1.11916803172501
-0.956323206647059
-0.943472728017569
-0.902703036065796
-0.994369067117571
-0.980423569540999
-0.945248090251888
-1.1724733615962
-1.02382806940363
-1.01818985453312
-0.982201684934178
-1.00934280753946
-1.03680625123624
-1.01138484531702
-0.979317112971914
-0.828205001420894
-0.97689543208828
-0.836887802526884
-1.01288869332484
-0.94359525686184
-1.05614169266431
-1.00684953937608
-0.959613564787424
-0.912359049946469
-0.942371280549437
-0.822361787598023
-0.857051170431918
-0.876617821134208
-0.810439080450907
-0.871812294053125
-0.716126749155808
-0.983129961267619
-0.8520028905538
-0.892177974369923
-0.897912790963326
-0.870643511573736
-0.881757737494225
-0.897131472031903
-0.832771627923342
-0.812595927171942
-0.906729968226936
-0.952890737134184
-0.990906336536048
-0.783386216623588
-0.889729922699346
-0.863129146751127
-0.723116051388196
-0.86101841909262
-0.826177371900989
-1.00077413422298
-0.879012790430425
-0.996436277444409
-0.838830354279903
-0.909089000639618
-0.791075297039471
-0.94744803573696
-0.826558846075949
-0.929074736836332
-0.953737688247614
-0.917657709245325
-0.826932687436124
-0.90022791419435
-0.900845446556976
-0.880203129005539
-0.773874627831134
-0.83000565141185
-0.949454077077823
-0.82031455523406
-0.731600856587693
-0.824468088732372
-0.805393781167584
-0.754626939634375
-0.718169758801828
-0.868119418756265
-0.829203695513915
-0.723425787608954
-0.906587833912582
-0.760610050644657
-0.822536437177615
-0.873055009642193
-0.863036510905565
-0.855792747276609
-0.820646291572598
-0.852283389213535
-0.70636525290882
-0.894119962974309
-0.901601535939233
-0.743929964186498
-0.878550517693852
-0.756790606972378
-0.739449236557234
-0.66900756933106
-0.741189385113296
-0.874496793432517
-0.827586688339974
-1.06233098433775
-0.732874606772136
-0.781037248011707
-0.546440832626108
-0.772061441474133
-0.858181673276611
-0.836722521283099
-0.75074725858764
-0.797174415111888
-0.724630944041218
-0.779791556205661
-0.780716187459675
-0.693273024909279
-0.788170241634247
-0.828579712755443
-0.753048241822712
-0.777059895676553
-0.651391178030289
-0.846926636969781
-0.613157669848691
-0.848777164965708
-0.87633296340067
-0.678819674799927
-0.880496998077333
-0.757331115373951
-0.807179042701048
-0.608860517789902
-0.865108369220866
-0.672382929481385
-0.714857251725567
-0.690606120170366
-0.692390014977743
-0.678904329652157
-0.696657918423102
-0.685016433791577
-0.722025777267568
-0.761283020691995
-0.68642073191706
-0.863268987173719
-0.775225094175609
-0.772133212965303
-0.69472034260675
-0.795614740434186
-0.706600584934537
-0.430553920076548
-0.662321409061609
-0.76410973748709
-0.802905059410188
-0.675839084747135
-0.745168523093939
-0.627974322416431
-0.777008011327501
-0.693439595208159
-0.741672850250507
-0.650316659657834
-0.766853226989071
-0.690084230514637
-0.801442945982467
-0.760987643168042
-0.757026073582868
-0.732117326104156
-0.589282117461213
-0.662683872311737
-0.541678205865272
-0.75876700984435
-0.601486155741224
-0.646709881642629
-0.640386589177799
-0.665142321740496
-0.641888496064467
-0.682988937357113
-0.676854283688933
-0.724619556507815
-0.727110088827397
-0.656887962967488
-0.683065104823404
-0.599058155836744
-0.733503261704985
-0.669816762750908
-0.788628599859538
-0.65346500720132
-0.691328551412563
-0.566209930742363
-0.69930708924542
-0.67128035838958
-0.595428296366777
-0.528493801267255
-0.646768046152821
-0.586244547746844
-0.578828473433748
-0.493278472530821
-0.622341439805511
-0.456768507109148
-0.712471223068786
-0.560538805888221
-0.627489018504548
-0.702585446267333
-0.538687008825956
-0.538345760358832
-0.55556612322395
-0.551633334845881
-0.678667618067799
-0.597345079844675
-0.605238246328295
-0.701988854816561
-0.534200722974546
-0.686649874621432
-0.687947330991436
-0.564961470729063
-0.55578852971291
-0.588111513956039
-0.45123672226932
-0.520079079954472
-0.568990247561447
-0.436245605130113
-0.604852922825546
-0.510584382527388
-0.609773934703963
-0.485140761094457
-0.679141628364349
-0.567214555397445
-0.667516889622111
-0.468887249748742
-0.530678362951855
-0.587107636031962
-0.599934805890085
-0.507676694484966
-0.610319328827223
-0.573654474253897
-0.576213398672502
-0.500931180831059
-0.384598887983749
-0.542874111648018
-0.527798622971278
-0.507059135571044
-0.410436124425933
-0.494797258350692
-0.510989792516682
-0.460132510676262
-0.476924135995587
-0.549942047542861
-0.488479472154719
-0.663327131546114
-0.53617995296042
-0.475446770315835
-0.570152469455651
-0.463963008876637
-0.565891713086475
-0.424987475315153
-0.550877770935123
-0.468150298307425
-0.404707710452324
-0.303043779050379
-0.569468651876248
-0.4040361078657
-0.510136726670886
-0.54732301519508
-0.478720533198521
-0.428475909521972
-0.516942386784614
-0.483693579428629
-0.339760350495265
-0.646614094218299
-0.559507281039858
-0.48712518222586
-0.531341021891468
-0.397236189589516
-0.506245433606966
-0.366363778338475
-0.374298427852523
-0.552591736590455
-0.548891600144493
-0.363723184396545
-0.398849373536043
-0.516651314174072
-0.456618933476844
-0.42186743779447
-0.322324274552515
-0.486963754166704
-0.405873634936958
-0.285803292753597
-0.412645505068114
-0.395440118883042
-0.432309033462441
-0.444398623893186
-0.472244667033422
-0.475796949307971
-0.498926887695902
-0.402921516961905
-0.53970955808212
-0.420890913697914
-0.291756845068251
-0.52255254614286
-0.423810360393
-0.429037158870106
-0.511957932384227
-0.308603653524476
-0.469779634320717
-0.392922818725484
-0.421370549428438
-0.489058665953073
-0.493523202544347
-0.338261425697359
-0.424846415272794
-0.430404652570384
-0.46502086670954
-0.429846376212856
-0.36972898987065
-0.515146215058124
-0.41983676380396
-0.365826947436822
-0.488238798950501
-0.376916938654474
-0.605418544521583
-0.343542311038438
-0.255941281787495
-0.333874055338418
-0.346404207089038
-0.460363978192172
-0.336863710755507
-0.341917938996723
-0.43156929837184
-0.255147464775433
-0.424775430235751
-0.379183018129396
-0.453987106868958
-0.348442986253316
-0.179663546345063
-0.279714695337306
-0.346319489654799
-0.361828463231717
-0.337933213966699
-0.409680060427935
-0.23112781635454
-0.376115783341239
-0.310554718929144
-0.276952747271901
-0.354185522148702
-0.33219041450087
-0.282143158384428
-0.380935595729318
-0.237094421277619
-0.180736347849
-0.258163730195485
-0.37817910564517
-0.180417336706624
-0.244725304261896
-0.42517592729897
-0.334465636404176
-0.275049184104283
-0.322684890181294
-0.374507483168858
-0.333069045275373
-0.174329205732942
-0.209256607656627
-0.159112881736019
-0.159846379993097
-0.218261034719313
-0.466720308274384
-0.341742158601095
-0.201112370011012
-0.305814440513207
-0.29546146203952
-0.310886012535447
-0.265100884082791
-0.278064359808148
-0.100035241679228
-0.178245963363298
-0.205024532533705
-0.410042352758967
-0.237414375187283
-0.11909779397216
-0.249411772963989
-0.382581461000828
-0.252343818499648
-0.435890398515083
-0.195893624123996
-0.253063318716205
-0.0748256516161294
-0.125888054989895
-0.164866077623703
-0.227197755583072
-0.237732549412868
-0.233662978216139
-0.346226676316917
-0.216753054317819
-0.140172418857992
-0.106894708825794
-0.268750340549242
-0.168262198499817
-0.205729790490839
0.00456220278946991
-0.311382313721991
-0.136440575749087
-0.257561877531592
-0.0912589371496424
-0.110329190912913
-0.182601544423399
-0.0568550971878465
-0.213333638017245
-0.285446510712362
-0.272860299507045
-0.11270745137738
-0.160224115863027
-0.116995981135003
-0.117645401984627
-0.100920770599411
-0.324625789663383
-0.233667974883264
-0.239156920945316
-0.240509644497932
-0.0412670490707098
-0.108407303603993
-0.247011683141915
-0.0848877824845985
-0.12467006820537
-0.0981952811045289
-0.20619964472229
-0.17520482666521
-0.217621616264864
-0.307621582581255
-0.230630729014028
-0.184423198107236
-0.304481452724043
-0.122519165984568
-0.11796089998277
-0.124765280841143
-0.056613564593473
-0.13922660110934
-0.18993293997536
-0.0897432278472114
-0.156739355992366
-0.0555782157889158
-0.178562060231188
-0.108927572129947
-0.0376089166803362
-0.186825005364974
-0.145146791363328
-0.0472121348688644
-0.144190398614495
-0.124501958017664
-0.13388645612595
-0.0347997707801855
-0.0426321971985506
-0.0752324940212
-0.217237400670275
-0.0373851073917637
-0.064702823483565
0.00421582579363951
-0.129034500218677
-0.0305453038569454
-0.0994957373800594
-0.0911996509078458
-0.127717443332967
-0.114158411528204
-0.183017468397734
0.0729072223214777
-0.0140549320054913
-0.0325637881254973
-0.135777336035909
-0.0129510009424785
0.0886976370543747
-0.00804850854587049
-0.0718909725663956
0.00522122242887653
0.0497885060105874
-0.116457243083473
-0.154682017651576
-0.042772701125466
-0.213267462897274
-0.0251744485110551
-0.113712326241525
-0.0278348816041399
-0.0156396325336273
-0.0515617431810694
-0.0314909042023226
0.115727764548109
0.0486632061183785
-0.0896050421633097
-0.0407971281611113
-0.00861439474343946
-0.116087760764057
0.0102835778602073
-0.102574231853086
-0.0883967577121691
-0.0272584527635879
-0.11837805452066
-0.0773609339962885
-0.184878384494208
0.0153814611397689
-0.0745962934847025
-0.0482197744637698
0.010757721152069
0.0867083217341657
-0.0655147179638964
0.00678423250731692
0.00823453548696416
-0.0298929566324943
0.0430334153288812
-0.107260569385603
-0.0697706052631009
0.0213751231390356
-0.0132886911666501
0.0265600928294448
0.0199527152546443
-0.0537375830363056
0.0354999956870235
0.235985919131755
0.0490533237246588
0.00715890643696528
0.0520347046785391
0.0404663504545466
0.0426435767847466
-0.075425106488377
0.0918152611077563
-0.0456617627505376
0.041557334043936
-0.0545411049773257
-0.0746045229089515
-0.0256870866479912
0.108406149921797
0.272223337723875
0.0191657862199032
0.101143847924186
0.0400861410616938
0.0404533880292234
0.183112514835093
0.0990193657108032
0.0442709751443125
0.0047603758739526
0.174377587344185
0.0106665584720331
0.18845532119618
0.0661676779014631
0.19279072345755
0.220032266827202
0.0601677052019845
0.0737104334110455
0.0869692702136913
0.0709411694920894
0.0346725588663008
0.171341702324427
0.174730319513405
0.157394186541648
0.0689785804934871
0.124766594457026
0.0159932765355894
-0.0511228524846366
0.106752637479222
0.15561339267729
0.0861566201566659
0.116292199953666
0.200633028129265
0.161242232298688
0.0868500597333874
0.11896672334979
0.0882204288918553
-0.0124091531276793
0.168427983237303
0.14006277534394
0.183825970465391
0.018246418525982
0.159342169282811
0.327738065564837
0.0702614941914197
0.12258728798086
-0.00673161574434496
0.103087818458264
0.138268763136342
0.139370649723608
0.159418472908415
0.261666259361137
0.0772846120015972
0.150356835461832
0.186001422190873
0.216954364937804
0.150320669610997
0.101687260940611
0.269196873578349
0.047659317415438
0.235576723792764
0.204378196059568
0.116828083552999
0.152663093690695
0.299738491577468
0.251064862491507
0.217101766887312
0.121028219849579
0.1529976020087
0.0719843217081869
0.149853138529131
0.126248077243462
0.197468216770622
0.238972841777643
0.218685555329324
0.147153622357612
0.241908771806727
0.243023162042769
0.245075476015495
0.25551872825977
0.20129152793442
0.173725090013072
0.131562960913616
0.227693987457442
0.193812128420692
0.2271599229036
0.295572983262986
0.190244111634989
0.133896131170311
0.209615853629762
0.174696073723583
0.208652547788532
0.2180744065821
0.265107878066547
0.172931120512674
0.209089589605462
0.143536743467217
0.153161395351698
0.262994067414588
0.218369578634151
0.237043409737892
0.266174395631319
0.395987896844957
0.488278881816332
0.246569558782757
0.202843949357536
0.223446550958317
0.243173641192789
0.214467020569649
0.21341079183602
0.163255960576285
0.327778177384253
0.134519202065822
0.366453991994065
0.419662175297017
0.186658286308283
0.254724123508393
0.149614856832032
0.411977122176515
0.25158002578867
0.195151528120222
0.309002875017561
0.311940199931083
0.131523605579718
0.288223273183756
0.332927036513782
0.413027073256936
0.180485039472518
0.326761763580252
0.426916287302568
0.263700075219628
0.250936448990503
0.337322366239432
0.164208515683812
0.441568727032706
0.382260753334952
0.340235611471555
0.490012405669663
0.417098909625277
0.302689451296968
0.297001890649557
0.347841992887395
0.218739982651479
0.374335127288222
0.226378185412134
0.241614193363739
0.368156489131257
0.301965634530941
0.24754419033847
0.401181024360215
0.560996498465201
0.470574912202138
0.281883612961562
0.211684308251832
0.489552933109363
0.388018128701723
0.354358353800054
0.308196982411044
0.393193915222043
0.391194906838204
0.410956193558001
0.352856217554765
0.259605401373036
0.382330922245909
0.373993028313763
0.333284138048876
0.318215164782688
0.423095742526683
0.374124023182746
0.405402064106758
0.33761774295347
0.448386839357421
0.292753737521368
0.344012014499835
0.260096976694198
0.211239136188588
0.46512424674651
0.42866697162298
0.410759580146384
0.325097708317093
0.401803441160445
0.459891584070247
0.505561560137044
0.416699806432657
0.356114172394812
0.434245344275673
0.433807548280396
0.488971265504747
0.436196673135536
0.351993410230618
0.606890672916535
0.411655413990014
0.579967622135816
0.531901501547938
0.504859908070595
0.522708748440757
0.419037662092174
0.447699912269129
0.558527133890338
0.505957920132044
0.418408523876108
0.52273183321739
0.48724224425602
0.461996041191249
0.438946974878669
0.372016139948333
0.303963981163872
0.306365667462368
0.405785831343951
0.414859252968595
0.447895152900403
0.418955266916871
0.507992740863859
0.441880758613409
0.477209160795327
0.468250445176856
0.480366855516794
0.513417757733864
0.526397624919632
0.359597795790325
0.594170776421367
0.524179642570916
0.386808674303135
0.402702708898687
0.38938631983374
0.503791247255942
0.349282081789986
0.593202996559095
0.538018380676158
0.453345281205885
0.510795575835113
0.61486719818861
0.573318247909546
0.569281038229147
0.565404963655345
0.404414579619562
0.41009719742232
0.545152749370892
0.571238563513113
0.411636612844534
0.372330700911283
0.632085718541541
0.556154167597725
0.537663786313415
0.572103820774956
0.581321480997194
0.516998740016139
0.522718932954017
0.595364130300651
0.465406805058036
0.575359752912613
0.561389145101141
0.440653267707523
0.662137711176804
0.581134050295621
0.634701515961436
0.470220476715972
0.49213376261247
0.473259296941895
0.672699723929627
0.525854799992484
0.589905666882715
0.621296969919171
0.535783337342744
0.655221125781481
0.634407551689703
0.616155333715013
0.694623998810989
0.601459143874414
0.702656740472515
0.522744762367076
0.571846832846284
0.350361348671326
0.545155839922286
0.504175421220724
0.5149892853794
0.647402554598355
0.576134598728829
0.657457666734485
0.503267863303055
0.481655718995782
0.606947950320709
0.76650423329837
0.676210208188158
0.641781305191561
0.465136901370568
0.593976955396206
0.621243018326464
0.596340773739102
0.721034785502221
0.630147705414356
0.471425329850506
0.626507943143495
0.670344543280302
0.560949655764434
0.701949637012699
0.765717273578178
0.457342278706055
0.768747801366543
0.528959176841887
0.756902072237375
0.460216228895264
0.576139457713525
0.702889452221164
0.641543292916552
0.51087426498639
0.662429855679821
0.562915091771708
0.708044504883862
0.692342200941909
0.68153514265913
0.562770962362775
0.797612597049535
0.750232328982136
0.510985646310848
0.662510159414257
0.800962550619897
0.791231131514714
0.612300169263149
0.826175661773106
0.550467553574646
0.664890544329341
0.723307345469928
0.615975140970762
0.659006288570637
0.74384978338829
0.692435259105873
0.766008837777422
0.667851906939776
0.641537569561471
0.73779269870909
0.610749854372226
0.742838083417814
0.620157619465895
0.783016190638513
0.685477267752076
0.739264296976353
0.540606364918342
0.851171251355268
0.74781447286928
0.744634025682581
0.714606723084153
0.733144606788093
0.655387369534631
0.680029649457295
0.821056513645397
0.788533407025581
0.732707432856596
0.660968734319574
0.554216117354007
0.588015461636167
0.807568729479767
0.783986622903147
0.707373182189027
0.805670178760931
0.732731944163837
0.674989150331264
0.840897769494206
0.895050853488808
0.70456902564261
0.760869560012788
0.753633535997841
0.713947027665426
0.778815602806724
0.806648769757448
0.830964056325018
0.859958703559514
0.803172268304385
0.75775051787275
0.610603475744121
0.821425777135793
0.540386889882134
0.868076520273211
0.837079104792624
0.861428236392665
0.781403975183862
0.703095198007914
0.78371715603504
0.75986853986853
0.739928317442161
0.776707870988061
0.855283092252966
0.766748956756608
0.751419162039871
0.649231206348013
0.969633374752796
0.729499581836353
0.818729925685297
0.722098679918583
0.795686965820823
0.836458796151288
0.968065785050518
0.85958652647233
0.743493582338042
0.881220083861365
0.735725055347136
0.739494201323031
0.82087978561481
0.841144014437198
0.777644408368225
0.864891675378861
0.78928780399642
0.936389973599015
0.756574630298814
0.943230100585395
0.895328127877097
0.730337285654268
0.989223197619381
0.801503070466269
0.876690738548704
0.768210848658746
0.822294551399753
0.911710241977353
0.850689477832479
0.826060655140889
0.886823334279885
0.843802021250885
0.915067361924759
0.926125356365233
0.91845396055046
0.919710692609518
0.840070379488254
0.860543983642037
0.841903375769977
0.900539882331476
0.830579239353953
0.746361882778186
0.895625990800833
0.928379920052184
0.960510290526665
0.736122482040717
0.875590757530809
0.925256082053495
0.828881517348507
0.733007248079862
0.754605959818743
0.794091828159471
0.843483610603801
0.812371004138343
0.882196772656205
0.908102318788802
0.975560474211545
1.00450574561891
0.985933115072678
0.798840299806732
1.01822289778766
1.01788397419049
0.962347975384875
0.915336891236529
1.06374897829121
0.947585773701219
0.870498849389255
0.97328075535904
0.90598407408131
1.10328770626127
1.02161946228614
1.00231755875286
0.815930512644501
0.923062056675917
0.984019111698085
1.04855244812647
0.983130710774756
0.98471322615849
0.919367362411458
0.944087354827105
1.04862162055537
1.04778378295382
0.984911823050186
1.00419671242209
1.04201638604869
1.12759539353698
1.0484376135947
1.02633206255782
0.952677226242343
1.03185894461475
1.04016166825434
0.99740645931377
0.901973727555444
1.00861007315172
