"x"
-0.95628350601358
-1.025099320267
-1.14323388135415
-1.0898099652928
-1.04825869418924
-1.00892804383056
-0.928560612028347
-0.888012329729324
-1.05954056460766
-0.959276646577414
-0.939527465836777
-1.10893548988019
-0.92592703783446
-0.843223923142644
-0.795257994527101
-1.03834933367605
-1.07440632159773
-0.898485209863443
-1.00844824044314
-0.815392814178677
-0.835135909585372
-0.891786346147435
-0.969090373733286
-0.971083126703689
-0.844462211993089
-1.10215554149668
-0.975553988299539
-1.15226235889529
-0.957199854618293
-1.04837116964059
-0.924436084838176
-0.894519181709457
-0.955548554066415
-0.994516283868982
-0.878526250951333
-1.02057569180209
-0.88645629653292
-1.07953390937184
-0.847566330591887
-0.926562672351172
-0.960547433156313
-1.04808802892884
-0.964017023119204
-0.971726959725052
-0.89142308577709
-0.919967743101234
-0.900472230163641
-0.682698615436951
-0.893869319319335
-0.962984937548683
-0.99075439597685
-0.897186411099292
-0.810563476680035
-0.812245251132301
-0.913281704550289
-0.915043076335282
-0.827210503691365
-0.885488858043196
-0.884869981543572
-0.781198466033884
-0.877830095796964
-1.01940976681469
-0.904396814826248
-0.822272608873501
-0.893947994678011
-0.870365760274796
-0.798223055278074
-0.874162670320978
-0.854277657538172
-0.96927891733282
-0.707727031627096
-0.734686553855476
-1.02019988825278
-0.89721563315533
-0.786028860979053
-0.85197619077788
-0.945349334961169
-0.759093011467274
-0.896102022294253
-0.792096980984609
-0.817438459779124
-0.78128668197627
-0.968749384854467
-0.768633182895281
-1.01245409873933
-0.819697616479687
-1.01233663059169
-0.842061950935235
-0.754111298838308
-0.733809530870878
-0.785892829868643
-0.821290002773417
-0.831369331221688
-0.803488855632177
-0.781326788404981
-0.78940650611612
-0.762360197906513
-0.689390671023299
-0.901356106492527
-0.729225423713839
-0.759926870277127
-0.819933744051865
-0.60783994744024
-0.673837047642537
-0.749762889071562
-0.796635467079073
-0.743483978912877
-0.683100772465491
-0.825917727769591
-0.753543940591863
-0.59056037054328
-0.842197850699648
-0.842293913314231
-0.773039624028069
-0.85520030520702
-0.856356814011005
-0.739634644366223
-0.77037314664669
-0.610818985839478
-0.784037506007746
-0.637367400291404
-0.888280497122132
-0.814313443284793
-0.834389356454104
-0.851959438550601
-0.700224982845297
-0.886512055667119
-0.7437381709617
-0.812408483767158
-0.672347333518513
-0.702366510661346
-0.730321216493815
-0.654163180685431
-0.851438119675137
-0.728626253452246
-0.76135298849186
-0.680509560791286
-0.79445189858964
-0.642342955495739
-0.648450182122026
-0.630886241137727
-0.576435381698291
-0.866826421460537
-0.571872042849634
-0.663925662090356
-0.76248954106513
-0.758079246379383
-0.701880564148247
-0.673912815849115
-0.631187918702692
-0.573286963159295
-0.579252119633484
-0.658572798427275
-0.756676925371823
-0.739464705487564
-0.641391271021913
-0.697577852795992
-0.593580640137025
-0.676924920921247
-0.668266044982995
-0.773668833814112
-0.614668842353442
-0.676442273250258
-0.576866421550317
-0.585896169495545
-0.750774359137037
-0.743154477595054
-0.638108322431039
-0.747367656162458
-0.747871824234121
-0.580933412048374
-0.623373335342286
-0.524062903406135
-0.688096127432712
-0.699497918302488
-0.641294040479103
-0.714589046176378
-0.621298736357729
-0.808505268061899
-0.648422889170284
-0.739678792808865
-0.621095265686784
-0.6471132123277
-0.674406709878356
-0.665324568464745
-0.59917615404392
-0.637855921070434
-0.587770699015241
-0.615496379304578
-0.75391421213077
-0.629495255678996
-0.758173684251058
-0.504702349563073
-0.63347702272349
-0.66186067425943
-0.606483300900572
-0.659274936083334
-0.57198382142436
-0.617006881708548
-0.673282901254891
-0.714745897788876
-0.513999566386244
-0.542531517989402
-0.523192437468501
-0.681274140714143
-0.655753355006271
-0.39186764918151
-0.586239636838415
-0.480728610069138
-0.322384284801177
-0.523814004311641
-0.526105825661521
-0.675590043573826
-0.515473382871283
-0.628054837270596
-0.538916554180991
-0.341420823005465
-0.510360819222572
-0.711384804459135
-0.726911253722472
-0.626934649283357
-0.593654625358299
-0.409479606288392
-0.804331101096074
-0.706828940258423
-0.620026667050508
-0.425935227128689
-0.50425480376567
-0.379551188386971
-0.561243754419102
-0.655807310379196
-0.662675610783283
-0.588816122608254
-0.592719703157228
-0.532222178388242
-0.447443128773196
-0.702136681386379
-0.44864588474406
-0.525491370449326
-0.478821285806797
-0.505319226227588
-0.589884461566999
-0.498336154787841
-0.578984573342793
-0.590820675878391
-0.372274501647809
-0.527890019138941
-0.424807974251652
-0.442537850055278
-0.642190960152614
-0.400520788346767
-0.479592500227012
-0.414985911156175
-0.392241612037508
-0.624194218969569
-0.473630234410287
-0.492268001529689
-0.484936081841613
-0.4727018043138
-0.394407555461827
-0.581635689495925
-0.532718080098618
-0.257840967338009
-0.532643199288528
-0.617029556581888
-0.57761824609615
-0.435407227575957
-0.535016417063639
-0.554226759977479
-0.479065643109253
-0.475618614049039
-0.338838273597107
-0.410518873631474
-0.401994500323049
-0.43243245594836
-0.667973212566849
-0.443920140057324
-0.484020197421685
-0.427611909389157
-0.446707194204216
-0.423815371811647
-0.439075856583802
-0.494707895124783
-0.417959741394203
-0.462051235277598
-0.503568364703889
-0.397349251466956
-0.419893665602803
-0.362525596162382
-0.600628678024232
-0.465852948801575
-0.401282696610993
-0.613288377805028
-0.451895227334048
-0.377252764675914
-0.446649459837889
-0.437551214855677
-0.456056579845139
-0.322379108709136
-0.516962065728624
-0.458998899543635
-0.448937189797551
-0.335861326006904
-0.417085939183037
-0.26590081950402
-0.376027290181249
-0.567149230597942
-0.18883737955221
-0.33113721814442
-0.296865920975057
-0.342254000131309
-0.313310497128049
-0.391677612844637
-0.215823747355494
-0.405508167998941
-0.371088556382073
-0.324333452631366
-0.173478023592542
-0.457081743642277
-0.422503305071211
-0.303498145422173
-0.352468956957505
-0.319551001160435
-0.449146660359605
-0.42468345418693
-0.412383991058781
-0.207942645440477
-0.286846078852814
-0.386683509601276
-0.470999919521992
-0.182401880610115
-0.235506167736408
-0.284040000610864
-0.298195438662994
-0.287107578979376
-0.35600158921498
-0.289467466582945
-0.265417741974143
-0.333235185576018
-0.230155975591034
-0.308638573772392
-0.267412026758647
-0.364654987593092
-0.225728341010589
-0.353856320598402
-0.378112559071951
-0.26813294765738
-0.375194239654981
-0.260707685393281
-0.422428393367153
-0.187906738511978
-0.288584979435823
-0.324923263063569
-0.16561459115351
-0.428852974515799
-0.286851093299251
-0.252069066426344
-0.33289167157258
-0.231963296831523
-0.270330191479612
-0.25647978877669
-0.363574797712743
-0.273100267759197
-0.140600179306857
-0.175008969600147
-0.277240847407923
-0.318056664123665
-0.222529055379287
-0.198716106322029
-0.270066245678318
-0.224630217678713
-0.271965506586307
-0.148293479363516
-0.136116089875658
-0.288636707754602
-0.29328547938848
-0.176830319211331
-0.336781811426234
-0.174107808549898
-0.235061326995706
-0.243948857560164
-0.321122347836435
-0.153413124069724
-0.191529418659936
-0.190538622238925
-0.251017640773538
-0.27908039698736
-0.23932223626398
-0.27099210511733
-0.183831496903641
-0.279972131065149
-0.149352165727892
-0.230487090610839
-0.269951154749379
-0.280766859924344
-0.235536091127552
-0.0698967450898584
-0.312963534673397
-0.247362085994028
-0.0277862024988162
-0.13622234793297
-0.329100495740955
-0.0691281332693174
-0.168176438284855
-0.275972445316347
-0.28344030407589
0.0209638497196619
-0.303806384378394
-0.228969354923444
-0.0812988588854921
-0.19390518871468
-0.0930360341943876
-0.18813769843227
-0.179553000779996
-0.124244662774097
-0.119425157144502
0.131059385843446
-0.0478713778260624
-0.0851523054425107
-0.195999156839409
-0.131261405249541
-0.161341384227297
-0.167710247391462
-0.13290056718354
-0.133648608954215
-0.202782830659629
0.00571429557643428
-0.0415900627878314
-0.0629178367295872
-0.199305951873681
-0.21738081576128
-0.172877444771193
-0.0980075296307524
-0.058341326026197
-0.115507197839256
-0.116436782468197
0.0352482967094019
-0.0554385563237785
-0.110169285867611
-0.107992710662437
-0.111406129778685
-0.209810222865021
-0.256548654658302
-0.211347803664002
-0.177044992711345
-0.203586893555072
-0.153958949781721
-0.285085745152615
-0.196626529232122
-0.126308072913961
0.0715287427989974
-0.0617415719112474
-0.0282191130446742
-0.138686141519843
-0.0288927126347248
-0.114259519917566
0.0162308021324231
-0.127778063867219
-0.158207581026796
-0.165622978744871
-0.0913652710536091
-0.0382601281777341
-0.0725299175576319
-0.0579426795857146
-0.148322626339705
-0.191619084498096
-0.130990117538947
-0.0108266863070676
-0.0337575737287936
0.033749305784078
-0.0970839685113067
-0.130021630829006
-0.0186126120459061
-0.00768764405112726
-0.326229624634219
-0.125244518734975
-0.261756490949482
0.0436750257954293
-0.0597195563677132
-0.0397805356190362
-0.0233998989557128
-0.098087708408441
0.0407671422351876
0.0282716960791548
-0.0486721971832715
-0.00243612873868939
-0.181499422978707
-0.0450968120321061
-0.0882183249990262
-0.1477696156282
-0.000671978430341715
0.11614926158225
-0.0156521703122649
-0.142150018278553
0.0713294731798215
-0.109317618945262
-0.159671517905139
0.0164798688366461
0.0192925364334291
0.0220741699042585
-0.0260855345857094
-0.0314823012914234
0.0412141156607016
-0.0152140388621483
-0.0653227232197896
0.22546814265248
-0.175202348268618
-0.0340955930759816
-0.0654960893012612
0.0444160180249566
0.0354591445648551
-0.064802379082549
0.0203770380118673
-0.140851087679645
-0.0225663997086139
-0.0156453052227697
0.0452431046045612
-0.0210817818568847
-0.00995688797283761
0.151621131947764
-0.0920653471948344
-0.0187285360063214
0.0356906668659511
-0.0650925240858712
-0.0170821243865823
-0.0477736346976603
0.190151408724054
0.0880101483478765
0.0854218837628262
0.194479690898114
0.0416794626471282
0.0140934795452347
0.138597244153689
0.144872223459884
0.107684276974604
0.169535413304727
0.108094110401502
0.0488279514020339
0.191300671405572
0.136819745931368
-0.060507517711048
0.126160153238026
0.0752356993643047
0.0422770042737973
0.0019090383023757
0.105741993429857
0.094619401971158
0.131354852459298
-0.00502904714300782
0.0721506305717793
-0.00731016904351977
0.193597113455403
0.112682376840444
0.117013633714988
0.17356564157712
0.0224713061343861
0.129676905716042
0.154179610572155
0.104518075489721
0.188953619090341
-0.017798655404742
0.026466293908492
0.0542187542381867
0.0569170509850652
0.354887777489337
0.233761702806229
0.231821352591522
0.0180981841459926
0.175002489260275
0.00883856579014335
0.139514760969168
0.254877907093192
-0.00911908403645888
0.00207135754970992
0.123171134618062
0.192654022546096
0.160529957236033
0.140470052330591
0.207252499541083
0.25694644215569
0.164571459064344
0.224106667005053
0.0837056962981863
0.186271559107715
0.0734098386363423
-0.00603955707425185
0.134320943956892
0.0848543943558462
0.193130628209056
0.259302720569075
0.214521908669227
0.190824233544655
0.281731664089576
0.182602005520613
0.15876497501099
0.213339757257008
0.232883733780905
0.211936717719803
0.141427363201622
0.113748150225674
0.205104454359048
0.220557539517309
0.21550334700773
0.355775288568677
0.234078693254489
0.0135545025519083
0.223192097071001
0.206412352609427
0.382319318568893
0.165550906118892
0.238002267767029
0.2506780710747
0.161886536216424
0.401603756663516
0.289785375911485
0.232219830980714
0.241640823272849
0.157285664711934
0.307934376936981
0.43679219182893
0.357773077398444
0.148998941060815
0.271768754249712
0.221342867822096
0.323026353548512
0.284773962972828
0.395712043759402
0.177779835567149
0.324992243624403
0.335209679239345
0.198588533150448
0.201525370207738
0.263701715090728
0.350041228677809
0.234681385588127
0.408557457758551
0.291387098519018
0.45765778212886
0.263279122707975
0.281142850760769
0.287299196812496
0.285601043400913
0.225257579155172
0.226957412167445
0.215662235550967
0.349184677024826
0.408946527401385
0.354755999781346
0.241068909707907
0.447147630042107
0.52031251652605
0.392929936816318
0.374773568111752
0.351636642742161
0.0622532709996772
0.366091461685362
0.382635653699133
0.176076460213931
0.427372092644237
0.331897492685144
0.336229887047227
0.380608167399476
0.32694504489015
0.419307096814386
0.282991514970371
0.344673405679934
0.299266205149745
0.29092600709264
0.388857106785454
0.312131380698976
0.382570419793525
0.360440977709995
0.265974066722496
0.430564677146825
0.338574280332348
0.285907007969399
0.329577864136985
0.349227132847942
0.393456740912788
0.466601634151114
0.320113915504435
0.383364641264727
0.386774151305395
0.501280095331401
0.442925737412752
0.394753702481047
0.374317236945371
0.441331734028502
0.341101061929667
0.385493935471215
0.497704465152944
0.285681578655862
0.469984815606315
0.39365452323904
0.380841970591526
0.376768256708375
0.375952002046573
0.471247120070463
0.446198903788056
0.503443342159664
0.337884723076554
0.272604525578899
0.365373533930848
0.600019400199558
0.382660393676316
0.547838359915919
0.360315518595276
0.287112592661353
0.335807594868914
0.438522726751984
0.417913715944866
0.392721603919926
0.355205966947584
0.451942901112331
0.445678353572616
0.638902021550555
0.47428073212613
0.499477379993383
0.45487358676822
0.389197356283355
0.492263035362368
0.416627485410726
0.377261015456703
0.56866727263537
0.617417998750806
0.274239644743424
0.521169773200744
0.456519681012843
0.612819575803327
0.320863331532843
0.428175920617787
0.51843161008022
0.447944842376592
0.515785313745001
0.507758168944831
0.388514587233961
0.560217601647391
0.533482387197596
0.536207071296319
0.2699895119446
0.43978501618998
0.431737372518397
0.317824474366062
0.561091810391217
0.421756322068263
0.492921158243724
0.557915156732442
0.42219978828884
0.342941692724079
0.575964718076541
0.450324359296025
0.396347728713859
0.571337067353882
0.466552709727103
0.458846393245905
0.353450723014833
0.479214492567506
0.557082172550723
0.496104953346604
0.567867394822216
0.516162822529911
0.450117934527547
0.442004277956907
0.583231198437037
0.425467297868361
0.540071660581425
0.535255397948428
0.572321355757995
0.49907810641457
0.490655813753139
0.503085379264049
0.414703473037126
0.533019109221363
0.527875633300381
0.647844299234224
0.653214025375643
0.589401757214328
0.363610075487058
0.56978365274403
0.502451091601853
0.606634282677726
0.497555109172744
0.497016950798959
0.565056179107325
0.578368729648122
0.453095609598494
0.577643913019272
0.506493774387887
0.624592969749423
0.568500338912994
0.463568515775715
0.733151695170631
0.617407074907679
0.628955914862274
0.574374416562709
0.634977830474315
0.526933569589941
0.576393947858002
0.439305816293007
0.674059801935341
0.550771962413994
0.555171162476244
0.628920634670829
0.785170364288816
0.626551576614868
0.728046317367749
0.548074502331055
0.548699942961567
0.680055202919435
0.660418338708587
0.768538186651786
0.721722538456748
0.589794395605694
0.655151569616073
0.721733608988147
0.517979065369769
0.655940017524442
0.562394147620415
0.575879630238559
0.542247260806162
0.534912516748569
0.628540655763325
0.506202991551068
0.628526051378014
0.776694163503295
0.581122681636593
0.753853638716234
0.752712786836032
0.68409397850281
0.665727455434482
0.624287190617226
0.593081268243903
0.663464601834523
0.805540967983178
0.658660825434664
0.555556590056749
0.680762838334907
0.581257718014443
0.514605544703848
0.652734261464638
0.599745919081529
0.748432210104485
0.685623046042991
0.586314882431719
0.556644734504646
0.611893495203165
0.736515804566383
0.673689623634609
0.75032485831195
0.675449643429249
0.734317042552523
0.871410835757443
0.836884495705819
0.557942756614703
0.793638187798786
0.734324703577366
0.808461331562181
0.639464939579376
0.713410032822985
0.774074395382294
0.753137952017098
0.76422170586065
0.751510598154599
0.700542982204653
0.716398151734904
0.779942447986719
0.692914126600025
0.678265079120229
0.728948763283556
0.647095065518047
0.732733916440056
0.752239154491378
0.699788208212062
0.684877677085304
0.639065329419499
0.832328461622011
0.693487599200014
0.634295993692532
0.725211201087857
0.613992904279094
0.669877587790606
0.739228948363263
0.722934079987086
0.768452944096949
0.60808845972252
0.646416661092694
0.619586017393729
0.784036590089801
0.71073571378039
0.863968040243594
0.773142819342758
0.767934642341669
0.862794544814928
0.698204088687568
0.721607731238302
0.77435581141522
0.802424431055966
0.782975127500209
0.884751503659652
0.775640719471124
0.818276794901227
0.779955974336094
0.797301053021691
0.982931260403493
0.921341712205633
0.838897187162757
0.830628185361124
0.91416866391224
0.793280696952848
0.792332624393624
0.825434976115321
0.834187277753871
0.946758039355889
0.79130551001457
0.806539535232446
0.832479644433324
1.00540517363951
0.626271754140282
0.840222854450432
0.768147089291256
0.874048641266772
0.804477050489629
0.831364372092995
0.785741121121284
0.931971033267374
0.627294250021517
0.925724512016329
0.851262719946525
0.6504797108788
0.901047902734766
0.933928733862787
0.944919405498615
0.862179248821693
0.947985977323255
0.783953500496241
0.797193811085182
0.875936800023792
0.983481377589743
0.89937267433564
0.858731828821472
1.00380109862241
0.841599434646476
0.775250530363347
0.956375279266529
0.960127466918684
0.820076752636753
0.824867787296432
0.891067445747006
0.949019647950283
0.935257872428808
0.994588007866267
0.996551287789864
1.0205097816551
0.923334581618323
0.819770170231171
0.905548625162255
0.939678466420829
1.05893191400861
0.929349584469937
0.929260210755174
0.971811032097109
0.941096101849582
0.99444134708228
1.06595266434013
0.921119838112097
0.88447376449736
0.819495167034029
1.01869450286065
0.953834481698848
0.941341600700131
0.91878605536544
1.05632530917506
0.960913287791782
0.963658444259372
0.947727126744795
0.94509266287367
0.869288642698661
0.938208582593529
1.04972417429232
1.02709809557417
0.850471541210901
1.06071215964514
0.997088027901076
0.823728045247184
0.930846704858477
0.916522134678414
1.11682420147148
0.970748771149055
1.08606680962824
1.02853056325513
0.901812251119771
0.79426318120219
0.985426508084955
1.09896976762772
1.12094133789197
1.07548351106683
0.917125689646301
1.08681175511423
1.0337229287393
1.00765062231882
