"x"
-0.945740229041327
-0.853635145025359
-1.0996318591589
-0.860467485001187
-0.885400938538568
-1.02962007071023
-1.13531099139561
-0.943573205700033
-0.953667480608141
-0.914949575188665
-0.993819252350309
-0.9891976820293
-0.956441517163676
-1.17046997706628
-1.02218602380099
-0.994689764084555
-0.98475370161481
-1.0240216071637
-1.05073446935147
-1.03910617470908
-0.951021669398518
-0.850865121127609
-0.962608932398898
-0.854226009403013
-1.00278304933366
-0.939936831563367
-1.0577838514372
-1.01243473955956
-0.963781131164397
-0.887924680453589
-0.971919417522699
-0.822774007800923
-0.864208897484848
-0.872668956125789
-0.802479863657449
-0.855501446249881
-0.745314551815508
-1.01084337639545
-0.871179506465969
-0.880353779163356
-0.894022753933472
-0.875526542821712
-0.895876655426359
-0.888483159872619
-0.838029842227828
-0.837835243966932
-0.915718515267678
-0.928869563299647
-1.00693843943206
-0.809533891431268
-0.862164691985862
-0.905883699494502
-0.721214898572289
-0.855129509223063
-0.824841217205909
-1.00598126093021
-0.864640741951912
-0.986621284176462
-0.831067054601977
-0.884601839120007
-0.770027571685797
-0.922132714223337
-0.836621213421362
-0.941936189339651
-0.955009861097628
-0.920205989548349
-0.822138616291863
-0.900188454631309
-0.89887221915279
-0.889804423696514
-0.795038982133444
-0.817601460859444
-0.956817329235565
-0.807823300951311
-0.733868662647397
-0.848810564079529
-0.790146819896756
-0.760721040014591
-0.71581015151579
-0.855007827496463
-0.814728904893479
-0.718905286403071
-0.912615846723736
-0.766523515251603
-0.829050751911327
-0.873199534998881
-0.855289791326263
-0.835861855061125
-0.841748783618365
-0.851211932303649
-0.735574838381756
-0.885916735635019
-0.888327308399798
-0.709680826847495
-0.879844360965897
-0.755313494396169
-0.757887411640796
-0.665891200864278
-0.749409953897085
-0.858038367818547
-0.819420739605059
-1.04514446409226
-0.727729348732253
-0.780365602819729
-0.538859461613947
-0.74405804063531
-0.849094152510699
-0.802376931534143
-0.756314861720623
-0.819308053939463
-0.706706845134212
-0.790087962213908
-0.789031488882618
-0.695231908027943
-0.816346946106822
-0.827063270015523
-0.738181754371944
-0.767675492058355
-0.644998716270464
-0.846333653826077
-0.610950360669301
-0.838352977572387
-0.856296457639798
-0.666808098317221
-0.882233109937798
-0.75813655299382
-0.781792155576452
-0.607227715671145
-0.876982816040238
-0.645100521117458
-0.708148872394556
-0.677540166557051
-0.694294163957705
-0.670645245344602
-0.713870921741806
-0.700674854075773
-0.716547104232751
-0.787221395168376
-0.698142931492009
-0.867987908261174
-0.801681761103475
-0.757911300633213
-0.681694893621522
-0.799058086083869
-0.713405528514616
-0.413226166993388
-0.667961451957457
-0.736981577550341
-0.784218614966327
-0.682529788983706
-0.742421503626988
-0.639656824633589
-0.777250218454264
-0.687699444645146
-0.732043928884745
-0.687198244923408
-0.752158958836401
-0.680612585697565
-0.79370060080826
-0.761823529391862
-0.759740377100063
-0.731344778187837
-0.601623535257976
-0.63039693770649
-0.561219124287971
-0.766000560968402
-0.598829632251248
-0.694253204558962
-0.624585312603577
-0.642634859822106
-0.638625989572655
-0.707878236037807
-0.667409173984381
-0.725360864896195
-0.730848280219103
-0.650382854644022
-0.663426370469797
-0.572156274632458
-0.736284696152208
-0.676560601833975
-0.77780530614891
-0.647126646501833
-0.693947493255123
-0.546807667550613
-0.702619644918055
-0.662626395723365
-0.604173747602132
-0.526905561851093
-0.639326587981248
-0.578013695937493
-0.576562640781973
-0.482204235315408
-0.623357536095592
-0.468798903410703
-0.721161035323647
-0.553697831645074
-0.619739913150329
-0.71687919584985
-0.527932505278515
-0.528219990497945
-0.561803523159604
-0.55157015410699
-0.659937050786141
-0.605325013189482
-0.623760245417672
-0.665718927591772
-0.51524283391246
-0.68010142788395
-0.682905973804861
-0.550913768432282
-0.563971718400736
-0.572273350329419
-0.447013202074246
-0.527332183806275
-0.578794622459937
-0.430576183553581
-0.611154796148913
-0.503628169009493
-0.609034922381875
-0.478398047107772
-0.682767684788016
-0.572289353564086
-0.658201936874224
-0.462709685711644
-0.514926034410969
-0.579595074037932
-0.594263299822992
-0.518806917016177
-0.602997516375429
-0.559648857246391
-0.571887607310271
-0.486111339163064
-0.400406745907521
-0.536340678648425
-0.530881137760997
-0.521219566553612
-0.426257921007303
-0.499449272181746
-0.513970553311021
-0.457984904838234
-0.48352852367741
-0.553797273934286
-0.502317850580795
-0.63419269429956
-0.536861478499313
-0.472859925081154
-0.557775148371634
-0.476359626691739
-0.560246282883025
-0.432427729052208
-0.538037273495426
-0.447565524645048
-0.4123229653971
-0.335960316484506
-0.562804096872041
-0.38569784682135
-0.522457833187675
-0.551916619040214
-0.45664346083198
-0.436550215391078
-0.518142107529393
-0.480731362248531
-0.321438223798906
-0.634258847620997
-0.554887784410113
-0.467434183239033
-0.532140632008244
-0.411682971201359
-0.51453254546447
-0.37459157021057
-0.384953856242733
-0.535294769727568
-0.55182479260905
-0.341599958142336
-0.39681358383808
-0.531118548027711
-0.471289750681429
-0.392256297249179
-0.317867414752561
-0.482759849748443
-0.409231464526066
-0.285659943483041
-0.414952743808653
-0.400555385498669
-0.442178497707229
-0.427914825879423
-0.466764675499905
-0.489755769652264
-0.498737519915487
-0.391867981582269
-0.545640120104289
-0.426222827748156
-0.305826111832129
-0.508261562643663
-0.442902605282472
-0.425052086353865
-0.503783162648851
-0.282196696628311
-0.469194875171868
-0.405649562521
-0.426175810946309
-0.468963510633361
-0.494792072598837
-0.338040292253871
-0.45139843780548
-0.406253255133745
-0.477884096988889
-0.421165821468613
-0.387291506277909
-0.524891519485673
-0.423550337081646
-0.375856768861339
-0.454159212890375
-0.389839331545101
-0.586192029833678
-0.330031199912523
-0.268235010242527
-0.295799217426127
-0.346806938607867
-0.478654227575119
-0.334537887501773
-0.315422363786604
-0.429985989972554
-0.25550891607089
-0.429509622818484
-0.366874242404426
-0.448239979903638
-0.363216601944113
-0.206616514525548
-0.265322922117107
-0.350231206233742
-0.367784519402361
-0.342510031831914
-0.412595424093885
-0.253119499863017
-0.383403503734433
-0.323108967317561
-0.284613775429865
-0.356533201442488
-0.328700076732448
-0.302365586627891
-0.363103737407877
-0.243462559401978
-0.20863133016989
-0.283037193717231
-0.370410320739438
-0.152625728578582
-0.261838294107135
-0.420278894921722
-0.33182770703793
-0.262186087761757
-0.333088281511624
-0.351311650275829
-0.331457125926427
-0.166457009685508
-0.20736308974697
-0.169718838097279
-0.161619690016247
-0.217227205514147
-0.473064361952348
-0.331328510340144
-0.164055758781033
-0.285760676156659
-0.295065354221355
-0.291292510259778
-0.284364629726019
-0.295236924352905
-0.106614455128986
-0.181446377893186
-0.246645868113997
-0.412334288379075
-0.244554761861289
-0.136136351136642
-0.235562581422447
-0.380981016311052
-0.251375342845047
-0.411284470103797
-0.186905385654807
-0.244664908477491
-0.0960108184872423
-0.128472445011634
-0.173776045935448
-0.223224923663155
-0.20778034140124
-0.236899777532675
-0.332864774211444
-0.221053960637715
-0.143246003286809
-0.110206223557894
-0.277198166301121
-0.160369509821889
-0.218642101149338
0.0110932609266502
-0.322783580561939
-0.136267530328149
-0.254396940531999
-0.0886339868976436
-0.0929369588138777
-0.202433331467433
-0.0630853171813185
-0.225586138389126
-0.301290358877668
-0.2594280769269
-0.114013145852971
-0.152981735543772
-0.133898322794511
-0.130111929730429
-0.127004117685839
-0.303812434769038
-0.234388077704077
-0.243107545805224
-0.239397987868171
-0.04023184632449
-0.111938776023984
-0.239240740602019
-0.100998285331934
-0.119062643267354
-0.101952311781644
-0.209683757930139
-0.166268198939739
-0.214523556055708
-0.292164962038245
-0.23469581977812
-0.178899872657741
-0.297979114781596
-0.125993175412934
-0.0910702830215014
-0.108980213988604
-0.037385393757321
-0.120962231543775
-0.188174044940963
-0.0891859853589418
-0.166779898816368
-0.0613709087008423
-0.181740846534322
-0.10077056984684
-0.0415763465653287
-0.177463048928783
-0.148816347968936
-0.0638604386961965
-0.139508393636004
-0.116087737526416
-0.131418596117106
-0.0469671218611022
-0.0332064827740733
-0.0890801230833261
-0.229478745294769
-0.0406077667206926
-0.0510987815342605
0.0113327192556723
-0.134203280818624
-0.0316435241086431
-0.0667949799985699
-0.105180711936208
-0.1335548496215
-0.13437840498916
-0.208106656184565
0.0648696903982114
-0.0181098491767533
-0.00916012119568846
-0.133233976247487
-5.89874000544396e-05
0.0842247460072655
-0.0133828243497757
-0.0429621163347958
0.0155574861814041
0.0428169567038695
-0.126722326443749
-0.136114318076985
-0.0321091923415258
-0.219396421850889
-0.0227781480346466
-0.12607643372156
-0.0360210710919674
-0.0100317415271462
-0.0753979373676977
-0.0395710264923886
0.11389192905888
0.0428130703856937
-0.104453663648498
-0.0632500594363493
-0.0336207839783212
-0.116112380648501
0.0156079973162447
-0.0879654309362212
-0.101405595232801
-0.00885224647592709
-0.143918893859601
-0.0820619971342049
-0.203268778454091
0.0355691882774543
-0.0702355707371439
-0.0362659540808047
0.0096422900638215
0.069681902405012
-0.0629413662572428
9.46727286537605e-05
-0.00736686637244782
-0.0233566323234337
0.0477351727216714
-0.104950154822236
-0.0744669735597741
0.0345208946738337
-0.019173722973527
0.0194299630052162
0.0412862658133478
-0.0205385310807803
0.0581162997542586
0.228233976933248
0.0516349190596501
0.0072619212692819
0.0777832561506843
0.0177436409730255
0.0662912092615618
-0.0560885020261743
0.111905700848621
-0.0276773889043232
0.0421774399785538
-0.0526492495114009
-0.0627283680099986
-0.0369416411927206
0.100430013181231
0.286252356742909
0.0180172946997699
0.096707317160772
0.0239676646674861
0.0445595585228706
0.151050471409006
0.0922337754642833
0.0653172667406935
0.00232553995847424
0.193493756391214
0.0158488710078164
0.193179934963483
0.0756421181627205
0.209882992709215
0.196345899716932
0.0631109969112228
0.0634364845016196
0.0906542561147496
0.0852740905087092
0.0299623285935309
0.145558393531447
0.171948380711774
0.16607935054966
0.0549148867412981
0.111606404354458
0.0181792116072683
-0.0805042265748353
0.107650886441568
0.14807479935078
0.0790790268233897
0.106017878642
0.217594266401003
0.168640290124016
0.0941287329649577
0.105847620313925
0.0977180807525031
-0.0199043740892176
0.164645725712937
0.136043866968303
0.203799285305245
0.0321444120410665
0.18291321094546
0.312261966100796
0.0765821552579361
0.157537307812467
-0.00245857592117018
0.0722457670858203
0.168597500396364
0.132133054057511
0.133442966603752
0.252479871234791
0.0580549207083605
0.162141871093991
0.192739489570169
0.219710848311513
0.132646761444177
0.0950945816635655
0.285318186960694
0.0572737032729508
0.226124113209534
0.218611158007581
0.112366577367894
0.171038346024286
0.304625164709115
0.244544442899178
0.225580458382698
0.138062680211166
0.166303816545339
0.0565185114158687
0.146756322797814
0.10065577000245
0.214744178777831
0.230989857228202
0.215530358361183
0.16079943394533
0.271175143436229
0.263097584651334
0.232872352025442
0.276852269942482
0.201814836238463
0.170403007718155
0.143659440476147
0.234219680154027
0.190431533413082
0.239494520994995
0.295683761204195
0.165232945015198
0.113632684519206
0.184746812768377
0.176713312534136
0.217270448167118
0.221538789508565
0.270440733404144
0.179999642120864
0.210317873186456
0.131583271097737
0.162686155817645
0.250994700759079
0.200664138235572
0.236853916180104
0.250585447431774
0.394461255209758
0.487032922342468
0.271450903993025
0.192844085458683
0.228709465650819
0.225091335987019
0.218718770673464
0.220091865443492
0.158947928216812
0.302325666619063
0.11738670189265
0.369031409198931
0.41230097144687
0.18883574738895
0.248079674336245
0.150082842423621
0.379412516290474
0.259722441147935
0.193462324462629
0.289640918519877
0.300276027090801
0.138022078258869
0.291414421139048
0.344618183190785
0.383272571785764
0.170681334702226
0.323716914686399
0.417795073898784
0.272362632121944
0.233967590592837
0.367898222492426
0.164184980660916
0.410178231767677
0.394929626718946
0.358354541056976
0.496567264486373
0.403971883774343
0.267493182488491
0.30796375678568
0.333515276316381
0.19421953889562
0.372219004447452
0.236028162112109
0.27355738681925
0.380535113465276
0.308753993115624
0.2592058630182
0.416690222745139
0.563774006146287
0.467868759610444
0.30016514486471
0.237119788451557
0.421598499794672
0.381179490741734
0.356321214720867
0.328954074625571
0.405342926787212
0.39051833662366
0.400848610310585
0.335272395676789
0.257999266002654
0.381059476705669
0.371719639831715
0.331609793825703
0.346675578446236
0.429695898273174
0.374122335319848
0.404048898580114
0.340520633205132
0.463593734834944
0.300026708336602
0.353143493545973
0.249454715875608
0.208204333230677
0.440430142785827
0.418389102702314
0.40941761456605
0.327457148023201
0.430105491537605
0.451458610707542
0.521616584957282
0.401681137043621
0.347121964744442
0.433144829809115
0.411121655493587
0.482645584073024
0.451388027735157
0.349507973495953
0.603063736164872
0.424611425672771
0.57745317455748
0.524224301903712
0.518827802793523
0.517271251135536
0.407093221877496
0.457437347322963
0.547962608531727
0.514094715858784
0.415227240985186
0.54338007937141
0.482170785803475
0.47094360648536
0.445963271866608
0.400318902142846
0.326823055158745
0.30525164543449
0.404176458302476
0.397385054803201
0.447055079196306
0.416500372494434
0.49588067799142
0.422925034067923
0.476004405399465
0.467241744446035
0.490359181320454
0.51605154257376
0.522847299837122
0.372782193326197
0.580737433851316
0.5158649105622
0.382492376902013
0.397365688479656
0.405586269926084
0.508191350442333
0.342581129028024
0.575725468368702
0.551396480559093
0.448523836761991
0.51793091889227
0.624776716285132
0.529684765153275
0.553340784159034
0.575339184647382
0.432475119977891
0.415018250297318
0.524293232502078
0.55777286002048
0.421389646613139
0.371774443535757
0.633667333600843
0.547630011905733
0.55121283640258
0.583631307082652
0.558977170883843
0.514032824538206
0.508259600877971
0.586897431254048
0.472790337580315
0.586051021751268
0.5632181092428
0.424951177903064
0.655997129059743
0.571945540042264
0.64497832729122
0.478662192510589
0.485638443012978
0.476648819185875
0.666698277030086
0.519066827923759
0.598474207781496
0.607017151015272
0.509586796758044
0.62041788311386
0.621062644855969
0.628290507593904
0.692529342616759
0.607043578497115
0.705932767279278
0.512812777918231
0.592583692646517
0.346731162749095
0.525242468538056
0.507979864378156
0.531287080431758
0.655146972175877
0.58169093747309
0.657497075304909
0.507085217985595
0.482497139407226
0.620610545944739
0.757557627128638
0.68045321430402
0.657445135378489
0.476048066453939
0.584107435990193
0.622674935766703
0.581595530466936
0.714957321458591
0.635747972090695
0.49240531151406
0.610525533642976
0.676406582062554
0.54917388320422
0.717594904286947
0.766984715337906
0.439596277810428
0.761547473929848
0.573832735923453
0.73218355050711
0.461717514656154
0.575992118051281
0.691954728951357
0.641164892490275
0.494121745102177
0.643513925668652
0.567781439006151
0.725028752730939
0.735617549843661
0.682733505887057
0.552736360577169
0.796907262719171
0.741262566236617
0.489717195268928
0.656761838576636
0.801792676621263
0.788552603713286
0.634844190630467
0.814452302854
0.575800387993838
0.650407318780788
0.732689573346449
0.622584817858686
0.658376694416998
0.744529232867654
0.70159185448802
0.762455448893656
0.670733447101533
0.671290249508489
0.767577287672428
0.615899077267044
0.745209550220183
0.643570178090072
0.799157905173479
0.698819752921876
0.768398247142052
0.539803880924193
0.830543674380169
0.742380768794316
0.753622596669067
0.710487108409051
0.745204080013482
0.641476125016772
0.713628886919244
0.812662845086809
0.759792985937839
0.753207547071228
0.674879677789147
0.542468073113251
0.565071109655573
0.810216043757005
0.79303416474292
0.681503833611528
0.79492436695371
0.720952147471612
0.679734219716889
0.837123000251393
0.877042796661581
0.707472256546551
0.78324177353747
0.790495959333162
0.701881720841615
0.794099556772216
0.812989826173289
0.848401090739522
0.881352134135808
0.808060206814338
0.75514242148903
0.613582820186203
0.807578318903497
0.545338360426522
0.869840344763368
0.828429637388864
0.862312870592202
0.805488799274633
0.684865289923712
0.791687068445969
0.784654315423455
0.740130985486916
0.769091300477992
0.837639319727383
0.767853836578362
0.745267026255653
0.641145511764534
0.986061873141615
0.735578409384721
0.824628980654751
0.718363616436227
0.797866108500943
0.842738367194956
0.962314543081228
0.862040136402766
0.739719619657423
0.872836850571921
0.7288765307575
0.744840467276385
0.826678882087724
0.82072283560906
0.774733948920342
0.865176854470245
0.803226203203718
0.91723003452512
0.756110063292215
0.941391675362722
0.889681783200163
0.693939639873043
1.00621007599582
0.783318665931218
0.88291604242777
0.784863287546617
0.84510440411894
0.920089355678868
0.824776103924722
0.838133518455944
0.898668777449707
0.859246780964447
0.920552251301581
0.919559409279232
0.918210164369109
0.931803223446506
0.867717778687254
0.889665726016117
0.848414868806057
0.914882970497925
0.821612158683846
0.719991186240999
0.888138181535728
0.897394864924339
0.98577640267506
0.723804968243693
0.863742322899956
0.912715480264192
0.817539474329056
0.770423195368031
0.746007349230513
0.796126958042374
0.877735750545676
0.802207851144764
0.86632231316945
0.894860263027466
0.978919682609505
1.00558396695954
0.973815898213524
0.770706122747839
1.02664245182526
1.02917289949552
0.965859556703384
0.919754701356903
1.04569205427975
0.949784193808702
0.881672628157134
0.984761346739109
0.92265914951602
1.10931187543348
1.02425397439255
1.01224983873937
0.79474326539628
0.912417820478288
0.995150316505574
1.08847228630094
0.955200354216646
0.977114373036471
0.916300787551554
0.961092915729694
1.07367399758078
1.05444723560453
0.963888926463806
1.00340114301993
1.03354963465402
1.13879093750811
1.0605133048468
1.05990450091299
0.945292997701248
1.0165854349733
1.033516469614
1.01079991570887
0.906891839086318
1.01727387372966
