"x"
-1.20365802138231
-1.08894671693295
-1.10027958119952
-0.88816409750527
-0.93376248168985
-0.937944529993532
-0.997936223474641
-0.909932475985842
-1.14581040331635
-1.00056128925355
-1.01693696578848
-0.986394839028806
-0.918844080637422
-0.845351901057977
-0.93801023211386
-0.96729900246464
-1.00975032515459
-0.98484738040935
-0.951980679715354
-0.885888005588087
-0.936734395753862
-0.978693607873486
-0.841229695719191
-0.885346863667419
-0.986737066699359
-0.820171211977479
-0.939740223641722
-0.892469138203687
-0.934541894220625
-0.950553386969498
-0.967362974222962
-1.024425008655
-0.915864659545045
-0.90805912215
-1.03332195967072
-0.94208481275619
-0.920564086996744
-0.908550663517668
-0.804949753891701
-0.839105733957977
-0.901659598005415
-0.794036363863815
-0.786302419421367
-0.833660897098773
-1.00563225316385
-0.902743168120803
-0.896440276403345
-0.935666902291526
-0.877128419475803
-0.883874353738453
-0.786660009110207
-0.971979906979549
-0.870157080156413
-0.859496115687548
-0.913319114193457
-1.05041978206966
-0.921359405977249
-0.927607538151115
-0.941945493747327
-0.925441891636002
-0.69269508713204
-0.933095871643684
-0.912818566095566
-0.782258355899943
-0.801063659564201
-0.6954839127968
-0.891982321386056
-0.829405577856842
-0.825146344463823
-0.845002258315731
-0.855005578522963
-0.824008211755604
-1.07595718687582
-0.969213020160362
-0.940159032586627
-0.930343699832175
-0.844477357416479
-0.731539594853361
-0.76486901320785
-0.818343099543449
-0.824131984938351
-0.834688327332572
-0.865132351061132
-0.829769890546338
-0.797837005945599
-0.74059976061828
-0.818185466210916
-0.870141018339915
-0.863368677293631
-0.789075055668738
-0.733042785744827
-0.713936816864242
-0.753325736046869
-0.640272868286048
-0.818245825434244
-0.910257441034541
-0.866701322862887
-0.730797838963477
-0.768979386769203
-0.72280326769533
-0.882021654179469
-0.789166565630002
-0.821027895992684
-0.862832771047298
-0.812071398070417
-0.870319737894163
-0.774045505671708
-0.791704158193403
-0.813158150281742
-0.778458638377111
-0.797125458910505
-0.804937022704184
-0.777930274419814
-0.612917316343391
-0.783135817402892
-0.888587991234876
-0.655948248757064
-0.688961356631324
-0.64285508483323
-0.6444538700262
-0.67470867026073
-0.776110671775968
-0.718199446228999
-0.788618289936986
-0.715337202100084
-0.676661885802538
-0.700244311752055
-0.579667935260662
-0.682479241296575
-0.786188151787814
-0.667722392176975
-0.898141464206327
-0.608398166662776
-0.641154368750137
-0.748908015181356
-0.796373060641043
-0.751416489056066
-0.726020932673921
-0.664799873446609
-0.757137156979425
-0.687908931483754
-0.774361551538814
-0.789042999691735
-0.848654556084725
-0.615505161258671
-0.771547626606268
-0.640439015507654
-0.761475719635786
-0.753057990532672
-0.737635049783696
-0.547882919628547
-0.643812068096739
-0.778466624588215
-0.588211151298441
-0.768807787679012
-0.720033055189268
-0.606914359802151
-0.716868564827863
-0.771170652015315
-0.735685952808405
-0.69250060140329
-0.78468072941634
-0.570806894204559
-0.611309333408119
-0.693340401447482
-0.566389121757382
-0.568597548480332
-0.717461146233839
-0.553969228704671
-0.768670413446338
-0.708233873494856
-0.663693841307718
-0.748109962966448
-0.557892260659896
-0.707313095600467
-0.667643083365384
-0.698932111796468
-0.605955813482715
-0.673949726228089
-0.680291277941725
-0.704779024547989
-0.62180723157655
-0.578553435642911
-0.569235510843475
-0.680314182219112
-0.629663282983989
-0.606847416538669
-0.66128102666459
-0.664501868392082
-0.839087381098892
-0.532453987372155
-0.678289596799988
-0.638186086807405
-0.629244550049951
-0.637026623560995
-0.662103955590052
-0.54123527847105
-0.730547561713282
-0.539411667573379
-0.569687335685668
-0.606166254052234
-0.70479267675486
-0.641239143054616
-0.634744303989307
-0.615143511373319
-0.64979465646399
-0.415403760941088
-0.499974276213916
-0.782594940040297
-0.650562948682617
-0.566787263055391
-0.463521830374856
-0.518035925917935
-0.514731737259975
-0.702781980061229
-0.425194863324275
-0.406868436494704
-0.721321139261865
-0.620365831536364
-0.550794206880249
-0.543967291195605
-0.507363486140493
-0.623025391824646
-0.426260633774956
-0.511396226901929
-0.647354872882593
-0.673453831774165
-0.464367061738361
-0.39492614378959
-0.442328895187867
-0.604233216513233
-0.555198384085991
-0.37134320559306
-0.584971848440825
-0.510670943894775
-0.568513838971441
-0.589651176150704
-0.428552514889234
-0.595403554066683
-0.514289843335524
-0.547946287326854
-0.414714464334153
-0.590240526475538
-0.488855089501973
-0.381889657542129
-0.519459661344914
-0.551415670559721
-0.58188549478309
-0.421911898829196
-0.47419949568118
-0.561355763037811
-0.542472891956275
-0.535257610050135
-0.536625638062179
-0.655175059847983
-0.466651392025062
-0.423652110366113
-0.375636008001644
-0.467243902617946
-0.544741945203515
-0.47051258645262
-0.434337054400521
-0.538850634551356
-0.390270930766883
-0.486587269065956
-0.429033889501172
-0.472883544723192
-0.48499136842381
-0.363963394684106
-0.355210040647544
-0.489193397643487
-0.547221935881193
-0.486879472624323
-0.30750517005393
-0.466605883383884
-0.404413170682948
-0.369400000450587
-0.514860712002737
-0.562619923733649
-0.446484709490259
-0.30615761767254
-0.375402762273525
-0.531221149407673
-0.424359790368567
-0.392769593941926
-0.36216230094163
-0.452954847533682
-0.471978047599789
-0.310159837013328
-0.35290426579875
-0.410097447931638
-0.57010036996143
-0.403408601086528
-0.399619224283456
-0.422207240900802
-0.313768763031091
-0.553231129132962
-0.376996655897698
-0.474570490416693
-0.479805725579674
-0.349737730115317
-0.412687798993488
-0.332834955303978
-0.38075010313324
-0.226925731565955
-0.250349094804278
-0.375839518156744
-0.439401601704241
-0.300851060736291
-0.473558375683022
-0.324112195308414
-0.565288127683631
-0.466230859546003
-0.263999626084505
-0.405396418498023
-0.296289847771686
-0.387431560396718
-0.532426430259243
-0.272388765766661
-0.300324122045163
-0.293673936291267
-0.347155753269977
-0.237972522287748
-0.214582849773549
-0.336915572912018
-0.333749042657944
-0.362838974354597
-0.304371818055297
-0.479126409026417
-0.334211096725924
-0.362123835152852
-0.329996204432188
-0.126752249252111
-0.405388164610708
-0.433877527676674
-0.431956230755042
-0.343985248418201
-0.398242026784779
-0.30293066572814
-0.395012453764639
-0.284421509226488
-0.414198055328689
-0.320157176026173
-0.264014629399775
-0.342881507684601
-0.277211904906656
-0.413914720327248
-0.284486869953188
-0.264288932069448
-0.25894216910728
-0.457370263303369
-0.322015305153891
-0.258470120476312
-0.21532934660157
-0.284138906486173
-0.340448762892592
-0.296221420136423
-0.361617617694933
-0.209978534821018
-0.31240375451522
-0.248320174955087
-0.393026740483438
-0.351258583070824
-0.341196382514168
-0.290894626220993
-0.378843641079851
-0.283829280734218
-0.239666660649466
-0.142002236744243
-0.141247166871252
-0.154781404042601
-0.313296179686752
-0.32955500925719
-0.208734315132842
-0.304238916609643
-0.185321288167148
-0.268228625105696
-0.0674343856328177
-0.279666132967339
-0.445516551012537
-0.353738031738586
-0.22387132204958
-0.173759379724082
-0.372446028511321
-0.371476958577592
-0.253304753282952
-0.183519238833035
-0.140782844279312
-0.235973107225456
-0.187254921485931
-0.267645969053418
-0.133608278591275
-0.123724753881506
-0.37961765462916
-0.178494082104299
-0.30895242241122
-0.182754459851403
-0.167429738316472
-0.182806921831489
-0.212753517186311
-0.131302191921937
-0.186695269173296
-0.344509361712677
-0.213890828961298
-0.0780564088044329
-0.330992904798478
-0.178139617723217
-0.19573554137969
0.000893585519388287
-0.182680122270206
-0.149408556790077
-0.0739563356082407
-0.251785312674505
-0.218490725532909
-0.153907981873655
-0.354441368083497
-0.106197903659869
-0.306062125760993
-0.131101866524046
-0.0751796698291951
-0.244430137721671
-0.137414077972498
-0.210986967157189
-0.23575105414215
-0.269235605243749
-0.0912702610434352
-0.129051606069383
-0.0235036393735506
-0.165823662823748
-0.0612889238975832
-0.2252731069869
-0.284014531413621
-0.258785917670301
-0.178130885386416
-0.240972732860044
-0.080246729074915
-0.177100480992781
-0.026732781737752
-0.0844039774991592
0.0242818804255889
-0.00142068482750313
-0.101933413208498
0.0202768416471263
-0.190812895944742
-0.183018086387355
-0.115371240942737
-0.120848342408295
-0.0312999442694205
-0.19063832862664
-0.0681968933317747
-0.131906310955724
-0.0115766901707813
-0.186179909423506
-0.18238340711393
-0.134638736104419
-0.0656687383500037
-0.0564164993096306
-0.0248151611976641
-0.181413187798509
-0.180844938341716
-0.13809774845603
-0.0377467123979143
-0.164814091998379
-0.182079731948761
-0.146395339825015
0.0441591106132081
-0.0928213567997139
-0.0688430865647818
-0.135258608850769
-0.166612937449494
-0.171485760689438
-0.140044721996797
-0.215876894746787
-0.126728178273279
-0.0884020705030481
-0.121674600534369
0.0904054986587006
0.035711626901364
-0.131573373544529
-0.104474248185364
-0.132206679557942
-0.0193917701187149
-0.114005595414691
-0.196452473865009
0.088388052713247
0.102086906952585
0.0519951782415073
0.0441585425620942
-0.160099838057237
-0.0711634927124801
-0.023758738977026
-0.0171379126990322
-0.00972308225171331
0.0359056063422926
0.0507451217615606
-0.145885729362675
-0.186587042807811
0.108999752421748
-0.0913948227735085
-0.0339479622057514
0.0388639493179489
-0.0895834725818761
0.0633436676577796
0.0402657091288013
0.0319572527504288
0.0451983338982839
-0.0983353164767778
-0.191772775840516
0.0818522601125728
-0.122123150075227
-0.0400168309773345
-0.00437548113476471
0.0484475224384949
-0.0787564447120569
0.0345210248546864
0.157553705055732
-0.0313283060311273
0.0694968726413245
0.1022580898274
0.079049939543934
-0.0211945463732532
0.118130344202675
0.0072385658713834
0.0252655209216794
6.65420260510352e-05
0.194135939329274
0.125619007209495
0.137204119284225
0.0606504801757935
0.0980357684873303
0.100002889508595
0.0659204620595018
0.0337369251376744
0.118107875370477
0.056157351327869
0.126002972103094
0.0232312957802004
0.0110760580467545
0.118622078402651
0.0129789691559186
-0.015726885512242
0.149171862967264
0.0881514084989136
0.0244925491692707
-0.0445407077323634
-0.00838217568505026
0.167731658065715
-0.0141271310031755
0.134959068176465
0.018524889617309
0.0181646779004547
0.08469390450766
0.00625869709858945
0.178712778428704
0.0793187248856426
0.238088426839867
0.0572692170339602
0.187725851877967
0.0110299733828178
0.162872852127341
0.0365514853124442
-0.106213593890662
0.118872742018642
0.0829974682171015
0.198377292924599
0.239687074215685
0.259696145755183
0.022546664144682
0.109330296415801
0.233023767385967
0.14356574481266
0.115165627762544
0.108917774322048
0.114418999108518
0.145386330792757
0.145286062632463
0.0175600050072033
0.121027801836845
0.206844444826032
0.0871382356936742
0.343892697280646
0.0448237370812232
0.228849740848766
0.182407602268084
0.17603518941229
0.104299012773872
0.223180372648768
0.123466852311127
0.149316765480436
0.30795066415385
0.307987500122729
0.263844674586686
0.112226625718321
0.0998225054815642
0.131527612964513
0.168902399655288
0.113557156197006
0.228588478986575
0.126623333297709
0.304505181721284
0.108522029054462
0.067406323328848
0.214615907486987
0.170450039186458
0.384945210319225
0.333226501486384
0.200522937373399
0.340432087858514
0.23388677628463
0.239405927310055
0.247364104784125
0.248915864732439
0.200831187732282
0.137515371150151
0.26157042365372
0.318836006875808
0.279319433533793
0.230223057116344
0.358924000824556
0.251228266162779
0.352573315365017
0.200555748453813
0.144251625613435
0.240249566659423
0.284282174789284
0.293383996089361
0.167842078470751
0.342490056665824
0.229782080637267
0.283742379815959
0.2791271746126
0.122473860346551
0.102931295529572
0.205062723128026
0.374353678649606
0.26540195258196
0.269398540579916
0.295907982888031
0.348233393846747
0.218003845702479
0.100622380034406
0.396056904875301
0.316714988128398
0.22104302679231
0.375245992865502
0.0610103226698572
0.328390914406542
0.201870508924294
0.259141197734267
0.268203907374182
0.246665506283177
0.274687256714229
0.37386302142822
0.332549201234886
0.415621021211381
0.375632472320238
0.442256792731455
0.214174039689179
0.380112944708736
0.280375903871677
0.344526480892139
0.216602567919331
0.371720491845409
0.222912323729904
0.520666110559905
0.450981809242023
0.275312919591357
0.347715561640712
0.379342847720068
0.373660899762693
0.233125165831118
0.251915506948198
0.323507120075719
0.349815481170334
0.445407726457509
0.39991861334244
0.254767312020659
0.459499596755441
0.466492959881719
0.411711290332654
0.494240838267437
0.484613165015618
0.354696663849582
0.408126056917297
0.541258099665054
0.179526162284682
0.374694951023342
0.409637933585368
0.274772114537559
0.298811055430762
0.244376476455273
0.530144939675925
0.395404990436623
0.306173374526827
0.497844568301686
0.412788420800577
0.39046396316711
0.402046698373919
0.450908154950666
0.34215767421255
0.496612460443732
0.403611090136591
0.434053003502614
0.3982087138023
0.4444885335564
0.366764584243125
0.396525817344373
0.450959390554473
0.378218286496876
0.424812570264799
0.426213943067105
0.274971185250369
0.382398600835747
0.418100798120593
0.490723334310093
0.384771262190823
0.465935719659753
0.363400949882782
0.450826221497309
0.436484253222815
0.275954660564984
0.399340485676031
0.553382153639961
0.491031416654385
0.561071623024043
0.63142298921888
0.41970910766998
0.450167753761051
0.32128777967904
0.539880553838036
0.491580243905877
0.355872883347027
0.561855369545861
0.50884060943415
0.449195066942901
0.608355545759357
0.441446348765272
0.54219669332151
0.535809974487543
0.574957088878903
0.439888158886
0.56188758521311
0.417037425092199
0.552701910962748
0.415645166400297
0.393842634695735
0.456722372547086
0.746060641661363
0.515267132644824
0.488723831000616
0.430967892401867
0.50489237600077
0.564653677173073
0.538439705733243
0.402115156458413
0.589380076957279
0.680646804741216
0.459473184236033
0.440555155426905
0.452199200063007
0.370266446541187
0.526921164288664
0.556530320843603
0.496033531498833
0.536181451552796
0.520040939721105
0.443606898045576
0.43212740476296
0.516167366760112
0.543597685490253
0.596264765925848
0.636785197157031
0.628863968785358
0.373689785152024
0.510454854670318
0.588607734186343
0.61942091391027
0.594662421891977
0.461051856619991
0.543114604580124
0.613362975120633
0.599718009160925
0.571558879357874
0.631585206878019
0.566095334042269
0.540606368474697
0.61916861021588
0.564332669682886
0.655599660005795
0.558593777139291
0.600868874589789
0.389751290597744
0.464538306497082
0.586946083875219
0.546353401689103
0.618520349954661
0.518750331279607
0.573221802073105
0.520808614313181
0.550629542662624
0.630068618717922
0.563693236110471
0.42553576036637
0.827848613079906
0.658259385016034
0.575726263873391
0.594015760256705
0.698062141894439
0.515874280744869
0.715934516696542
0.594025923023346
0.601924987415961
0.581767328497965
0.623885404070767
0.612790650012694
0.644168356097162
0.719125746023926
0.568054357064223
0.734247696258608
0.546089882104223
0.588691487467628
0.682895949285841
0.605098411915705
0.576318647584664
0.771047347585043
0.756433676364363
0.612722391558044
0.643987671321364
0.664788396312197
0.725700811151926
0.707464935964828
0.655586369252785
0.761020148177621
0.775234286531548
0.728451298144795
0.574827523103721
0.588281048112244
0.715055949788793
0.736030087466022
0.716266731633692
0.653480686936664
0.504539116103989
0.626153257654796
0.771225036460996
0.611296286133865
0.728756051878208
0.719306734533188
0.805880380212861
0.657617678537687
0.624703608999158
0.579208883433538
0.759432501326552
0.771856854508915
0.627100979122989
0.675943741057682
0.690581809170916
0.684765636135127
0.711121653363985
0.670635487977245
0.707379059875611
0.597702154164436
0.876993048861344
0.630017242569406
0.537542201790953
0.770229625436488
0.760498293699626
0.746966857476993
0.675116947941551
0.84308694600517
0.700431025754907
0.724244295836589
0.725019896963752
0.747151355208391
0.709762421377405
0.845200833676795
0.863662273521463
0.886184435088171
0.752584156923624
0.673201364547863
0.583513921553733
0.723006889157538
0.742813544354684
0.848698050221147
0.746045966279743
0.703562895946781
0.867717187540286
0.698594681066688
0.842978066333042
0.760992472177921
0.674019295517586
0.840022558317519
0.714783862607871
0.944657135116795
0.751806240390602
0.666186332360596
0.838181043352946
0.840915664577265
0.704384344437799
0.754522004824343
0.757004227778095
0.850782080265853
0.775869714862713
0.811192357628764
0.665593844330203
0.640231728204641
0.870860808884692
0.842669873371603
0.806868610097491
0.862493712807764
0.853666397668811
0.931189479969806
0.837914786294248
0.790927769143225
0.90145862725632
0.950260594178316
0.76984073881494
0.91844695799118
0.678825049141857
0.756004198169902
0.84661519100865
1.03155658140778
0.742457977863249
0.878150463402212
0.810235813838389
0.675161002082491
0.845198795303678
0.917217340520905
0.789465671786025
0.780904723219355
0.887915621831568
0.88106125393207
1.01223842719856
0.861313802919805
0.896115283748011
0.873251542403919
1.01461879916062
0.80470428749237
0.850537758741986
0.941179183988066
0.770905070567776
0.974374617537594
0.940606193135919
0.669485352686623
0.887006681757478
1.02825301061617
0.903508978723487
0.744361969754324
0.933882551044933
0.775653514045028
0.895088579158405
0.869881312289447
0.770673877474094
0.86720993856204
1.05794337141124
0.828223807421187
0.817036526617455
0.989839935758432
0.934115808321676
0.878350210703388
0.955064738013546
0.871829963113164
0.890469183003757
0.918549859367176
1.0353459838892
1.02620455702197
0.836874131240391
0.93056168031386
1.10866399415471
1.07686751480103
1.01095758012342
0.979541276317554
0.946267754619742
0.811624538907433
1.03733674823668
0.972937450415795
0.88421351165161
0.805951274887515
1.04402160910485
1.00464641277812
0.776666298781808
0.767226662155537
0.837518062925355
0.952194834401744
0.858346185660293
0.968714326918263
0.840725635552082
0.977247960052428
1.00955064863196
1.0762671788238
0.994933227822319
0.998781222199352
1.01407800961269
0.963230458616564
1.012605854524
1.03761156945477
0.97190819758914
1.04393446274657
1.28600296250295
1.13839950543345
1.00517236115952
