"x"
-1.04974884095471
-1.12491696402766
-1.01844878854461
-0.947914437822622
-1.03568107200136
-0.997889903390997
-1.08492278911895
-0.975417424485567
-1.13975118834135
-1.04053904321563
-0.97494107287856
-1.02002028473796
-1.00543857593701
-1.15254235548772
-1.12453263566053
-0.968827060232256
-1.05664525667625
-1.10357155119308
-0.841134318829622
-1.0356685431486
-1.01163047243269
-0.903586766648294
-0.916844291169524
-0.98413336567208
-0.894173150656664
-0.855881700303668
-0.996015485710881
-0.847890366623618
-0.934316634855545
-0.885360607701575
-0.922012233073766
-0.908787241120827
-0.995415947980693
-0.852086651281265
-0.857572158684114
-1.05593305056219
-1.00940228002497
-0.944040510743339
-0.880217074985878
-0.968213643834847
-1.0451219675831
-0.801263708889885
-0.970887222177885
-0.978722562080855
-0.950346075335299
-0.930129145476162
-0.983040659075638
-0.938733800967534
-0.88435072196558
-0.971061891536828
-0.90837782121322
-0.949942603736087
-0.886046319644908
-1.05670931466428
-0.872377915005247
-1.02475904813485
-0.914169582478166
-0.731337499030077
-0.797917169323896
-0.891211500727615
-0.867853053945184
-0.892133174319674
-0.739190478306677
-0.890916954340613
-0.95267002100532
-0.858615105017235
-0.949758424600708
-0.966175953713666
-0.98077868642921
-0.826745206403906
-0.780844363774475
-0.871458623353376
-0.810516609510947
-0.820249890222338
-0.969200037549291
-0.856598611731817
-0.889483264000096
-0.645063682969282
-0.859041571368142
-0.742045081006896
-0.719129815338313
-0.75155986550574
-0.868784999305209
-0.900686041838823
-0.991083541072991
-0.803530760500182
-0.789515449468158
-0.907322143514907
-0.790963409635616
-0.866225073220141
-0.779077357538264
-0.852371297785259
-0.916947267517621
-0.79515047539931
-0.780518577442724
-0.728135837504469
-0.731130386229833
-0.733926703730986
-0.711788321050997
-0.708657241880778
-0.844425132048078
-0.747859334417358
-0.612944372787433
-0.88517246730839
-0.82968933028528
-0.799818495529104
-0.848394966688406
-0.794001890412503
-0.76911501886354
-0.727610350724101
-0.70947523599019
-0.82178393569224
-0.702366225212318
-0.860611722097863
-0.711497922933174
-0.905220430931742
-0.725818477856874
-0.899906248900834
-0.656178876550309
-0.870504528531131
-0.718212474722982
-0.791316472551263
-0.815191121249392
-0.979525009809644
-0.752426582311802
-0.835553997336279
-0.758216855035366
-0.653524204227364
-0.724269339247437
-0.700367780955182
-0.695166434703743
-0.773057453226845
-0.792857117683939
-0.87652571242858
-0.918137861706313
-0.788185618407365
-0.654224902896371
-0.62954539287078
-0.748884877878767
-0.688321280395166
-0.797314158129275
-0.468788338972692
-0.683110440969116
-0.781491485890552
-0.63933055989961
-0.512252891040147
-0.877903779200193
-0.54782300673167
-0.679638853723417
-0.615819496558086
-0.806139065123478
-0.698085359959157
-0.79639838071951
-0.720271457677209
-0.610446085088672
-0.636462835746395
-0.581974569501645
-0.6275430522794
-0.615719695227775
-0.68451801493485
-0.622346768301746
-0.69628314184441
-0.61526478497549
-0.525724484375997
-0.64215863381745
-0.618105796142374
-0.704530915093423
-0.606157512310279
-0.570059422260886
-0.679239414856794
-0.754965408343071
-0.613580429356525
-0.654347390642164
-0.646591489437521
-0.589599276293015
-0.508641185665716
-0.584000680520436
-0.583580436599369
-0.648542686822478
-0.678866238317617
-0.742379294400513
-0.683872743162116
-0.439225845516529
-0.592439660414516
-0.611635422539824
-0.690958487314511
-0.591624800476331
-0.570744968936241
-0.737110175894097
-0.610649221984681
-0.693933497207057
-0.605983460211263
-0.713227536935503
-0.703963582914576
-0.516959829214282
-0.657916163591843
-0.629116863910922
-0.661080079643446
-0.727027658235813
-0.521656067798096
-0.670389191535936
-0.614071945996589
-0.647789963101323
-0.601755141633591
-0.597166738998688
-0.528138262209862
-0.630620013920147
-0.586738199800781
-0.627933955101484
-0.478060992618279
-0.497917038664549
-0.486649696592948
-0.559111523701094
-0.489686855415908
-0.515180186034147
-0.537285089950457
-0.464377748927213
-0.522516303998869
-0.605121864319512
-0.590877723885545
-0.563188488874664
-0.609585529588003
-0.631486215822303
-0.522533488655748
-0.424992813743943
-0.581460525009869
-0.491991351753489
-0.587600984819611
-0.51524132872022
-0.47349625320149
-0.443019408441464
-0.591503107368607
-0.500160524904744
-0.526278031734777
-0.539592905015007
-0.468693159606379
-0.541135588478487
-0.519274380538178
-0.566984152891169
-0.511530029053192
-0.572840287114147
-0.561592346628427
-0.495168364642206
-0.641835208116532
-0.539566492844475
-0.535521988686378
-0.492139581152234
-0.574186889224719
-0.468332021171687
-0.535168683838456
-0.525709754690651
-0.603019210277826
-0.38787530302905
-0.624766944319069
-0.47105743833346
-0.567767508517546
-0.516559323976291
-0.535030802832289
-0.467686913536095
-0.474964576271924
-0.616012979648243
-0.619282885093884
-0.368775725975925
-0.568439861564276
-0.400653780927379
-0.503367000967697
-0.443924818534899
-0.527780881106983
-0.411996595236974
-0.396350467248317
-0.31077597775107
-0.444586299099332
-0.571794403663373
-0.450068574500887
-0.442644224339392
-0.34229433695586
-0.452817050905259
-0.480125909446009
-0.514934625407894
-0.440105935921301
-0.464575990298716
-0.507866386488751
-0.321039381183339
-0.406948715430221
-0.431464563108123
-0.371081168723719
-0.388486399467033
-0.327589678201612
-0.327165378462669
-0.334839037293284
-0.445934120147791
-0.288524291545292
-0.297909647771725
-0.524779648855088
-0.373773921078709
-0.380845256379032
-0.454243810766264
-0.227055238447655
-0.43230558615886
-0.422678304652472
-0.430957118854155
-0.375194789042015
-0.37607604840032
-0.495788968724653
-0.296268418695365
-0.408432034483374
-0.367788644325541
-0.458066185451835
-0.461500542689232
-0.369563549952695
-0.430972751516913
-0.30044541623096
-0.306517104552365
-0.401567203778947
-0.323229873873558
-0.330218659183152
-0.413814805229186
-0.174161615297859
-0.422342845955124
-0.269972728971374
-0.357843637924953
-0.416295243945679
-0.416373520140073
-0.407281173617769
-0.361516725424987
-0.462565171761821
-0.146759874550071
-0.327526087198533
-0.353554685827264
-0.181928498173478
-0.336144710098726
-0.269703538640762
-0.373441264241368
-0.313687405957143
-0.347787026492921
-0.446007665365135
-0.341013488775106
-0.410341454820215
-0.396125330960124
-0.229436930358927
-0.330923156846382
-0.365384211419102
-0.248737083090261
-0.427139636316034
-0.367386140446608
-0.246230175489466
-0.361397920823654
-0.478598111528602
-0.440266389373232
-0.216644869384778
-0.309910059789936
-0.294667434481536
-0.196843679186786
-0.270622887446566
-0.214792774698042
-0.24360913905829
-0.331591633184417
-0.298543671241106
-0.419989795310057
-0.234074747653092
-0.378123895797419
-0.385313295980176
-0.302900804907271
-0.273789998143371
-0.178622598790055
-0.411035720061226
-0.303906706030821
-0.319157535278513
-0.162620320068643
-0.206133412620613
-0.227377955819442
-0.296601843219216
-0.276784342653067
-0.396048490330418
-0.25578891187122
-0.214631059535574
-0.301353626597038
-0.267559358467625
-0.327528784050319
-0.372876989776451
-0.269975284481309
-0.245443627060478
-0.375542852262685
-0.232495165517447
-0.354748709795791
-0.324110731021791
-0.378238039784199
-0.183398781391368
-0.232181562514208
-0.208645077437356
-0.184675312790789
-0.162021605410664
-0.271673776785761
-0.0659254872114542
-0.358409125518318
-0.214494093698283
-0.201678124879609
-0.137534918919122
-0.281248064913085
-0.324070777533239
-0.235245591634796
-0.094461917224887
-0.196388938950733
-0.284130321297927
-0.335353466273495
-0.0253409682028182
-0.0713021515232875
-0.352153763399646
-0.229940225052635
-0.230038622364259
-0.276550655669932
-0.0357746228195596
-0.181596507295441
-0.253206721150954
-0.202084336004346
-0.178420815137772
-0.245943687334637
-0.171170944429445
-0.0930572748656347
-0.153539942748139
-0.10061795620737
-0.19150512141298
-0.143351624798227
-0.198794445097656
-0.204090236319424
-0.0583356124548343
-0.0781889067145066
-0.1804484138728
-0.0982413192095811
-0.0120817417340328
-0.102994910821524
-0.0725915715381541
-0.237512358906533
-0.148188554359267
-0.0558482242130331
-0.0390558463948481
-0.0896002452374802
-0.0490279253029488
0.0661613945258158
0.00502230764511702
-0.230021654204319
-0.134363900550491
-0.0678654830610036
0.0712023625997738
-0.139036151209181
-0.0547989890432538
-0.148820121141869
-0.0305935505905498
-0.0768598821845961
-0.255409948294856
-0.131195546119661
-0.124595388903536
-0.123501835683474
-0.230037522822356
-0.0224573545793927
-0.113780325904435
-0.0425235069223368
-0.0219389127225975
-0.0508200693058189
-0.115305024844944
-0.0802289476358939
-0.0194192934924508
-0.0503981312275334
-0.0483288792526504
-0.198089601468026
-0.101877668645884
-0.0470726762729403
-0.144318219572119
-0.137346358705036
-0.160251508976173
-0.103309293718549
0.1486550149936
0.0858053387287606
-0.124514837474405
-0.00980636472683681
-0.0338182256153284
0.057624600467601
0.104766667313177
-0.0134130136459047
-0.0653363672695589
0.0183240839095696
0.108150050976647
-0.0229198866670822
0.00248410672922571
-0.0450887646201401
0.0126077720846901
0.0404343033729516
-0.116045538427868
-0.0691871194653267
-0.0164117204920845
-0.00482144421660176
0.0220407012043442
-0.1368975871782
0.126879101722398
-0.0454699018032523
0.0652275401418125
-0.00836668862650521
0.0375372816892487
-0.0976275696820101
-0.0296215729374583
0.000826761448484739
0.139378018427528
0.0581744008912801
-0.0416636431910816
-0.12341330111949
0.189619894707664
-0.00466522104777319
-0.0453986041603397
0.0922219511551734
0.144230531373071
-0.0275500524394884
-0.0367623459420038
-0.0714573146774999
-0.00491878672709239
0.147906401653781
0.0485880568292526
0.143713690114362
0.071195137601544
-0.0195241860471728
0.217246978872154
0.137472675853137
-0.0649011864556284
-0.0854023967975872
-0.0570706025039187
-0.0893652507562609
0.0573506166766081
0.0921693534953337
0.173993487827981
0.144166233114466
0.0381605054607932
0.0612003776048644
0.0642547563666962
0.0316996225189698
0.118851716761324
0.370464247387743
0.105502614614704
0.0666550697350378
-0.0484441418472277
0.0764661299604852
0.0784682063240058
0.11603386219658
0.160257354220024
-0.016635468673649
0.0650486544083976
0.210572885931678
0.0641454955134791
-0.0186152781938654
0.111957052282289
0.0461272936610896
0.111032596266291
0.10725129041154
0.109695956453112
0.162898325369819
0.0523396979345572
0.0425635035937018
0.11560052087899
0.0507503601135281
0.116671615546495
0.131926540881968
0.148426646478957
0.196985712007105
-0.0515113014600893
0.0919651587251864
0.166240168952884
0.251291006665654
0.0376013094128224
0.048264384537949
0.178941410719439
-0.00918492450846839
0.204485055377613
0.0112196578933097
0.259039148691697
0.171676647845928
0.141694226906035
0.133065709605464
0.0900328641899925
0.268350464504259
0.0865681861215101
0.238371154628352
0.0115536923034636
0.228669597301989
0.219374837216214
0.121056432849445
0.0792496744371697
0.337457759726466
0.236773962606255
0.230471051102649
0.188634631327191
0.0799534391826426
0.0544065422902799
0.0898554784959659
0.0392988361782538
0.258669206496896
0.295175544855524
-0.0259859669566288
0.256378869855441
0.30318541612541
0.236072302990883
0.231270595221914
0.201626091700458
0.14084477221871
0.159128295381658
0.2724500508572
0.083150007592943
0.317642984104405
0.283943839775311
0.171581353352047
0.223098491636591
0.235957649919118
0.281390721093441
0.296824787867398
0.0912307240789855
0.201289063889768
0.272637055800494
0.267916375953688
0.376306171967175
0.261495978625088
0.251884867700724
0.264317711217244
0.216110474015996
0.143550322576597
0.267997364114851
0.289785266994456
0.0561489857132868
0.208532481660915
0.233504269844169
0.392409877900865
0.160358990663025
0.380565354089719
0.381037145672675
0.265932622908469
0.155090055543601
0.280091067947357
0.269196415695949
0.338739909082221
0.171740287892983
0.385567176820891
0.430594931395303
0.276914885814137
0.272812694683154
0.245955508914943
0.214243623454237
0.401534490120664
0.464176885145391
0.31546421503759
0.188144153668144
0.130798032207089
0.459781568738124
0.316001490915673
0.219622576406074
0.328736815093864
0.248178199423466
0.414140069706289
0.26674895908267
0.2845631373377
0.24232122991847
0.235419395181545
0.392193674143028
0.278292979430251
0.48955626220887
0.291629018423882
0.357571076430739
0.360620078105391
0.373298409599898
0.307642868545386
0.242223794285281
0.424160912306898
0.34083902458979
0.448343862929106
0.329315769800139
0.457535873681588
0.330155268592554
0.283184447346744
0.361292144617482
0.479205324093101
0.446014601275035
0.417133564652263
0.378648066919878
0.366353834741474
0.3359742790742
0.156304329510046
0.441143619955754
0.188639954473713
0.200714508479418
0.435448175132779
0.469398268455454
0.434189490378121
0.348094090857846
0.336191197673441
0.329938648304357
0.381727355073081
0.367609228519766
0.315787079827081
0.344392398931447
0.36323581529683
0.344890204071767
0.288307973894694
0.372138759234861
0.459500625723552
0.359164753970672
0.430899177521257
0.321227858084463
0.360302830161731
0.304108888405914
0.243015403372656
0.571701388392034
0.468223000255913
0.333436531899044
0.425705294919367
0.531446301993695
0.4311413969932
0.452878180198014
0.343724135987832
0.353601799849748
0.398893746774432
0.364242737964087
0.30595381376986
0.388137080945703
0.301970240104084
0.410985395143156
0.502898829119693
0.474999074870193
0.471997124399006
0.46529265206359
0.541394197094725
0.44633392339895
0.493319632788119
0.421952188333435
0.616674479596032
0.368018530403139
0.532974441879369
0.42331494988022
0.409831562649443
0.513563761229959
0.43163092375866
0.546031570556295
0.500241368603214
0.336170220380741
0.384357798439095
0.425874046373845
0.365900237174545
0.595539173594152
0.627225905923987
0.66952287521507
0.453941219253096
0.486486215873628
0.59873069848021
0.509291144921779
0.429850883603696
0.469237999571336
0.459828560700385
0.535268480019426
0.465248086964461
0.639779670346802
0.348493600248031
0.591807836434031
0.59400240860147
0.459831074580689
0.638817297917638
0.57507086335756
0.58924541927175
0.649269491512211
0.528944979489044
0.462427351663727
0.448232803409322
0.60118949187661
0.477009485888083
0.496772924900444
0.598226904868188
0.55580077018182
0.50510643250707
0.578492778088458
0.512626396899379
0.717494647980081
0.688589817220229
0.395965266157189
0.441379977600103
0.563067631761401
0.56974993561729
0.47441219226695
0.373905648038901
0.465866917437753
0.547789144314451
0.595197636661355
0.598262931203389
0.437264039843681
0.706291618107812
0.651283386219603
0.573161497985495
0.571452212080562
0.688810293332611
0.420663148638185
0.352487946485439
0.538701648085097
0.526841339368573
0.541218608883042
0.486535557358683
0.449277363833033
0.587605290033364
0.566152016055251
0.852597582819549
0.68473301871095
0.564749147043942
0.639342331418929
0.707803302709874
0.599503107230093
0.667667897566744
0.666886965906536
0.57037184031899
0.593483568230461
0.551542340073704
0.694380961985878
0.494641730083255
0.695567604894874
0.671891416804868
0.684559437840963
0.748095682995956
0.569320292852488
0.703906860655129
0.634468908077092
0.677217211512254
0.60733175601497
0.728306003343835
0.84208372438475
0.825464318284434
0.647280547911927
0.616089277375331
0.67049841735597
0.800166213101713
0.654172851983168
0.711070167208386
0.694867583441604
0.658292567591577
0.554961802570734
0.586802671702328
0.626354684408655
0.569736754614561
0.784086983893011
0.584083452915193
0.626214623753178
0.484400674627779
0.607324816736419
0.644253774307783
0.520213362436417
0.679939636105752
0.649597765558053
0.723089502263127
0.596530695974824
0.742961137525166
0.655189348550676
0.543774330183165
0.595134628692696
0.740020719908717
0.781223608629225
0.823710489014316
0.71654687659554
0.716058683671538
0.762865872656446
0.633837382542766
0.595632661645382
0.739653605426125
0.748311215604344
0.73999596245013
0.756867317414559
0.798024240300131
0.694038992537418
0.795714672709749
0.806332487547725
0.648470559759214
0.654538235746507
0.687031340046387
0.716352090584005
0.835945301160087
0.844814761313469
0.563407657798057
0.717113078326249
0.872266998423988
0.792748115373937
0.810369090988982
0.653006379307065
0.868540173322355
0.791372069274751
0.807873259492536
0.773563972100093
0.770731745297757
0.89801674519675
0.661655322723651
0.840239101229745
0.792171522627483
0.793942063384729
0.731266067756331
0.777052406385823
0.886462760770443
0.780599708946858
0.811334508968421
0.773460824889387
0.764398281829418
0.764145940857914
0.773321526913273
0.829933151566664
0.700769315420039
0.598607364025523
0.971017133885986
0.687329927252584
0.895005293837185
0.842117020273989
0.887469810279149
0.692799603426973
0.841317125924092
0.905199140007126
0.723450993703549
0.803620652035775
0.831968037598419
0.887639884700545
1.00176586032423
0.843948521630452
0.68445498552316
0.777584502620673
0.806700165618182
0.899615105547288
0.803281355455186
0.848368037532808
0.848181016333778
0.852272240581068
0.705654158795183
0.876996874856743
0.816735482043443
0.966753519892889
0.901966766459789
0.757551455798764
0.944161922197688
0.859946819336649
0.835765273434569
0.731282711416628
0.843982938604371
0.795400012121393
0.865083607962526
0.922110280585402
0.854186869643684
1.04356734375009
0.871255614087112
0.865526273178735
0.675905307855697
0.968249942546337
0.953692929347431
0.938479516381343
0.839634830201679
0.929804145849096
0.857442254286406
0.818529282937088
0.821454740812902
1.03929117554893
0.96338627624245
0.861926581542604
0.913866232795701
0.88394800850853
0.888013809856292
0.943580737965892
0.943314237921036
1.02148459923943
1.02954806568954
0.897127554621711
0.815072560163864
0.82701830097059
0.910312689202321
1.00680943717451
0.918659605258715
1.03047481150085
1.0260945361922
1.01375403362117
0.896572657674661
0.836274866536635
0.905274018547459
1.0101884665201
0.843984447803793
0.92933724638607
0.957036527827771
0.894351840638108
0.854859413080924
1.06005503597332
0.909646649974407
0.766351848237148
0.896266057358331
0.861796781660012
1.01027921649875
1.02930037891384
1.04762026583096
0.928803413067014
1.0452259032616
1.08847175750857
0.974275257605522
1.06576946928417
0.974554660534855
1.09406179221905
0.975319438146612
1.02546996864418
1.0118995307327
0.928271542137482
0.966959121802163
1.14210379738495
