"x"
-1.06225514656417
-1.13153682974421
-1.02823728954458
-0.935867629885701
-1.06243268089846
-1.00347155337521
-1.09675290345049
-0.967313717034173
-1.14712596279379
-1.01855835415256
-0.95914125599155
-1.01696598556294
-0.992077206248329
-1.13590585973726
-1.12233338970717
-0.993605057203558
-1.039107957885
-1.10465375955241
-0.841569100639525
-1.02920932048746
-1.0339728977724
-0.880516404671825
-0.913866426956682
-0.968912770291987
-0.884929847975492
-0.851773774991052
-1.00571016133088
-0.850864206403899
-0.933015274823921
-0.877957821267555
-0.913247768793584
-0.927588635383026
-1.00255584665838
-0.835317900191822
-0.871783876755355
-1.06490891993592
-1.04509021350604
-0.947722973987976
-0.871026672009584
-0.969803873543389
-1.06025552773442
-0.794446187169253
-0.973463452861736
-0.981772304717348
-0.94859608916275
-0.94056004375077
-0.99557304303593
-0.936255336602265
-0.871304398560614
-0.980423108322626
-0.904153157062105
-0.947537761215179
-0.8959818025438
-1.07468039289421
-0.88486259141892
-1.01773323490602
-0.934716898143588
-0.723955181833949
-0.797374759766974
-0.887729504721026
-0.881759127018381
-0.893469609380582
-0.729240020175738
-0.868355693450555
-0.933646795860109
-0.861146675090642
-0.947695823594014
-0.978217921301264
-0.982357126130824
-0.844303921547219
-0.77799658999886
-0.88123563429944
-0.816555581487207
-0.845061397153356
-0.962465083232788
-0.846316531369179
-0.903607345675246
-0.648994418165348
-0.846755093441762
-0.749758712201691
-0.710719591400519
-0.757005370144696
-0.879376898411406
-0.906267252500744
-0.995202996392065
-0.8101340892743
-0.80289646700505
-0.890039581043418
-0.795566753083789
-0.873129445074094
-0.782116731748845
-0.848249545476041
-0.920469600251543
-0.781284057784537
-0.779070302943501
-0.720177886315987
-0.717117549646712
-0.724801158365913
-0.724163448823308
-0.722138164034151
-0.868321763703783
-0.742032075062686
-0.601166450310281
-0.861458452234377
-0.820482438336914
-0.790090527165678
-0.854229799711158
-0.812998210785639
-0.768765088194408
-0.70696955563644
-0.711636494060637
-0.800237976151664
-0.713730511925345
-0.872823915737417
-0.706670134749262
-0.905420717627122
-0.722047278464783
-0.901957584800454
-0.672106645945609
-0.88431087511893
-0.714225773559975
-0.809273794579676
-0.81610192761927
-0.964572825891846
-0.747217034062054
-0.839754695930178
-0.745654411740362
-0.635739562700725
-0.718476857341658
-0.702048185379987
-0.702131056566273
-0.794348955623421
-0.787871581144525
-0.891105086626343
-0.903620438893713
-0.790847940412865
-0.651470673444737
-0.61525902460994
-0.73239616303922
-0.686963919380551
-0.799610373232808
-0.474332859857958
-0.687488219776203
-0.753880196111131
-0.637553859694805
-0.509643704406847
-0.87076657704125
-0.562628182544039
-0.683875608537148
-0.647411606510975
-0.813803489187061
-0.674010746971983
-0.801502019841795
-0.73171487368859
-0.608434186224884
-0.659959362068365
-0.588919867954842
-0.628706197128553
-0.622920607242976
-0.681948124202527
-0.613424522932426
-0.722792782428811
-0.610275576165389
-0.532557159928458
-0.643238407527738
-0.619376195547077
-0.705652237558015
-0.598684316037295
-0.566426061105922
-0.692327598752236
-0.748045963065815
-0.619518943996731
-0.64730428160268
-0.642145512864173
-0.58225351523724
-0.500559072177157
-0.580775493770101
-0.594236020997528
-0.650553050839576
-0.678325395322289
-0.73514542066406
-0.68721334211746
-0.423874964415471
-0.599808414843334
-0.617796654591554
-0.701061890311756
-0.584287831993553
-0.584654802717946
-0.72960760818511
-0.623525987129607
-0.684424724381785
-0.627559858575498
-0.737245188369868
-0.69957991624926
-0.495640145935456
-0.648744944345315
-0.640771393159815
-0.681485248345229
-0.73293875272969
-0.506029761243601
-0.673068761570942
-0.630178587009336
-0.632955898207098
-0.622041435476538
-0.582098544084154
-0.493295976178514
-0.643932651454667
-0.5764176198236
-0.639366921513421
-0.511434154186275
-0.504768871474064
-0.474384184081226
-0.566486138021863
-0.50521660187297
-0.507481875174383
-0.531593817265666
-0.482299637986263
-0.495905376144343
-0.589406425642608
-0.558639302381093
-0.559013020972975
-0.575481754574156
-0.601213692433806
-0.52359550281953
-0.421056628115077
-0.570490825061226
-0.490707285058614
-0.60007528120441
-0.523489504278985
-0.481241435099174
-0.433376080527173
-0.604436774747535
-0.49171321445741
-0.518740746451568
-0.55026461011382
-0.471280203945989
-0.524326379558325
-0.524622887754188
-0.579789367008914
-0.520023404346508
-0.570845189393263
-0.557026334675718
-0.490413460907802
-0.631689113140739
-0.532594901762608
-0.522440169587676
-0.491956311767827
-0.545887763757622
-0.474288518126238
-0.531517907072867
-0.519484629599264
-0.588102010292999
-0.374198987863273
-0.621855278163094
-0.472968584431552
-0.555863936214404
-0.511498795798724
-0.524377726314695
-0.467844248609903
-0.501102071378014
-0.620805904617389
-0.633942920056129
-0.346166090901951
-0.554887967077772
-0.424041007799981
-0.477063065565334
-0.399342166547444
-0.547485592125296
-0.409697784692187
-0.403693667008139
-0.338056203022386
-0.425532513634736
-0.561154545674712
-0.440613269700046
-0.432853271032224
-0.35715520045033
-0.450342426555898
-0.5194447266869
-0.529725394409067
-0.442532273230786
-0.468003011610941
-0.526371375778308
-0.311670208122545
-0.424357340551858
-0.442864797936641
-0.359020438306417
-0.378277406647987
-0.324969674365494
-0.339883280810314
-0.341383572072656
-0.463662549733351
-0.277016738898088
-0.311929998145144
-0.52321813888459
-0.361371660078514
-0.396637539843819
-0.456143853925395
-0.241694631836777
-0.446046819335289
-0.417809287913836
-0.430667610025467
-0.364750667063843
-0.369489546134379
-0.503686005767609
-0.310622765864108
-0.386432983583609
-0.368496602788636
-0.46710288965377
-0.465895755897037
-0.367135103107577
-0.44132033186756
-0.294988134978827
-0.315368377187084
-0.402882468516033
-0.333684109100704
-0.318759088535374
-0.430798160527345
-0.157222281432517
-0.433853781374603
-0.257699372730344
-0.363562253868942
-0.405027950599195
-0.388351212823773
-0.396561360894293
-0.352329501001646
-0.459248790295037
-0.137812418208649
-0.335704023047567
-0.348588585741674
-0.163240220227066
-0.35167170667186
-0.252747686362708
-0.380207530229223
-0.314451238683519
-0.346574022719196
-0.422216610685122
-0.356206379405073
-0.397669627629975
-0.398750954211253
-0.24860618967517
-0.327893209697484
-0.337795795545248
-0.234743123670349
-0.445164552849805
-0.372104639065172
-0.240368520196488
-0.368159814229113
-0.482147460670573
-0.41299360840616
-0.22639809297125
-0.313202733567185
-0.304052296946021
-0.216149270702969
-0.272370922952158
-0.21600591758757
-0.258181312389537
-0.340907269547035
-0.293705065817573
-0.412446873029335
-0.225921840470559
-0.381885470391019
-0.392508954488875
-0.281974611701681
-0.279636141592556
-0.183318334098639
-0.427382120576232
-0.281603092324842
-0.330309133803615
-0.171241539313412
-0.211477946351798
-0.253847605177707
-0.304118540358207
-0.273829428060148
-0.395679585391843
-0.24832471867022
-0.221076555957083
-0.30482380619845
-0.255580855822022
-0.311605739116524
-0.377680784304456
-0.292375003345258
-0.244710207531762
-0.38109751824934
-0.224200484276293
-0.346341132901457
-0.301104662152518
-0.385846470754267
-0.180645145796727
-0.2225393364912
-0.209370116786943
-0.171124489916275
-0.146316802226518
-0.269278795437043
-0.077407798223176
-0.33988392580366
-0.222606681612785
-0.217742168289267
-0.125050695480718
-0.302287100891182
-0.304003469977749
-0.248276118579788
-0.102033105263327
-0.197133637508699
-0.278113830458039
-0.356920949358841
-0.0482678597918354
-0.0737575296427337
-0.363472121563779
-0.222466791308989
-0.200532421634113
-0.269406582235039
-0.0387323345410735
-0.174509624453169
-0.245316681840642
-0.190746525136975
-0.176948468505986
-0.23948822421782
-0.172998912145619
-0.0628100722483426
-0.152363312554645
-0.0990158073172274
-0.194831026364547
-0.157187297814995
-0.188984841601373
-0.219804559943821
-0.0529437553520163
-0.0843705366587993
-0.176860738817966
-0.0824383278818141
-0.0212173981816034
-0.0983701647824318
-0.0753100817033147
-0.262526129162922
-0.153596902114789
-0.0658471528496554
-0.050481167385286
-0.0829795696475441
-0.0419722574018079
0.0624796572945376
0.0282558070431564
-0.217927008107132
-0.146847280698127
-0.0728739667436906
0.07987782907103
-0.143279603518975
-0.0751980799662309
-0.1704207928966
-0.0660916271086144
-0.0682042808580764
-0.269639249429797
-0.128445712006873
-0.123840907307389
-0.13613284595376
-0.204302106700653
-0.016655769438336
-0.106658611629507
-0.0251294091800603
-0.0238584230039581
-0.0312284662754892
-0.12180889469264
-0.102199021612249
-0.0124227533880468
-0.0383483769847042
-0.0486570655698345
-0.184168222073516
-0.120457590876203
-0.0482463499018253
-0.126127475205453
-0.141212347847941
-0.142699867456907
-0.0893385748616491
0.143090720678743
0.112207627027053
-0.0992692533940311
-0.0198859554306788
-0.0396967409662915
0.0460812879415424
0.10411371581407
-0.0274390482019118
-0.057201907012082
0.0306837529514568
0.0984562083871428
-0.00811386882919761
0.00493765174943964
-0.0121574283315846
0.0163015642568271
0.0236985880628695
-0.106067944808964
-0.0716996953050478
-0.0270367233089485
-0.0137520943331758
0.0194303699737662
-0.129030615883839
0.123113156957036
-0.0486311045027131
0.0735874653277864
-0.000758651500527217
0.0251784684742331
-0.0864660867684076
-0.0376333247035288
-0.0088867722348032
0.12323128501157
0.0420089087700677
-0.0421552728738954
-0.121749464791707
0.192730311948219
-0.0163389332532136
-0.032330739541604
0.0604077150234684
0.130657411341514
-0.0278162308555746
-0.023575548077598
-0.0747663704449075
-0.0236047688595901
0.14491239344447
0.0507945289662024
0.139789761038026
0.0319177314906175
-0.0466147832502427
0.219347307181804
0.122480054987149
-0.062320288894322
-0.0824713299029044
-0.0399853123965562
-0.0709495015292992
0.0508595982855198
0.0864041870556497
0.204453720408628
0.137394058758174
0.0238106111230661
0.0752404015320779
0.0601320330885954
0.0516629767870195
0.131323063671081
0.353419440290819
0.0802925565359751
0.0773679268497792
-0.0474212256489369
0.0740115120484412
0.0801997956761064
0.123913785910121
0.167646617352382
-0.0194630582318234
0.0711283338944684
0.226470432997798
0.07558408281531
0.00428500872020515
0.133592231305199
0.0313573557261028
0.105026986857623
0.090674105155959
0.102891016608041
0.15326589790505
0.072452123717781
0.0493223059609306
0.102896004823584
0.0395570974448217
0.11446130522705
0.144481279660562
0.138179385534992
0.202814600164975
-0.0377275896215074
0.079001202141174
0.183329464308572
0.251295537502431
0.0518938979041762
0.052378218791981
0.179892757945765
-0.0207176642669855
0.216190208062743
0.0137011058469688
0.255826497311622
0.172125516284053
0.125314030932569
0.112455118057633
0.10254814047402
0.260903737132173
0.0721583605598104
0.235292822341136
0.0298764614451553
0.246717509567374
0.227938141559061
0.121548711979972
0.070835270587056
0.34383594104335
0.237811778915567
0.24126166932838
0.180352957668887
0.0830437922263159
0.0477034463576042
0.096792975566583
0.0335055577986865
0.260313397065358
0.284933681660998
-0.0218329601577863
0.257119363425115
0.308857365284228
0.23172773578452
0.228686792970456
0.194163261841022
0.140607600625432
0.16914663351206
0.283174745213633
0.0986071741111521
0.317599378859504
0.300261292276624
0.167145696835016
0.241539692307171
0.231956825596885
0.268678613953596
0.294957190504036
0.0855957890219393
0.219449739241833
0.275731203652522
0.247121429683545
0.389268794993854
0.273231587453565
0.225854572158612
0.272267513828017
0.245095425416217
0.144924096701091
0.239249120006773
0.288496982952683
0.0528474152655006
0.203855715124534
0.229567234055659
0.36236603701071
0.154918855243504
0.366420677245316
0.383825956842781
0.25078326850013
0.131355280304481
0.281056003485175
0.260478396695066
0.329617650114066
0.199337014391484
0.392592658260279
0.426088044682187
0.290603744120349
0.263470288397466
0.251032673110362
0.214312267693416
0.401069328749054
0.4566897283063
0.322741472784833
0.193257731333434
0.135086684948722
0.438425023329482
0.303115987938632
0.239902906102826
0.321233536921595
0.245764420798064
0.391885457028285
0.273690098819204
0.290545972877783
0.264201393947018
0.255896181627776
0.397262823175736
0.284917623968539
0.487562176737459
0.298275337107123
0.382065952069822
0.356776559621859
0.37649195630862
0.300868886117081
0.270812117990967
0.418299823617958
0.32086096097827
0.443983509876781
0.30825071129079
0.43271355088517
0.320922510819032
0.298988579074898
0.361695880398889
0.475926258740862
0.443749550807959
0.408570707527029
0.391226636299875
0.362552703370095
0.312912614814098
0.174696708907831
0.423134971083469
0.198643315974935
0.201954708998614
0.424101723877056
0.440282793493387
0.416173463047467
0.363943462235334
0.331909729130881
0.344571708986968
0.374227310258354
0.367821001820956
0.336289006683409
0.350618523880944
0.376515010656954
0.32537188942774
0.270378826800385
0.372361118272932
0.441507086741274
0.361128223295574
0.427563239816956
0.324129066754353
0.35821241299987
0.280347605007026
0.210369301653665
0.546535795622622
0.459500205721966
0.325844764177179
0.416860822366611
0.517649614235617
0.422573845828747
0.462927154090677
0.359534364155154
0.354345197000326
0.403526089086586
0.360747139024662
0.318046934453451
0.400437957518012
0.291138950148944
0.406951409478758
0.503487490230742
0.467276653522837
0.482696624486264
0.474550378721736
0.522626735715183
0.449256210291462
0.50737809875996
0.407388218293162
0.63869112658601
0.360790209358352
0.553346792254087
0.439214965440687
0.407873645510163
0.499436028395333
0.419372221497717
0.541621017848753
0.503213853677251
0.333123606580858
0.390523224569352
0.406566426867537
0.37941532404004
0.58833428584833
0.640604843483338
0.662735906345693
0.473900106393827
0.486786854499785
0.597209316293433
0.509917694657265
0.418577402279185
0.468092151486143
0.452947694114708
0.545738225876431
0.497045407324648
0.638589340236704
0.349851806073604
0.585191423810265
0.586464402358111
0.455410652582471
0.643656194319373
0.548689663959494
0.58932372597009
0.641910967203437
0.520708228447254
0.453852677696569
0.460947603475968
0.623781662611075
0.49280075274273
0.473348175681785
0.609480950588955
0.558485520375132
0.535233737303161
0.575153907164536
0.514144041573356
0.721632359042506
0.695100141832163
0.396264697125074
0.455679565531984
0.5686895613788
0.570066054909273
0.493946466185709
0.355199204254244
0.467732340518294
0.55203158465457
0.583945806995471
0.589678857818777
0.434398057037122
0.685983244951573
0.660453129543969
0.584496220992848
0.581807440763301
0.68862952424593
0.424976589903403
0.378481033182558
0.537683989252449
0.544088079443414
0.541155734806528
0.489393168827408
0.427393683429471
0.582634471823647
0.568802106347057
0.845973175859278
0.669824756042717
0.567951672545715
0.623720771417448
0.680100112053928
0.640460851586773
0.666063039863567
0.649670709497362
0.580462132135811
0.579783376502652
0.570542002617961
0.689354469596143
0.519859721112439
0.693023075875367
0.694124507781512
0.685795398451109
0.748859088182301
0.582390733156173
0.68748330884318
0.626864841735743
0.68003055447128
0.590794063916553
0.738438581742685
0.836123802001987
0.837745503096898
0.630899435232486
0.637617026419956
0.68196850028426
0.791467615555613
0.64549954230862
0.706531595505427
0.714889354679248
0.660165401121709
0.574519933823735
0.599913454352334
0.638822455095844
0.567763350849043
0.790602444835824
0.572538288449172
0.613579521797819
0.486484059142499
0.594029420613123
0.652307591839424
0.532410760149041
0.691237478603031
0.656717894663192
0.723180618022712
0.612322521701526
0.722488672960487
0.662901195698742
0.536626676248371
0.607459861115571
0.751215562710536
0.78973537968688
0.818006763749011
0.724086895702601
0.745877517413274
0.760074192644358
0.63305046720073
0.611694167457994
0.771551762904054
0.749623247342372
0.752582115017581
0.754508317375849
0.814117000915343
0.666786334686841
0.794467026846583
0.816553280067065
0.665417801379617
0.652812812289375
0.664093039856881
0.695257503734064
0.842908715704034
0.846404097947885
0.578599412952189
0.710004998914334
0.881204008360201
0.762117798974122
0.826284869433858
0.662593136122796
0.866141016239315
0.777195772723094
0.811963079866136
0.766588091955051
0.7716784550348
0.915227878764625
0.662272196277745
0.834110399023837
0.798535543962102
0.777829360274178
0.727577042659604
0.778674053740038
0.879278753716948
0.787670750527126
0.806094347674072
0.786597702342724
0.781824144944607
0.730191589933275
0.742593532420321
0.849686568490904
0.709003803849652
0.602538979226278
0.973671849192967
0.683376189046684
0.890295945758761
0.871833379964308
0.859068315411047
0.695432266264265
0.836887130781961
0.898123889118764
0.733254181905705
0.810052917844743
0.816104661369036
0.898152615602281
1.03342358202441
0.863588757291207
0.648794436630427
0.769441353935032
0.801110371769801
0.906535168126674
0.798655487806707
0.837317157478807
0.861410443694306
0.826305809477144
0.706518811076273
0.896350142316015
0.831973064423482
0.963036522980121
0.897692508941759
0.729726730601963
0.948547647560049
0.833731109046151
0.821889095806907
0.753204023887806
0.840099597759253
0.785524659195012
0.863292799057816
0.938886724960634
0.869045784086742
1.05156987152735
0.874639837247573
0.880382106002247
0.67198851370449
0.965310297866156
0.94340398497204
0.939011302102646
0.839830466868365
0.934082714238491
0.840378259763383
0.822649860102331
0.821063170125652
1.03629855855769
0.955602836790446
0.865642962854137
0.900664435327886
0.875228154784998
0.919489387313851
0.951545662703734
0.917437059413529
1.01524387070262
1.01064949839687
0.904042448381162
0.812187357208856
0.834574783991147
0.902217549971073
1.0341772634308
0.933161275825681
1.0112409301443
1.02894185918207
1.00808783747776
0.89125546339757
0.837060821199373
0.901975129873466
1.01724204227482
0.869987926602686
0.927644693492201
0.953492712211692
0.907298746514477
0.860088288728963
1.06946016497762
0.909982840877867
0.765276597200811
0.876458175199441
0.883596900782764
1.0068021048039
1.04501707978993
1.0387312239287
0.939465669109957
1.04837764845292
1.09737565552294
0.97248389725508
1.04896626622017
0.996733286504658
1.07546177233376
0.9760153350986
1.00605931371676
1.03135461631748
0.934420227990259
0.961211731121811
1.12031729117556
