"x"
-1.05364766854829
-1.1310315376645
-1.03905306826642
-0.925699635548352
-1.04092455298261
-1.00022075157913
-1.08654010477835
-0.972534722334782
-1.14447225861556
-1.01179144155036
-0.986004351187169
-1.03748547012904
-1.01129663338896
-1.12909936015443
-1.12251463694359
-0.988378073355612
-1.05389095993306
-1.10771676676778
-0.820403019145175
-1.03315860238964
-1.00083491089617
-0.892523976760268
-0.920071365575473
-0.984695584724889
-0.919521721158674
-0.869251140108584
-1.01452058735251
-0.85662474031614
-0.926447352529929
-0.906598356803047
-0.930049626946817
-0.921168764447155
-0.995777552993719
-0.837926897860363
-0.875923254024123
-1.03811249798982
-1.03622732345112
-0.954304791284107
-0.889024032336072
-0.960786589694835
-1.06178052881213
-0.790993135463029
-0.990790725736145
-0.97880685887514
-0.946857236673154
-0.923409319091663
-0.99334555790187
-0.941940026805299
-0.851998379737155
-0.959950566920887
-0.894056497257353
-0.936444308971406
-0.880403416715525
-1.08164275477781
-0.887738922400472
-1.00605710335328
-0.931835588341236
-0.711146980716469
-0.795033989023214
-0.879436740873429
-0.884418965403471
-0.89343598803216
-0.70737100188236
-0.872301521686573
-0.942180488978636
-0.86576804632467
-0.940597421853427
-0.985785736735435
-0.972811328213092
-0.838905862683801
-0.780444964763563
-0.879475469224127
-0.812161835780759
-0.814026403441235
-0.959449552474444
-0.84865538920985
-0.889939984523535
-0.645870887572987
-0.851525989952439
-0.750452091029604
-0.710501233761794
-0.748977641515276
-0.867534286713039
-0.877149089135198
-1.00626334699617
-0.82132094923469
-0.80314791569837
-0.896478779228605
-0.79440837664556
-0.88168663865945
-0.781746385254901
-0.842649258106119
-0.936426144037916
-0.800402868537172
-0.770864733840936
-0.726671857192126
-0.717579028586797
-0.724246913804834
-0.714349340099743
-0.714441339432429
-0.870528591516104
-0.742878466221987
-0.617592604074819
-0.880828005508508
-0.81338408558564
-0.806325316439015
-0.881940302404223
-0.802071689615277
-0.758037908472406
-0.708109974287916
-0.707869561166432
-0.804423655153076
-0.713110609106674
-0.868273050651902
-0.695357076425565
-0.917831301467266
-0.731361126330726
-0.909120606088472
-0.68362447321577
-0.881427294160882
-0.716306726604597
-0.796254287201413
-0.828095482070376
-0.954162766195861
-0.745229412591409
-0.828645768906637
-0.732783487012925
-0.637762582446971
-0.718557661944581
-0.691724445687139
-0.705632468799228
-0.782803843880671
-0.808563245311761
-0.88531415040424
-0.904986996518034
-0.782296082760698
-0.639440424369875
-0.624476662368949
-0.739292639961824
-0.712842826118585
-0.782555846743372
-0.450023291326206
-0.689496146492339
-0.748554223976194
-0.632882061496899
-0.513669241943154
-0.871584917377419
-0.559854573309792
-0.694528517790372
-0.605880180509508
-0.808999216000811
-0.68347051387785
-0.804318031811943
-0.724842676467818
-0.581121647281906
-0.632895195414198
-0.593230334760166
-0.642737373729943
-0.601606139220995
-0.687994429910352
-0.603340456533039
-0.710486717229781
-0.625039431553955
-0.515445672505612
-0.659019883189209
-0.606299359058489
-0.712732225026166
-0.594648884736704
-0.557842922269442
-0.699157162619542
-0.759814241360753
-0.598160077502553
-0.663886967328421
-0.642951560549468
-0.602373949164287
-0.503348332793318
-0.562402501015569
-0.59443274211956
-0.654438723394686
-0.656872482938196
-0.736423482916628
-0.690289569272281
-0.452232181377397
-0.606420251462636
-0.607597106177208
-0.691274303568217
-0.592862699449123
-0.584478429002514
-0.72842750141493
-0.611839078199904
-0.721842926512829
-0.620586484968764
-0.733436585718952
-0.679578068870654
-0.499054687506944
-0.649912040624655
-0.64209395880181
-0.667848788390094
-0.714194808964761
-0.483195189471019
-0.658938112462874
-0.6145339015052
-0.628232547961822
-0.60881495640583
-0.601991654355836
-0.505139961425026
-0.64908724290257
-0.590052356255778
-0.624948422523271
-0.497478815567419
-0.501740968982544
-0.50110580659464
-0.576993461984609
-0.498300611853332
-0.497172248597473
-0.528863105777309
-0.462833055548639
-0.518617755923311
-0.594669322284548
-0.587955665297416
-0.5677304614805
-0.584593625192802
-0.60328196014825
-0.539080034657665
-0.428801619441613
-0.564412691861888
-0.484970108131472
-0.610741335237543
-0.537229035133101
-0.464434435322752
-0.418516369314678
-0.591925920371109
-0.497906315298848
-0.539103861809546
-0.543092686425491
-0.469906281907746
-0.555213441745494
-0.543433520527794
-0.597869485700103
-0.499908015738851
-0.579999618009142
-0.560306776239633
-0.477606750026981
-0.6209323509011
-0.546049479518358
-0.526070034866427
-0.500053579986926
-0.559576407628597
-0.480940380174437
-0.540516769226081
-0.522531918710257
-0.59970779783787
-0.390225908334504
-0.619595206126218
-0.483691432397858
-0.564675854128272
-0.510022815170007
-0.512861742771741
-0.474696535203618
-0.492006171256772
-0.615619609856217
-0.608834282886102
-0.35694474790398
-0.567063299230454
-0.416126697727857
-0.49732780889651
-0.424394719643749
-0.515079657481808
-0.422140754604002
-0.420905918390858
-0.333704479252499
-0.44713479543139
-0.579952545615174
-0.441882246731165
-0.427164741292124
-0.334620528964439
-0.459937192435779
-0.495258366030415
-0.525640569751261
-0.434985333701669
-0.482910583273781
-0.518752428061569
-0.323591477044451
-0.435068591652509
-0.428367121504236
-0.389385688155258
-0.379176709206152
-0.319721679378412
-0.329326341166944
-0.338142295198346
-0.447065667639215
-0.264565908002692
-0.322207662763588
-0.526792547298187
-0.371245656147587
-0.394554876598951
-0.454511754622092
-0.24208908795431
-0.44741709469024
-0.41481613021712
-0.434004406205603
-0.360558237216056
-0.362263687837036
-0.489851831341432
-0.318241148770864
-0.388587197179974
-0.384902305224395
-0.446984992302328
-0.469584953571061
-0.358207514180051
-0.450585517539734
-0.320838928893011
-0.30311074648823
-0.404685649182328
-0.333875123222852
-0.314719140068026
-0.428097422208457
-0.177835321667227
-0.472264193114531
-0.253110413027351
-0.361291469374281
-0.415545963288685
-0.393036474802601
-0.403180213979176
-0.365947291841924
-0.468411798765441
-0.162681385390591
-0.354148177799463
-0.34662228177045
-0.176587691845035
-0.347005649823952
-0.26010660077169
-0.377747967111904
-0.314727227032158
-0.350453943226423
-0.446932209435663
-0.342390153739347
-0.407608173862039
-0.401939224028779
-0.211652305965558
-0.341594853916384
-0.360002274770612
-0.24232647221035
-0.440838479829254
-0.365247726534577
-0.269374346342481
-0.355724054316655
-0.495410051555725
-0.423619328126745
-0.216151637823205
-0.319786021545773
-0.281670077804512
-0.225765519275981
-0.264237185066825
-0.227713132876999
-0.256351656036361
-0.306803911821512
-0.287323634884037
-0.436591910516314
-0.213557916414088
-0.376231345381033
-0.389356387723233
-0.304017193327432
-0.283218422937275
-0.177596774973618
-0.405976263099199
-0.299018821264074
-0.317823713956648
-0.168344443113682
-0.209720693556263
-0.220916137804038
-0.301768683234702
-0.281784307712611
-0.404956214301603
-0.252134164224626
-0.218876851048176
-0.308279821179308
-0.274415260415292
-0.320444282258221
-0.38507155072363
-0.283719944477571
-0.230125809435165
-0.370788353848625
-0.243417581119838
-0.367274385978999
-0.33746674462374
-0.380554891927562
-0.19757174020001
-0.224407010853404
-0.226580525682055
-0.183599714677755
-0.145231439719942
-0.27139802771127
-0.0525235366976079
-0.357263713841068
-0.241878518372522
-0.208065896527901
-0.135855357956959
-0.283294921362243
-0.298474102286761
-0.259818170679239
-0.107472821763615
-0.193457742661401
-0.276051598047879
-0.335602578193684
-0.0561025259881884
-0.0570285336529208
-0.363181541634205
-0.22247469654863
-0.213524535675442
-0.275280318128305
-0.0284979867277862
-0.167715800089828
-0.238284801689794
-0.221799338143044
-0.15488201733113
-0.218437019038519
-0.180415117334828
-0.0845688301512431
-0.158150486729907
-0.0945976983939463
-0.203081848998145
-0.141748506044955
-0.208206681329841
-0.213756560197212
-0.0642787982433665
-0.0656177984330101
-0.196022098169599
-0.0876230115524565
-0.0162372953652539
-0.0968985685943389
-0.0859350844022461
-0.247251183523805
-0.155675843117799
-0.0623235278298934
-0.0321281359490352
-0.087874039461895
-0.0625836649364174
0.0656080256999327
0.0292675990748835
-0.21773380248919
-0.123684317332818
-0.0684165858942662
0.0709842772782421
-0.139308120925244
-0.0754902135537152
-0.172052304545118
-0.0501805331005058
-0.0589520678157172
-0.26583966479302
-0.139994777218656
-0.121985305049556
-0.104860145839747
-0.222274157943376
-0.011778642403813
-0.10224730891897
-0.0568647708912399
-0.0366934756043911
-0.0404761265306358
-0.120742925676918
-0.0742436963680887
-0.0225954261433784
-0.0258198998093442
-0.0616283071645337
-0.188314724486141
-0.10822293929756
-0.0340048059332316
-0.153669651345442
-0.146528793000511
-0.150916405237976
-0.0968360179597911
0.168022121618594
0.0781953680504121
-0.120143465117502
-0.0119334018874568
-0.0265645799252963
0.0475633945233069
0.11168770313482
-0.0032053838341164
-0.0664860726738676
0.00945002287770652
0.0867055796033676
-0.0160684744086155
0.0128011352867238
-0.0233195895064758
0.0229969009372681
0.0405702625935718
-0.0956371144170845
-0.0788282843365916
-0.0298511513054575
-0.00881721052226415
0.0386778128228707
-0.142670710114529
0.120284758437934
-0.0344988395659797
0.0667206724033787
-0.00542820313332632
0.0461117769775737
-0.0866859089667263
-0.037291277959308
-0.0149057861940436
0.13666576621534
0.041927790140675
-0.0366352519732055
-0.103926802577031
0.216612922657904
-0.0147315496701234
-0.0300621603927664
0.0621180256959773
0.151289194459285
-0.0322027689319807
-0.00255728348502415
-0.0847486343035834
-0.00496604908673472
0.155040195568197
0.0575924507080995
0.153058875854792
0.0543847793068857
-0.0279540292219972
0.215273963010901
0.128744543117255
-0.0318181218686917
-0.0859400822930755
-0.0362642470906264
-0.0861421479352193
0.0437597983186864
0.0943300713196373
0.200138488093401
0.14958350216079
0.0472397560745643
0.0690440362990326
0.0631886200807998
0.0364812061341982
0.118161846426381
0.328928724175907
0.105315334868759
0.0666124359207799
-0.0152797657675576
0.0860879653885634
0.0702862065066625
0.105386918667517
0.156256897189907
-0.0109303870181846
0.0907866748472265
0.199723371543733
0.0921109491200889
-0.00569298135233189
0.119358512708342
0.0242270915770681
0.0924036418972605
0.105791102017476
0.0986139144805059
0.183610061671715
0.068365636082232
0.0511424306275142
0.102961676973924
0.0304250244615798
0.136821520045283
0.144087146715579
0.136278687501657
0.207407315305629
-0.0482169489579297
0.0984678820755606
0.178125759240923
0.245908653152668
0.0464849175739811
0.0525870548218325
0.157559143449432
-0.0292508211319959
0.20107320505965
0.0195649403701389
0.239543244316893
0.179544915216786
0.131540077841336
0.120860308400359
0.0757212638110881
0.246959760650617
0.0826279369016298
0.220896923302591
0.0304096625128946
0.278590746215301
0.220063475266665
0.130262975816777
0.108017544259607
0.367077387362915
0.243876971872121
0.231634454850477
0.182670183780023
0.0810595125442601
0.0596030832344513
0.111268874005387
0.0236775329802555
0.278828931308653
0.301882638697383
-0.0336932713930325
0.249580023260502
0.305401894123003
0.237355411147062
0.249358957951619
0.20420276185622
0.146429108464775
0.159987936242064
0.283191630189185
0.103595252119773
0.324449323353611
0.291087008369007
0.173076186436011
0.216834819595386
0.243149985826237
0.235317192723316
0.296291178097962
0.0902599072867859
0.20159354630173
0.276567940256324
0.260217673502355
0.37375477417058
0.240435629219113
0.226996161357744
0.286806813160175
0.21519888417893
0.1361812892351
0.259576588468224
0.311071538269766
0.0367594836537084
0.190266535639883
0.258883932865839
0.383175105115782
0.167389276750859
0.358299014152826
0.377961394941042
0.262614810713794
0.158417414764108
0.286017802204244
0.277317336847506
0.33494367213413
0.17635735388469
0.378399924551713
0.429535028449128
0.27446400027828
0.253651391540985
0.260709398141368
0.218973568761043
0.391017192976545
0.43210083124309
0.337869323552576
0.210018463092059
0.139934281799039
0.419710547979662
0.296341679741709
0.215947297744073
0.330599676233522
0.256439953875303
0.408737913451743
0.266714301697529
0.282586266823615
0.25737774268192
0.236421530925382
0.381922448604171
0.281906978764423
0.48729599775463
0.286448572823403
0.36736527392832
0.345005084842746
0.382762164941858
0.295692894101096
0.25690534348362
0.41994929810251
0.319825605307213
0.446259503706083
0.319166581011121
0.437540843722851
0.345292023590398
0.301474249478482
0.380549358369609
0.472574109185105
0.444568071136309
0.401607523468901
0.363616803337731
0.339103072378006
0.307856980842239
0.165737891140444
0.426248094370839
0.207388108449159
0.212345933078987
0.425511086250162
0.436677099572456
0.411217573466113
0.347173353037722
0.318367540867977
0.360132850474532
0.357528393781925
0.36992835337718
0.348226638858268
0.343805419070396
0.379834912070439
0.329876875879098
0.303161311675204
0.383270134754063
0.440275132815106
0.378278048835471
0.407668302174716
0.315531362502456
0.359292345657187
0.305852006150287
0.232143819847095
0.561018052264026
0.466388172141959
0.336279559829289
0.429861287979728
0.544541643460417
0.436117192711359
0.466430151000204
0.322918235315227
0.339409162157325
0.395641597834184
0.333855395510428
0.335752940369399
0.416454956870694
0.283342581909237
0.439172634892153
0.514893926190861
0.47117638793192
0.4439783531337
0.472507737719391
0.540097234663154
0.464841750924
0.506428695912342
0.409847197359194
0.620904737285912
0.373088214864984
0.550253741075937
0.443997337907025
0.428821444301477
0.527609391250344
0.422957878192607
0.565640770853626
0.512678517799292
0.335965657035857
0.372864765721716
0.421693751826373
0.390248373226648
0.59340443605091
0.63617866074266
0.670577291514483
0.46197990016244
0.481860170489461
0.575410758379746
0.507886485148711
0.440551152846086
0.481535719573282
0.448297983254152
0.524742219530758
0.496399141527988
0.642513814130554
0.360712075694606
0.625280550945471
0.591905414436886
0.459768660335832
0.615562769893225
0.573342513443688
0.574120780280954
0.632325524067494
0.52091415734731
0.472379552336963
0.478837695649839
0.603063292263529
0.477255096254772
0.476233415482238
0.606328249160186
0.573716455707913
0.506183667937603
0.56440513272742
0.497945195076087
0.732664291572431
0.693591584783643
0.383575510265255
0.444341285334782
0.565690605688598
0.582828484135481
0.47741031613004
0.356632463939945
0.475107782793321
0.542215161607806
0.602520211663829
0.595156534511553
0.455501448672431
0.698303032006527
0.656851021488168
0.582753439935221
0.569938874420144
0.697804962867233
0.442733796021312
0.349901030559107
0.514886826981198
0.52013681308188
0.540923215606643
0.486924219135299
0.430896607451851
0.570686051639128
0.56015208788648
0.849746372263027
0.671210751363826
0.57518013083606
0.630822767585906
0.710714491135546
0.63746292622801
0.65369387662993
0.647197190498153
0.588463098099737
0.59695214467674
0.566232891413486
0.675375805509182
0.521061175982387
0.680162683800798
0.704742736615577
0.702100152610031
0.756251730028369
0.586498689223171
0.684450726082775
0.617373196297943
0.667115535511641
0.596702957637686
0.744271849248621
0.822948153136658
0.821384590743761
0.632750828925094
0.609932200771502
0.678744525855763
0.816793103852453
0.639199865097472
0.711351468393354
0.685136300983445
0.661484339932154
0.552082209758071
0.605234623573137
0.648309087759943
0.552810305757492
0.811661877961797
0.590449149691042
0.627158735420862
0.490418223331387
0.597721752118244
0.635852327397409
0.523699245385658
0.695300279194567
0.659054769045454
0.748338269327722
0.614173202060313
0.746982872348883
0.664280885851307
0.560765415174948
0.622873271546601
0.740802241138369
0.797554082001971
0.803272413637447
0.71577209638833
0.720913379309971
0.782485851722414
0.621639450613577
0.593686634963348
0.75755210278335
0.723078373167849
0.721324819451175
0.743361273359929
0.80491913233183
0.675128701983124
0.793117215926151
0.808766352271915
0.653534708714115
0.642685854842718
0.65892475979913
0.720676875739019
0.83115566975173
0.84178539443395
0.586782901704998
0.691312097412673
0.863492053236086
0.789100200741078
0.823802401329252
0.657977410543897
0.872067946992258
0.781100005408496
0.805467627879607
0.755742147582608
0.786444862278513
0.908069722683008
0.672579825893191
0.828052790881713
0.79820561774698
0.767770426989701
0.721582298074341
0.768781644206137
0.87293772434091
0.790302475123221
0.830172079667079
0.785612086997594
0.767479627369615
0.753960626736222
0.774768656325372
0.846884269165926
0.707173993083004
0.59087708732707
0.968192944793523
0.695774536572665
0.897495076235499
0.868377862477995
0.849821227932893
0.702326226786634
0.830136864852302
0.902644737476623
0.74004077427465
0.800265768381265
0.815336592381828
0.874032139375247
1.02847682917102
0.851705636685579
0.653307881598634
0.780024408172934
0.789068917753664
0.904278735376562
0.804035809022974
0.841660780467909
0.855103915559533
0.815710124876444
0.710112599263873
0.869084497377567
0.845890094558034
0.95972476732323
0.894142161856229
0.72968780326359
0.961616438866004
0.858347019848601
0.812405529162567
0.740091993102717
0.812073795579522
0.790244946976664
0.857409131195282
0.930016049532062
0.867183584177743
1.04648713116045
0.864893347849485
0.868731569251886
0.68453635237919
0.965355976239529
0.955373694845134
0.952450497698033
0.842195339115815
0.933638804445034
0.858307055685363
0.825299979704756
0.812598633288965
1.03260434683634
0.946215177868715
0.862455631035949
0.90964797424504
0.875510885231677
0.902898474167591
0.950212599718842
0.948100649967527
1.03010306649114
0.998467265640602
0.911678040779749
0.834186582492709
0.839941633008145
0.906613181810029
1.03055783746203
0.936033918432317
1.03012659517653
1.03253654477967
1.01842724399345
0.907197037930851
0.823867527782471
0.91472539410659
1.01171086904899
0.857180413203524
0.930506266422209
0.957747616480352
0.917937078104465
0.851185763375659
1.07724329042527
0.916109257224911
0.76353116767108
0.878487861901192
0.867002719535735
1.02130542349048
1.02894959588728
1.07058505010515
0.96862941678695
1.05836350298826
1.09696662654657
0.975940843199501
1.04750408099389
0.962120836531569
1.07209477989963
0.961764354648909
1.02332072267957
1.01825595658378
0.931114209832823
0.94376617270225
1.12195343586421
