"x"
-0.929549939783256
-0.844684966097236
-1.06270511868466
-0.879717887660179
-0.893053827337495
-1.04748683237987
-1.09036095302265
-0.927479659556519
-0.965146783543235
-0.923444086416623
-0.982657417367847
-0.97934904876879
-0.96384822539942
-1.19883695082409
-1.02655590248341
-1.00465349414862
-1.0079189348631
-1.02365275070771
-1.03218019622749
-1.03294207579912
-0.958335716346262
-0.845068604866773
-0.982118367843888
-0.860387692557238
-1.02367033253006
-0.956029183593202
-1.09164899165118
-1.02384943706605
-0.993938162982954
-0.892915229319497
-0.945536126524878
-0.841598244530932
-0.856585721241991
-0.903115990955115
-0.778198928664179
-0.857103945270452
-0.740606164267732
-0.996378114138769
-0.851527185547221
-0.901533035497198
-0.888966361176193
-0.867872543619861
-0.875437225089032
-0.902504188829234
-0.840478844844948
-0.827763454394904
-0.907750221758197
-0.952368023006972
-1.00272418952159
-0.787526427746978
-0.8793501380404
-0.87366526381221
-0.733579547673525
-0.868552582774398
-0.838936120063578
-0.999348689670344
-0.880149077997845
-0.986122284746279
-0.83563371350792
-0.883056469197969
-0.780858261829698
-0.914808410050394
-0.810429491123144
-0.942831362181918
-0.935733277812507
-0.924669231615014
-0.829329698873853
-0.902534342601483
-0.918101591487541
-0.906332259757332
-0.791688794547133
-0.810099604272153
-0.96095839939535
-0.81143455922667
-0.744962932494893
-0.842957947520162
-0.820955732783008
-0.748449435259833
-0.707586345894442
-0.870308806023304
-0.826292131656272
-0.694703581836805
-0.914656790641939
-0.781791734291118
-0.813157520448494
-0.879241340952111
-0.862488129506306
-0.855971379983543
-0.817698976947606
-0.84541007447397
-0.721551212027653
-0.910597803447008
-0.896163992178499
-0.681409189158503
-0.891909755241761
-0.75122222223337
-0.745287961118871
-0.661991754709339
-0.749960187148096
-0.875216965390562
-0.808893792861488
-1.0646475871877
-0.733551456791082
-0.792098832480575
-0.539666205974241
-0.752273589805482
-0.831370009666634
-0.814425907034027
-0.720969689970641
-0.79227945729252
-0.723590334475275
-0.784091057576584
-0.781469850935041
-0.679903422913508
-0.810893707584542
-0.8081736495876
-0.750545355508068
-0.769552317456548
-0.640698785339563
-0.857045033411697
-0.615477190638169
-0.847377582812596
-0.870409733693534
-0.664786902561806
-0.887472057025407
-0.769251813978825
-0.806764370019529
-0.613925671754591
-0.871728261389414
-0.646204029900809
-0.701398789833764
-0.691429943649539
-0.696747840094569
-0.676652660247118
-0.744657429241349
-0.687387170426117
-0.711074427892687
-0.798022584683019
-0.677041051446622
-0.844362493874846
-0.761651299458173
-0.766649350998041
-0.713155262832799
-0.811934440043948
-0.71491239259686
-0.444630588229054
-0.668160064176499
-0.752779102894979
-0.789580786079176
-0.693738120206706
-0.751913563863317
-0.622819859876036
-0.760167676029412
-0.696991661383973
-0.733063650094712
-0.681065237123451
-0.751522451222842
-0.710994556079111
-0.800592157676036
-0.742006623501933
-0.766711818199335
-0.724318032035509
-0.604779158878375
-0.633237038504896
-0.549381932538089
-0.766518063851378
-0.601395253101811
-0.659286596445795
-0.645530848470357
-0.656966441559549
-0.627835101372362
-0.685710543881813
-0.673310037169915
-0.735338580498663
-0.739416329412898
-0.637147087386069
-0.668709817356593
-0.590828432477412
-0.731280303904993
-0.69928856779125
-0.785727625341956
-0.643157510455795
-0.694932785291135
-0.57340393111625
-0.716565362502252
-0.648328712058494
-0.591682341676113
-0.52340158807621
-0.656713484029566
-0.571352060982246
-0.569074863035837
-0.48996947189533
-0.61222663707242
-0.459843723130945
-0.70164573743321
-0.549734572506017
-0.617833091078646
-0.696876168825839
-0.534462234525588
-0.528223018432083
-0.563823402357722
-0.547891337619192
-0.692559890472306
-0.609776524790327
-0.621211072628694
-0.671035176975331
-0.515893570918648
-0.693887002577062
-0.703805825469805
-0.552606452076064
-0.536897179977971
-0.573647594476964
-0.459593718682248
-0.517537317970302
-0.576341533782092
-0.457061798129422
-0.625474194021821
-0.525527110958554
-0.618140501844585
-0.493848523630654
-0.658232569589429
-0.574895118602722
-0.652485801561305
-0.475026336943489
-0.507373591364841
-0.59238826897194
-0.599606690663084
-0.510411091056649
-0.601845679967268
-0.567795829976922
-0.564626398179825
-0.474327746969386
-0.412034767060635
-0.53275604113623
-0.5349868187604
-0.524057043229381
-0.423760375206788
-0.496315379014216
-0.507530560553556
-0.446326591253678
-0.494054778198021
-0.553039239500207
-0.505718627178177
-0.654353542434305
-0.546701632422454
-0.479782827144136
-0.557608986866048
-0.486803575472583
-0.55341037019591
-0.419223219745998
-0.535786554083877
-0.454374280261193
-0.409904898379791
-0.324267256422273
-0.594897288226319
-0.381688747763903
-0.527615174112212
-0.579948017387071
-0.453916120380975
-0.438383533318608
-0.519283015823189
-0.497729138228473
-0.320624675792609
-0.661109699071346
-0.558661298948215
-0.468098432355298
-0.549237053982748
-0.396485362438394
-0.510157140210311
-0.38747249659297
-0.395706727775456
-0.563685585937749
-0.572637494929937
-0.356835048553279
-0.392504917806542
-0.503847120045883
-0.470707656120257
-0.410249588951024
-0.324519770039347
-0.50670262166453
-0.40167441827706
-0.266996975195516
-0.433705295546927
-0.422587813030887
-0.44598614354635
-0.447043624470972
-0.493745365673115
-0.499377403109581
-0.503746798584965
-0.409544409420911
-0.560168788976488
-0.42132859277033
-0.305604189131245
-0.511256183819905
-0.453172253107391
-0.420807650099389
-0.525260306605439
-0.29905263772686
-0.476227431955209
-0.40888830937838
-0.415472757819048
-0.468663148234118
-0.468829803239263
-0.338909670838836
-0.42851174447234
-0.419244127975572
-0.499673688527115
-0.431013119785079
-0.390242391671378
-0.507671634889032
-0.421655064530999
-0.382029817536942
-0.472456642689657
-0.390069797704143
-0.595046184533131
-0.342202192496483
-0.259334925071785
-0.297710547263399
-0.350216415662712
-0.49238261222255
-0.32995370071193
-0.31559250376736
-0.444007453248137
-0.256803187175376
-0.42584404933338
-0.35939420228794
-0.446273457259175
-0.348119424097524
-0.199865231557415
-0.276898207000395
-0.341437433921894
-0.3661815453917
-0.34469115233298
-0.417353335998715
-0.268107211473275
-0.39947088764197
-0.323029814175778
-0.297228617968713
-0.34507327854171
-0.334483433630794
-0.287462207861895
-0.37335538100808
-0.249662910459924
-0.17666198313735
-0.263180388960991
-0.361366062899643
-0.176733614731896
-0.24706133542269
-0.431476963512984
-0.325506875056322
-0.27215638094199
-0.333748711992652
-0.349586513594391
-0.354771521941652
-0.175430556713518
-0.18814966411462
-0.143711819078587
-0.160656105783587
-0.230511150412046
-0.484988764237804
-0.338216475521036
-0.194235129315398
-0.274109783841147
-0.264554572852915
-0.310355229874734
-0.284841725912688
-0.282500907326403
-0.103998135020971
-0.178772489431645
-0.215207621561832
-0.423529679127963
-0.248144378797267
-0.138964787496993
-0.250713125331014
-0.38545435363196
-0.244947738367341
-0.418967093773962
-0.193636120770141
-0.231659209749136
-0.0823713387246501
-0.123712423805871
-0.189353267955593
-0.221234030987586
-0.233394751759047
-0.23869116408774
-0.340700973647331
-0.20668644114487
-0.136965896404703
-0.0943319132812769
-0.280727200468871
-0.158133259723303
-0.210087272722087
0.0190718039717296
-0.312538424719401
-0.131415411886279
-0.239580866095711
-0.09063187042114
-0.109038212976354
-0.20760308780166
-0.0471432928050042
-0.232767343431714
-0.291251371023259
-0.253564020333549
-0.0752021566785053
-0.151216801025199
-0.117874038951545
-0.118318792133705
-0.106497605539505
-0.334301827966303
-0.216510925040754
-0.24335048590175
-0.246777081352291
-0.0551531292863438
-0.114580390544709
-0.237682276543531
-0.0758043947206832
-0.112830987481541
-0.0912076014095646
-0.21863932600831
-0.154116408631294
-0.196419218194204
-0.311032929317943
-0.235211465748244
-0.184694592999823
-0.300465322593496
-0.117292927607981
-0.0768345209552598
-0.125857577897485
-0.0581549502916952
-0.128343405715251
-0.183007637167156
-0.10179898955642
-0.145129821595457
-0.0590601885288173
-0.17772100436116
-0.125737110128172
-0.0623448789734108
-0.206638121914151
-0.170439626392442
-0.0675752598268351
-0.139547749329809
-0.101186431807678
-0.126104327342522
-0.0349975742505127
-0.0426538226814704
-0.0866546590475815
-0.219249542248447
-0.0274549329757872
-0.0417934245595979
0.0128555804820168
-0.098131286926431
-0.0360730314470629
-0.0835559107371205
-0.0898486397841707
-0.11824571041366
-0.124982716176859
-0.191691874067674
0.0594964953180979
-0.026841160001762
-0.0185325049096054
-0.140468747520855
-0.00328703494788396
0.0881938114993984
-0.0200036072904224
-0.0724618452411221
0.0122513055590995
0.0625507093942732
-0.112266386597318
-0.150238981084837
-0.0400956344566341
-0.199438016928538
-0.0108327696374969
-0.119161183865571
-0.024153965744464
-0.0237514978205981
-0.0475806031305562
-0.0249843459663488
0.145600159640658
0.0252399026280838
-0.0920844208293514
-0.060165222734112
-0.0281342661586188
-0.0973369721274482
0.00209625247282648
-0.0790609538204469
-0.0813174898890127
-0.0260779090878208
-0.131079263195381
-0.0898078690262387
-0.167619441795118
0.0298969613674107
-0.0632057297715544
-0.0417221091161585
-0.0110027884259022
0.0947780125979241
-0.0559514802124218
0.0037609962778472
-0.00314070116051569
-0.0485662607827768
0.0334026314526936
-0.105581829366404
-0.0562083650680426
0.0169220765370868
-0.00880242987299248
0.0106138623820524
0.0341398809314967
-0.0539825574606949
0.0497465553323705
0.233689447549437
0.0313209623969141
-0.00880008537868766
0.0549467341842213
0.0449429284415706
0.0584767811740315
-0.0922141563135701
0.0843964306248094
-0.0640224171843445
0.056315326611878
-0.0480280307807367
-0.0671689086799249
-0.0202685099730092
0.0837367810828919
0.272643107655813
-0.00400582132308362
0.113134217211261
0.0430370521611619
0.0267016720832908
0.161512706355479
0.0974941753701323
0.0644442515766648
-0.0148451362925372
0.164765028395646
0.0124443992680176
0.187142594407266
0.0887454180751992
0.208586468676028
0.220995037142243
0.0637053122507658
0.045062479229904
0.101209609638768
0.107231945348531
0.0192007452515033
0.150633718867424
0.172073833929805
0.146960056865503
0.0598924668522551
0.108683297377942
0.000814764484317518
-0.0525952419523338
0.0977315453083157
0.149700446114701
0.0723829370038672
0.114890162168804
0.20117341278161
0.138706436977166
0.0781716327074805
0.114801008492343
0.0841749903916851
-0.0235361301532992
0.153950362089217
0.123760962006924
0.166267008117657
0.0225894399734823
0.147836952143182
0.324225555473468
0.0597450198961701
0.131511271094476
-0.00057572970418749
0.0931770637658055
0.148122235423861
0.151992425531891
0.167491774358931
0.264751229857555
0.0579203761276699
0.15505219393822
0.1868860689594
0.228412891998415
0.166063113099564
0.104265303140635
0.288490045811529
0.0472451124778036
0.226250392710694
0.207960385916879
0.110582297662824
0.159948287012969
0.285736929162757
0.226899222023557
0.197204879902094
0.146763289118719
0.160357581071134
0.0541738004178078
0.147893154689061
0.0989569229956914
0.204269042110379
0.234169725792232
0.216717888260219
0.164729848211243
0.268593865738795
0.24014335611753
0.211186801030368
0.266529376677511
0.197346125133562
0.18216802808734
0.150574855802892
0.207772530824205
0.191677203556785
0.228577031547684
0.292551011833123
0.167104339316737
0.141563230810643
0.202523406562728
0.168009100522546
0.214120047465133
0.20471721089386
0.23814821345574
0.173381832556574
0.217205443098677
0.144797633068099
0.154109946198376
0.254228111989476
0.176187814047608
0.225814206691207
0.27462300055647
0.364886701499911
0.477057685168933
0.274070961435263
0.200451255492703
0.203629031158048
0.233579174100896
0.213682104368099
0.217412174118211
0.161836555452425
0.321355169237352
0.149868822829214
0.347667478233431
0.408553409016841
0.180901159575551
0.25348618431101
0.166955524152012
0.394337215356101
0.254559574968553
0.187220827033635
0.309024767551115
0.311008798878215
0.142080334303886
0.281474279677488
0.325817839298486
0.416510774307571
0.147476928193575
0.315795075104321
0.409794060076267
0.290221717867807
0.246453309683935
0.363625097805752
0.171635226844412
0.399431210012932
0.371781178165573
0.34248176791428
0.499568712448183
0.410231728574585
0.274903070376361
0.306217886008705
0.343548565997709
0.206091078293983
0.39192380391606
0.223323165816318
0.27308358212217
0.374364865722288
0.331669067044164
0.269526155937272
0.405836492804575
0.574505421701999
0.469423663069315
0.275208179405431
0.237471568042248
0.460213158846896
0.367719896196226
0.367892591067401
0.331477221289948
0.373958824745803
0.406119293502089
0.415202270104972
0.312406791277213
0.239879359759077
0.37583861924498
0.39535379880945
0.33697230691289
0.324662870925002
0.418487177657619
0.376883660255402
0.409640283042192
0.326042379626039
0.454796528017413
0.283858819801292
0.341661966403144
0.246853951826706
0.213104418316501
0.467154639735822
0.417604300219238
0.410366289816509
0.311191863997391
0.427307769481756
0.449212124637539
0.498186389791147
0.383464564893436
0.35541427120826
0.443973134541406
0.407557912456511
0.469887317178869
0.450581105711355
0.339506640298331
0.610502254007579
0.446077817575609
0.542199627103321
0.496139081104279
0.508089867236046
0.527293614815935
0.449381326906638
0.43701248502092
0.540753619435195
0.481410153017077
0.404972965601143
0.53140549640708
0.469338599859856
0.479782467343999
0.445517367062874
0.40748467380382
0.306181310506887
0.314719775953826
0.426658934833367
0.419383178236723
0.425301169903282
0.420251144124301
0.498018151332724
0.442944027868647
0.483977807971262
0.443806444422871
0.488804820068294
0.520402210672935
0.527222144440978
0.371896613714639
0.573229184476241
0.521422548617214
0.39743172369263
0.407516726222567
0.39859374302059
0.51194571791507
0.333322617860192
0.594186334452271
0.558546383399446
0.417452129021904
0.548237230771218
0.606007737427349
0.519754239391449
0.562975795594016
0.571057052666224
0.428057629131312
0.410803826638152
0.525382739087313
0.547752405074492
0.415951149418843
0.377858650778778
0.617982766137953
0.539841090705918
0.56232170644296
0.560569676783548
0.559263602509082
0.522153073421032
0.501298702393403
0.584974202626708
0.466350933676658
0.57993112619
0.516183679091054
0.434154484664766
0.655081288747537
0.584703146877418
0.638929365266418
0.463837666262119
0.513912737264912
0.478269516973095
0.664994094005988
0.522197437456256
0.587493109158072
0.618901869402287
0.540205256896127
0.644312873868598
0.611679277121166
0.596475857554685
0.682606957587885
0.615702063193024
0.699498581719948
0.524678790875226
0.578947525349358
0.355189118017868
0.539235604662692
0.496560001577534
0.52370597057793
0.653600652701806
0.563955872416731
0.685165926948789
0.511736590380794
0.465989784675869
0.612848379347053
0.765746194000545
0.668046629212206
0.646296466343342
0.452751788315096
0.594272104046575
0.620616097069109
0.58029813398713
0.699962826404889
0.62692683923041
0.507409434297692
0.603053178662214
0.668399744951169
0.576126116649644
0.687251052482433
0.76475312993428
0.452658120185389
0.778756200240127
0.546416411441162
0.734730854058207
0.47685227967708
0.558755729088018
0.705898461086753
0.648743568202161
0.503243454919897
0.659400148026942
0.542681026986026
0.732741597338774
0.727680496218741
0.682801239426994
0.562703052632045
0.794835961426042
0.74478965772201
0.518624678339991
0.656130634826096
0.788311528247357
0.769273881097435
0.622213077765651
0.816061250167883
0.562949485913354
0.655725282589756
0.744321270988057
0.623544106851486
0.668021681568097
0.758704336275742
0.694851070722251
0.742469798801496
0.672899476291827
0.647379649640314
0.760207213734597
0.610032671816483
0.737646039346472
0.641590931579981
0.796757694059049
0.679286766600112
0.767486188830041
0.518528490575386
0.833837962339242
0.7374141796114
0.749970114981457
0.700236976444067
0.735480263905216
0.656686425606232
0.682662532730102
0.809297233255651
0.791239775514437
0.75385470414953
0.676680630354666
0.559488829467195
0.577289656550663
0.782171448122699
0.767887165985618
0.679312435523975
0.799316525405578
0.69062690081397
0.679510614522647
0.844480225642872
0.889025342624469
0.69325547417812
0.762687360053602
0.771647502533865
0.69807289392097
0.804222955692494
0.817810414185842
0.843512468533899
0.853287839777128
0.810856411235048
0.766796061740724
0.62222533020001
0.815798951505402
0.551397320270016
0.893886707252209
0.841960379831155
0.860671390480038
0.797908465226505
0.700802164036069
0.772264117373744
0.764893227492036
0.744531041776397
0.756505786807832
0.839282257677669
0.777473107735749
0.74736725055255
0.64272872135621
0.985612731671398
0.755939810417792
0.845984879129749
0.726629402289837
0.800935513475221
0.848273778093734
0.967710800021349
0.850103849423194
0.729850751641996
0.894537831528698
0.732234386031737
0.754613173629651
0.839624045665011
0.815489307186638
0.778838310089005
0.863790784154118
0.79247801250605
0.93815091994376
0.779402948626611
0.947663623604915
0.915143484170096
0.710404081896988
1.01674156486683
0.789836975590908
0.883115276756118
0.788508755550606
0.846096139504335
0.935716415580995
0.82188493114935
0.808557733511496
0.907514969975667
0.838528779521231
0.920326175399831
0.914675256304258
0.901036704929522
0.932017266807256
0.878133210542662
0.855894948594092
0.846167077068451
0.916260066890401
0.845466601952543
0.752489440736022
0.885923340646376
0.902333641537682
0.986189395284265
0.722079967820524
0.853783460624101
0.910127726109935
0.825973069710397
0.755068666401992
0.765163944324066
0.797120240213838
0.866169642753119
0.820288701472246
0.881079544335108
0.902607733616009
0.980964464084513
0.995843984182553
1.01800440610885
0.772149961402957
1.01952153123825
1.01802183566621
0.96225896340996
0.916193436214196
1.04506042813219
0.950736735318293
0.86145065156595
0.999357034291809
0.913821274784644
1.07372790334666
1.03501960567058
1.01068217897784
0.791030338735472
0.923832668511942
1.01211327976804
1.09791653339798
0.973516662796249
0.991485858027011
0.916393656645874
0.944572002773332
1.05616807776517
1.06057480392727
0.990383174531111
0.988182268004405
1.01190091744176
1.13183359650367
1.06805143509081
1.04744538513601
0.947320405294558
1.02100021106072
1.0348482949024
1.00681229899589
0.91787318434784
1.00253337831117
