"x"
-1.04655805181721
-1.11416754231277
-1.02397920559206
-0.934922971881719
-1.02336884267151
-0.986580897083195
-1.09034824828999
-0.974507453088213
-1.15842564751059
-1.02789872303759
-0.956463646616144
-1.01283254420009
-1.00909246900521
-1.15084304291937
-1.1364406326711
-0.988832368641192
-1.03099761626635
-1.0947935438416
-0.85862540550879
-1.01789086278008
-1.00576785915119
-0.905361190718551
-0.919228464985048
-0.977381100663752
-0.902964113666569
-0.861547629724153
-1.00946770755601
-0.871040200114377
-0.92487706507832
-0.873134461842932
-0.913641201006089
-0.921680248395543
-0.994862149241855
-0.850328299547072
-0.867411979144005
-1.04846219383445
-1.03229529409212
-0.95635820383626
-0.901277059269752
-0.968010632873283
-1.05519480636438
-0.787372819572508
-0.990274455979403
-0.97461117856775
-0.936420484328991
-0.94745737070285
-0.997299865717717
-0.950358076182099
-0.857957932226314
-0.9603657379538
-0.899269611836776
-0.951354479535189
-0.895609341541055
-1.06610284960846
-0.871360807724863
-1.00170402055441
-0.942264028336205
-0.736542391737716
-0.777719431236427
-0.896646550859754
-0.890284294608144
-0.87623621252662
-0.716804658980292
-0.881201638262958
-0.943702960574864
-0.842921690599307
-0.929072930619247
-0.969707274745395
-0.986823554177986
-0.824621844453761
-0.770400269961729
-0.877696925668256
-0.81424158924486
-0.825461937186697
-0.968186608124961
-0.861396612869497
-0.884393915471163
-0.657985508062233
-0.839835150494191
-0.736978511596972
-0.717182342447044
-0.759844722398519
-0.856861656820792
-0.896835634901561
-0.985832727917991
-0.80085465702624
-0.789390992829555
-0.887191754048454
-0.800270542145015
-0.8808413172876
-0.78718496880019
-0.852554680518657
-0.91840593488949
-0.795391745025682
-0.769125412788934
-0.722048174536854
-0.72594373519379
-0.739183278709255
-0.72891000370648
-0.726224078950069
-0.862815320341176
-0.740592701286695
-0.621558416994864
-0.879354252029
-0.806215309529509
-0.793389839982057
-0.887920972843007
-0.803407711547362
-0.766554744817324
-0.717075003614131
-0.727347482172919
-0.781897448690047
-0.71138931604929
-0.867098087749906
-0.703999851406518
-0.908230153011196
-0.714104630552788
-0.907288419785171
-0.66221391101722
-0.883251579197479
-0.729333487395976
-0.822367117189381
-0.818260006782546
-0.955797852209626
-0.737416077676573
-0.860627656378711
-0.743396490124743
-0.622577688794163
-0.722355035166993
-0.685357159392458
-0.700787735941407
-0.800034974641608
-0.811549554749393
-0.890787377295293
-0.91778680328272
-0.807212201254755
-0.626004373552777
-0.592786529609526
-0.742801829905936
-0.673429798405959
-0.805045412495841
-0.445877413412727
-0.685095446873847
-0.765624518112016
-0.647450370471423
-0.522328956325541
-0.847992749969971
-0.556457166033037
-0.691192849938962
-0.62179507521739
-0.794032377047819
-0.680897876891526
-0.805826533557941
-0.740677092749506
-0.602451626737601
-0.645698325659693
-0.567234132095495
-0.63450062849952
-0.633944697759433
-0.677491367982337
-0.615562450335125
-0.71570724364742
-0.619475775260808
-0.528005107129876
-0.648914600967032
-0.607830739266849
-0.706624285900138
-0.59686043221112
-0.583670828336368
-0.68271831153345
-0.77270765297286
-0.612236302982
-0.645228040526004
-0.641608792138964
-0.568780005881418
-0.516878156165088
-0.574578424429795
-0.577408354747518
-0.658397496285117
-0.673767550904366
-0.729634495669188
-0.703875154056069
-0.416995115960157
-0.589227643293002
-0.616739586653127
-0.684920678187691
-0.576971113001711
-0.585770297704017
-0.745544362794206
-0.603510013037706
-0.694245201585261
-0.624194297718316
-0.727005786975033
-0.696452812426533
-0.50005444840687
-0.666575167107595
-0.646213770179022
-0.6745234198081
-0.718613063104691
-0.509120399098606
-0.68263607673822
-0.626196114657795
-0.650346657065765
-0.616118316651844
-0.578586587444695
-0.525085345233227
-0.645844423095228
-0.590383665332557
-0.623019405428632
-0.480551663903127
-0.504598085451794
-0.497437614518267
-0.569531485245811
-0.492606346852741
-0.537465359155814
-0.53565603108102
-0.466814531179177
-0.513709358915489
-0.595588561990398
-0.578468058979217
-0.540813710843716
-0.595079217794416
-0.606254232747889
-0.536702869131916
-0.405477353057805
-0.576431583796083
-0.503302295131926
-0.599155269351392
-0.49325158665012
-0.477659406168489
-0.417507249963771
-0.598456896988325
-0.501680621039716
-0.528404935156997
-0.536645574778938
-0.473215388071837
-0.537222311786368
-0.539269312031264
-0.600848195576847
-0.517188141817937
-0.592409320693206
-0.563313713332746
-0.456785773444003
-0.626581399181773
-0.514214873106578
-0.523071757186405
-0.51334091274449
-0.551346063815721
-0.48300154567151
-0.54952269755122
-0.523955179933882
-0.581981494523126
-0.400842517735943
-0.644249227155727
-0.488235661441718
-0.576330087910632
-0.503527808479873
-0.529697717802676
-0.454305398719201
-0.474841723276237
-0.607921743894239
-0.616924840850588
-0.36391092493428
-0.561177115017313
-0.401951424344407
-0.508259837663287
-0.438173243826546
-0.511391650652483
-0.430608428132758
-0.397295494505522
-0.337144660603939
-0.441140823287401
-0.579384480918328
-0.457733849999128
-0.428811199936122
-0.345480253283422
-0.450687316898184
-0.492762853163035
-0.524729551647797
-0.439295149381847
-0.46477556300495
-0.531200280599332
-0.327591978585723
-0.417819260397569
-0.430656244697328
-0.386309557096058
-0.380211411729926
-0.315628755672914
-0.321443311155084
-0.348363301579804
-0.455734969288485
-0.269610501755706
-0.335119326402824
-0.519777498239786
-0.354051175612696
-0.392687992977191
-0.464478402274111
-0.249143144511221
-0.425361680129376
-0.424424702888923
-0.44218891436625
-0.370151495372357
-0.373100905218444
-0.485411083575681
-0.321651892996719
-0.385711873462983
-0.374298009059063
-0.470773486637578
-0.476005273014734
-0.357459746547583
-0.428860584774977
-0.301746280585707
-0.299690781867722
-0.42887990097797
-0.332549751042115
-0.301521839783968
-0.428393249876584
-0.182936422498089
-0.448144730790293
-0.274516156754106
-0.371847480981579
-0.396169381955456
-0.400289421264982
-0.400918125052068
-0.35942227806206
-0.463075154224236
-0.12400194175852
-0.332314647616757
-0.368062170033352
-0.186667984768508
-0.338553280509512
-0.270742768722036
-0.365827608194922
-0.324092648611596
-0.350855420863515
-0.426015193499113
-0.323533701003879
-0.395356758836602
-0.403161825645611
-0.223559261257244
-0.322604024460493
-0.360447369267784
-0.246874929556868
-0.419408417582022
-0.362835279141628
-0.248904344076433
-0.366895401927305
-0.463968298719401
-0.417013097259187
-0.210807126046564
-0.303683825792373
-0.309254530500445
-0.202644610531123
-0.257995526054974
-0.207009824470256
-0.253992788297242
-0.338426652608958
-0.285360118258911
-0.42230985789013
-0.213374230254495
-0.383543267479834
-0.391958738692653
-0.298948132434282
-0.262404275849608
-0.18148985067797
-0.401418524465111
-0.274429692798504
-0.331180741576494
-0.15178923872658
-0.20715408626988
-0.24493656233117
-0.301483861656879
-0.276432277481658
-0.411391623079213
-0.257513305126101
-0.235541830043679
-0.308214833602168
-0.26885761713552
-0.321613043297257
-0.369932988227014
-0.285345152543613
-0.232138576635503
-0.364227260842906
-0.257520020669571
-0.349358294796418
-0.316130384940422
-0.388910826525974
-0.18238345272614
-0.215772711800035
-0.215854562890787
-0.179651905666475
-0.163793673853416
-0.267198215834202
-0.0669366698729936
-0.346115761106559
-0.219358998538283
-0.20749546402784
-0.137369594745197
-0.27763400812757
-0.302611381358684
-0.234862941339687
-0.114750854835034
-0.199677079176927
-0.296437524916339
-0.343136335106127
-0.044523302907375
-0.0686615019796522
-0.365089058749245
-0.201159022154993
-0.214333938818
-0.280097445127751
-0.0271503503310348
-0.159046522856267
-0.248046376440809
-0.192847865564365
-0.157120982044939
-0.227555495111365
-0.16221062192723
-0.0788687594074526
-0.180993025179379
-0.0967945503836798
-0.181985306071611
-0.157134813049144
-0.206443196286043
-0.204669457201528
-0.0737894925727715
-0.0756323403373386
-0.16150362411762
-0.0817067143336094
-0.0102881282955031
-0.0887692718235443
-0.0935549341734068
-0.249559130945234
-0.136502462473762
-0.0581709377431723
-0.0435181043109838
-0.0759318077280711
-0.0578732267200841
0.0555616953732607
0.0172738697907452
-0.225774221564344
-0.103404090729258
-0.0492043527518105
0.0960442408816336
-0.13928775818098
-0.0740300701462827
-0.159250870711811
-0.0556489458265808
-0.0496952327525126
-0.271297896995167
-0.140163351602836
-0.125542683742312
-0.139181361969621
-0.203396981691349
-0.026054202358392
-0.101967879830645
-0.00867961197048125
-0.0277022285087706
-0.0501539989203356
-0.120652632336508
-0.0757199457490797
-0.0242695119020495
-0.0278103140000441
-0.0455925044181498
-0.200868801340943
-0.0949137672264906
-0.0584409630369333
-0.150941586457957
-0.135516716924103
-0.147150937796025
-0.0732702998593952
0.136103555760884
0.0878516759723637
-0.102349220458755
-0.00749479182173672
-0.0357011158541017
0.0659018587619889
0.105396980981136
-0.0200652779675644
-0.0543904112978849
0.0250429471406994
0.0910611624415823
-0.0264229673725018
-0.019467985440603
-0.0247193139790935
0.0107644105693407
0.0433539224765239
-0.10662909286386
-0.062826882487998
-0.0191162407854124
-0.00636606439616803
0.0285195193310469
-0.143937928026609
0.110268950822979
-0.0465235378651581
0.0568695270442281
0.00574687877107764
0.0348557914101235
-0.0875773034109787
-0.0278732872922758
0.00855487223722418
0.130073548719632
0.0263918770518835
-0.0352358840543482
-0.122574838543161
0.22420532556666
-0.0256597142270498
-0.0374001740653433
0.0912140111699666
0.126293017892713
-0.0283526270313684
-0.028269459225577
-0.0937425250905353
-0.0179724006607885
0.132845491629157
0.032488108466779
0.146739156753994
0.0501471742468295
-0.0401753272703489
0.220838970361693
0.117275460433866
-0.0488779301190478
-0.0997665652533282
-0.0397059937955677
-0.0757138527804992
0.0413774768725985
0.109349347607668
0.191152186951447
0.146712235018803
0.0434162062336289
0.0532555816134314
0.0658271313904573
0.0474547969900183
0.109152197306628
0.362599091002569
0.111507746254175
0.0544603606861402
-0.0332075533392607
0.0836776929188292
0.0985987194755262
0.111172959652339
0.150852494974127
-0.0264419264316069
0.0734614934926746
0.195296038490629
0.0880533978302351
-0.012653536093352
0.115724142509213
0.0252714953121649
0.0926269540272526
0.0947072074567984
0.102267617673794
0.168521700536053
0.0772455177017603
0.0533733684486301
0.100070381933375
0.0459204319713608
0.140442705283363
0.125732187173484
0.133070615802233
0.185217423497762
-0.0261612362455902
0.088936568079818
0.18084629768139
0.257364945471277
0.0412698926812845
0.0488141910166464
0.168728461070581
0.0046623139628225
0.191883595744486
0.00942471536465416
0.268883272784144
0.196642397330921
0.128189466529467
0.130558731957867
0.0782340952296964
0.249369846376379
0.0424787875703256
0.241874163378311
0.0351376196579049
0.264528563328696
0.235624000755949
0.102896155845387
0.0794999022164074
0.340560586866124
0.239126968475112
0.243957162256692
0.181226252279725
0.0819148880784453
0.0582365639224534
0.116141691194425
0.0302862648141573
0.257516619805807
0.283807983415483
-0.0411593118769368
0.251803824051469
0.292370039542035
0.240028206169958
0.223907867761963
0.185378598915467
0.136374924003285
0.177727209357579
0.262254228155846
0.0910885121193548
0.316199977921826
0.31178216826622
0.159230523295012
0.217644358294846
0.210460260518448
0.263692004813067
0.299105729776469
0.088194975122214
0.214454764394527
0.260598288269288
0.241931375806965
0.398315007612651
0.258923853610324
0.23115969403649
0.266311431157781
0.246818491865101
0.142068918602105
0.250061482060473
0.3207785064478
0.0439189863068945
0.177316164905791
0.234593801336115
0.377774915214935
0.153291145778043
0.386530619943388
0.357972191853574
0.278268848158671
0.154088872610489
0.275107785756691
0.260805321128824
0.327841662758199
0.17966832449796
0.356990844361528
0.425823168669526
0.302594968948594
0.250638163362373
0.2531177479439
0.22369129643919
0.408468907396829
0.44863552381449
0.328699442616757
0.199357412600825
0.11337332561854
0.462640829037553
0.274166780955416
0.21756601151126
0.312398755165911
0.245234053117215
0.372911460560134
0.261697841846842
0.287322772434764
0.238526045080666
0.237780789003752
0.392115591196196
0.29725672808632
0.476164281825316
0.303816111465535
0.372621205871606
0.355260631719892
0.386488722493788
0.290849517076653
0.271581399424865
0.413807136167135
0.333398023616762
0.469258182368649
0.319782916632454
0.439027546656637
0.354367761140848
0.278723364646836
0.348486720264799
0.492996478841714
0.445004627627407
0.418410986523486
0.349957708197504
0.353581965737475
0.321141256960394
0.17689643257497
0.455481172860679
0.203268578240371
0.199269957008916
0.422451475233064
0.423174226147995
0.426285137445758
0.353549995328091
0.323861214057581
0.352730037313338
0.368982523040884
0.360905200574256
0.341643369843673
0.343195317110595
0.398668084208807
0.347174927106865
0.296008116994684
0.354116667816604
0.461622830571963
0.368059453603905
0.429817452878383
0.323859493962744
0.347514643554378
0.289657940046595
0.23058156515347
0.549951904649453
0.453440008632874
0.335081105683217
0.434434854563766
0.518443758272814
0.435471746798754
0.467287786928228
0.331751344786806
0.321108701063338
0.407125413085876
0.34908225658181
0.310899292582618
0.413929696165842
0.296436364532241
0.415697584817313
0.507806839437791
0.466779150353206
0.461088763780261
0.470567923088066
0.543283199963304
0.479146238278707
0.493850872118496
0.434845636294446
0.650017362125789
0.355751540902792
0.528842632260813
0.428223738909625
0.399395694141859
0.504836853071838
0.414979394038431
0.553218188127649
0.514001804483068
0.336189316190313
0.391100641453284
0.420092159811559
0.38985093035893
0.583275272082325
0.634869055305085
0.683956864854395
0.440461201779397
0.475997499916957
0.597026474614513
0.505740639735086
0.419297886363892
0.472745158476125
0.433275365750367
0.565933263613993
0.511934762918614
0.642370882389138
0.346800227772976
0.595244585659563
0.57295585333604
0.458167918232744
0.624035975891025
0.553107407153932
0.591011830787967
0.659458668141281
0.527952208638399
0.433637765575281
0.457550843076254
0.600440163334042
0.503104566244081
0.486052440922921
0.595230835408865
0.584602660625686
0.518479916691251
0.575980260836956
0.516147921949414
0.739868495291321
0.724132138705237
0.393346660631102
0.449972101905662
0.577536280540196
0.579491855937787
0.491634695028478
0.360339768113878
0.469004824765526
0.550246054342708
0.58543378089359
0.609721657619876
0.436400738685163
0.701128598756263
0.645937679741247
0.587395903686963
0.562172598404939
0.695828527001412
0.435168851728255
0.374935082485456
0.517407065785361
0.533500316788561
0.514050870219749
0.491170550896229
0.429174773706133
0.573522102957961
0.572670564301687
0.84532100029548
0.680886173888409
0.575533861483275
0.64792848632064
0.714418261078954
0.644698744925759
0.684883621638054
0.636952257761415
0.563935318298534
0.59567645201278
0.564950011006901
0.671929212792142
0.520504784166282
0.699811283875591
0.700922217416682
0.672642905637932
0.742836264745437
0.595058655141503
0.697353204783221
0.619522606001078
0.682541695493195
0.575741876195473
0.724743500395004
0.836382439881351
0.824050186303532
0.635070237066317
0.597645332776695
0.682574048959968
0.795569262076988
0.646822399208211
0.712033895747767
0.699615811821667
0.668400606987764
0.56966906779788
0.591632725847761
0.641396428402732
0.580534064471467
0.778243862692392
0.585191322948817
0.625837945500947
0.471991113721191
0.617507388248362
0.648543106369877
0.533144119720835
0.674034611656509
0.646028878633166
0.722956933901341
0.605630178209863
0.723200654362045
0.64303147165233
0.553487041044107
0.610272573397696
0.74365275345596
0.79712952138949
0.840691274946448
0.725585414472388
0.729905923716665
0.769711972264081
0.636273779382048
0.617200440428995
0.765286308040505
0.750862010179112
0.743405353190336
0.750570833560623
0.81474114036422
0.687505866706914
0.795865163745663
0.79299467377428
0.658569673604125
0.661036396594026
0.657020754803382
0.694000138962326
0.835175789188443
0.852089924548679
0.619314380568131
0.711144625083963
0.90719681806742
0.770005564827641
0.828541532009701
0.64013275060204
0.865794170500396
0.779222649612369
0.808414760634603
0.776030522951615
0.775981812063906
0.925577702666545
0.656333059124943
0.83600592873984
0.782973178616012
0.782705623301743
0.720407529297017
0.785446045493025
0.912531046754985
0.816128016207832
0.814745278880779
0.793712557562228
0.773408181775551
0.762204767094867
0.770982486512734
0.849519069907644
0.694825919896827
0.590928598501394
0.94795150408529
0.697521043300523
0.898760350767727
0.865609644309537
0.858343654259946
0.719830189317152
0.837065343412069
0.898135891638675
0.746186599078131
0.803809581542969
0.820057547506752
0.886975764392064
1.00133431789278
0.846483997424197
0.649993271986244
0.76237257726621
0.795634601495213
0.899977134507643
0.784465840559747
0.834579204574375
0.839935439806151
0.827995377745917
0.692134071258322
0.885566043183055
0.833463767569145
0.958122377745845
0.892568759653157
0.728786927992353
0.953715532809263
0.837273836336839
0.828702686822069
0.713643558434321
0.841623084163797
0.797192302042742
0.867229015746494
0.943049240861951
0.853397980725355
1.04531738279351
0.860263704145416
0.883590047788789
0.666631650803624
0.974786388859088
0.958801021550929
0.957648823109607
0.826162770872065
0.92900586162903
0.856257352194627
0.828359402930338
0.835235867627468
1.0441764331752
0.952669382183384
0.862830060606472
0.90697336750495
0.891168447861384
0.91361491997364
0.944833441185664
0.941145383857975
1.01994267610155
1.00160799115089
0.915875529333819
0.813527469202394
0.845752293288838
0.887031026774884
1.02832942434641
0.9355224255421
1.03748409651087
1.02577853137312
1.01668864468194
0.896325235435078
0.837113130180629
0.900916095557882
1.01164609974011
0.866326436130604
0.926228839976671
0.961903220568059
0.901033581975052
0.850065247114177
1.075956779221
0.920024986997184
0.756205472151708
0.872270223369295
0.881773217346268
1.00205772351543
1.01520057562873
1.0444470239903
0.95833469120949
1.05883652867645
1.08589256494661
0.959445008407378
1.06086311887651
0.966889332495722
1.09716528551059
0.975406735984871
1.01280702642067
1.01105257032471
0.925588481099492
0.948491142985389
1.13809702940861
