"x"
-1.10742772897693
-1.01723925483341
-1.02384090155809
-1.00843828026036
-0.933477190707283
-1.03987085687882
-0.907091600964262
-0.953276566910702
-1.09978555856731
-1.06190614939251
-1.00994537676137
-0.970450605655032
-0.909979240726297
-1.05067102702334
-0.884376013598452
-0.994421870468032
-0.900363210128039
-0.996692880422071
-1.02131502110281
-0.901679639820934
-1.08178304275469
-0.956885887641509
-0.877221287326236
-0.861825680015134
-1.01223221146036
-0.906887518715311
-0.900315090227748
-1.02998477812343
-0.973158244201074
-0.931774724563058
-1.06193883339299
-0.859314611336689
-0.913030296564346
-0.83353429850091
-0.849517209975899
-0.886388009725785
-0.797115355162126
-0.923526978786935
-0.873163470227006
-0.945394390144234
-0.886160073069475
-1.07962450969799
-1.07849346562844
-0.947247618790952
-0.841785018296642
-0.946060497654237
-1.00326931858337
-0.862361695076995
-0.803045055112095
-0.897477187954231
-0.87279753821123
-0.873375996732008
-0.836208463425548
-0.861502590137637
-0.857709910509544
-0.828347527979178
-0.91316163999537
-0.836535152629762
-0.982075778641454
-0.959119445208431
-0.847709272496615
-0.893450747835797
-0.900721072648293
-0.824354619573579
-0.873541121994937
-0.93350217730489
-0.922788390529031
-0.810867071287281
-0.903826719787991
-1.05032386821663
-0.959855010928028
-0.881329582556459
-0.971865569890237
-0.798206247822061
-0.833427468515436
-0.855616909378145
-0.884960516918767
-0.89424775487179
-0.886365277842236
-0.674757662203836
-0.892316253485846
-0.836767918478964
-0.817511256945393
-0.854631436937385
-0.911978640041466
-0.843548870492833
-0.764013895794712
-0.876481601872857
-0.795775238128428
-0.913202265788749
-0.805473573486883
-0.736682878223281
-0.861441579898317
-0.833643634552691
-0.77807551126304
-0.850629422884193
-0.822845549509545
-0.720667044920961
-0.784439828789166
-0.73260873765423
-0.85619800203713
-0.771698295377829
-0.761661939061033
-0.699166638601639
-0.718136711718244
-0.912178059888043
-0.62261717156384
-0.709871198404067
-0.743057731191964
-0.788006558577895
-0.810443774087707
-0.869585035077626
-0.772890122533755
-0.81312720098202
-0.856100079250806
-0.818388257906571
-0.878323035476514
-0.594517485240602
-0.789846995725821
-0.745614635631212
-0.765605705911183
-0.879597788619315
-0.819048211693707
-0.596005887648994
-0.479688984942074
-0.664944868413723
-0.726305508283717
-0.737686196782766
-0.767160896501378
-0.832868377845985
-0.756492194240251
-0.749733543299835
-0.738520700819486
-0.706523571458369
-0.652859316805399
-0.792474708409489
-0.799901390564433
-0.833530267364078
-0.552135487957903
-0.687940279122537
-0.645303982164474
-0.738588761019868
-0.693433784172338
-0.685825695739379
-0.619297626767426
-0.74221434466053
-0.790676316986943
-0.762162420057311
-0.631651114954337
-0.593200369610038
-0.559719973287714
-0.665444365542824
-0.673996815196355
-0.59020278037418
-0.7079976024832
-0.690927615634712
-0.80449519093346
-0.755254289819068
-0.554591050788221
-0.690367258755122
-0.702811294387293
-0.700730441376422
-0.807975178530312
-0.787785985290853
-0.710579811148995
-0.816525811838727
-0.599469833548135
-0.563579390161974
-0.679824756460641
-0.554511043973981
-0.63070703522057
-0.622122927197361
-0.651702755862133
-0.592762589586206
-0.622188589338658
-0.653567141598697
-0.519567334821122
-0.570355246056818
-0.550359422765981
-0.76064513488214
-0.660187765977723
-0.695574442268932
-0.641913265593433
-0.608557362507538
-0.582135274354627
-0.620926026154047
-0.649193346198012
-0.694779779255815
-0.568563073544311
-0.694760965527855
-0.623851186328254
-0.594273267828882
-0.625322510580738
-0.459248556217164
-0.576435676007075
-0.627138192762925
-0.616727838020323
-0.619495644906445
-0.659166976198151
-0.536099290907145
-0.557676339847976
-0.587524761319038
-0.645206073009113
-0.599208792463745
-0.482155192241617
-0.646846899545447
-0.557421998359039
-0.578122810220904
-0.452121502686829
-0.564879710432308
-0.607885006951046
-0.517381868000116
-0.442549975970201
-0.511797234205603
-0.551727894263631
-0.499883801076622
-0.379308770633208
-0.541654163519295
-0.548705860200022
-0.494442637120661
-0.600340906349937
-0.549126355111053
-0.699602113284027
-0.558041604174136
-0.579396882085036
-0.431426988412857
-0.458848362631244
-0.689045377590017
-0.455361825888645
-0.540563273966729
-0.550558840791679
-0.589991556410912
-0.438903107262158
-0.572840185901125
-0.538967432401985
-0.530653425462691
-0.36033318115562
-0.447517169130941
-0.52225053195017
-0.530686658589871
-0.50110314648792
-0.544283028446222
-0.671472376449173
-0.551789167940936
-0.440762163583769
-0.689673281562907
-0.310378020742831
-0.572264147561289
-0.506881414023234
-0.547009178117551
-0.395556698637431
-0.64560812052227
-0.341842606355741
-0.701509743782914
-0.595012794706727
-0.464051420892782
-0.490903466866775
-0.53614597155523
-0.469718369479229
-0.496042433333202
-0.403609557151516
-0.519990536718252
-0.500059600875551
-0.286557801593553
-0.530746240503265
-0.609325049940262
-0.450094477107595
-0.414251625447124
-0.480639146896427
-0.491691481442957
-0.320222154410814
-0.374908701277798
-0.544310855561729
-0.585962424335943
-0.352082324505174
-0.358533276157854
-0.370523760253684
-0.438191200829855
-0.580150634570208
-0.497569259625443
-0.531713632713832
-0.299262525756221
-0.550902920584539
-0.368576194884472
-0.357090990416769
-0.31987538684892
-0.309165743572635
-0.615428105495325
-0.379190652360397
-0.526010793481094
-0.65369356379903
-0.351568590632027
-0.554250162130899
-0.461203191051088
-0.441998155142017
-0.398136432049818
-0.412828360607418
-0.446250492595079
-0.42635259809688
-0.291050139920249
-0.34193451447594
-0.514051209077987
-0.422907518992169
-0.504812044703375
-0.486165420534028
-0.390549888247239
-0.358277628853226
-0.305375558857962
-0.448426089398438
-0.297042695922758
-0.466070942657227
-0.42164708003397
-0.363573513258026
-0.423926682468315
-0.29759926999432
-0.470470634705489
-0.219207452653108
-0.228525393354966
-0.325256335604241
-0.492793306238584
-0.323072084842305
-0.455457416243069
-0.431453775171643
-0.362945718721559
-0.462798064993673
-0.295129466045045
-0.246033563732406
-0.30928491627231
-0.4206138366788
-0.297650205133246
-0.375189375562107
-0.326642704043889
-0.301525101752615
-0.133167076044479
-0.396426202463432
-0.287834314621439
-0.34009264485451
-0.390169192063216
-0.53001776392896
-0.348889860192807
-0.442264954252224
-0.16770923361826
-0.309346372677681
-0.35216249807195
-0.20002700694687
-0.114696611193301
-0.354316737710211
-0.157133194633162
-0.386849522586472
-0.297830827485797
-0.283557372427329
-0.392924409577786
-0.0899617810352644
-0.223878207655281
-0.338348426164135
-0.318643140588644
-0.339627996301932
-0.360748955817233
-0.315908798219506
-0.326050179589248
-0.257907369983543
-0.424273591443888
0.0100137957426394
-0.417248614709036
-0.201396366206776
-0.343307813733893
-0.296014805559739
-0.106813599910113
-0.360507543650689
-0.313389654342418
-0.274287693285945
-0.112977200381649
-0.192686786167734
-0.162518334798331
-0.199198818152224
-0.194083409679196
-0.203840193832058
-0.246418282706077
-0.257303047494164
-0.447554650210657
-0.231473921489328
-0.30187672973456
-0.198955846023603
-0.0744872442542377
-0.332832311477157
-0.204665636633749
-0.339565480837929
-0.253779778110581
-0.281780442387875
-0.300177981189231
-0.260450317259676
-0.0861891727248325
-0.10867085376199
-0.198199160228373
-0.253823573335082
-0.163466985550824
-0.246197835405687
-0.318556051389688
-0.192350050858309
-0.267448005443629
-0.198673156468124
-0.302192965292717
-0.131998458575049
-0.35637100035404
-0.195586434348983
-0.227717523124927
-0.263194230222944
-0.15957711102721
-0.199643438241147
-0.152839635072448
-0.167761779327517
-0.0908037658195288
-0.0270943777454856
-0.180165582258769
-0.118488208795814
0.00709452055061207
-0.23468174054598
-0.201393648410063
-0.184359184355618
-0.194924066839678
-0.082590797334323
-0.237605750949904
-0.148085779070049
-0.0747157892061555
-0.261737096847308
-0.200708883068436
-0.0860931382834741
-0.0477318861019633
-0.156204048875258
-0.131209552573868
-0.127088982381893
-0.166417281682924
-0.279350084511752
-0.114473862021166
-0.102370247406733
-0.163397305061093
-0.207994437366127
0.012531027170908
-0.175310736791762
-0.172641279545899
-0.117332378232323
-0.105156067632326
-0.0187551868161808
0.00498410870447626
-0.147587272267162
-0.175157943294314
0.179617635633639
0.0163625034676343
-0.0519795771701571
-0.29808352418817
-0.223031207050949
-0.250762071639148
-0.152673530798391
-0.177685324178234
-0.0925949287751461
-0.131444072654836
-0.0517479376302615
-0.0718307281406681
-0.127739117151765
-0.1105317676752
-0.0604483685880087
-0.0266305509278256
-0.124145185473505
-0.157024131892976
-0.123821731431814
-0.0264847569682512
-0.0238445914301326
-0.0921529584310494
0.00681071827279373
-0.099432179047702
0.000420182844779454
-0.0650633303922461
-0.169963585701271
0.0616620170760652
-0.0534482280533848
-0.11242256198911
-0.06516244593641
-0.0223697266854836
0.0316281684570157
-0.119309644253387
0.0807915259527422
0.141211401804553
-0.101659562127127
0.124044623091972
-0.0757345155659796
0.00788336757060971
-0.0804890376817314
-0.00386935727481845
-0.0511055965566438
-0.14933525996434
0.00281824074138928
-0.0727857458999086
-0.0617312900313516
-0.0204011600704382
0.0896908705170253
0.0825169305598935
0.0169106678055997
-0.0732195528111852
-0.0389828089571739
-0.109949340798523
0.020992101406796
0.130860103299009
0.00189302620043368
0.00325323930131242
-0.116606536270723
0.196918187640538
-0.0892375323833911
-0.182676980774916
0.0875705463229648
0.00429045570240871
0.0554236154384706
0.103581630238531
0.0265415472982048
-0.018263664672613
0.0484382100607497
0.0332284509910733
0.0934560222386662
0.108755353915706
0.0850147117472967
0.0360674030743631
0.0666202962171123
0.0841543079294125
-0.102853090700254
0.186624288301407
0.0519024366845011
0.013237099870442
0.145752260011272
0.110738174339986
0.0628350377402543
0.00228671584372493
0.0908324838735317
0.0975208797613403
0.108471931754978
0.103256182077831
0.196455280895047
0.0160665084688035
0.0626756232008994
0.0227794001512493
0.133106167314671
0.160706757513008
0.113648809011826
0.222840788097948
0.117288056059361
0.0165647016264796
0.0668353850050259
0.151522262229916
0.0986012155760566
0.0454638968212228
0.0120791085739121
0.0456559718638599
0.117261940814106
-0.0127714633066886
0.110275326729632
-0.00679168589137048
0.185266689082091
-0.0415260306935196
0.162373628201984
0.161939758229821
0.121626398612275
0.276026054153678
0.275570437856246
0.206568438582484
0.151367225209932
0.142070616276528
0.0535521745192939
0.200065220225421
0.0692392659197697
0.0563772639249758
0.174521179518725
0.0186798978101964
0.181966336136016
0.128040457123437
0.0701642081445294
0.131476423945835
0.180644918325869
0.0597884964583599
0.273228035429577
0.261439530177174
0.142899661676741
0.12367284562165
0.0985766563011538
0.0935852583324929
0.202853645886295
0.167347781248729
0.152947417019519
0.259041004352457
0.0590200253606053
0.332983027048608
0.241563432867763
0.16184513073155
0.192406569766151
0.126624963398668
0.194869703173423
0.278519984773564
0.0532965378396063
0.26139189896179
0.171550896532316
0.0512212201316471
0.157189076529861
0.127497812888708
0.245238741352868
0.163104336151623
0.280132224908725
0.261494152485549
0.135475131937241
0.391044733443
0.295493149560311
0.0756465687735266
0.151165303473176
0.12072977940457
0.238358660260276
0.2648494237545
0.249563852182192
0.329168271399735
0.32534396591332
0.254504815342528
0.274472323136794
0.3093738831782
0.278911101787991
0.153890302218404
0.188350089861221
0.248050330020525
0.190142088215991
0.30003011470273
0.263389910602681
0.328061067100844
0.266110064757793
0.283622638217879
0.253853761730603
0.325729664427073
0.299075522316107
0.311269336511856
0.271185940460162
0.290899597243195
0.295591314975581
0.222338112991778
0.335823184831109
0.35512272081478
0.265653467188715
0.218037284495091
0.277156454129248
0.327820583650392
0.380656548857329
0.450922654606942
0.267945523950741
0.268636580530433
0.299263422364422
0.38446799003615
0.322289218092597
0.163547556582085
0.355983956450812
0.168571581572118
0.281185931304081
0.267421765885222
0.264520383517145
0.382305452476541
0.379209455796521
0.443584176167549
0.228912201954077
0.326420742261175
0.302024268420771
0.307355578567036
0.274195175260878
0.260487596399724
0.215130340318656
0.396036722515085
0.417219786917739
0.205286963645448
0.322808932077311
0.243373238621349
0.227301434012259
0.186823359459622
0.265499309756384
0.402557356111967
0.365296894773548
0.361173589514665
0.319555033447244
0.253573350136181
0.458155133184347
0.418602589857253
0.574696786624226
0.504610878196582
0.315614348144661
0.379619855758541
0.472735896473049
0.359884739752679
0.420365839006722
0.539276763072901
0.300539370886861
0.339172394735102
0.458599904849927
0.348656795942208
0.342095633881222
0.516954214616786
0.401527624140262
0.2962307251068
0.232460677001659
0.449546137995379
0.304862440805842
0.308275977376175
0.366812098471822
0.318567992406673
0.427243109978647
0.418702552981743
0.332186005792564
0.402162702155337
0.250501848593265
0.396745432470655
0.336430200616803
0.524979529453651
0.437833750017166
0.497842126588919
0.396892042694004
0.386491459873365
0.255583491542742
0.398593343128469
0.521177233286387
0.407668158926169
0.352729463364899
0.461990572094938
0.47324517089025
0.459069218748957
0.364158294500964
0.465018275828211
0.486335081134344
0.476999583204887
0.279690986732704
0.430349736005334
0.389436444252893
0.577943883958239
0.525442680752237
0.400747956355156
0.397333319699473
0.453787906716879
0.426662564438635
0.484942072844384
0.376606595396121
0.439112509576386
0.482553925985398
0.590320126755127
0.527778351126244
0.591776637704997
0.421702446641997
0.563317034627584
0.52202744727344
0.536059364680657
0.505560352939883
0.614111370876806
0.568286073268425
0.491983023336782
0.358648920040198
0.365581405857814
0.475380815561142
0.410938870313342
0.568527640090834
0.443464231130345
0.596091740478363
0.52050508853917
0.487236492479018
0.708679074205952
0.616858585084226
0.620777772958002
0.458791722844779
0.519728331732247
0.402445661760945
0.562162413505585
0.530677538735283
0.513665528313739
0.624700966441245
0.586170081078126
0.528668050470368
0.490496096885922
0.654394940459786
0.602421534654116
0.531641568557209
0.52105625454787
0.617172547245799
0.59353713498183
0.637006709961952
0.365983137334401
0.502101577991658
0.696875138299043
0.542145988354601
0.667733135812878
0.569352697435147
0.631107842018093
0.60811954427037
0.703299830955882
0.605327705872558
0.639968000856135
0.695511559411085
0.534367817573557
0.531596968069717
0.573280995740088
0.505464427251943
0.537297743645405
0.537615512237183
0.625096877770521
0.634903094830018
0.483505542523546
0.614627948962113
0.492564481033253
0.674873038050861
0.649559275920438
0.541965326951098
0.586126069599647
0.500939760908891
0.543909669780384
0.631648761729238
0.646028554161063
0.569228250706021
0.647063403571609
0.540302439861417
0.700173260513524
0.783306273878426
0.422470358753269
0.506037945689864
0.559893719777292
0.649186877483082
0.619336331998536
0.569973096119832
0.591293141718018
0.638317021618956
0.646579746601012
0.653354387621153
0.740973916593024
0.608531340021507
0.744755780325295
0.485852286210998
0.605810236638104
0.733158446874959
0.689681586007288
0.609732100554792
0.552131422535337
0.744962664015348
0.844974720251715
0.603946835395633
0.812670384929207
0.775141665637334
0.629710655046022
0.702347391514393
0.828147903280245
0.756990444964887
0.606567120730849
0.647214741262556
0.677686783795025
0.654410561690608
0.651914129487111
0.569320713162377
0.720491774810513
0.524817852540682
0.784226024670035
0.827642887330513
0.681309593738733
0.595502561159224
0.674380062809654
0.705059544176742
0.656274029896228
0.651141482794518
0.622420811475677
0.663920836096214
0.610345497771887
0.789348127208645
0.717550692472887
0.673515847810814
0.701730695320395
0.594859340271137
0.547337758369581
0.71912669800044
0.84258090342876
0.781858608577492
0.776739149916889
0.64243412892532
0.791329585226371
0.525877562641
0.872660359003925
0.751353905676724
0.780377107012131
0.637459822945103
0.657654636352304
0.614265254822007
0.860264434328834
0.649598269838349
0.883231682085991
0.772193447108978
0.727006830591697
0.783220183632145
0.655712400008885
0.751528432479727
0.790833167208578
0.712499262737264
0.701225393466349
0.791592011477186
0.7532915783812
0.729301041712317
0.796130201325295
0.813059394603677
0.800742083764531
0.9255592754835
0.804593265280361
0.849220775975974
0.876250124120706
0.853456264662759
0.783410253454173
0.751799236279313
0.618593172277213
0.923782266019147
0.885407827145901
0.887808721379383
1.05285533363879
0.881614796784431
0.852789041806456
0.790102448197982
0.814593406631818
0.922177390810321
0.756123189826129
0.775332470487403
0.852573384473011
0.970075916901089
0.844271236804465
0.818016156707999
0.757917462523554
0.84731275396557
0.894528731994083
0.856023379396285
0.893056820331667
0.72511178575882
0.72442177028348
0.882929037212508
0.885346012073039
0.967200018649497
0.798465584926188
0.934703332906438
0.860121486511745
0.902971695643607
0.801616818665107
0.992595860421995
0.844744036469243
1.05907739986606
0.764063380976007
0.808065013220708
1.0265740655687
0.844991577846127
0.957838696950449
0.915282833796098
0.834001440294928
0.785588608488786
0.955037616458337
1.08057462954363
0.785636967490833
0.942188511097905
0.881188139899815
0.825329533125519
0.961874507253938
0.981102044658096
0.92264162934741
0.85597126373793
0.898093937264313
0.988488804814618
0.841119623465436
0.815440254162755
0.924021699230546
0.928870515068329
0.829622116926433
0.94205272620808
1.00903923178232
0.933550320065385
1.03890684507513
0.884968081642075
0.833575676819189
0.819384599442211
1.0173648496904
0.989204564864943
0.839199886580802
0.92505083523355
0.943479320961698
0.920505115165464
0.906448980123277
0.943669720633424
0.920047021404716
1.09073766876786
1.06746981696939
0.898985340713612
1.00071426563443
1.03777474944588
0.903250206785613
1.08960970236937
1.02218790871728
1.05681149289857
0.99531403349287
1.06843561383371
1.02977743397479
0.909916345525692
0.950248837670155
1.03791735308239
1.00464863417795
0.962926588210753
1.04425091399376
0.953970338187165
0.888145025123102
