"x"
-0.940049312548975
-1.01067141035372
-1.13898364853617
-1.11203660995332
-1.05946945536256
-1.0150794491893
-0.930489087823439
-0.907073570397441
-1.07493864544016
-0.957661648021588
-0.922876083120394
-1.11011594619986
-0.932533197010047
-0.855466246675226
-0.808584204938753
-1.05443105563681
-1.06628790475636
-0.918412686972723
-1.01482151819467
-0.800591863559031
-0.830086626066258
-0.879045739998822
-0.959721053636257
-0.976067649530129
-0.833022247568827
-1.08510025646638
-0.9682018490897
-1.13267892614345
-0.93505929162073
-1.02256426246147
-0.914666016995896
-0.887229478782725
-0.955044757529359
-1.02239424439304
-0.862391892069314
-1.00864933108254
-0.892664779203654
-1.09966514739292
-0.85172540412681
-0.922674893740737
-0.964416732926022
-1.06625986063708
-0.958545989897252
-0.975155031353961
-0.87817146363229
-0.927655141487248
-0.906623266612987
-0.695645372467917
-0.896156044054789
-0.964523795856917
-0.991364261720059
-0.887330442292541
-0.82031550491782
-0.822933281886755
-0.91544667104447
-0.92144594232409
-0.83927196077359
-0.875337676944517
-0.88021021803773
-0.782212898234643
-0.87653110003303
-1.02214973689958
-0.900547432163394
-0.841563453742879
-0.908035636899189
-0.866533068740746
-0.805309381592882
-0.879897482003396
-0.839815012679994
-0.958751631635154
-0.6969166925666
-0.743213523640961
-1.00425889426607
-0.904461429542303
-0.781482547830407
-0.867381727334977
-0.96235151591678
-0.729161843618817
-0.900138256154983
-0.776204482689424
-0.832210921204391
-0.77019086797131
-0.975437594755471
-0.756249774984888
-1.00898995445335
-0.818943246253032
-0.98948374352691
-0.837302674865892
-0.763954564943926
-0.724642967389892
-0.776900444740032
-0.804800980215679
-0.827464100362791
-0.826492875456049
-0.793350174489525
-0.799104570187556
-0.757790684432636
-0.692749276844972
-0.908952887471569
-0.72536328980271
-0.755289839252844
-0.837498476017651
-0.619668425198436
-0.69695197414396
-0.78545190118205
-0.79027441951706
-0.714765949458493
-0.674681446878899
-0.836775089852133
-0.739537377083119
-0.586021744670431
-0.822958858946052
-0.841871881119051
-0.773335414421675
-0.858041561531757
-0.841747421409829
-0.748692207318022
-0.774294630446438
-0.622245516362377
-0.766517469994322
-0.647123352190064
-0.898212694138773
-0.818111793802262
-0.850764315803349
-0.848808674453823
-0.707453186281687
-0.867453165049796
-0.747784396498955
-0.820992538190995
-0.698872472769428
-0.694271585066782
-0.732790084194031
-0.646594061447681
-0.855629153865305
-0.739425970726145
-0.764865068901502
-0.67348587021541
-0.79099049331646
-0.658576612976518
-0.640926530492815
-0.643058079010696
-0.56704751904645
-0.878411329948891
-0.542154853887645
-0.676721246803335
-0.779783789049778
-0.76306866049437
-0.698295922407753
-0.674953423399705
-0.623879215470999
-0.586792483597286
-0.581591751840293
-0.654460740123298
-0.769623420970996
-0.732061954787058
-0.644084335798431
-0.690342608098339
-0.625322459631506
-0.691067944775523
-0.665556957390769
-0.776053585400143
-0.635120688982826
-0.668043641386262
-0.547816129962108
-0.58165012672512
-0.73436386710732
-0.73756232453736
-0.620796031892519
-0.742955966771716
-0.725934082387397
-0.588310547132663
-0.611863847564563
-0.543596798692756
-0.674566231784468
-0.703408233034512
-0.641558717423829
-0.712557735282758
-0.645520425788724
-0.811752679736449
-0.634594944428036
-0.739183743889063
-0.633678043920367
-0.629875812004166
-0.683897707670097
-0.689459033555511
-0.594961550368134
-0.617006696314369
-0.573795718224309
-0.651666485267986
-0.748442560448543
-0.635672921682617
-0.753083195255952
-0.515174471616867
-0.628998229615565
-0.678725732823508
-0.61462299244385
-0.67147040108596
-0.587886107488613
-0.63887143879645
-0.689648220233787
-0.711416756326128
-0.516408819538021
-0.569663065236224
-0.526269589554152
-0.673160545767823
-0.629551845228279
-0.392160939952445
-0.605504346106929
-0.466163666373157
-0.322813403798629
-0.525650545996017
-0.52152859037101
-0.651484484634956
-0.504052206765151
-0.62634115170769
-0.525134698659705
-0.34510588467047
-0.521647387821765
-0.711959170542623
-0.707936380897366
-0.624984217764859
-0.58133619277289
-0.409963078375667
-0.799302830973382
-0.71464259000069
-0.60108082943668
-0.446323576549805
-0.486306210506746
-0.374872401410308
-0.585951982252414
-0.654826119131211
-0.659409001229919
-0.595646052570857
-0.584880177923485
-0.543732002346136
-0.463090880335177
-0.696868627027537
-0.456216678105391
-0.52248247492317
-0.469460393941143
-0.542120812495335
-0.586595104244164
-0.515709578417551
-0.58183496054276
-0.585146911708563
-0.355324662687747
-0.522610767143915
-0.426684870531937
-0.439923435155288
-0.656540190274199
-0.382722453630444
-0.492633354711102
-0.438277297941211
-0.390843523098279
-0.626053044677246
-0.456577350379095
-0.489114693740841
-0.49772748649935
-0.461971067039507
-0.37721208111475
-0.594664513655091
-0.52639984240228
-0.264135398664644
-0.518590574170223
-0.626847190829357
-0.572841455415469
-0.434500006512197
-0.527917830237128
-0.57121899127706
-0.468388265534019
-0.478686389805509
-0.351389556111708
-0.40263751577715
-0.401786801976712
-0.427036160131716
-0.64866770455258
-0.449358754098362
-0.500043435828504
-0.431740371527266
-0.463331872207297
-0.429315916843094
-0.445231524743296
-0.509626670458229
-0.423738932126526
-0.469907962489409
-0.491261653536815
-0.36109530656812
-0.43162432253036
-0.370605541805773
-0.632128064010929
-0.481377129415154
-0.388120490714748
-0.589231354655805
-0.456731183424758
-0.373126963477864
-0.441704011831151
-0.44975196249804
-0.448270455675537
-0.309341159982089
-0.555987398020145
-0.463914962117206
-0.446426253931542
-0.333860805185326
-0.417172153892637
-0.237436865733869
-0.383201710489064
-0.545539082333853
-0.186492282354666
-0.345253346441114
-0.315392576529348
-0.347114121389208
-0.32952828099596
-0.408447611418564
-0.230563568826389
-0.418071164167656
-0.372996814694542
-0.327628281677751
-0.16314163841217
-0.44827590686813
-0.402051968650347
-0.305237621624178
-0.359016274068344
-0.31108950648945
-0.429914531459382
-0.41070781674111
-0.394256263866657
-0.190376149373773
-0.28993546187272
-0.385912807856224
-0.472705632101769
-0.167826893078435
-0.209822097458091
-0.293494400052098
-0.290816694731529
-0.2933424710758
-0.360146597637267
-0.284856861871483
-0.262287966105658
-0.330599918053692
-0.229793560449009
-0.298845866435508
-0.241088443882114
-0.361719192430542
-0.221919289876744
-0.34486790928937
-0.37769561052036
-0.297118039970629
-0.381345566541289
-0.268520800398608
-0.418627045546462
-0.193026057137971
-0.294099773376065
-0.298959009960285
-0.159192369864045
-0.420205838194545
-0.300849097513551
-0.266800422865346
-0.317171822601559
-0.245086853489457
-0.281875322854097
-0.25767476985667
-0.374086518093442
-0.280802783328723
-0.109540871777707
-0.197030944356147
-0.282207293773347
-0.321920300938113
-0.225331893401252
-0.197801969013109
-0.274810949908827
-0.225776098835444
-0.281913762445815
-0.165159732558708
-0.126265311843475
-0.276947232432019
-0.286841825815199
-0.16189201962637
-0.332417504451365
-0.181325060879366
-0.226831850041743
-0.254761365395841
-0.322991768885144
-0.145271871910367
-0.193552509810028
-0.183033191608987
-0.258623849203296
-0.281064324040981
-0.236084549494772
-0.267143848377104
-0.183293913499363
-0.28555832755884
-0.158365711419533
-0.237650027460179
-0.279735766400694
-0.281375398355294
-0.239527427679042
-0.0608142826535854
-0.310710154113538
-0.241681687641633
-0.0206009249250903
-0.148816612647084
-0.323955435520139
-0.072468019500909
-0.15655954267191
-0.288738639679324
-0.27402667218766
-0.0121105128522513
-0.333104456709268
-0.217347504647881
-0.078470325600928
-0.186470184915886
-0.10802030810885
-0.164725664306116
-0.180081636692391
-0.129145950311942
-0.120671303961711
0.110785604742486
-0.0295466257769523
-0.0959995625271626
-0.1721412630784
-0.163899569606421
-0.144888390154683
-0.141737792840183
-0.114385369377934
-0.120228978442526
-0.209616567597745
-0.0164342248243175
-0.0378760806725429
-0.0546198466147604
-0.204387870693097
-0.235545366064878
-0.175236243732329
-0.106870404136866
-0.0718701361826506
-0.113971104879442
-0.112526834092267
0.0524839951510897
-0.0690209704088667
-0.14191137973505
-0.117909130244697
-0.103522947311656
-0.204647932224996
-0.237075608712508
-0.195018433524282
-0.18637813538165
-0.197255975915474
-0.155899943161393
-0.273037224641954
-0.2120725169496
-0.105350466355635
0.0752155160121172
-0.0822824368915982
-0.00828627726806394
-0.130115050851203
-0.0295941948196422
-0.122851143683441
-0.001842057094884
-0.117210123440464
-0.172859289627167
-0.165101461326926
-0.0784168856319714
-0.00796834181601634
-0.0858816304258582
-0.0764620176334648
-0.145748557266587
-0.181630663582797
-0.127236565656561
-0.0143186080249035
-0.0286704354393964
0.0104568518118554
-0.0946313603105162
-0.103302435458759
-0.0104856536705577
-0.0116072594591987
-0.31758949575607
-0.113769593436658
-0.243961748861486
0.0290237831634071
-0.0686147256361351
-0.041083566690823
-0.0136456704090596
-0.0976898766904597
0.0414842375561994
0.00960594298948552
-0.0528333168567806
-0.00263225859356116
-0.18510782263889
-0.0296625419576021
-0.0760334861597024
-0.194183743152825
0.0262624395193829
0.125093252594544
-0.0156184572616552
-0.128923201495479
0.0501496265397961
-0.136855260608167
-0.16053631308487
0.0357170600237744
-0.00234503822006592
0.0477954638520026
-0.0270604212080827
-0.0373875473698087
0.0404978567811493
-0.0333368542809962
-0.0849411772678535
0.228795493979776
-0.167649478972947
-0.0316435161103881
-0.0673878085262847
0.0627707206532185
0.0378393566850325
-0.0662769747029878
0.0184582980390766
-0.119039426367677
-0.0435749085601626
-0.0312068552911901
0.0678391795636038
-0.00776288409566193
-0.00357098897755594
0.16776197348957
-0.0779414241800151
-0.0186560117297813
0.0411736443180645
-0.0721471327786942
0.00498049068001691
-0.0485983776119518
0.187147058030165
0.100853881761375
0.0720605096170617
0.191856513224121
0.0389866490397804
0.00304118287109017
0.151346765024989
0.166821889995981
0.0940936952796171
0.204968690348073
0.105045670006009
0.0427680938557522
0.192460683986482
0.108904180530214
-0.0570273982301054
0.114565307686581
0.0830178738973324
0.0475613441293268
0.00692884808388159
0.104617678708655
0.0793431560931532
0.15372581144313
-0.00347256106029121
0.0776809901652791
-0.00157591226676151
0.194269474166157
0.104585604493367
0.141590287206121
0.194708783613569
0.0522087712253031
0.1103316338108
0.131180608761152
0.132833812389896
0.217680448937177
-0.00418003459253332
0.0119504937192855
0.079398119250055
0.0561020646271521
0.375386662521807
0.227664900146197
0.232217385991403
0.0310758579804774
0.174308644549272
0.0228538446210854
0.158269842901907
0.265550088853001
-0.00393272714562896
-0.00280986671506827
0.119690912171338
0.187407475535826
0.152166781025545
0.136070444310835
0.195367025896035
0.250022683220759
0.171522046037148
0.222131934876791
0.0611162380599504
0.183060053940409
0.112362588065076
-0.0273123368570148
0.123258030315359
0.0824083708530087
0.17872098628858
0.258419488176538
0.200759821544145
0.188756923247616
0.267063233769848
0.184981902245702
0.185576947262098
0.214679528620959
0.256165235713029
0.214511043459678
0.156645355736194
0.114734925506712
0.198866859729802
0.201730201197231
0.205838398231252
0.35321077798527
0.24501253124651
0.00736422683208838
0.220547070367474
0.213871996250007
0.353216553223845
0.161122636786503
0.253840263809578
0.268342628468022
0.151368526606626
0.390495698344754
0.27439403687588
0.249123713498967
0.250133752280469
0.142671138220092
0.290773138523342
0.42173134616304
0.346627960148432
0.169946951194988
0.258278903105424
0.233704344671991
0.327218117249239
0.292735009506724
0.390422799915468
0.17338861141349
0.321655676200889
0.331201547695625
0.189147483067558
0.189923456900624
0.267208062719741
0.34288300641985
0.251919327012417
0.388392183881326
0.290988466500328
0.441586615554734
0.250963996979823
0.278067558530645
0.28918776668341
0.292336139525981
0.220948818586099
0.248217205873233
0.201092870943575
0.357560334363633
0.402847687053821
0.340762216423689
0.252803090488485
0.440759739854728
0.546193498095096
0.395998426801233
0.376277020549971
0.364663467260697
0.0815958813658878
0.351941779044922
0.394047158090398
0.173649052928103
0.423361465372291
0.34868490047642
0.343215827291413
0.379395625071315
0.321776820182572
0.418914305139091
0.288766121442742
0.358380708346273
0.293902060355946
0.281921048237255
0.375065584114544
0.305317048732316
0.37829375698457
0.371687294818449
0.255962847815569
0.432034475732886
0.3365587701774
0.262469506879981
0.317952986443905
0.351065878122788
0.387585633348004
0.468761319319202
0.327995066519425
0.383127464263134
0.389670001692661
0.498363187020188
0.423672837310847
0.382849313138704
0.369366177059287
0.430345860864767
0.345551139705632
0.388030193171902
0.500445740845332
0.296799052667503
0.494503431508358
0.370125021715143
0.363140039794298
0.363663676349325
0.366748013035309
0.48459047948624
0.437518262993377
0.502997449753201
0.335537030675554
0.249759601002649
0.379617278278895
0.60472053486589
0.368438622725661
0.558062351218737
0.361018548376589
0.315840952401648
0.335040981202021
0.423052995228527
0.397564523459605
0.367808736156376
0.354002594991604
0.468534442986168
0.445967333425024
0.643694136916084
0.470917445721593
0.502466962789358
0.470452274340077
0.3878919541545
0.506089635459801
0.420464848457075
0.365646922179125
0.521749039208154
0.621827006752772
0.247054370895623
0.517647481024081
0.428133068342905
0.605524105889759
0.308235116065083
0.416028860037093
0.528966522185668
0.449493144966196
0.510674971463072
0.507586718332436
0.371061913915929
0.54034295414955
0.520428377237637
0.542666962400985
0.273994330138347
0.428507713367286
0.41560752786371
0.349620953604667
0.56087159975714
0.415860074431863
0.485740642012693
0.54986701943339
0.407722356173935
0.362671528165182
0.574455454360771
0.459733609600897
0.391329722399514
0.553522096510861
0.459071825686355
0.494369393425686
0.332902338722631
0.460870089907405
0.567152063212035
0.482662003485337
0.532117392547183
0.515726133426939
0.44675921395357
0.440249435358141
0.580759257382425
0.426425073474389
0.539301626070653
0.549193778739854
0.549315820527531
0.508991128396061
0.498348181339406
0.482802341102412
0.396636544919719
0.539154251138482
0.525277922695407
0.645019567417776
0.63264854661745
0.586514455251964
0.371896124734747
0.560238257321124
0.508226636535619
0.609925989530599
0.500635258493091
0.479704786889468
0.572798631292293
0.566987954465541
0.428009163742256
0.577274899976185
0.509898559316612
0.630676636078452
0.559459050524492
0.470819645874999
0.718828257852897
0.624454309247532
0.62009411479931
0.565696638742367
0.623726080409052
0.516754293345729
0.591651605575587
0.462393590929475
0.66971844909911
0.54946086051712
0.562424273992397
0.643869063877187
0.778975327308289
0.623316518152572
0.710256689742327
0.560787516961687
0.539000754270861
0.67129986986424
0.653617635742531
0.760830165665642
0.725331783166358
0.606745647669773
0.640186619621795
0.687875571319404
0.501625815865434
0.660724428710344
0.535143892976463
0.596444901112939
0.522297718213352
0.525079774349672
0.620759909465575
0.499479443537217
0.631417657241098
0.783343939976435
0.58396395447294
0.730588868163076
0.765097578222445
0.691728129718509
0.668471405673114
0.611085616521778
0.585023799191537
0.683077707087924
0.802157504797894
0.651243752908096
0.54996677837723
0.693960283728426
0.604022955195596
0.497561682179031
0.630639799042794
0.599344357957193
0.751814347464571
0.697453230556449
0.619684567901647
0.554494823585231
0.618661096288659
0.731962713624945
0.676089174385412
0.765689226507295
0.678594929651905
0.723170716632722
0.851504550259123
0.851027821694429
0.578679008515557
0.783829792521388
0.720623645880213
0.798264159812164
0.631362624146151
0.703270862099009
0.770022798215304
0.751700705113889
0.753936190875321
0.725052320643806
0.694017738116529
0.701552746166483
0.806019660503496
0.701330734120648
0.677682263097626
0.725267417164659
0.639240794888027
0.733526256616733
0.745760384517715
0.697458512228827
0.69374438250639
0.657170594033035
0.852052293142165
0.679262900045074
0.657804496884378
0.75032650570962
0.606413690847868
0.671555926670885
0.768359053725937
0.71962426631945
0.764797360436773
0.612617119335846
0.651727871304012
0.635228369445149
0.76642695155116
0.714564921386758
0.866084499367956
0.788494311789888
0.742218931064108
0.879917188471834
0.678564717268018
0.733767142616428
0.773108743062603
0.791531321573014
0.768703004987656
0.891883153888375
0.767105865156345
0.808685758831275
0.740558237500374
0.821196017277539
0.990876543499008
0.905171057075478
0.861193441640526
0.824238210034735
0.924746386981003
0.776536048584269
0.814216626807748
0.812482820703379
0.828355291017367
0.937814633068938
0.787038506258156
0.807465808697446
0.823563111029415
1.01205700238357
0.643810553374945
0.840899753547017
0.770894310454369
0.870765250570963
0.821531699034355
0.834605615910054
0.786746543344043
0.933468638435
0.620786523841556
0.941924207260627
0.866330334231414
0.654758100026041
0.895893904767261
0.910499454855076
0.93977267856772
0.868804485519299
0.968835610254955
0.770711057597534
0.796724833181517
0.873633656743956
0.982476157683139
0.904865295768552
0.860757085627883
0.99492616003617
0.834042286989157
0.795037520806407
0.954881813113453
0.939317273452038
0.814724078288303
0.830847325665755
0.891256634107338
0.971662133339281
0.953712516796732
1.00762887904316
0.994488326322651
1.0166836906228
0.924532339446389
0.808447976589425
0.914052086158124
0.950192273618891
1.06312417841542
0.915944702359029
0.955252118888633
0.961763423188912
0.93585528969607
1.0099413916492
1.0844802738614
0.912350995942153
0.907478847868985
0.845050054713281
0.994788170821126
0.940839524415107
0.922899819104845
0.891927850996749
1.06911274461975
0.968084197752046
0.952360361492665
0.923015341961757
0.960303069581694
0.870765383048778
0.923790462889715
1.03960300891606
1.03768156135881
0.834756886423342
1.05758023394009
0.985131312545787
0.840403986367439
0.923419159772024
0.919883006797488
1.10083056456754
0.958044470973582
1.09079329408935
1.02045432662458
0.891176602379195
0.775855261645894
0.984349379565224
1.10610952473218
1.1118590737915
1.07825083083635
0.944682490327344
1.08393963256241
1.02308446758452
0.988216574859472
