"x"
-0.952350212405893
-1.01797737005558
-1.1337508925755
-1.08380888295745
-1.05951979948631
-0.99905993377718
-0.926686196074917
-0.885181383803322
-1.04687244966762
-0.950332750580371
-0.932709006002382
-1.08766522035879
-0.920604995114063
-0.839287379708325
-0.822110421329166
-1.05293818896365
-1.07835997849711
-0.910034771704179
-1.0005597897616
-0.814648736363908
-0.824412839953687
-0.884184308713176
-0.97468000032411
-0.968530220194152
-0.824240461306077
-1.10383092149241
-0.956222348997524
-1.1323745342206
-0.945085554786803
-1.03337266848224
-0.902156794451615
-0.889113090208552
-0.961610265215348
-0.995840201015825
-0.88087645414767
-1.00192781647717
-0.89899268300908
-1.08088003757231
-0.86757237549198
-0.922950473798621
-0.954395272539298
-1.05797707380926
-0.962710827922833
-0.96246717823833
-0.885129707520004
-0.936474956967064
-0.900725769101569
-0.680403659278018
-0.883362504078686
-0.953640010712532
-1.01474003762459
-0.877788866677757
-0.81297119872639
-0.832816878489191
-0.914402028002975
-0.900538211290179
-0.837908907122008
-0.884847217007229
-0.880856545692078
-0.780772109202981
-0.863364363520822
-1.0336327635953
-0.88915694982551
-0.845981311884872
-0.903090349886671
-0.862892678702666
-0.805586988997275
-0.869918482300641
-0.840398641282821
-0.970395826757274
-0.70202052466776
-0.723456054890282
-1.00693489282318
-0.905205792052218
-0.792475539402793
-0.863492330783355
-0.95456003942262
-0.731736194864874
-0.897196322375409
-0.784449437563393
-0.833822853438734
-0.765915201191305
-0.980769188328336
-0.768756012171829
-1.02124406204874
-0.800161076726297
-0.983045112435158
-0.832965116642419
-0.744364754144222
-0.741058375061785
-0.771971354188908
-0.823315559190244
-0.822658773380842
-0.829434964851946
-0.791488645713843
-0.789072541563644
-0.771394942128345
-0.685930675710142
-0.894530742703446
-0.721186726829244
-0.756145512259128
-0.816418877465026
-0.589771449805788
-0.69164583156989
-0.777240975948956
-0.804622108061439
-0.705126830607419
-0.687955739446623
-0.833696222029282
-0.747467449595718
-0.612577163235324
-0.844598784859614
-0.844835793955784
-0.760120436698754
-0.853760190354019
-0.867617509700991
-0.75892928371582
-0.784459896885081
-0.622848179405862
-0.756884685891511
-0.668505825983183
-0.892958525049462
-0.831962806398693
-0.860547628812231
-0.83996657106063
-0.682272684719972
-0.859307234480941
-0.729375016251366
-0.815877552209972
-0.690357413979295
-0.704544232788245
-0.727376694925449
-0.668687246193513
-0.843455548083768
-0.735771121683694
-0.741269003905718
-0.670541652650886
-0.789339037811441
-0.678779567944447
-0.638237354941608
-0.625057851485254
-0.566121465439734
-0.877118440297872
-0.549865522209738
-0.665996022535622
-0.764820738546917
-0.758898719791562
-0.684043492857947
-0.647747465411628
-0.627387501618424
-0.590626028367275
-0.577338612293785
-0.662698787168448
-0.774906208452421
-0.743641065389134
-0.632174793080551
-0.682897897273035
-0.612281744391299
-0.673618133008496
-0.668945922536815
-0.779287502819815
-0.636883426985653
-0.663106631011554
-0.570693128632279
-0.589325123292865
-0.747421019956475
-0.738569775046963
-0.625604280861497
-0.743010262213774
-0.730305198319619
-0.600339543984965
-0.611980572769621
-0.525417549889583
-0.687765151639609
-0.70724685480281
-0.640178672617251
-0.722065509128652
-0.621796486830849
-0.817604227532359
-0.646696890167977
-0.742271654361307
-0.620377520021761
-0.642878904697278
-0.682726702719035
-0.673762593767091
-0.607269638961508
-0.639514783374258
-0.572701261475952
-0.62135383668668
-0.737559629019739
-0.62584355841158
-0.730399030805139
-0.506276336440564
-0.635338857117064
-0.661600270266449
-0.596944992233379
-0.691199187282416
-0.564811897969135
-0.61961979964238
-0.701243020496565
-0.703470322000844
-0.498503673472554
-0.55568108313045
-0.533637507932992
-0.662637755705017
-0.639464541795829
-0.398043351121618
-0.602786531038218
-0.468758373023733
-0.326037619698012
-0.506305198668526
-0.535926634251267
-0.63583669013571
-0.516962269722441
-0.62624842866358
-0.543755456454546
-0.339535051317207
-0.502288336695266
-0.710485943385511
-0.707926042943524
-0.633745105520007
-0.581776186037646
-0.404094595919678
-0.82139777630253
-0.691146580885287
-0.63818675944637
-0.454117015156394
-0.498034594470942
-0.382210537597389
-0.576294208971258
-0.660607844700961
-0.658733062348018
-0.615728327533426
-0.588490334678898
-0.551706923575242
-0.463943636954578
-0.728305051277008
-0.448995314868481
-0.531613660122802
-0.490394381421528
-0.521306826086146
-0.596026550737969
-0.515888713189468
-0.575848424582663
-0.591907259400066
-0.358301171100013
-0.535833732907936
-0.41721859830773
-0.433180069261676
-0.671122152592725
-0.38381361411839
-0.48788498843534
-0.422306437229906
-0.398868550374863
-0.614426763318453
-0.475052757772518
-0.500738802547121
-0.476177895234996
-0.454180474395436
-0.396626748712369
-0.595761160418261
-0.51163201280471
-0.262410819359833
-0.531003715139727
-0.607325041284001
-0.544217210377227
-0.414345585794359
-0.528086160292389
-0.549208888279732
-0.481888137552606
-0.491303033817309
-0.358519316446972
-0.421849353880871
-0.403952849269766
-0.436041187848707
-0.65096409234911
-0.46074100853817
-0.470709391685243
-0.447428309092963
-0.464603882423762
-0.430180114336884
-0.437423697215367
-0.496443570868394
-0.41715674503483
-0.484547311181851
-0.494188043042527
-0.397920086745628
-0.432260852967701
-0.361109659619628
-0.627895013712112
-0.471895992747798
-0.386287520194414
-0.606968386580949
-0.445890434250811
-0.376579031348366
-0.427511059974802
-0.456266617264984
-0.454126902669494
-0.292896700137831
-0.563998564655944
-0.463468864697755
-0.450009592933776
-0.319419441057188
-0.410038840665489
-0.246580232844879
-0.378259519225192
-0.550312403848634
-0.193003225123967
-0.340064252086967
-0.304598313916363
-0.331114308501251
-0.328670496997091
-0.394274967182858
-0.23974553882262
-0.407345548264205
-0.362932973567731
-0.329941310455409
-0.16540606311556
-0.463903599562631
-0.41865592505359
-0.299376806125012
-0.36643910088135
-0.322186401171576
-0.432912425415909
-0.416008133545569
-0.424016511604876
-0.180649354419476
-0.274231887732094
-0.373041627428002
-0.470004842487203
-0.186868713361341
-0.217714265314531
-0.291474839924236
-0.301306898029745
-0.284112897528224
-0.357424172931879
-0.297412793943608
-0.2524806809963
-0.319631035885335
-0.221711328972536
-0.286726431882995
-0.261160214455059
-0.362671177666171
-0.227790721887744
-0.348814241844949
-0.376358115922207
-0.291236643130056
-0.376508093234231
-0.269677384349896
-0.413362590155861
-0.181559012920409
-0.297823998516176
-0.306028333318598
-0.163271784666381
-0.396478598548142
-0.304463502579056
-0.259652581753066
-0.307061553883298
-0.261075339970225
-0.269250315485165
-0.242540923438676
-0.343325477095656
-0.285490439573389
-0.134036131764067
-0.192879187379091
-0.28812223378468
-0.307189748723146
-0.242583594938045
-0.212880185253715
-0.257324819364862
-0.229753525643512
-0.290231639208556
-0.150553598569169
-0.138514177130036
-0.289540832909288
-0.275062052250292
-0.153715376191922
-0.326534326975837
-0.162382621581051
-0.220330796299123
-0.233636061848619
-0.301966120028003
-0.187868569387777
-0.197799044519858
-0.184352404982814
-0.247814882242867
-0.267810077152478
-0.240003472255037
-0.254453937511327
-0.171402885264315
-0.280801643744172
-0.158888484715147
-0.221707355456961
-0.274845197193673
-0.261685526087126
-0.242654086543483
-0.0452209182658298
-0.313258709626556
-0.256498604065171
-0.0475839949435443
-0.159434417691239
-0.336783173263522
-0.0875759431262571
-0.170434210242276
-0.295399249796243
-0.257028527987079
0.0148946539738503
-0.322430755794347
-0.231451254841733
-0.105575962736778
-0.193863992198296
-0.087246937271455
-0.177521812449736
-0.189455784347026
-0.122085199793219
-0.125596751819229
0.113744361121871
-0.0358517350730151
-0.0896254308597107
-0.192201401968241
-0.155238658974546
-0.154048046763542
-0.134886776720847
-0.133150624070538
-0.136930136892682
-0.191782308962189
-0.0110220662050402
-0.0563100141888082
-0.049148554770913
-0.188785536612157
-0.244976724412482
-0.175117302529956
-0.0950073999305324
-0.0911968776476348
-0.108770136802134
-0.120945361464351
0.0445612519713684
-0.0472154269604598
-0.123870347239665
-0.110465266483984
-0.108708755841678
-0.207896668881975
-0.265863481926141
-0.197928920154012
-0.184960021658026
-0.21244337630622
-0.157255893689921
-0.269061009401343
-0.197476009028809
-0.134790951843725
0.0760066439615458
-0.0616324592547716
-0.013847070327823
-0.133565547100315
-0.0181110351592971
-0.116384231247783
-0.000774158128910176
-0.11879133668656
-0.129199105550773
-0.163628251950523
-0.0733894434686757
-0.024821621586099
-0.0890799764472316
-0.0753729932966568
-0.155692294408672
-0.17937185781857
-0.123281523645415
-0.0041314324924878
-0.0313306244833191
0.0164605594214501
-0.0767321319662277
-0.101164057311737
0.00228565922468511
-0.0117611846028357
-0.324818963152413
-0.15086591516356
-0.260928141652996
0.0239439722834671
-0.0770142293049958
-0.0506813925981241
-0.013066925374375
-0.0990556780887349
0.0509633919031814
0.0407354322491917
-0.0634363864983753
-0.0290689794951084
-0.184212421131991
-0.0251233407683113
-0.0806995520993917
-0.186482709109145
-0.00740279734662757
0.113746932487289
-0.00560416817976892
-0.136847657657317
0.0616572084247371
-0.12508658078128
-0.161714119039902
0.0478243555544675
-0.0212542176510517
0.0248933090964422
-0.0311363902057535
-0.0266673411118062
0.017754349115329
-0.0172172174259126
-0.0775027403426476
0.227010576138061
-0.156670108140445
-0.0412787103756995
-0.0388282361198556
0.0547014288264173
0.0325223278888846
-0.0448234873421579
0.0152538529684727
-0.124044008173609
-0.0429515161855555
-0.0395933887001738
0.0583320684028755
-0.0186904162401754
0.00644314873940567
0.189224318387375
-0.0985108596540947
-0.00591929065981094
0.0234582367562917
-0.0826476591588924
0.00854168848052566
-0.0463839434011185
0.189788804978459
0.101222738889408
0.0824779446940177
0.193410473746926
0.0526374510435059
0.0428112817340493
0.169520392111504
0.14785933340216
0.1252640619781
0.194250402856445
0.0919013135241095
0.0792011077141176
0.166182611611213
0.1076165620571
-0.0670409653904827
0.104909676506764
0.0873287864387605
0.0504232259505818
0.015730649981345
0.09720928589859
0.0890676417129579
0.141599289261446
-0.00728156243966889
0.0851139430183687
0.000406020205059718
0.176697779446984
0.111103799321678
0.124295674822297
0.195749869991431
0.0429445765353127
0.142988178166083
0.143052950991858
0.115504035417798
0.219448587590057
-0.0152615736255564
0.0352420695497651
0.076820761898355
0.0426552748919485
0.365788630152502
0.22987784335673
0.223961695630937
0.0251189103869966
0.17428911857863
0.0221165192221725
0.151431269394148
0.242770005087536
-0.0139706391948648
-0.0129795658971684
0.108274727230788
0.202243575808915
0.147411500593049
0.13258901910017
0.199703826986516
0.237030533742738
0.171569137088287
0.230115637111376
0.0770706872943003
0.197409383627527
0.0924167957284163
-0.0282086615324432
0.112862068909825
0.0795010351657472
0.178922013475042
0.271638759494881
0.18954929697584
0.187123492277467
0.270928013984685
0.175781399472164
0.183220726894986
0.199022391113972
0.256633068325423
0.204229139199042
0.145640121816935
0.104858242570347
0.211039209742623
0.232437028176786
0.226553667020876
0.373833793640238
0.237244388608671
-0.000129421437370289
0.207670235471912
0.213999073426779
0.360000757680068
0.151069448163933
0.241718496596115
0.274488283477689
0.154287030717774
0.394009718505095
0.299177397140294
0.230936553283175
0.257855231606469
0.144526072089134
0.299649123553752
0.444679037140528
0.363831962690257
0.161619633249844
0.264963531414661
0.229542137602609
0.313700052981121
0.260945009988558
0.397996730184374
0.189706216981472
0.318495548476588
0.353415286094764
0.196319588923153
0.1917981893868
0.266101091789856
0.349277183415393
0.242348554344203
0.420962008154433
0.285009175739567
0.427849495974148
0.252127648920604
0.270460382576618
0.291584625390282
0.28524544184466
0.215208940896762
0.254475097498107
0.205773005333485
0.385760318030437
0.397862264684756
0.343701459409347
0.22908899282025
0.453087428510774
0.53654711259126
0.404149376911489
0.365674270481514
0.370640845321017
0.0644521068679572
0.361410773487307
0.397609686803291
0.192681773215526
0.432784043625339
0.330765934811758
0.344485565658969
0.382709137236682
0.323247406984392
0.420069183892675
0.280281177332309
0.338260714162205
0.304207063547761
0.303858102128019
0.389476297537402
0.309533864589475
0.39174879357401
0.379689800936212
0.256120197066684
0.434058642244244
0.311803902424158
0.274904859807866
0.31392804022625
0.347772721371749
0.391712736965491
0.471000038533214
0.31843047840283
0.377518557431131
0.385323418259078
0.491212570432308
0.438809953106575
0.401529604886841
0.382591795521095
0.426779601205654
0.370149791387799
0.377683290564538
0.471207469508771
0.282626021463854
0.492506466577816
0.394177319464624
0.364882914884921
0.390851419247422
0.347297076125098
0.467480108683153
0.434729559281715
0.496266200486746
0.336293393066273
0.268391923556273
0.382889976108958
0.62075868636918
0.375207866597657
0.556021572202546
0.345537238697312
0.302903825854774
0.334018807757516
0.437151010386422
0.409719875834293
0.384698609420446
0.360736765455526
0.471020195390233
0.44297374059227
0.646017715783159
0.451464033062055
0.507609247889325
0.469055190900053
0.365282926803415
0.502613499128924
0.427068115168657
0.382522397303854
0.537939203266809
0.613343436219956
0.273995375525621
0.492648530607257
0.47111279208754
0.607417161606654
0.33008082083302
0.436307893889852
0.539988880569352
0.432603503319072
0.519517462125874
0.511891349098615
0.389518976342488
0.566634250043771
0.531297169045108
0.524285047825981
0.25932717801776
0.447557719234274
0.421887806068394
0.350812461091115
0.546088937062503
0.411083202970339
0.464309315219233
0.562649530251214
0.410444563614398
0.351062850539195
0.580768868076522
0.456311589509378
0.385329065242392
0.547592985084918
0.464481424768644
0.489234325256125
0.339319645313281
0.471434954494187
0.570994537430721
0.48544539250643
0.555499965712103
0.528455811686388
0.461958150888807
0.443299659873222
0.566392778429407
0.422951952995386
0.542105057360657
0.55174448148438
0.558163815247982
0.496812038018151
0.471334451570778
0.513558039469966
0.406162956127803
0.560161516090901
0.536108441319118
0.638264181751718
0.645296722072168
0.594780259147166
0.360229325295371
0.569758173241435
0.521106558891611
0.612053928353472
0.500074076521395
0.469569732500258
0.585861482369422
0.589052184336526
0.43932058225896
0.576567553391817
0.51637605002748
0.622082458824994
0.555655054417289
0.453200012251471
0.733288125485694
0.605022462673627
0.598269504734071
0.574934435462075
0.627961073164421
0.524459899914611
0.601556681009676
0.443536148276938
0.653787085651261
0.550247320012795
0.564104481500404
0.644360327156215
0.777555853773908
0.643670051290038
0.722573061807149
0.553389733996567
0.537627901158308
0.671079210058653
0.659634769475901
0.766756633039389
0.726395640592187
0.582165391024651
0.655084901009487
0.71850806434397
0.483052563087815
0.661957784846886
0.549092990003333
0.574265084843849
0.543290771851542
0.534067422136272
0.645008389961456
0.517156944579949
0.641919129643442
0.786021753628823
0.584745847018415
0.750424949796296
0.759969667117878
0.698659558594364
0.662415601986608
0.608356458979055
0.622566135561558
0.649968554862731
0.810994800341002
0.640616487680817
0.550225311816181
0.703733721912822
0.592683238827367
0.524887987343747
0.647226648636947
0.615206737141207
0.765694838372012
0.696303778024334
0.607722760644323
0.548164481476192
0.626522215807629
0.719921240934729
0.688289438440105
0.774787352249265
0.685664958218624
0.745919615839512
0.851567016503158
0.815716287571526
0.551460967266715
0.802725520516013
0.695305580373304
0.793034587673153
0.654131683434356
0.707540968346034
0.778015818574788
0.755344361644368
0.763869199338363
0.726724286218726
0.691743589872272
0.7071514022862
0.785893274570924
0.693980741160387
0.690447626157062
0.739765283295591
0.638889173934235
0.715900045525496
0.753428227176007
0.693914801554983
0.706086057117027
0.634930342372319
0.8360253009031
0.703611294670904
0.644424803518064
0.727523255639493
0.61246896171301
0.670369424857914
0.73372663624038
0.730504987673671
0.76074106969698
0.606574956999924
0.658218116315166
0.636064278418462
0.790541939699687
0.731684205542408
0.869275405466681
0.778680115268227
0.760930861302822
0.871804515311851
0.698433381958808
0.729181553780541
0.779651647580503
0.776359364461986
0.772304744616837
0.891888006193823
0.776975286695613
0.810051517806931
0.747866407492746
0.816917171166373
0.990570506256939
0.912577934447664
0.848060757930944
0.841129094197457
0.923291925710413
0.783881976601364
0.791200129835301
0.813158467338491
0.838977064535866
0.931538604948445
0.796921647606605
0.804072308528263
0.823457339983986
1.00958411504679
0.645386911484452
0.835192630967759
0.78710574201965
0.874806217586675
0.806429349917235
0.818925280117156
0.797643538498109
0.933904540495092
0.617321516505016
0.920559258124499
0.85308141495032
0.668272586404349
0.907579201739305
0.918788854653625
0.943786796707633
0.869814114679748
0.946090473977654
0.787141999246698
0.803250914854718
0.87578692607223
0.998238598017557
0.895734294118823
0.843911582967112
1.00249998428562
0.821236631099595
0.774959219746958
0.95847837204694
0.956188005141726
0.819846503687859
0.828233779920881
0.870911019545991
0.955817424469943
0.941258201264921
0.997404793289505
0.998758955846572
0.991708910080785
0.915352338425804
0.825406583535317
0.910914812022792
0.965254990656695
1.05832643715155
0.921076020743587
0.938424310994594
0.986483086160328
0.944412257004424
0.997852940687013
1.05551259223135
0.915388991230624
0.892737006615109
0.834559218205425
1.01256782387305
0.939382434899453
0.934899373968648
0.911699159911499
1.08841066916354
0.959760820571261
0.972911927586291
0.909148243657515
0.948633185133942
0.869523142511887
0.933617416652791
1.03810858202119
1.04152377775852
0.854227212743782
1.07589354723051
0.982474386045325
0.816055474393573
0.91063662736473
0.928955753829176
1.093819831029
0.968094118097774
1.08545714155085
1.0189038171695
0.912873200566048
0.76778264574763
0.994907579399712
1.10290020995893
1.12549999764071
1.08343278131382
0.932730424494507
1.07184309629551
1.04516448025925
1.01165052991406
