"x"
-1.03021109485486
-1.09754948159838
-1.01841693100578
-0.934822897187856
-1.03760099455309
-0.992584810983513
-1.08295323898561
-0.961706020801824
-1.16381999303665
-1.02988638091078
-0.968878777858692
-1.01204000551866
-0.999979671668633
-1.13251108579175
-1.09325533527511
-0.986595807127866
-1.04728971007402
-1.10051835574623
-0.843685882446085
-1.01175098814566
-1.00989012599063
-0.895364814139286
-0.909090659046789
-0.972731362543942
-0.893442261355638
-0.858012315759619
-0.99495379039988
-0.84940260384831
-0.929521806397604
-0.872450176702292
-0.937637735244342
-0.938877996043227
-1.00310621011897
-0.831196112079049
-0.892705397298538
-1.03490222723858
-1.03310524178953
-0.935279390652815
-0.881537725129009
-0.963701774191315
-1.05952073882921
-0.80350042253851
-0.975282926826761
-0.974047128269588
-0.95063879305056
-0.925887049506094
-0.948971970729762
-0.948271142771445
-0.861387614935474
-0.985001889113268
-0.905853882370407
-0.95749028667467
-0.875873529204786
-1.05125021012981
-0.888512613808845
-1.02563289282153
-0.941475732700957
-0.731532946425687
-0.790335389623804
-0.879643143446086
-0.886524916178042
-0.877352964975611
-0.733031163759359
-0.876165866415714
-0.948216128259583
-0.86926730337818
-0.947651004282982
-0.958437253763078
-0.980891281686984
-0.817691271545931
-0.768889115632373
-0.866889650608334
-0.815473090374964
-0.8171417293763
-0.96850196097745
-0.853323284124661
-0.893399299376087
-0.636695622005247
-0.86478002633645
-0.760828817556838
-0.689862370215953
-0.733521149471741
-0.873383802004187
-0.879543439294973
-0.986474388180092
-0.824457058368015
-0.814143311360558
-0.889180310203187
-0.778962321711376
-0.857624519812886
-0.778081534510983
-0.836253267022469
-0.915903992417797
-0.795143002379948
-0.792288368167043
-0.716019184271438
-0.734147297819253
-0.730842698253726
-0.734355495876455
-0.716389959959906
-0.858232826694573
-0.742759004702921
-0.625625215571153
-0.86775270528898
-0.826186970828626
-0.79790194365528
-0.871035584250614
-0.792228912963759
-0.754266896691378
-0.695561677583612
-0.687453250948253
-0.812919088539318
-0.702042642019933
-0.849552476286754
-0.707817600845277
-0.911803585818127
-0.721089369807635
-0.908796951020843
-0.676522395910439
-0.875247351099043
-0.727474047026656
-0.805373838339767
-0.802089529012733
-0.968126413553513
-0.743505716993733
-0.84332005277309
-0.740439566805815
-0.636227418727554
-0.723801150711439
-0.682678889427236
-0.699101401414546
-0.782539098481918
-0.813985908175819
-0.868115634858641
-0.912905923435874
-0.786211477157885
-0.636676127580561
-0.615936464502373
-0.750140905300707
-0.695662160079037
-0.773921468862772
-0.457170752201272
-0.691944838210686
-0.759194041798789
-0.640967999299087
-0.533029384155431
-0.86586442704324
-0.547713541668402
-0.695461887391821
-0.606802480730196
-0.793107833512905
-0.682399483796152
-0.798990840488327
-0.727069147262165
-0.593256114583929
-0.636041512718818
-0.594650715339625
-0.62538547777941
-0.615286658424324
-0.678617391581001
-0.603672536733756
-0.698530510367702
-0.604885317184828
-0.514422087157018
-0.653499748528712
-0.631824181078329
-0.703698040467941
-0.606765840467845
-0.571777056950621
-0.694631046090326
-0.768613938942153
-0.588540332972858
-0.664001172074024
-0.642023498119895
-0.592616690433343
-0.500911280990476
-0.56087348905088
-0.583801562805853
-0.637852092215128
-0.671451357722762
-0.73235478047587
-0.68868244041471
-0.445412621956653
-0.600740435529159
-0.617676002174837
-0.700470850795655
-0.575693124398319
-0.584404781150372
-0.729755477135299
-0.584326640204946
-0.682807733019089
-0.61690037639813
-0.741324182177621
-0.700417536351959
-0.503064327706106
-0.654597319768714
-0.639035498716834
-0.667180657579557
-0.731097557943648
-0.510001355256805
-0.661629689931952
-0.613883261970132
-0.656038282273726
-0.62698863532242
-0.598491423650064
-0.522870672987822
-0.646596037270102
-0.577576064395536
-0.630507308081537
-0.500470200352916
-0.489312896877173
-0.484455023119002
-0.568187091022286
-0.498026375298489
-0.521348733709458
-0.518516359169732
-0.472370146468511
-0.50011894352552
-0.580314236441372
-0.591475227403739
-0.561338460776787
-0.587419577305184
-0.633887101434316
-0.534168872307336
-0.405958524348955
-0.579368857910832
-0.47636911114303
-0.585323378031308
-0.528625234370426
-0.499986737095036
-0.426861922392067
-0.595874875462002
-0.521235815283519
-0.525393589769798
-0.555688571431001
-0.469075005964295
-0.544380176394183
-0.519966303337515
-0.57476712703496
-0.542063979153759
-0.578276633665299
-0.576488414121084
-0.484513904373454
-0.63988650279951
-0.522952153676383
-0.52856521948352
-0.488267197269951
-0.559539174078797
-0.482555259498085
-0.532386459902211
-0.516400722940726
-0.579961272833348
-0.407305573854259
-0.634140643288752
-0.472091983922303
-0.562345041571102
-0.484036494568178
-0.54065698616395
-0.473191079021088
-0.507602082776482
-0.622360625422755
-0.617616106961207
-0.361489022843218
-0.55051450724034
-0.420862242486523
-0.485141429899199
-0.429481984562379
-0.541156591292902
-0.410993576120261
-0.404989298527721
-0.32648550684855
-0.449760459778114
-0.572642181109598
-0.458517781848857
-0.416665384617516
-0.337131870697359
-0.464491451977709
-0.51490362642691
-0.524323456289769
-0.445880286729904
-0.465278489899453
-0.528108591261414
-0.305343589017823
-0.406401895357325
-0.426829517424889
-0.373937635897539
-0.377278158228446
-0.328831574169127
-0.324248026466521
-0.339523342704285
-0.44863095933525
-0.260139608926161
-0.307245579663433
-0.534414157544672
-0.372063133861251
-0.387571435876307
-0.453872221725227
-0.224934465873934
-0.42624646698369
-0.433348329024546
-0.4246232511523
-0.37922674890559
-0.366157817194946
-0.494401396388263
-0.330691236101072
-0.379910068700926
-0.38705776628444
-0.466014002922998
-0.457021750098496
-0.366778938554897
-0.431134696964007
-0.312496236977028
-0.285160435111843
-0.411509705972961
-0.32927695017511
-0.308579199404947
-0.426864000641044
-0.185504165856272
-0.429843013513614
-0.254586123533703
-0.376025044603584
-0.417421080802914
-0.394804914551634
-0.405209665912271
-0.371308162905069
-0.454272354871983
-0.133679203941891
-0.348234218244296
-0.356207066379185
-0.161825720028994
-0.327312080335055
-0.258472797708509
-0.366177926577157
-0.322037820873409
-0.337055676704868
-0.422971096824892
-0.326878288656742
-0.386292897600202
-0.389702446151919
-0.235579628550346
-0.31501688903476
-0.366336741627126
-0.231169266859533
-0.432264912142687
-0.381281750220893
-0.225627734768826
-0.364242583642057
-0.483767818707769
-0.409802369958795
-0.211191106234687
-0.305333313291457
-0.300394156032101
-0.179431768331141
-0.269340353892021
-0.218939449058883
-0.258763917761128
-0.336222775874931
-0.296979102363851
-0.42007431325834
-0.225707483264545
-0.392124833939371
-0.384558041858737
-0.299715757295817
-0.280486471167786
-0.180055217197381
-0.404211244629083
-0.29298733246574
-0.325610363893814
-0.175292307504911
-0.20989849156951
-0.255558494608237
-0.299526895487283
-0.262431316231624
-0.402100002478681
-0.266502237057396
-0.209715617358124
-0.3191206185395
-0.255638085571473
-0.3173985779199
-0.395593074514031
-0.280799081800867
-0.239746631227396
-0.364922806246627
-0.220165442259337
-0.343038198469605
-0.312230723630835
-0.387690027703838
-0.18691376127149
-0.202623609321361
-0.195517778602865
-0.181086508286699
-0.15119429427301
-0.282924359862712
-0.0611798322018195
-0.346233780136718
-0.227515728715868
-0.213216607728987
-0.136869572355639
-0.266782166036322
-0.330393844633967
-0.262255662850123
-0.109055449456082
-0.211238823830856
-0.291810308830092
-0.340040241676916
-0.0305374081074714
-0.0525407989266514
-0.343300253935549
-0.220287070400056
-0.226682535334689
-0.286560058113262
-0.0370528516044261
-0.167391618393319
-0.235733591574687
-0.209230599716164
-0.162255440277217
-0.230137592426978
-0.169737516311356
-0.0821314111373235
-0.153010027356414
-0.0878102251694741
-0.190544234326039
-0.14849650049596
-0.194012329432283
-0.201133618509502
-0.0507577490723748
-0.0657774107506705
-0.168648491870793
-0.0769903423136122
-0.00955640490883884
-0.0765129016584094
-0.0846592690268176
-0.249020943584894
-0.141855626317389
-0.0614827068882243
-0.0517450395753758
-0.0781798392186894
-0.0573313130495561
0.079653623709568
0.0195178551914039
-0.214944463786601
-0.128215195625124
-0.0540421404348535
0.0789790424433599
-0.136616715241346
-0.0578709582532238
-0.161283709159321
-0.0504937642792246
-0.0597650448321466
-0.278292528858106
-0.129884192527917
-0.128292331042113
-0.136932957831076
-0.208671943076361
-0.0057501099854398
-0.103051723906517
-0.029146108430962
-0.0409072903686276
-0.0401334147981796
-0.113589305129325
-0.0913230572057678
-0.0241638021061807
-0.0489144213421795
-0.0695478132105038
-0.182986756524707
-0.13720908091883
-0.055539865751359
-0.130951302947031
-0.149040965871828
-0.143603172991572
-0.0833268887171723
0.150901610568809
0.0851619310698528
-0.114114115969441
-0.0182624452104396
-0.0324306990599791
0.0259355472872095
0.121061877612667
-0.0227501274638196
-0.0784371072196356
0.0419272466120494
0.0955232826757813
-0.0126544325109769
-0.0117149496102471
-0.0277746331470215
0.0199941829643312
0.0284489903057025
-0.100597149591541
-0.0485504015145829
-0.0136772327321153
-0.015831837839323
0.014715322120251
-0.133290589269556
0.0993968636599163
-0.0395383121759599
0.0624402959330819
-0.026922749512947
0.0198242208429745
-0.076473780373566
-0.0338510837141514
0.00342272604112277
0.129068064532877
0.0481346253900804
-0.0503802756379069
-0.12438030682146
0.207687748321043
-0.00980667686358252
-0.0206462367492231
0.0946297649641964
0.157908886831972
-0.0224164549889471
-0.0335982661113197
-0.0926177380168957
-0.0155131483696218
0.135132311660875
0.0505910473854009
0.132919167387087
0.0622763312838339
-0.0344290651120687
0.223710889106955
0.139196471224004
-0.0692651132323862
-0.0903977662888334
-0.0414642374706092
-0.0792800462216613
0.0389484977523423
0.0967612073704463
0.185005087397451
0.133553913632975
0.0447453482581467
0.0754323694778173
0.0684567169909745
0.0341043440178884
0.140001925231552
0.334580029191776
0.107950288980394
0.0743892648441683
-0.0540178908188953
0.0639323961129139
0.0878892680722002
0.122400981380793
0.167781485930379
-0.0461176949558051
0.0659058281315684
0.208414492939876
0.0823092971850192
-0.0105388352543393
0.125755385723856
0.0174933293254804
0.113271005356856
0.0955905406598346
0.108096167697884
0.170662966395127
0.0702881039685071
0.0536486087617892
0.0887842759260123
0.040991237606791
0.1270020521846
0.143196063253821
0.122313587022908
0.203496886291469
-0.0593392889092601
0.0700519164236382
0.178031296651405
0.248027176450319
0.0352000855405159
0.0423997612831349
0.170596971947337
-0.00700027861335514
0.203630658159325
0.0254410626232982
0.257351343539424
0.179030792829417
0.141439349193084
0.119023998335328
0.0826630739579471
0.24588455359377
0.074171839456174
0.233136975146893
0.01308328648268
0.251952946409841
0.217048204025645
0.125057277299149
0.0869029958818177
0.340046541239871
0.213262013134762
0.247096973649602
0.182690999778225
0.0726296869050747
0.046541519988902
0.0965778466482344
0.0244567400645216
0.24793802627222
0.289037715713791
-0.0583248628201499
0.242643991937269
0.302580783060094
0.257282197798291
0.252521996370875
0.191933428509274
0.151004749278394
0.161347926596282
0.277120639891159
0.078021824350314
0.318454468548541
0.305582733591323
0.163756841083812
0.236339589066225
0.222841230376912
0.275698373180548
0.288154691323964
0.0911441763354185
0.210206969422942
0.263099381967219
0.254240196339497
0.377372108406768
0.228395510218307
0.227097864280521
0.276425184174881
0.239126780313985
0.134881575608731
0.245554821932458
0.294239129675343
0.0733670850955375
0.212679810771286
0.242528117089883
0.384550454873396
0.161453265847444
0.39273799353163
0.372066055570244
0.260684487855448
0.159043192088933
0.307156958029754
0.253275543298183
0.355488915694667
0.191513490833063
0.387622428070729
0.428550103168119
0.285080842205104
0.276232778974951
0.244724601329434
0.223965177246707
0.391611707662654
0.428284472927476
0.329276557444894
0.20434938672049
0.150587691121522
0.446085826279181
0.296958345434353
0.224326183479612
0.339515743234893
0.240442817179117
0.427029743524031
0.282659855560294
0.280699782035307
0.262462410502463
0.249932535836173
0.38663233906176
0.316361855895486
0.49309284051261
0.304820710736123
0.361915876871471
0.377106455183924
0.383066370830151
0.306428599132913
0.272855086822798
0.404579470147593
0.320283092990809
0.44859751752579
0.329882280724333
0.443371124687804
0.33588013085815
0.282408720029358
0.365626842711059
0.487631385037414
0.450927308800288
0.417409144263012
0.364001701331214
0.370774856707122
0.32378278415966
0.17794600895835
0.430341778213146
0.202212392158283
0.214704152130511
0.425913220294382
0.43909808346849
0.41744991279642
0.357024562426472
0.34184905388068
0.344603412806391
0.367522265945525
0.335777817852632
0.334967562717417
0.363683796868893
0.378223245830817
0.330875631093812
0.300885703818967
0.375483203316584
0.456719630563844
0.35381729320968
0.405022771951356
0.324618753892813
0.351828047264253
0.294413468757844
0.236007534156685
0.568329979008166
0.458421361715737
0.332405008030802
0.42265891384483
0.518186283129377
0.428820733194405
0.459945491906226
0.342560162552383
0.342979728150814
0.41933892048837
0.351482210581901
0.309614389505544
0.416953372038803
0.302485260051932
0.440211572608271
0.506786200861611
0.476052902539934
0.487531968999697
0.467095391771968
0.537666650188267
0.461026331432866
0.492663374403308
0.421823084363245
0.645630339744669
0.367214356055835
0.534300858728466
0.422988543853469
0.423991971746632
0.512394978525198
0.415798722202055
0.543744368764742
0.511167379569119
0.346526420831587
0.381949354787034
0.412665381248526
0.394867453015677
0.586434983232674
0.629302713793237
0.652436572576114
0.450793031085542
0.483283548483276
0.59119879803183
0.491240214635914
0.440413014802227
0.479399835049965
0.453278444624974
0.531494341139508
0.503829041669029
0.66280600348956
0.337146862670997
0.623649208163872
0.588338631283626
0.445617135936022
0.635586577640869
0.556123691286691
0.579833743029294
0.647593017819781
0.53489579625727
0.445431349121071
0.457480075862628
0.603215655389702
0.477742348998864
0.470804315660362
0.59969289120916
0.549872045971641
0.525673532124134
0.56631121105837
0.505233984296454
0.721363659645954
0.694143736108135
0.38531413783616
0.469206497856049
0.573115967752491
0.582326745352886
0.489528839962419
0.366359546397557
0.467341170509184
0.52668667845402
0.596181489900035
0.597027989622585
0.428963216087685
0.68707396225381
0.645203503218488
0.56612304694051
0.583469917363792
0.699618555630125
0.439286249662516
0.378799966171503
0.533498968350279
0.510132545925906
0.54231991873788
0.4716229245537
0.430122004835023
0.587556159086166
0.5675202944398
0.852301013830629
0.675078790526272
0.569796861552426
0.630106453198485
0.697826496680513
0.631224227315271
0.677608715147383
0.63502371403276
0.575953855562884
0.581547474083518
0.570180409360705
0.677556534917082
0.50863660224381
0.689860308709139
0.680737317922404
0.681323278183969
0.752505067136144
0.560431942110861
0.705286026759805
0.616729157500999
0.676191818047084
0.601049317002993
0.739303087328785
0.826184761876006
0.818736259350198
0.639651610398375
0.619537574468776
0.667596810218825
0.803729756525282
0.652416403720756
0.723559500591449
0.699897543673574
0.662467873384007
0.565853547120027
0.590404899361239
0.637997606375915
0.579058755996094
0.800247502298373
0.585316980573592
0.627118514436182
0.470357597180801
0.615909099977617
0.665140580912745
0.530069187467712
0.660443744219629
0.649086947907698
0.749715239949463
0.612607777444193
0.725389744675611
0.640171507817025
0.532000035303883
0.628755846584767
0.749158943838058
0.790086858417613
0.819456362850073
0.730574154162717
0.724714297180633
0.786784554106289
0.639564686484016
0.614024556346998
0.777693751511972
0.735791532282945
0.725370168719772
0.773219508298702
0.804993116881087
0.681014878601969
0.808458238433386
0.820243380110642
0.678613716349913
0.662627865790827
0.674306498206855
0.71030248677955
0.839620462014524
0.825823698210426
0.569527627928129
0.708104048800196
0.874227252076411
0.78696793536829
0.815025030124982
0.663227580618159
0.880096920631959
0.78644648365044
0.801879465866454
0.764101172883016
0.784796784952157
0.900429520758105
0.652084820732575
0.85975808718676
0.80742060851911
0.775437633769078
0.718425589329206
0.779169323830297
0.887141596947594
0.783861532418228
0.829004134288259
0.798241751771153
0.776467501346926
0.765470550171305
0.775630117340121
0.838969933768494
0.707923182336122
0.569803061844959
0.978562177637501
0.687686839913888
0.892639843941332
0.875099382843315
0.856927155111562
0.698833883563613
0.82416095012937
0.894827902003285
0.721581167351371
0.835008161209702
0.834675554453201
0.895262238870366
1.02958889353234
0.848381003285572
0.648278233796366
0.776073815584701
0.806510577926839
0.911998388351385
0.776468120680214
0.828839089993499
0.856870510882099
0.824421097581537
0.710001735689783
0.894424164421159
0.834581153499366
0.982383963605096
0.892049962934658
0.715238423496613
0.944115237736127
0.82899995374346
0.818945400069369
0.722960498531612
0.838518569989161
0.805914755740179
0.857175122757154
0.938015820795854
0.859013034340484
1.04928718796355
0.873153641046428
0.878371108965608
0.669822056355124
0.961353143202071
0.982600573103889
0.936408044547368
0.834540770489612
0.919046890576792
0.850922078365803
0.807857691795258
0.83488567832229
1.03058297825693
0.962073249795545
0.846675293968615
0.909951954610299
0.884658372293064
0.915114473835031
0.936443411873739
0.934082617381141
1.02170179368084
1.01407263688653
0.90004740639132
0.80760804204024
0.832507872113511
0.912991854734012
1.01148552661092
0.931336604962457
1.02426627647035
1.03157230093086
1.01588899277425
0.88468828954859
0.815297926070819
0.876072720534739
1.00620046267413
0.843618144610633
0.915840963125171
0.947051108202769
0.917777824380805
0.847379168391743
1.08924439262152
0.911196840189273
0.793798797151898
0.888908308822801
0.88428696065569
1.01621238488003
1.01496425515016
1.06009466679991
0.952582157615588
1.06201783337713
1.09855300848282
0.953937108645479
1.06735209626746
0.980696241323896
1.07886858544719
0.983000960574752
1.02421426662071
0.992532038434111
0.938540884811615
0.933051034640137
1.14259342097639
