"x"
-0.951594192213685
-1.0142422917836
-1.13910480965261
-1.11588142959874
-1.06695235400537
-1.00317555954592
-0.930924517385423
-0.917862515936371
-1.05868571979693
-0.966026445756087
-0.946190172503899
-1.08846065820076
-0.94898368328864
-0.845708399785066
-0.804786325321443
-1.04489820752286
-1.07449925601269
-0.923343101720524
-0.9960086898752
-0.797029066689547
-0.8256908028947
-0.874696836313998
-0.956002917596858
-0.981886398049643
-0.833865159380749
-1.09643097865698
-0.963157906984924
-1.13001182073456
-0.943443295975778
-1.03071240730452
-0.925602216371104
-0.874089598350341
-0.948353522993389
-1.02402044257766
-0.88733863079367
-1.00341279064447
-0.88548911518223
-1.08142336348738
-0.865499251616125
-0.940946201745148
-0.9621945732152
-1.07170853450415
-0.957050264107013
-0.970111919705357
-0.892195487448095
-0.929030820753639
-0.896584120714407
-0.674560691451904
-0.891970669175921
-0.970977966552455
-1.00776704298071
-0.922862635564072
-0.815153697701828
-0.826261903668874
-0.913526832088743
-0.925208606180362
-0.82474677817181
-0.881984189949054
-0.875004421761706
-0.79760215217382
-0.865635445638875
-1.02583171710596
-0.888875870429369
-0.814135489428901
-0.893259889723633
-0.869944949540581
-0.78863199150353
-0.868648018952598
-0.84261061638601
-0.959741974087519
-0.721557596826335
-0.7265883958552
-0.99522210280096
-0.901744069237256
-0.794110792385019
-0.862555046374117
-0.934461084997147
-0.745243029453534
-0.894478459465163
-0.773672470264117
-0.819655343233993
-0.755602529026226
-0.966891485961798
-0.754407819490588
-1.02484013904611
-0.817074386062363
-0.993095269870579
-0.819140027848392
-0.73468977848564
-0.738356282169033
-0.785351199911782
-0.840736749225116
-0.843761689894412
-0.820795402676974
-0.792199737180554
-0.81626890082295
-0.755457343144332
-0.684550849830844
-0.88717107984064
-0.728953061019776
-0.764845776206386
-0.817092138874888
-0.601550068625952
-0.678473588894461
-0.756573898144476
-0.770683470604011
-0.721344408788757
-0.691875656161321
-0.827376004981081
-0.741654528679124
-0.594821326432212
-0.817364596349068
-0.847231648298866
-0.768919793999849
-0.838120721134498
-0.854785111546092
-0.747409928579967
-0.777478315403115
-0.589533550495394
-0.782654207458045
-0.630068035165576
-0.900937385996807
-0.825886678025808
-0.861283321800226
-0.854455850014831
-0.700661421744682
-0.881151810505859
-0.745462648574726
-0.798871840732075
-0.668502840872846
-0.69114215090465
-0.72993543613851
-0.666417123798516
-0.845634322686276
-0.71970837168389
-0.773102118282231
-0.663952719964148
-0.808518080181495
-0.645406236746221
-0.661412826773427
-0.636986026942681
-0.580001923164905
-0.881858569274599
-0.556254123357861
-0.67639010742483
-0.778155010520161
-0.778031952829235
-0.689896365359732
-0.65004048473008
-0.635391766449999
-0.575299487397893
-0.591368668712475
-0.655540888945886
-0.770140338883305
-0.732668762063241
-0.640532781497429
-0.697196011479216
-0.596562384899809
-0.68103682741123
-0.67753981896306
-0.760230782533158
-0.619805027789809
-0.680236701792072
-0.573470010161213
-0.592759006805057
-0.739555984077523
-0.732071031077952
-0.622195270070762
-0.742809934556642
-0.722466162000505
-0.577794999101397
-0.624024627123824
-0.531771637012862
-0.691481115616033
-0.687295840677586
-0.636739103633828
-0.70074636067381
-0.635426191050441
-0.806349287145006
-0.633093904097782
-0.736634061279377
-0.629780005051716
-0.644494745217376
-0.685098509108757
-0.670496291041105
-0.616532380676322
-0.629024564786453
-0.579947841158427
-0.641135230593421
-0.738824317664903
-0.63848249582392
-0.733553857763787
-0.503685839218013
-0.635818007982812
-0.664330053849742
-0.609566642598321
-0.672752420978172
-0.57630312905423
-0.609923452230365
-0.688444097047691
-0.703996490812794
-0.525505241993999
-0.559426904196072
-0.511430246789671
-0.660531831073922
-0.647243524758034
-0.39286431863037
-0.595671131204681
-0.460419024054172
-0.336916878058524
-0.518217949341077
-0.528171360675299
-0.641436429817901
-0.515720481357666
-0.615339441391274
-0.510905697104022
-0.365109709567448
-0.542983461050799
-0.699994572732812
-0.723020044339016
-0.612534492481577
-0.590933444665644
-0.393761375951341
-0.777941532071144
-0.706703633679012
-0.60138734087673
-0.417281912740923
-0.500459561684696
-0.38493801262083
-0.564487930716045
-0.655627883242056
-0.655242926652626
-0.595772854469626
-0.592164745655054
-0.54490770457286
-0.443519811057005
-0.717368550714186
-0.446604852502877
-0.529402620961002
-0.486268733230314
-0.513424791132801
-0.580865971344938
-0.491637654841298
-0.561477795935375
-0.600190378985417
-0.354265599254623
-0.519424802780233
-0.430484239525282
-0.436103144185812
-0.649749036738471
-0.403853361820682
-0.478368834875385
-0.41471365427112
-0.405561251482848
-0.6154545690944
-0.462516396878269
-0.467683089310586
-0.492126293605426
-0.477611605870473
-0.397259620792393
-0.587352970195143
-0.496023818533568
-0.244399797400802
-0.521362222931403
-0.631605445662493
-0.550366248674615
-0.423049407702959
-0.530322703429339
-0.548963359296531
-0.477511947865892
-0.483463580925531
-0.357319754561492
-0.422426523416639
-0.412710009256712
-0.44256389468356
-0.656417393076644
-0.43561736894974
-0.485812886418086
-0.446596717891523
-0.445456107612848
-0.435192129278829
-0.449564699411185
-0.485735034415411
-0.413847177383638
-0.456583333593906
-0.522323530861987
-0.378110851081144
-0.425214227851909
-0.338609016465544
-0.612450523843108
-0.458166245034738
-0.396153946711001
-0.601262981367649
-0.439625863750492
-0.387259910204714
-0.440425471075054
-0.454649669557746
-0.46441789891962
-0.318596758681551
-0.538233405309052
-0.449423960752394
-0.442307068570543
-0.341911028787393
-0.402675764171413
-0.248107101036155
-0.362848344747196
-0.549906837618775
-0.191123452658393
-0.323138388066686
-0.324639937095919
-0.343586598372833
-0.326896904161963
-0.399907008384856
-0.228359552884397
-0.40663373808577
-0.353560410061778
-0.328423116009975
-0.175870794146313
-0.456125483673641
-0.42184364339084
-0.304808970415114
-0.363149247044786
-0.32780141774072
-0.429853666198713
-0.415878605401413
-0.408512684307068
-0.19482422050529
-0.290650728562203
-0.363376333164231
-0.466408132778183
-0.188568871187056
-0.222594103287699
-0.289685618895605
-0.297780563938453
-0.28915449237774
-0.368306727090383
-0.276080245490581
-0.259721001862313
-0.324804225466098
-0.228911218080061
-0.298245004033379
-0.260250171899503
-0.364506547603828
-0.214708336135683
-0.362061014614777
-0.359081005991136
-0.297757872291679
-0.369162634798004
-0.268346964494701
-0.424066184222669
-0.203380449305512
-0.296111748565262
-0.307792010535532
-0.151983314964612
-0.426951044057374
-0.305516104841949
-0.277245666673924
-0.312261239946409
-0.254256759874715
-0.282265279242385
-0.25268787091714
-0.362106818603154
-0.272320703034398
-0.13225628957235
-0.181057083884996
-0.275817292669268
-0.313036965360373
-0.23207909151554
-0.1705952308371
-0.276448934621224
-0.224613307332276
-0.26174251478455
-0.157629946166202
-0.140924319439769
-0.280076890996089
-0.278674067321287
-0.177689226692698
-0.34116406776866
-0.157867806524348
-0.223488255734989
-0.244503886465302
-0.318069195799115
-0.171273549950684
-0.181281408155457
-0.178875965285486
-0.262829024973404
-0.279601799092166
-0.262577789118138
-0.267941646398644
-0.172875038302437
-0.276850412955538
-0.148177775081021
-0.231250430222077
-0.251414922953992
-0.272801656333878
-0.225483012095454
-0.0512345810193187
-0.329862333771604
-0.237872985101848
-0.0223390461823119
-0.155516938169156
-0.32031838765178
-0.0681301880026731
-0.161492016285098
-0.255218561656933
-0.282179914855632
0.00342233430274717
-0.320090020487428
-0.244763811628213
-0.0899158095026079
-0.194336528250825
-0.106236215628388
-0.181068582598716
-0.186696661584674
-0.129756888674568
-0.130920053498067
0.12102598699174
-0.0229628392782252
-0.072253033662435
-0.196237643960689
-0.143597215621364
-0.150384197800857
-0.145292155873071
-0.126523184194238
-0.13147866063762
-0.195252421807825
-0.00263759532344064
-0.0584620665636785
-0.0497042877892016
-0.191611607382271
-0.244233420565593
-0.162755873737422
-0.0908044026467356
-0.0863513835706465
-0.103993801254987
-0.105878949517182
0.0375641521411051
-0.0582094057543885
-0.104714779287779
-0.118619424354384
-0.103615459665918
-0.20836308482561
-0.261337466747295
-0.192329145965089
-0.175143732894072
-0.220114333530368
-0.149303780011158
-0.308415202749973
-0.218216264867285
-0.148635568943136
0.0534402910434575
-0.0662322633582929
-0.0329771994431145
-0.13731091311749
-0.0421504836039993
-0.108948858044298
0.0151320652907689
-0.120813099553903
-0.120519048876783
-0.162992062483436
-0.0819594219003842
-0.015645513721853
-0.0891892637212498
-0.0490157614468112
-0.135711917591987
-0.192067662369693
-0.115146860518827
-0.0181810818894379
-0.0411857294759267
0.00248410688733334
-0.0928583720497475
-0.136367417096228
-7.99788190587075e-05
0.00091734903255816
-0.316370608595437
-0.135839317979578
-0.255265455900497
0.0353965156554823
-0.0742225497381497
-0.0252768688642857
0.00513149858538501
-0.100605636140347
0.0631671384591004
0.0382680048653544
-0.058470020575085
0.00870212371251135
-0.16518260928792
-0.0304072877193327
-0.0887352025947004
-0.177036574594951
0.0147771127406768
0.115746106193854
-0.00621024320303114
-0.134248201422552
0.0593520138459335
-0.144420374276605
-0.164837297338023
0.0362951211101891
0.00698998500626532
0.0263511518859983
-0.0553906522903768
-0.0338896854016776
0.00714600667118714
-0.0251452611339484
-0.0898851245375437
0.235001993156208
-0.165519880146692
-0.0381627627451051
-0.0433584855524484
0.044185001992952
0.0394021676577611
-0.0769730542065607
0.0111735551577769
-0.127685823810052
-0.0261685191755898
-0.0404386087885865
0.0633481456858232
-0.024159758154769
-0.00447182798386649
0.1788675027259
-0.0841541980120815
-0.0370332794719055
0.0251583076733174
-0.0773248067365392
0.00606433507103924
-0.0222276081756381
0.201656859730886
0.0763448572434196
0.0794004940164439
0.207324401305465
0.052419255872425
0.0176151971159908
0.138004311622463
0.161178642302454
0.101623315262682
0.195304202162169
0.106006486548561
0.0588818257858773
0.183473133512609
0.128894687227415
-0.0533738424260994
0.114052504246848
0.0943307958223039
0.0395841895812192
0.00560362313584613
0.112941558671993
0.0963704139066949
0.119046134024668
-0.0149610707630581
0.0787722001386225
-0.00878576847889368
0.215297190617895
0.115763234886876
0.117845200132067
0.192522226661012
0.064074098567484
0.141842011234578
0.146158390053863
0.136636901714386
0.227059200033024
-0.0220875224902958
0.00759250430369081
0.0676567743974495
0.0516335170834055
0.367844086409312
0.25237842966433
0.237673447592412
0.0301060960188455
0.191820892515407
0.0220323850647362
0.143673544447997
0.251901759436268
-0.0269534668363468
0.0171426933031173
0.112872806917058
0.182482674145466
0.152713854788978
0.13469332446383
0.177974604809192
0.2538048684336
0.191508205057876
0.212514677474307
0.0708286370581247
0.198052070234896
0.0760876946374217
-0.0230935503711684
0.124765869540906
0.0863513945267545
0.187445131931552
0.267797203149055
0.19547555677937
0.188265708629307
0.284374642493204
0.188096978842735
0.202835270281383
0.201666786989671
0.238877968257343
0.198918773265863
0.156985015281179
0.105243651472725
0.216856736784578
0.234576272530545
0.19716416062145
0.357729830449366
0.237430643117498
0.0217386668064965
0.217549334665263
0.230998048663945
0.372421347655367
0.124471779533047
0.222032722085234
0.266857018802113
0.14941574233677
0.382439255798206
0.27810956009651
0.238530467957816
0.245736990499285
0.159438891696099
0.309569224354318
0.454476977337316
0.356538325145439
0.159867356548703
0.278815952609339
0.210489537183962
0.314736557401652
0.291656425498859
0.372703275253556
0.157792791792435
0.313099163592237
0.341675065478257
0.196192564869598
0.189903428884916
0.263463535937157
0.344389979909325
0.234708957128152
0.432708534893262
0.298091520693298
0.458043005143666
0.265766092353349
0.283886579028325
0.287574138971933
0.295793276531152
0.219322900572867
0.228625696880866
0.208660676131413
0.376957119542026
0.391204845586087
0.348341244175166
0.229055234360102
0.453791994588834
0.517118640331785
0.402271387063697
0.363713377005671
0.360816817595673
0.0743410599898598
0.364193431920648
0.375132196008392
0.200353396752105
0.437108965148559
0.335258145216925
0.369123184361797
0.386839145608434
0.334283907761866
0.421122477221981
0.294526002872817
0.3497033700223
0.312700834166999
0.321401757387551
0.390399172005509
0.316776056606791
0.370338947128417
0.376666611864862
0.261710889714289
0.43282807647391
0.34303014454868
0.262317101680541
0.305109605876026
0.360783624435924
0.389608488647577
0.463194774054051
0.302879375644031
0.37469870088475
0.395990159064372
0.495251603642413
0.428637014761019
0.399627596776412
0.386204870635711
0.427974996385987
0.346912878892441
0.387769414212066
0.475555096713778
0.29267255321055
0.481921367913995
0.382932323787792
0.385476748437295
0.34515667159857
0.380127201711263
0.47251949278714
0.449399321657602
0.493426538253809
0.341934872040389
0.281343798726721
0.374764291268941
0.609926092190729
0.367727058078149
0.555528481602175
0.36602528890706
0.295598880251894
0.344365598833451
0.441915837789082
0.418333433683845
0.388218438484799
0.362393480877499
0.473003933216009
0.453585002984282
0.636485562687876
0.472997093486248
0.500853285332135
0.47533872279781
0.380411857257123
0.504940573396446
0.422259944662814
0.35821255029519
0.543539122859356
0.60844990167949
0.258813888277307
0.520945009189738
0.435726045543086
0.610452856748226
0.32866425408806
0.425686557085623
0.5323703183813
0.458316568368766
0.500259548143226
0.505247977069114
0.402801565697545
0.561421656525537
0.517173494041726
0.52448434173923
0.265003542053611
0.446201341106577
0.411182549337046
0.337911550514252
0.563603855249203
0.411200959547566
0.466595923245826
0.542477095343269
0.414643725328832
0.361523597643535
0.599210205036059
0.456883550642532
0.399502500509468
0.564256678856592
0.466460328011514
0.479739067014173
0.336636786351467
0.453172161644921
0.556327800585757
0.487166993471714
0.554717269585637
0.52799282920019
0.46154699441511
0.453990629078149
0.562946696317634
0.424010302851898
0.540970976377955
0.569820345675172
0.565290970207195
0.503542505630067
0.479356135395477
0.486809031585766
0.408014015933075
0.544999849053195
0.5457480650974
0.646028742043498
0.65292757913253
0.605469404038334
0.362820546033822
0.567888427457552
0.511153481943739
0.599135172657515
0.482946031179707
0.487086534403734
0.580618602496439
0.576543662316401
0.437208750821049
0.574123085348507
0.504299097839908
0.608783028399818
0.552880817456318
0.473822040141098
0.739892559287844
0.623658532719071
0.618963102156149
0.56361738064536
0.615796252499809
0.503237452763094
0.599554310536759
0.445689123042187
0.668575496453607
0.564389829740076
0.549529092278134
0.621435487424803
0.784983444532568
0.617726876758605
0.717041906399018
0.569954315657672
0.563735462831507
0.670077826055883
0.665270913310095
0.769570965804721
0.721222459378013
0.594175229911443
0.648642451346171
0.693787545943101
0.507980116432386
0.643735747942016
0.541593933402003
0.590396056692078
0.54712218982215
0.531712113650292
0.645625053253042
0.525322890121002
0.635994452652697
0.793761774880198
0.594495354264486
0.725615285164974
0.773629752042225
0.686474104135907
0.653698797857711
0.606034200251484
0.598005039333104
0.670480087893629
0.796768069980479
0.656960511572447
0.571336898803262
0.712862344687231
0.592874229233284
0.502348576446792
0.652784389245327
0.603341291143303
0.768198365865441
0.691677847530768
0.60402426194485
0.554779962706794
0.623173085946761
0.729459717877464
0.692970236208888
0.752458064925309
0.690360329893833
0.723390579648682
0.849398752871453
0.846096770077631
0.570949002271634
0.794018770903555
0.71547479583091
0.808853110827687
0.659241142352819
0.728420516912941
0.781438436180419
0.725527777048066
0.770454507382266
0.729704805104453
0.668725784052312
0.70167683181225
0.773869405895135
0.679884666513443
0.710017150101113
0.724116012504206
0.642511423444346
0.733425421566887
0.742206916905208
0.682602886395396
0.695937187639113
0.650853089771986
0.844322180306939
0.68271607640954
0.67067998594375
0.731451406101473
0.592764217379969
0.681004902705959
0.747191734368547
0.700655169810358
0.766827778700186
0.615112260558601
0.649470130333885
0.633935349458075
0.786457004018
0.739341627120853
0.874237096025728
0.764928141729626
0.74884666049522
0.892252468109328
0.671033727512377
0.719372064338644
0.799170264298378
0.804768744314969
0.773712386798199
0.881654062315896
0.775198635840865
0.821124809254315
0.760108011113711
0.80279480190301
1.00104013908282
0.902402107728773
0.856819873126373
0.843529807747973
0.928586893386081
0.763584227250963
0.798593890782368
0.820716682496977
0.835784826488205
0.946638339838892
0.770873054495945
0.794934552816939
0.838299357323035
1.02589290890541
0.631171801452008
0.84799677975419
0.78610634693946
0.867527908583683
0.815474294171316
0.825166485988021
0.789224099382751
0.929702362003441
0.61872338128205
0.919778706655592
0.878215405432843
0.673509681871542
0.913974200942564
0.928190062933486
0.951623475826018
0.880040788525122
0.952802777314617
0.778772354528928
0.794403242414192
0.87507752299567
0.995151732058083
0.918973576542943
0.854051246050994
1.01183727056514
0.842733871427163
0.77073960926138
0.949248712054516
0.949701892870676
0.8227527207466
0.831561617960963
0.902534213700203
0.948006750662218
0.957557166673618
1.00602220700238
1.00700199489237
1.00974626813022
0.950071577631535
0.828145269410797
0.906034689731408
0.962901445774887
1.05015658713341
0.923096319060157
0.914138677220138
0.973302738926988
0.944410818662428
0.97674795160069
1.08814176479448
0.919912392292646
0.910619785545924
0.84690788434385
0.997030042312272
0.98030014499228
0.928371984055155
0.907139003481307
1.08114623741427
0.972068909076612
0.950682871178213
0.916470100646908
0.943262036944818
0.872594224888019
0.924381030239207
1.04079265956745
1.03838165538108
0.835926080402988
1.05880057215114
0.977964735146354
0.838355822633414
0.939906147795659
0.932021312950745
1.11071685575425
0.95543510109143
1.10350483824638
1.02194062082396
0.914940127028918
0.784979431709487
0.996349148951029
1.10231053258103
1.13595007292232
1.04325977047348
0.946950099799061
1.0886506815609
1.0530056330441
0.994063447883771
