"x"
-1.04365851075236
-1.12079000973808
-1.03044161897129
-0.923837161514625
-1.05081189538105
-0.976330050693142
-1.08268002961696
-0.957978600841172
-1.14835286259126
-1.03569549756819
-0.956426621764238
-1.02859422295255
-1.01174798371292
-1.12661279888002
-1.12094527669871
-0.979647765659506
-1.05678399847273
-1.09895661358489
-0.843488463599738
-1.03296479119186
-0.998811793421131
-0.899253381532732
-0.922214341559534
-0.976244124442358
-0.888619534902815
-0.867545678455877
-1.01469274153739
-0.848325901473052
-0.939801084995226
-0.880228983120732
-0.921546630652927
-0.925096857048235
-0.993861634028848
-0.852375456233837
-0.890403925800448
-1.05796385484314
-1.03070089944382
-0.940137685353697
-0.883644712907135
-0.956030178586595
-1.04004396387204
-0.78556400808175
-0.974734146503916
-0.992166239243595
-0.94911491587031
-0.928297273723412
-0.979195426084897
-0.957395329514527
-0.888238652094921
-0.980697390267119
-0.88204021474221
-0.965752499948491
-0.885684173404194
-1.06224789704323
-0.886213661403324
-1.02344469972196
-0.940525682795107
-0.707359055648495
-0.777374362033244
-0.90056805584305
-0.874187673943863
-0.89375193514154
-0.728409799991283
-0.873637740761585
-0.937499364453155
-0.876773506778824
-0.947035471189631
-0.987022324064471
-0.98367186180516
-0.831793599537143
-0.792438504457845
-0.887756827005145
-0.811630544131938
-0.835732452082766
-0.942327879000828
-0.864159537085732
-0.89274018998819
-0.633486502741009
-0.861006133985476
-0.740877837159209
-0.725584485026639
-0.763009922033817
-0.863234447816827
-0.889478890069572
-1.00918164524542
-0.824660617842365
-0.80467325938577
-0.883276801436961
-0.791886629524169
-0.87901553243447
-0.765377556821573
-0.84077726903455
-0.923136945470966
-0.789401553015667
-0.791825710962287
-0.725437836043669
-0.734549180428893
-0.740977432977033
-0.71124903649541
-0.724869256185707
-0.880595272153488
-0.745316854079954
-0.620609476465065
-0.891695428437573
-0.802074698028764
-0.79715028292428
-0.861721684663536
-0.7886210330924
-0.771358446371007
-0.698866305804521
-0.712082427528164
-0.798959315267204
-0.714781005531315
-0.862672977847238
-0.718850241492494
-0.919587389599977
-0.75549984301243
-0.897642689070534
-0.69089652115377
-0.885059470481591
-0.704456014966024
-0.810844069625407
-0.810269822373341
-0.976773421320475
-0.742210431441822
-0.830015602034222
-0.733094265127603
-0.614607782957364
-0.717133087943279
-0.677365003449688
-0.705239683339107
-0.782821509256632
-0.833630145899571
-0.871492580961553
-0.90006953053815
-0.803547476215352
-0.633706603605694
-0.606219961786283
-0.74822956513339
-0.695963803224063
-0.785274551869927
-0.472099683041154
-0.670726434902214
-0.761845972275647
-0.627937967611135
-0.510081287065551
-0.87997825360642
-0.569909211629661
-0.690827747261409
-0.607310574464575
-0.813326584672764
-0.680332324444273
-0.802620648783045
-0.718475132830287
-0.602420499190533
-0.636638335918465
-0.598730994660946
-0.635173434768228
-0.627078776962356
-0.682936386930848
-0.613687639199332
-0.727761706817675
-0.60556334464037
-0.504916028198604
-0.65430514975267
-0.625159335456144
-0.702447474131807
-0.588304816866747
-0.556083228994735
-0.671447767167087
-0.756987509626092
-0.585582946809212
-0.657373235300673
-0.633504599360135
-0.573922298586265
-0.516648922373662
-0.56161575584509
-0.584342570466668
-0.640638226238218
-0.685338575399381
-0.709427551073773
-0.698356171227537
-0.449008283554967
-0.597315510761305
-0.632016536205308
-0.68755908760562
-0.577954969069973
-0.585385932149278
-0.731579497855528
-0.576981003557892
-0.719129759400541
-0.609209917282648
-0.736922834841653
-0.698180784414171
-0.513015185289405
-0.648680749766617
-0.63005703647241
-0.666425707046875
-0.717501276181787
-0.506298547152634
-0.676275676748163
-0.622554727265049
-0.653367884622196
-0.601202368362444
-0.601097869808033
-0.52009377026732
-0.66622492412306
-0.593448066030918
-0.630396722397062
-0.510726144571524
-0.477668472127698
-0.509541091793443
-0.578501283613029
-0.477925577110926
-0.518476557647963
-0.513443980702987
-0.463187363944666
-0.499321638003256
-0.613942791674373
-0.594012398087019
-0.558229322219976
-0.590994527315741
-0.631780617465597
-0.532331598816026
-0.42015169481567
-0.581613284571629
-0.474579866348303
-0.604327594273044
-0.539595302489175
-0.454807157768125
-0.429490118833135
-0.5909486962249
-0.501445694859632
-0.50186572051958
-0.542355944997432
-0.46518872841412
-0.559884591263621
-0.545675510897565
-0.593824803470228
-0.521167047384533
-0.561960218436137
-0.586439700300748
-0.485046636729278
-0.635064729964937
-0.528363220130928
-0.528617748943164
-0.496412168006113
-0.54706584320715
-0.472705648330709
-0.516704291798646
-0.507341780756772
-0.590235771842563
-0.392616189533174
-0.63853532177167
-0.476705101375657
-0.571535404934575
-0.513263497321885
-0.523280215585843
-0.477940851117276
-0.498088313911737
-0.597579764770669
-0.626651571048212
-0.345916257074486
-0.555230976971419
-0.419488504520031
-0.497337705076279
-0.432796187399647
-0.532001635101181
-0.409777426077166
-0.41309875453356
-0.329008495412527
-0.446500803156743
-0.551923686167938
-0.459142543870057
-0.427188629284126
-0.338458969736409
-0.467551349652834
-0.50323099071138
-0.521788276364722
-0.43237521623025
-0.47348240774953
-0.533376075285588
-0.33112503108962
-0.398452797733297
-0.438213033167343
-0.362335358118797
-0.382386264486643
-0.339011358448147
-0.346237091516925
-0.324933759491739
-0.437862449109117
-0.268554762830652
-0.317214444254931
-0.519247605885818
-0.361041001163776
-0.397980944121894
-0.469638948780023
-0.24174108863656
-0.436414080080406
-0.418702009481057
-0.430681841503174
-0.36992147719585
-0.367974173980251
-0.469482990663583
-0.311567934271375
-0.387840928879976
-0.363003902517729
-0.46794001136707
-0.465643669833211
-0.35608069966439
-0.416824386043244
-0.301319529304667
-0.300141922551512
-0.426597838525632
-0.337539369167254
-0.315714861817861
-0.434190255854828
-0.169088712975346
-0.437024038460587
-0.262420502077026
-0.356793250817389
-0.416789273387082
-0.39096259787107
-0.384707444417486
-0.377287344638617
-0.455311830410397
-0.140427556045822
-0.339953431305438
-0.352519190569649
-0.167534968396627
-0.324952126346668
-0.245087202276453
-0.36654634734667
-0.324392921064204
-0.347967873419479
-0.430792296618461
-0.338626818342834
-0.390195290852886
-0.398522747872535
-0.226198523052381
-0.329510256234169
-0.366355126394022
-0.256602596206991
-0.441517631007937
-0.36255096128798
-0.252375315044095
-0.344323338739899
-0.483869103714818
-0.4268271228027
-0.205405652684818
-0.315285198703873
-0.294994796929593
-0.192913473599079
-0.254711574103692
-0.222212455821371
-0.250336037998217
-0.322304721121181
-0.281745859908996
-0.435153678498836
-0.236179745997476
-0.393938361829747
-0.393745507710925
-0.28951111069754
-0.275858684222274
-0.17485418937452
-0.401684771142547
-0.283290150952833
-0.320848724132384
-0.152464235207213
-0.211910417318787
-0.247281314822142
-0.300153274709845
-0.279515066962265
-0.39431586856798
-0.272644703982371
-0.225692420498531
-0.304902951595216
-0.26459449672725
-0.319819233082666
-0.368075868010097
-0.27711667602596
-0.23235712909313
-0.373120747732157
-0.23362779627714
-0.357659348519596
-0.324055870035235
-0.377383653994051
-0.198696337369681
-0.215481112855017
-0.21584678825941
-0.199492284757926
-0.175107388331577
-0.255553151977481
-0.0568328250470607
-0.35352442199527
-0.228944093606789
-0.213595801902494
-0.144624075196717
-0.279485786282933
-0.321702559063
-0.251817706744659
-0.10545297210432
-0.20479874372844
-0.307346867592277
-0.320246736783303
-0.0353182591319613
-0.0659770982436833
-0.358414571014779
-0.212499136635372
-0.219638037268691
-0.28039570591007
-0.0432575440954684
-0.167522724144867
-0.230791452462793
-0.199382294930727
-0.152740780683293
-0.248014918194021
-0.160313518294748
-0.071918676048485
-0.169913167675003
-0.0919936277077847
-0.20650946541547
-0.124363068922491
-0.187278825028274
-0.225701440356664
-0.0544962450564639
-0.0914872933615839
-0.16659248970275
-0.0794426660206479
-0.0127935344389348
-0.100725628166599
-0.0965511799536417
-0.24257981260567
-0.16076498051705
-0.0546348181889386
-0.0454680133333606
-0.087669180776511
-0.0461380960764385
0.0631182756413002
0.0106027104868444
-0.230943003635358
-0.131789970047469
-0.0649559923999179
0.0944463265892572
-0.153639328992665
-0.0596503197467642
-0.148720243071056
-0.0466926582053625
-0.0676822136000721
-0.275210028623719
-0.130100586148658
-0.0962243686582096
-0.133148587295446
-0.220976330639495
-0.0244054577339637
-0.100317449353255
-0.0264798897349068
-0.0499817847558493
-0.0623864509709586
-0.11362249332869
-0.0854832404535573
-0.0221938271598709
-0.0549816393210939
-0.0470051384652123
-0.199030172972942
-0.104804201554287
-0.0465288378916663
-0.124001231093176
-0.156579754985367
-0.150615571116464
-0.0943385239280206
0.152996477076537
0.0765149111182525
-0.106598267830486
-0.00528945525229144
-0.0431933904951005
0.0450919767031269
0.117630921850289
-0.0155599105789778
-0.0698895139636064
0.00623868209429764
0.08994169125442
-0.0196700913201661
0.00213560616651485
-0.0210563670550025
0.0151107020926274
0.0363178432686342
-0.0950826833354574
-0.0675401627285444
-0.0125734832267108
-0.0278530299293363
0.0414813735607584
-0.136723464170084
0.0989714636065585
-0.0546482823717589
0.0671921615542695
0.00836152266093895
0.042216061205555
-0.096740734661728
-0.0257966863030615
0.00807895701783977
0.12971448791845
0.0370586265038284
-0.0418497399724621
-0.113027561841466
0.184507116573843
-0.0142183901948715
-0.0282965390193168
0.0913079896730446
0.133742921551305
-0.0264909924049805
-0.0193082327143874
-0.0678658548566758
-0.00335359925125147
0.137526684624214
0.0377139205451954
0.151604963524399
0.0339745898105708
-0.0419358057880143
0.226269317160151
0.122981908832356
-0.0386158772629393
-0.0862354960846033
-0.0585592388967346
-0.0810273728152205
0.0488871597803195
0.103251945367222
0.186948102581641
0.136806393648012
0.0557247699078045
0.045528274852388
0.0472686846286168
0.0486316524653673
0.118665966960037
0.340086498806647
0.105559480891486
0.0692462603550451
-0.0378089824191224
0.0576513044975115
0.0740435098667422
0.127147776422279
0.154770477305659
-0.0328606513370086
0.0624686559010487
0.199672734864875
0.0683955847271327
-0.00129369317296491
0.125434572618131
0.0381235262248777
0.0942505246114847
0.103559427102572
0.106601052137762
0.163714502841099
0.0561829813781434
0.0545509407275829
0.122161283891142
0.0275718827669463
0.12693705386068
0.125144892047945
0.110124302660475
0.190640469300995
-0.0690272162514483
0.0961298769659659
0.184996530040426
0.261720310538459
0.0451386912247972
0.0244894290690143
0.187846059499865
-0.00693764180615084
0.214491517959636
0.034145768704953
0.290966577601638
0.174306854419044
0.13603985043895
0.129784567017664
0.0886739957496728
0.243098214402629
0.0848117605700953
0.229924997333746
0.0238972705626167
0.237959422802871
0.2165262973597
0.114809882852878
0.0809735654160212
0.330317904203211
0.222787390170696
0.256582533133032
0.197293528516711
0.0863103560433644
0.0495648640396702
0.116708735197733
0.0216519494775895
0.26347931377604
0.29884109503338
-0.038774314004171
0.259332070736909
0.304584168845593
0.229179191126275
0.239922265943921
0.1938479677794
0.150354647321872
0.152330983406573
0.290458794091892
0.104862088408043
0.327810996893701
0.288461476811751
0.171763062192352
0.245873881122301
0.231164886511269
0.263743940631826
0.294297193044413
0.0908884040730279
0.212347733145188
0.248947242358796
0.259363977141955
0.397162848170854
0.272862436123172
0.230411145012075
0.279777785975961
0.245586368105569
0.136500826521643
0.271469003846857
0.321757799951403
0.0613740642377448
0.203240274863123
0.232591424969415
0.379185334932062
0.176378303709386
0.38646985415021
0.352618849531522
0.260132925627235
0.148936226620313
0.286626552457416
0.252140926547516
0.347300397342348
0.185598734041802
0.383658265677928
0.422878107606652
0.26991111755955
0.251816672163654
0.260565604373579
0.227090560264852
0.411571960903758
0.457154312064244
0.332541388731729
0.189738511251521
0.145203736303913
0.438476873047551
0.318910239174298
0.227638645946971
0.311477586217331
0.273976227075138
0.408002095337176
0.273239331276255
0.302571072274305
0.24501102669198
0.251358124647706
0.38754342940373
0.278510171229074
0.470835405543404
0.308447230780053
0.352977199895374
0.359444660685131
0.374554752829379
0.3010481975627
0.258484514730135
0.400946249070281
0.33235076499773
0.464291015649867
0.325142480544709
0.440834520379941
0.354992699685663
0.290094401364458
0.367594865799788
0.481061120768239
0.458153353293657
0.405220906947271
0.360167890138723
0.352860170495824
0.330329752864178
0.154481832372994
0.430666775479206
0.202676177126506
0.205597353920862
0.422448029296933
0.429549190874287
0.440985327068835
0.333625339275408
0.342930686571954
0.347332469476359
0.376508818774299
0.371381744454502
0.337293676776983
0.349281968847923
0.38125547246286
0.329095320625509
0.282118584673538
0.375784518863569
0.453874674123379
0.374503030676773
0.42355480844838
0.321673066937128
0.376002175242212
0.293019532836905
0.231457031258612
0.566490551133345
0.472286766693362
0.329847126253816
0.440265990229951
0.517164265208376
0.437208984363838
0.467479769761599
0.351373451263589
0.348399116896444
0.410515409115131
0.351963403582739
0.303768184956468
0.413208670964409
0.295984369897995
0.432695029438413
0.511510353216486
0.485578387668502
0.483346694781405
0.475874145560389
0.555370000855724
0.464464796586857
0.505264508634163
0.425251239100498
0.639488581090998
0.370793680813078
0.540084931441324
0.437918067434999
0.416515864784833
0.506718679018793
0.43152996515805
0.543558314843268
0.504630922947026
0.322383302780863
0.390852226869606
0.429577289345005
0.403964534707724
0.596730709745788
0.628583917836604
0.683974189649689
0.454092618599908
0.479020635846647
0.601663960009682
0.50163278139937
0.441374282783749
0.485792185207253
0.464310933984985
0.532572462166876
0.476616358082288
0.644492760696772
0.350923817727779
0.598873224034271
0.590967209130884
0.46231352851435
0.641799858858489
0.572288489498167
0.570343829137777
0.660797396664176
0.526161461258798
0.439548815793764
0.478611144698849
0.59555626164433
0.482600644768645
0.493057820845827
0.598379653360066
0.575716058847975
0.516093072263723
0.552843548637065
0.488688005156286
0.727894320091204
0.708896604746217
0.396672826680805
0.457338744878041
0.58144095041498
0.568155785525151
0.492518954134045
0.341630221846766
0.470983080204127
0.544850799766429
0.59024468613121
0.595477511457721
0.429886134921064
0.681048872414303
0.652715794342006
0.568042956251103
0.573641690712698
0.674988773813939
0.439880032513086
0.354885632685173
0.537874940219517
0.530563336301188
0.529454460713899
0.475143831164485
0.448277327066871
0.56724451584646
0.583198034152529
0.847613531714572
0.677858383978415
0.573662024981084
0.627113367994949
0.702316433542226
0.646235501488045
0.681318166338073
0.641789089124082
0.57834487458305
0.566487378694681
0.565089158693832
0.681627241590268
0.511971235979733
0.675429188423546
0.681899815877412
0.694421491205075
0.73424917485805
0.575951377090672
0.6928280557602
0.627709510552417
0.687662845734492
0.596346448513856
0.725789408214625
0.845051352339306
0.828749486221713
0.62158869151643
0.618892986000112
0.676054138550883
0.806760689268387
0.633338926367341
0.715916845520878
0.712876997822896
0.663996353965823
0.572865749961289
0.606173721793729
0.64037534175703
0.56628481889221
0.777570891354994
0.587145522581208
0.633787507097594
0.481370967395393
0.605583669589818
0.634393848155908
0.519886488461447
0.648203856422882
0.645590480394052
0.73888176941857
0.632256543336468
0.720039908863143
0.65220195548334
0.530365938530464
0.607112423827233
0.740177948936118
0.804978180193885
0.826224256364063
0.733204378461094
0.742517130529305
0.766684714489749
0.632162566034492
0.626986704716839
0.754925659449476
0.725029250836025
0.725193881906889
0.765066958913595
0.796596706166867
0.668320336874609
0.797517698309915
0.830308848282032
0.66951477120499
0.643674634686812
0.683565446050631
0.727570628571467
0.839647118555611
0.866225925160523
0.587594357644049
0.725889299498859
0.855613136669648
0.78320249305596
0.823451968513148
0.668761029056467
0.879089880028193
0.786935204460847
0.800180840089292
0.765876073609924
0.780951807764778
0.911290706055415
0.656123046877086
0.842495729015582
0.80331685527377
0.794697627357554
0.71236939948596
0.790709552541698
0.881042143268665
0.792382702059018
0.799299870115935
0.782372397552855
0.762759372743109
0.736024239464666
0.758075701437641
0.853991589895882
0.712259629636498
0.58077319002122
0.953969270338827
0.687608304109271
0.896891703659944
0.876956611021798
0.856463936561083
0.695044720477465
0.821329585056351
0.901465209318285
0.741225576140855
0.816515225990364
0.831931621788344
0.886281903173807
1.03900905629453
0.854107632407986
0.653689729762932
0.771788635454918
0.805897444912021
0.881793874905595
0.786694423678549
0.833504582454225
0.860619298773233
0.848995621533698
0.712162687508915
0.907339083905372
0.827031356717715
0.947940635169227
0.89542049796088
0.735580009516762
0.967880919485601
0.842090313426548
0.820168451170286
0.747975451872248
0.849552108874381
0.776354388273388
0.857100206023989
0.938889804090547
0.877586441576456
1.0516122834773
0.864798303651602
0.885158834489339
0.674836816599832
0.977413268712561
0.960774140266956
0.944371549422348
0.832033466221762
0.937813865257863
0.857467073837972
0.814927583845734
0.8199311227363
1.03794266859809
0.938434696401331
0.861639907938027
0.907759112527688
0.869422607786869
0.897852275195243
0.953035677884408
0.957532409393425
0.995615168511482
1.00408045155053
0.903589507484154
0.825916325745139
0.822433597740437
0.893180556602577
1.03365171665714
0.924688995933589
1.02857884716073
1.016815228472
1.0058733653703
0.908698034803515
0.826991332844445
0.905937394929142
1.01123915831102
0.868273662226174
0.901590524821928
0.969162410875953
0.911722140648224
0.843884707536746
1.07064669456996
0.905230955296723
0.763506973635046
0.907152327768931
0.876628641420343
1.02136560041936
1.02432461370964
1.06436340722906
0.954433450999139
1.04186365847209
1.09047152739177
0.986675182706616
1.05487752144115
0.970218104516633
1.10377288725504
0.980449214852624
1.02799012372434
1.01561714282093
0.937563037208417
0.951827374245844
1.11288215669527
