"x"
-1.09339201778058
-1.01322669355593
-1.04052407057546
-1.00448882655613
-0.940716792186805
-0.998070610927687
-0.904703678708054
-0.955911393421819
-1.08423700899681
-1.07505104239922
-1.01967798530869
-0.979335336349903
-0.924841703509527
-1.05826925060782
-0.889826875446631
-0.9873409011667
-0.898859464879872
-1.01466653903486
-1.00739607633906
-0.916501993913903
-1.0770991609694
-1.01312532894625
-0.878560746337362
-0.876423378144155
-1.02446533221644
-0.906368168547572
-0.903372071929401
-1.02507373585618
-0.963940538979267
-0.932082313617152
-1.04388856303706
-0.857080887330944
-0.884516794430525
-0.802856962000241
-0.85548295488825
-0.885222535004971
-0.79029915169824
-0.910312619766456
-0.887462221356106
-0.946166496506021
-0.890691881607981
-1.06277215101667
-1.0534372244857
-0.964745441864955
-0.830823959156536
-0.930171788769637
-0.992915368825074
-0.845362206448415
-0.777866597880044
-0.896813363547525
-0.857736998959253
-0.881463455034047
-0.853458830803019
-0.843507497717992
-0.844668689619619
-0.836523597057406
-0.925027607538737
-0.824623649231189
-0.998550320255269
-0.934493662058254
-0.833439540254786
-0.865769075505207
-0.913626669335827
-0.850664587259013
-0.869183961258789
-0.936784117386234
-0.906139432516971
-0.841506315169852
-0.899832871848651
-1.0250743061878
-0.936303267343458
-0.90536423167655
-0.977290758116794
-0.804412816076307
-0.847791765637198
-0.875943028878224
-0.904746529548516
-0.878941144573265
-0.892430955423187
-0.659796883269633
-0.867447547210541
-0.83130337150146
-0.830882179149663
-0.853654262925317
-0.918334841146995
-0.820794195926934
-0.804003917279351
-0.875898935368898
-0.796591793706095
-0.914455036669696
-0.782158057639573
-0.736483739562166
-0.860943143076123
-0.845262051247513
-0.772544607314139
-0.847489119058332
-0.841468426044694
-0.714842429063303
-0.779651299918062
-0.722847358271236
-0.849050095899563
-0.754233209214811
-0.744354816634653
-0.692731019687474
-0.726356416588992
-0.897769093392776
-0.626767125835913
-0.711712971636312
-0.725366289263638
-0.78987573884525
-0.836948256927947
-0.88400134997275
-0.792677104461981
-0.815519388058033
-0.856416585587209
-0.822814879003421
-0.885597837060251
-0.577582434795724
-0.780260311323311
-0.747238800487741
-0.758905612862779
-0.88391430906511
-0.814457991669082
-0.580139763252643
-0.470668035379086
-0.664996453087169
-0.690756660800561
-0.755181035183851
-0.749078154546997
-0.814727747015234
-0.755803788848332
-0.737329668176285
-0.754149790397735
-0.714909319821807
-0.633955317925976
-0.783132793976409
-0.813851311817398
-0.835646946746517
-0.562604875885869
-0.676490380994168
-0.657055687372955
-0.728148091327473
-0.701955595668469
-0.688911689386541
-0.625163366193711
-0.73638719880736
-0.813284377253263
-0.775672713326065
-0.640454286350517
-0.568096524764742
-0.568318403273154
-0.6462439181512
-0.664204386145797
-0.607253201178846
-0.704773131889707
-0.682073145499349
-0.831748143209027
-0.765079332060151
-0.56698786214113
-0.674614628928614
-0.691545918383882
-0.684951697691816
-0.799237450177946
-0.779780956502102
-0.701162484384104
-0.792771595317254
-0.622191537869705
-0.562047929501195
-0.686836899056934
-0.51039802637593
-0.648069951095386
-0.618683953003945
-0.644523410539975
-0.598012072540793
-0.619198456780309
-0.651470251199337
-0.520458568813453
-0.59166685571786
-0.526757783311144
-0.752924561750151
-0.683959745273572
-0.694782716799621
-0.64189832328907
-0.598920174301626
-0.575230563236324
-0.610001182744015
-0.641777137746103
-0.669417956200923
-0.565515298960826
-0.687584928912624
-0.614253302419059
-0.587735397445186
-0.618917021084185
-0.461881458723735
-0.580157207719386
-0.613521160477147
-0.604558236717229
-0.622834794948173
-0.677763742314421
-0.537727850009223
-0.552102520426569
-0.601179488567543
-0.66172651530459
-0.602431826641791
-0.493362086556682
-0.647616422977725
-0.551724077499253
-0.562693919595434
-0.445869213296405
-0.535805327469341
-0.612389815944457
-0.526139672576579
-0.430705473270715
-0.508132368842429
-0.558750808859391
-0.502524663644506
-0.375268522373107
-0.56398063181338
-0.578528802012601
-0.476464080637624
-0.602385409782703
-0.544683070248033
-0.697572555407743
-0.550406875408236
-0.580803902428016
-0.424834298163441
-0.462555894309771
-0.678473487029876
-0.456134592478033
-0.53769589544774
-0.541759739037448
-0.593327299285252
-0.449149548143688
-0.575443509627452
-0.537005817149247
-0.518663654677753
-0.364375991573944
-0.452077885559627
-0.520310779662774
-0.534738934036778
-0.510322084018611
-0.545662584073984
-0.687828078720341
-0.567088087609831
-0.454143252101758
-0.675760141785223
-0.305273528118985
-0.579277321057357
-0.505983528931366
-0.541193636187511
-0.397937367212031
-0.621587793237703
-0.339460365022693
-0.691438147896742
-0.5996063606876
-0.46737696314684
-0.480730027772354
-0.514746581660867
-0.471472306024943
-0.499173240384535
-0.437068198492518
-0.489718822308196
-0.471979916934306
-0.273510195968328
-0.511688608873595
-0.615800018657194
-0.445580978341305
-0.426420953695041
-0.516652817301034
-0.475434377320937
-0.286449478474532
-0.386458017574108
-0.565725799223346
-0.569288983366003
-0.350689576366885
-0.364473995296916
-0.365284777414121
-0.424622540309385
-0.580018367590443
-0.490678267890641
-0.551157762695915
-0.307781193353814
-0.544701471655629
-0.369589719621917
-0.365401992339056
-0.316547044628278
-0.332400224972859
-0.620251083529971
-0.341558189810908
-0.527081565862108
-0.654688796278952
-0.339427251302425
-0.578447839391106
-0.470288533158156
-0.444119304999821
-0.402924081115786
-0.4028175974454
-0.463986553170291
-0.417317058302718
-0.298740597968627
-0.316377922587583
-0.527216853696001
-0.41681258265251
-0.509835597536359
-0.498707222644429
-0.398293215316533
-0.372946574023276
-0.308543578922068
-0.454749237615449
-0.298705217202845
-0.451980132381347
-0.40072245884139
-0.361742287834609
-0.443900175718899
-0.326476535241128
-0.464200619499813
-0.229842893820046
-0.242394104967327
-0.321705492292394
-0.471631470169807
-0.339951493195221
-0.439057369673633
-0.435809124731626
-0.35637273147204
-0.484364243571735
-0.302062169469253
-0.23595010093761
-0.311560823393897
-0.401503948310047
-0.300960230067939
-0.365854350903621
-0.357691831316219
-0.29740928430506
-0.138601812990475
-0.40030721396547
-0.287354090271148
-0.313758169977666
-0.383176135469074
-0.546551865376053
-0.357080467094561
-0.443306132269338
-0.175062549277367
-0.323186626261708
-0.348872917336778
-0.197591422592311
-0.163652257174826
-0.350950413801698
-0.161826187276991
-0.386525603916389
-0.305831361020479
-0.284675529997564
-0.395033939404646
-0.109248032706073
-0.206939115951146
-0.332327569807727
-0.313464971531174
-0.345163392149656
-0.363607732802707
-0.313167913704884
-0.329755895685573
-0.279705801301441
-0.421776407628347
0.0290987566293556
-0.434285634470118
-0.18329809293126
-0.335240848418145
-0.308740774507382
-0.104062262967734
-0.354862027061131
-0.306538215924575
-0.304320437083145
-0.107663913609272
-0.212227962131239
-0.13987697950916
-0.211091229227354
-0.196388294187606
-0.223899124578663
-0.244430881987081
-0.244897929713433
-0.447011829816002
-0.233084116452718
-0.286640515679784
-0.194296407416085
-0.0662188380324141
-0.334890248623547
-0.202399679559874
-0.353058780109702
-0.273844140038667
-0.29994605798654
-0.293314478733906
-0.262091883744208
-0.0805495634946294
-0.101685417382794
-0.171201385987917
-0.261318398283529
-0.187562135517125
-0.257030058826907
-0.334441482743131
-0.205039534990647
-0.262555455109171
-0.190179296131871
-0.289448817252374
-0.13668007846083
-0.342503397805522
-0.19289087122784
-0.214843393118079
-0.259876465372968
-0.160686667675484
-0.212167593082063
-0.143396386341863
-0.192860563511473
-0.0886079034790248
-0.0339890714763454
-0.171248732476081
-0.128937251365992
-0.0168007446658794
-0.237513508186742
-0.240799671658505
-0.167630476501036
-0.204546504481832
-0.0648163478792239
-0.255090874124072
-0.132122188098026
-0.0692275393053078
-0.255357303675704
-0.224789667821654
-0.0857021054424112
-0.0568327778784919
-0.140700252279165
-0.148221495068688
-0.12241451224465
-0.174736706947463
-0.274747416775065
-0.11073824477338
-0.0922127861220129
-0.161890845497093
-0.201534271658002
0.0142639244092902
-0.1858204834085
-0.185804627374007
-0.114497593378564
-0.0886934276088441
-0.0298402538842643
-0.00786064990652824
-0.160822589015381
-0.169070971769514
0.184850791252665
0.00559247248728639
-0.0632822665460744
-0.286627047964859
-0.199566067119962
-0.230396290333215
-0.104106969347637
-0.185918557066246
-0.0963853229805942
-0.138932825991888
-0.0527573607717691
-0.112531787508247
-0.13434779484361
-0.0947284827274057
-0.0561282333541591
-0.0317795546280357
-0.124669806628381
-0.141913357064618
-0.130954102218439
-0.00830421860056854
-0.00813424176049633
-0.0724501818472006
-0.00926008933784021
-0.0990830902830845
-0.0209468602684327
-0.0442720169015616
-0.155248314959356
0.0546840686824818
-0.0806061495444179
-0.0973801272262054
-0.046570654868732
-0.0260757498203987
0.0239791306711512
-0.113036326718462
0.0629242370418936
0.136805197010538
-0.10696371017294
0.0964420664695048
-0.0715823834531404
-0.00849240416181035
-0.0674777475813691
-0.0160398589950763
-0.0398296338918782
-0.130856573776799
-0.00883789999592557
-0.0565887276414581
-0.037051664761033
-0.0351743344780551
0.091243757685169
0.0540343677229565
0.0038814091009286
-0.0796779143220925
-0.016200694703383
-0.108787198338473
0.0214104781348631
0.112799870760007
-0.00609573809354656
0.010335766473473
-0.137447137659618
0.221713500620675
-0.107712640019091
-0.171672050687461
0.116503189088132
0.00696821511593816
0.0258498429291252
0.101225166567794
0.0331733969712839
-0.0145713734068031
0.0371150083033729
0.0300584140293679
0.10075186531267
0.138805614871565
0.0825564826277872
0.0496431355754237
0.0769717761122206
0.101676333449513
-0.119237951813966
0.178606212485106
0.064504319725194
0.0278163383515375
0.141657293695924
0.106165545098189
0.0484242052201012
0.00757302802582486
0.116234943861965
0.11005400416419
0.0997893200974674
0.0638093956074541
0.19513137881026
0.0331381087714115
0.0345428548275037
0.0209633548297819
0.130066760082828
0.132274584845293
0.111956204335046
0.240789540749943
0.134443711855671
0.0118206126886449
0.0798714461433487
0.151750695096375
0.0742404059198498
0.0365788874460068
0.026517227574305
0.0287301107448855
0.12619264656126
-0.0165151674671591
0.0928662145583292
-0.0121829188284336
0.192129139171208
-0.0461495223384031
0.135870960652014
0.164957742381399
0.087545827283682
0.265032750800281
0.291112069760075
0.210862539058873
0.150561257724628
0.138488644660579
0.0519668349655255
0.206626321913336
0.0759922516284093
0.0507223423474143
0.169790691274775
0.0269410088215989
0.185136934482277
0.140975581781745
0.0564732605111621
0.114829280842751
0.179108162869358
0.075525465763914
0.277663188694245
0.260933507756232
0.115910891403662
0.118720671632883
0.09223630540063
0.0908868519553189
0.221777615451646
0.189868691595991
0.148259445821239
0.246645195987823
0.0780433320173153
0.344948945962391
0.223914864667518
0.156393271757356
0.195658302834774
0.118917968245767
0.194605038113372
0.291708559323086
0.0354560645246452
0.248610804297831
0.19646300573435
0.0431155245849159
0.169981358802936
0.108837536723057
0.233612736525152
0.154955356041728
0.280563504537612
0.254436212480581
0.12336184910228
0.389942113804061
0.302466604669169
0.0738999784859877
0.196697354849317
0.100219106036139
0.253730423666725
0.289328187206798
0.232846334402808
0.327801520709391
0.311128874303465
0.251093869721833
0.272472830569015
0.314197971793647
0.266897363311041
0.128739461701981
0.170687503052319
0.250883774020086
0.173987645510493
0.325163314462419
0.279196921369631
0.31896486821454
0.25306071269641
0.274878853544505
0.25578278266232
0.336221864790678
0.291573525495824
0.325739313454933
0.286876711107922
0.31928251999036
0.285960421777734
0.223740805629748
0.313630138033677
0.338053039838607
0.272108874447571
0.185966948873365
0.277332864835927
0.331576346645893
0.383704393875593
0.438922630940753
0.285479752044638
0.25022648559105
0.284434246348597
0.400806902420291
0.301308779771444
0.137456858118306
0.355131953570921
0.171527461575615
0.274888299739277
0.273006170729504
0.241765484855593
0.37802475818077
0.375009070307771
0.438545994942622
0.203248201819009
0.339026981115521
0.292233374133468
0.298009379905256
0.267224620160669
0.275118522370457
0.2436030270658
0.409880788360983
0.420699111519398
0.222500374151529
0.324613733057316
0.196917023549892
0.248579088262443
0.209282233521808
0.270227883822551
0.418003663707763
0.380101443871332
0.362024817855215
0.305005603084375
0.253491220696554
0.4788586508961
0.43181396693585
0.549540650557736
0.521372752326048
0.316571881840284
0.394534657065438
0.464377417726815
0.363729716917329
0.411303155298301
0.521162732828327
0.274375967057642
0.335740374572217
0.469381645607187
0.370913703221288
0.347980946884977
0.508820611933694
0.395922326454691
0.276651404876497
0.2069926870111
0.443202956185399
0.303398295157084
0.296346202767712
0.378391147248294
0.321358363307352
0.419952965724644
0.434146363756512
0.347586136139501
0.402524483758079
0.257928350545407
0.403295309223278
0.341716495623583
0.539773592017816
0.447086018197055
0.522192002305132
0.405215033633543
0.383822237029156
0.273603571341002
0.435666217144987
0.541311352521717
0.373696271207735
0.369961530813957
0.452633013178487
0.488043928063158
0.470486833942545
0.372899207264372
0.476435376918403
0.512972938866029
0.454138227350502
0.265933659195009
0.449868150115984
0.438012526314566
0.580440317045271
0.549307676194957
0.389761476170614
0.4150802811684
0.473762545663218
0.444178988502627
0.478469349573903
0.377522201563916
0.450898301413044
0.458205411885294
0.581471918788816
0.517945854859497
0.591491137354893
0.419587857187996
0.551561698483754
0.502200979861762
0.529472149122939
0.479450900121122
0.617413436278505
0.539214799565328
0.492726713110188
0.379659710986763
0.352199048140451
0.466570813729817
0.399163040665807
0.566350481315417
0.433958822573548
0.610201017368823
0.53740445273725
0.498153521404964
0.685809603438366
0.65333435008901
0.646124064689505
0.462987293042203
0.526466307445179
0.414396533104228
0.567894102351351
0.533935618103744
0.52519893796076
0.623332051823698
0.572332371725702
0.530361212375075
0.512648818977877
0.659729750632656
0.610338279254073
0.51069518861066
0.502838836446833
0.64176511257178
0.583058010697601
0.635160285552257
0.366378970120794
0.535307652437942
0.705187594761884
0.52966953755412
0.661520718417214
0.571848904630995
0.643627057291144
0.611939435950894
0.699454709133237
0.583314182990296
0.641553261066982
0.715994248167552
0.539718256757195
0.539178756790034
0.577035297071787
0.49934377799172
0.529037331140431
0.547695300481331
0.619845480964312
0.649006194386635
0.505421182644625
0.624469555853978
0.500282071420173
0.660374398827206
0.65526486051909
0.544699299777613
0.592059285574058
0.479014788703018
0.537974906066015
0.641971375806878
0.648515400924787
0.57195343643423
0.648341369291912
0.530247557243
0.683112237326024
0.767202160918475
0.428951925778737
0.504185464550589
0.53633929081943
0.655430146728435
0.633774851414532
0.561995630368055
0.60101896020166
0.62906986055426
0.643963931725513
0.683967269127101
0.739250054713075
0.600343345047249
0.749780009482358
0.499157815863303
0.603620494524492
0.70691845891191
0.697933283040222
0.634768275017904
0.563884023092174
0.731864562452356
0.835889982433383
0.601346878852326
0.850128348582078
0.763395247151962
0.627566661123039
0.684880111724894
0.854047170591122
0.77274889134713
0.635135329564503
0.656765390009687
0.672557206305898
0.654368359531796
0.667481729545818
0.581795750347336
0.708088912830464
0.522500444832137
0.786018009424593
0.854371730378714
0.650188777828537
0.59291839297619
0.647570537916197
0.697941770490517
0.653770264221818
0.667143745712757
0.631888679815705
0.668691687019553
0.605579174420833
0.783349012217106
0.712582815192701
0.670435013880168
0.725780096595674
0.604333893575757
0.559487290994931
0.716940231721932
0.820458543048754
0.79548770572011
0.75571511753738
0.64079327118442
0.791830382487208
0.511632774762665
0.868975128532245
0.757550501416341
0.777572430563927
0.62939876297369
0.640672993872476
0.620233222353077
0.854921623749578
0.666915688123764
0.856640549392399
0.788531208404398
0.715318984027039
0.803079876448281
0.655753164942124
0.745673537013484
0.781962401937255
0.706793173672363
0.68303048740711
0.780211130821696
0.742854511410578
0.728289800121031
0.795629722733605
0.829105334893221
0.797071068175192
0.908254590645543
0.802951068018773
0.869217230841394
0.844725250815277
0.820101731402229
0.795691743647886
0.749335281855245
0.60851740217137
0.914340496745707
0.876027106660845
0.899857412979439
1.06301928127872
0.911545893938387
0.839259186032253
0.774838577090567
0.809979099524332
0.90922148153949
0.774734523702263
0.786147000323732
0.866600099814798
0.968066156573413
0.849872661540963
0.834832498515445
0.765348662606755
0.850569398933109
0.883193124428556
0.853278512904693
0.89811311955478
0.71184999801116
0.736273519154368
0.897181549345931
0.870421814348405
0.931883208078954
0.831464100649988
0.931370389455992
0.856932928231605
0.918940759846382
0.81605059424134
0.990235040743262
0.857908813624348
1.06081867975347
0.764947448378317
0.824500874548923
1.01701826186866
0.825759636599416
1.00618788501155
0.909343906490443
0.829920545648266
0.798723411185403
0.954756146510173
1.08145747145257
0.777914426964242
0.949016581668831
0.874085803505747
0.850493662418546
0.991645583925694
0.986974669724142
0.927033389951494
0.880376309201922
0.899815016142824
1.00176767537818
0.863382348569353
0.843429343336759
0.920478916399999
0.931664984046191
0.812259525601742
0.923607138053368
1.03721188309703
0.936022458244781
1.02712701275582
0.881810605969399
0.850277527434791
0.839039807430417
1.0130239612629
0.986145303869279
0.814505602464039
0.931427326669166
0.903796723648377
0.909616911009132
0.905798597743048
0.924232319359552
0.895798561159524
1.07119165773141
1.06798350459398
0.883841882134731
0.995996005631953
1.03157359993332
0.914940506747323
1.09106292489966
1.02214049213421
1.08014370716406
0.977233739859438
1.0707285086383
1.04434374397895
0.911998208510672
0.956094184400839
1.03640627386187
1.01378568444344
0.93909014826228
1.0483742461598
0.937997977794207
0.896177519743733
