"x"
-1.04482094600993
-1.1118386855068
-1.02834695820885
-0.938412485628476
-1.0384885541928
-0.997608203690362
-1.0854262051456
-0.97328224092178
-1.14834855138551
-1.03698067253488
-0.960111228157993
-1.02233766352443
-1.00213671521039
-1.16117622974298
-1.11770326206354
-0.980596100446529
-1.05302112163975
-1.11899299557656
-0.855559236417873
-1.03710129525852
-1.0121969861145
-0.893174555787876
-0.938742373777545
-0.976930671178025
-0.896477338274005
-0.858813720227486
-1.00298023070498
-0.871572180634412
-0.931920670217788
-0.881186240717081
-0.918002466983646
-0.919129134892733
-0.994341236759508
-0.816986626182972
-0.891517819104218
-1.06432152627906
-1.04233854282964
-0.94205046670279
-0.91450120786337
-0.968856290627319
-1.04042527843343
-0.79290430888963
-0.983244696087327
-0.955195569726311
-0.937275929917046
-0.923428649892489
-0.970873107096107
-0.938925003834153
-0.862578316201617
-0.954011118391529
-0.910184203826748
-0.953886400003523
-0.880434484165311
-1.06230048117161
-0.902569348904473
-1.02129888974453
-0.929104096122208
-0.715575559965251
-0.783534032831047
-0.888408868459143
-0.891579760774379
-0.886211909259506
-0.731704077724204
-0.865346221396204
-0.939403832207621
-0.861496605230251
-0.916178875653043
-0.976796683600391
-1.01509499215447
-0.822108170353298
-0.77283554557747
-0.876364406753087
-0.815751416454464
-0.82030724048184
-0.962391096280426
-0.861763588002929
-0.876673144644361
-0.666636282353319
-0.860880758307981
-0.74508402292676
-0.704244276341432
-0.749072895681469
-0.887914015447652
-0.887663201334743
-0.997145774429562
-0.815460551350483
-0.804839039895561
-0.907770490587408
-0.804270238607066
-0.884693937786135
-0.766664102474735
-0.846904603384338
-0.922961768384989
-0.78888014718963
-0.773926112792617
-0.722421969627274
-0.73242323558251
-0.733079847665279
-0.715747720264209
-0.719047823191256
-0.866060974729412
-0.723381129943433
-0.612706290505309
-0.886311889094505
-0.815966391219402
-0.801564758553633
-0.86138087704478
-0.794397761133109
-0.763205545445195
-0.704394267535526
-0.711984572797344
-0.801364212651239
-0.705410922083575
-0.867487855536962
-0.727053702857636
-0.90919023127164
-0.716139688667847
-0.887276159436726
-0.684958289688904
-0.885578980377717
-0.726185945576732
-0.794751148659826
-0.830157204119031
-0.974622549668854
-0.753125347926955
-0.838531155129017
-0.739984901425118
-0.645681281161944
-0.697352252317545
-0.683796038303075
-0.708293792156126
-0.782080739575934
-0.811979304723999
-0.875835902988308
-0.891331719208314
-0.791541822341122
-0.639092863857529
-0.62129604868922
-0.742712548011791
-0.688336124639911
-0.810184588610122
-0.449477071610173
-0.68027979960859
-0.775511172351198
-0.633950746787686
-0.531791284333157
-0.869295870039559
-0.548769759286488
-0.698960018534489
-0.62053137128689
-0.807926899673313
-0.677641610793612
-0.810460965496114
-0.745451884986534
-0.602090378607211
-0.650060377077257
-0.587995701033248
-0.637501532338566
-0.608134681570578
-0.687831553878811
-0.632021032793833
-0.706436303504224
-0.618535534761586
-0.52654769055214
-0.652077151897437
-0.618862808337578
-0.702547516037882
-0.607481013983858
-0.559852334983738
-0.685473729544573
-0.730712222836353
-0.617055289176161
-0.638015541747521
-0.640267635195529
-0.574229481717046
-0.521155864013202
-0.576109514206241
-0.578495755518834
-0.658064697562325
-0.673240883751436
-0.725430874931128
-0.70025495311341
-0.444113246051306
-0.587521127430517
-0.600575360068917
-0.691593091549488
-0.599455714213056
-0.592772195997424
-0.749761674954741
-0.595248391093907
-0.690709718365444
-0.627337359745135
-0.748518578604845
-0.700268372864116
-0.50825664020282
-0.640548342804374
-0.643950782429067
-0.689852335931606
-0.711302437075553
-0.511365957369986
-0.656968901766289
-0.611777348234245
-0.655856932509549
-0.611745920235045
-0.592019657386572
-0.512525135238982
-0.631367917288664
-0.593429375913838
-0.627400129905499
-0.513347820811526
-0.509971335270539
-0.489847055850319
-0.581081349654891
-0.5101699291491
-0.501280567714131
-0.525936408993737
-0.473756872311819
-0.504204977566749
-0.595353315422237
-0.583120833960434
-0.563983822022309
-0.58882029587233
-0.611183074167018
-0.521521727801477
-0.40123057197815
-0.581337633893002
-0.499282717280343
-0.591371480440434
-0.527262978572886
-0.45089401268951
-0.423024909898146
-0.600653534877616
-0.496720241940419
-0.5271140983086
-0.550737968972809
-0.491440724843486
-0.527786454084904
-0.512872334815097
-0.590683684663593
-0.522775739883919
-0.575657409149755
-0.573978233009434
-0.46740813826026
-0.621007814080436
-0.510821026122735
-0.529367874905922
-0.50358582104159
-0.569089673165177
-0.494320708561803
-0.529505392516561
-0.49861275635413
-0.608795005227819
-0.392732158911786
-0.649711813516103
-0.482400497431615
-0.56822145855088
-0.506415934787976
-0.53530439700934
-0.45261983669679
-0.496579261115029
-0.605142102956805
-0.621180160332201
-0.340939044457383
-0.566273670437902
-0.422434033493412
-0.50148025398071
-0.425913053202958
-0.539396887250766
-0.426908904867373
-0.393891704932586
-0.319808904565408
-0.440674877786403
-0.565093283732227
-0.456384502551348
-0.41185624235054
-0.336690475621019
-0.449433517242285
-0.49650828148764
-0.535164163732481
-0.45503736489844
-0.479268858965305
-0.517665776773708
-0.320374062776281
-0.409536736437964
-0.425546789302321
-0.370594135302329
-0.374376866455303
-0.308905246057794
-0.31431909291897
-0.345926524445313
-0.435775576401365
-0.274510702197506
-0.317686705226992
-0.516720021610138
-0.364432277315052
-0.383361573596052
-0.466845220369003
-0.233863959022251
-0.438070690146861
-0.423948845026473
-0.421779629410867
-0.383904141434927
-0.375277222903738
-0.488886991931498
-0.328677665979953
-0.377149632218528
-0.371513460713475
-0.481049458294754
-0.454754748580071
-0.358529274273103
-0.444580230072777
-0.310321981168847
-0.27627329191907
-0.389507296588281
-0.332904636544066
-0.317214150693441
-0.432573690374955
-0.180752725123774
-0.451643428785498
-0.244036862858704
-0.374967763240367
-0.408670373149738
-0.393197730585416
-0.408957634826056
-0.368753829608879
-0.487397559447252
-0.134083040981474
-0.334197907889991
-0.339415560470723
-0.176435598589883
-0.335510650099982
-0.246426129925228
-0.355703206658514
-0.330183786903532
-0.33655835408611
-0.440173584055349
-0.346007108200123
-0.389925172155306
-0.400254847208137
-0.206015971473537
-0.335906545183447
-0.382911109473901
-0.236864692369883
-0.433122873594336
-0.377488883897091
-0.232352580685828
-0.353541224862062
-0.480924116247228
-0.415492911963775
-0.198002505232317
-0.304827009881178
-0.296704895188925
-0.209074050892198
-0.27934939339472
-0.213380348012976
-0.265126690541665
-0.319213638669794
-0.30334790630424
-0.416482627698565
-0.223932413548001
-0.401438136426958
-0.391195299765071
-0.276828966031125
-0.263597922960481
-0.172074047019638
-0.415663531322187
-0.295216185136867
-0.318170263212447
-0.155613136130668
-0.208258515423336
-0.253460835563146
-0.298028442318808
-0.276087602861557
-0.389497690348476
-0.269023376236852
-0.217289721106119
-0.302264684621813
-0.263164398204398
-0.325974479824795
-0.377759397416624
-0.278617236807003
-0.24808344756555
-0.383020887997804
-0.240764183720234
-0.346222427605933
-0.334560557168661
-0.38136100461799
-0.193371791383864
-0.201933741911742
-0.192080044555187
-0.199073570777938
-0.160821051659514
-0.270991078496917
-0.0601385728215426
-0.349678317552529
-0.21404046817288
-0.206413181235923
-0.14674136303554
-0.290170572495612
-0.316072712498964
-0.241826261032635
-0.104686075930687
-0.198897801720569
-0.281365549614493
-0.329684291265436
-0.0440959931586063
-0.06803497541338
-0.36523922285295
-0.230226783195011
-0.241657488866453
-0.289773844504303
-0.0439158593594116
-0.159151354347557
-0.235680936899835
-0.202460175418101
-0.154909372152472
-0.223270653702456
-0.167514839617513
-0.0738845839080161
-0.170709640154179
-0.106523568572799
-0.196655047210054
-0.140025333251978
-0.187035869302593
-0.208759515476863
-0.0433392759676934
-0.0787837538703128
-0.152900074802424
-0.0899308742009524
-0.017753405981222
-0.091853897078882
-0.0752600932723319
-0.243518980605753
-0.153543185967875
-0.0568869632270845
-0.0548928625845639
-0.0963738950262252
-0.0478824772746421
0.0720190825428383
0.017665085578443
-0.227863094328363
-0.136066892086689
-0.0607358195331719
0.0843053705349827
-0.142165232452961
-0.0619088957622354
-0.15801471509551
-0.0467171489797941
-0.0634686754912026
-0.279638756269507
-0.137254950175249
-0.132466042166183
-0.132303910649259
-0.223142364292667
-0.0059323093692699
-0.0838146319429721
-0.0457540610837164
-0.0331893189259207
-0.039590640205646
-0.113103038748646
-0.0940837218749265
-0.029972542757199
-0.0245753036813989
-0.0508526246206988
-0.182201137456056
-0.101401081126575
-0.0618189055786931
-0.144521638920021
-0.125096044005681
-0.122828014927756
-0.0753925096755545
0.152381969951563
0.0923088844092175
-0.104034880222057
-0.014385972221188
-0.0318937727519856
0.0301871432915516
0.124803285052428
-0.0201459130434527
-0.0552275119254511
0.0193030594578918
0.104074061440657
-0.0168240859388314
-0.0121898731448748
-0.0241528065441238
0.0160566342165198
0.0344169733249131
-0.107939613168586
-0.0785911408260196
-0.0199731858623238
-0.00167744110359286
0.0124376769132338
-0.130539361554542
0.123395520733318
-0.033191049250806
0.0663329344726741
-0.0115817208118473
0.0406956007041264
-0.0929572964272218
-0.0309687009530641
0.0118073944928191
0.107185645907444
0.0357687436094495
-0.0435745611589443
-0.129335102902263
0.224215901921829
-0.0434086112034327
-0.015730989101731
0.0806494131103314
0.140531241829785
-0.0220897427887792
-0.0269122128057932
-0.103026646339297
-0.0183656772313109
0.150706817264119
0.0785021433878612
0.141329567298651
0.0708402185930451
-0.0444506998365935
0.241615691682442
0.116605596711966
-0.0800655890184327
-0.0795402818303293
-0.0467477548396491
-0.0740468284866365
0.0388837318898273
0.0963459224085839
0.186992326886915
0.13362111047144
0.0479100489377805
0.0597168617029449
0.0412885078752018
0.0400689209526605
0.128706892395913
0.355714276352947
0.0994802344287595
0.0737193309144008
-0.0326339236509431
0.0718722799545322
0.0919564254531558
0.105541332560003
0.162214064277414
-0.0137853017248919
0.0767800996677305
0.207993865626309
0.0842332721259698
0.00444852202558549
0.122063226808214
0.0129977136122962
0.108191281831255
0.107881419817471
0.0960279757509833
0.141891680203
0.0720036343896124
0.0500859870004009
0.102247847372009
0.0328833337563801
0.0928380883753206
0.143558533972294
0.13865646059816
0.207039729821454
-0.0564516033095879
0.0798814529047036
0.148312359732662
0.240069069150375
0.026080968185532
0.0335790846047334
0.189885171181229
-0.0065143572144591
0.19990503148345
0.0271952693444493
0.271740343167896
0.186923008491113
0.111892564497829
0.127496855892354
0.108532647435986
0.251575622552954
0.0526461847536268
0.234826328920273
0.0214948822537455
0.236935838802405
0.227754764398414
0.128910370556002
0.0778529633921781
0.354911194091027
0.225222533320765
0.230123502823887
0.186686311517791
0.0937207306088526
0.0682620899141258
0.0993801711956184
0.0161949739676053
0.257583953777771
0.286531817841731
-0.0553590179933736
0.243775684309712
0.299619082253656
0.230188894112865
0.237802191150907
0.209975105602191
0.128498824796122
0.171240462197896
0.289003447050462
0.088634298211875
0.331612145359245
0.296652980471383
0.179600480929058
0.220040990093827
0.243836209589537
0.264210871755017
0.29977443264136
0.0863053073346256
0.197818440617637
0.286397026376393
0.265329118563147
0.38437983915196
0.257901042131542
0.222297844330531
0.274763915005613
0.237181548361569
0.153578781056816
0.276076895776421
0.300204888161175
0.0516884733091366
0.181687313818673
0.235788231978153
0.377581989358441
0.16885158575447
0.381188522694181
0.366444852966704
0.252077252487109
0.141268995072703
0.279949923127319
0.267960913062119
0.325587529899331
0.194454779787376
0.38253332928579
0.417998850524031
0.281526713906527
0.247129328091888
0.245452360439942
0.221892006356367
0.409378692388862
0.448392256964992
0.320036052463479
0.206568046147956
0.125474103827821
0.439344931752464
0.316133499034754
0.242937453353946
0.332420806422424
0.268940006552865
0.390128732128329
0.28020279297545
0.287655530246823
0.275257448593455
0.239759627788207
0.351034778251334
0.295277281504374
0.466120951205389
0.286544843412583
0.362915373751397
0.359861482114913
0.369345196125966
0.301579079812599
0.248351434404552
0.42641816719245
0.32949550570763
0.458617804309157
0.324443868681429
0.430557704859929
0.347460039977784
0.29127760884389
0.393243048931235
0.475161605977407
0.466827386194317
0.409679763407647
0.371128853164093
0.365867163287208
0.327580947399067
0.154023904159972
0.446058891563855
0.209264982746225
0.231850847837722
0.441454912994022
0.436797137609001
0.395961981687294
0.367201295311675
0.34069299164278
0.355864922579493
0.360643756785576
0.369004636370751
0.349707329555772
0.369354304091006
0.359977323284895
0.345242190308521
0.282087974466058
0.374621308258533
0.437251018820756
0.383880538200822
0.403719248481098
0.318465986799706
0.347561011162533
0.288414059796353
0.227827964260608
0.551866487607269
0.467070047771347
0.342402240761728
0.413148886123808
0.528633981540125
0.42122413407536
0.462314017714624
0.329848392788151
0.330634247307846
0.413558697594438
0.352836760258548
0.318947671828119
0.397696250290876
0.293434467147156
0.437708126998781
0.502213961869686
0.484066724928541
0.466727380892835
0.465377038241897
0.530545792562695
0.452646951852426
0.489827504405358
0.422735477037617
0.638308337331851
0.360232085554025
0.534855696374819
0.420471485478831
0.419298120291741
0.512435951911648
0.412456876327729
0.533081070530199
0.513464628059389
0.337539624523017
0.373212865065932
0.4066792574675
0.40013598367301
0.580920856616968
0.614746320244615
0.672706376368837
0.454990492341014
0.470996392083264
0.594493825858112
0.498318157051545
0.428440660186618
0.492684342408162
0.456490441419851
0.532793559702862
0.490814675888529
0.651011808164082
0.35684059582636
0.599626119213059
0.572908760309769
0.441101115904594
0.615203379729057
0.566070108640154
0.586306003872064
0.651782498425326
0.530646150041885
0.463932410072951
0.45991650694224
0.598852677192929
0.486721629976902
0.492692845143541
0.592243262592805
0.571404278061431
0.503583623990693
0.555112243022363
0.499960295952775
0.724693441783845
0.700969498778162
0.375456038017488
0.46293139665055
0.566305596630898
0.54924476328009
0.477854463806219
0.368890206388886
0.475327910859871
0.540779395560456
0.584417717928929
0.593157209717798
0.439008305419599
0.709620502729353
0.639281833343934
0.578579990975143
0.561009583067092
0.679524829538525
0.417941707066408
0.365236386625151
0.543328977608146
0.545192625336166
0.536918493434702
0.490946552147629
0.435507327440908
0.569018564124515
0.582958140833383
0.840034557239956
0.689755759939254
0.583472849171101
0.610972379310364
0.714445670225738
0.642845312484055
0.657150001982387
0.643192933361972
0.588234547447288
0.577247985989786
0.581242552842812
0.670958650196026
0.509266608240972
0.678376895261913
0.712236850134868
0.67575774699754
0.755311498837018
0.571534004648054
0.695375075657919
0.625649494573555
0.67440141642244
0.598072008776126
0.737914142424861
0.818137007153829
0.822515769224668
0.62647252285195
0.623174300981312
0.665796081138924
0.804705253217408
0.647494440459385
0.727458863950666
0.688931624912664
0.669030794680671
0.56694380392648
0.599007055156313
0.633657635631897
0.566556528825918
0.789746895116846
0.591871608868857
0.618031677597004
0.477761064150635
0.61094444930275
0.639892527611476
0.513837450633835
0.690825009962294
0.657860175955516
0.725444459315743
0.618617102844728
0.720792343129223
0.637950698708117
0.542094750235188
0.613753866220738
0.734481646146558
0.804202236240194
0.814251716921223
0.728110355501386
0.721479206173871
0.790971663847593
0.654108780714137
0.612944396944043
0.762243001530334
0.745449227121779
0.727044097288598
0.760755324558421
0.784624191030199
0.708879046581454
0.800699026051686
0.818961342185612
0.671985619442576
0.65405526794089
0.676741728791977
0.698630454183582
0.839383237937801
0.830566219528178
0.591239629007957
0.706661404274989
0.875024923476501
0.792728176603807
0.815968729020145
0.651333947939669
0.870001813322875
0.770303706448808
0.79701143065764
0.754053493975685
0.787924386135444
0.903435947929746
0.658057908277999
0.835243664794017
0.815385113385973
0.761905670661373
0.715920841311749
0.780658792359136
0.894022517227747
0.801505733080114
0.796080614165476
0.799127471830129
0.786352171518559
0.760578964388485
0.778778846128315
0.854073111868083
0.712401566165339
0.582487181808246
0.974006592935746
0.709306626202012
0.899530323790445
0.873304998474033
0.860634693634711
0.694815707345341
0.82845672661223
0.885658803418007
0.743016592376807
0.801421262472105
0.830598162070977
0.880161827883539
1.0220909079884
0.853357246357726
0.654823299537397
0.764267871261347
0.792337239092285
0.893638801604917
0.800132123534658
0.847489227419159
0.85791073493435
0.82069199950552
0.702132915225444
0.90522830538883
0.82477750525382
0.960265484986227
0.883073389385223
0.743168843955875
0.958729810559771
0.839814239284008
0.830474142920669
0.729329969838986
0.828296759585325
0.785581452071025
0.875650413439052
0.924433691514521
0.854648829978579
1.06232416909642
0.85272707713967
0.88717480220657
0.675168197321552
0.952605002417543
0.944767903966683
0.938989710346985
0.847361926952136
0.928769859598669
0.843126813678842
0.819979267625232
0.82128459817468
1.03521732232665
0.962185765522071
0.866489284042702
0.920001573895344
0.884018477642577
0.905103106056532
0.929255736810435
0.934948438723164
1.00822937343625
0.974434371201512
0.903337037553589
0.797257963437929
0.837722273218871
0.902427037774173
1.02239529040114
0.921822031744058
1.01352258926556
1.0070057572012
1.01032962887363
0.901495714064569
0.831425946526007
0.890925194558368
1.02996106204316
0.875249981716501
0.913254961323745
0.946688799984047
0.90162628573355
0.836725364834111
1.08028464732807
0.893019670915702
0.782897522553031
0.891304323883771
0.872838080546181
1.02562912677102
1.00152259003181
1.04594085208568
0.953843893747925
1.06805387449226
1.0907806455554
0.973112181853145
1.05807408253543
0.965310312728683
1.09078366446261
0.985094520434422
1.02838672486401
1.01079138933335
0.925991664703868
0.95183633455654
1.12904103761279
