"x"
-1.17855268625605
-1.09740716609373
-1.10645886516325
-0.892473869906555
-0.919248627556602
-0.940138873667296
-1.0157308560147
-0.923217694305683
-1.13509420362572
-1.01261064104429
-1.01016448744187
-0.993583590528139
-0.904642755933162
-0.851627681381795
-0.911685153979782
-0.957635774928544
-0.998984093121169
-0.969189024398232
-0.961796819525332
-0.897581314815092
-0.920068612551469
-0.984995406951527
-0.860080746039833
-0.909803824189395
-0.979298416648066
-0.846154722484446
-0.937294040611108
-0.867974489124821
-0.957979991237658
-0.95958060265006
-0.981604709759687
-1.02904428649312
-0.912684591805941
-0.902674586942064
-1.02838222446253
-0.953698214865627
-0.901129795943283
-0.927088816353601
-0.819860251581257
-0.836608633192563
-0.891602098362198
-0.776793888270917
-0.763029501610003
-0.808020727470651
-0.998975720507455
-0.883503015624022
-0.892732170577071
-0.941493686462143
-0.886883166903411
-0.870353199906835
-0.795043537453764
-1.00021484962065
-0.86804270265133
-0.883689487361379
-0.896192228736207
-1.05696058368933
-0.917539779650026
-0.894124283871129
-0.967069583976286
-0.905745405846658
-0.688172307192565
-0.937035648380451
-0.90073755534886
-0.77176235217363
-0.82883561766031
-0.704429265425883
-0.881070355639356
-0.829604835224554
-0.829127695323087
-0.821218448045845
-0.875338544563966
-0.828074820385112
-1.07023406882682
-0.935007502879358
-0.945144259006132
-0.92556642167389
-0.844095060513917
-0.704599016161686
-0.758586043933414
-0.85865129257356
-0.850128853692634
-0.835071536469535
-0.874373824129341
-0.819867300193634
-0.812719813597023
-0.752443124653052
-0.804822207089348
-0.894711425841413
-0.864528673806714
-0.790273293914646
-0.714288506710742
-0.720914172785534
-0.758998761139326
-0.662571829827409
-0.826350338208416
-0.916360621853691
-0.849460761242547
-0.714688720421745
-0.79523142023655
-0.736137830094243
-0.885147981698459
-0.774183543348011
-0.81735638237225
-0.878126128750425
-0.826189097955207
-0.872846836259212
-0.774659124070688
-0.799165740469034
-0.796160401357077
-0.777206391454685
-0.789406207100918
-0.812965704699871
-0.767045883780037
-0.617216427199789
-0.796754217901424
-0.897640431886749
-0.64796281627264
-0.708649050181875
-0.645861745356118
-0.656442734090103
-0.660008016884729
-0.767417687158274
-0.713985746368492
-0.784946755010169
-0.707276350392188
-0.678644566485539
-0.701707710202758
-0.597317784680908
-0.675746763511018
-0.780365027969198
-0.677877946866761
-0.865328206309328
-0.609094548045516
-0.632283668543168
-0.73402886712287
-0.810559824845945
-0.760536526997474
-0.732827024387154
-0.65858461796462
-0.779604086504881
-0.689863190215149
-0.762905711518889
-0.806522466858221
-0.850471293697546
-0.625813027896021
-0.773351377449952
-0.630861994867014
-0.765258836271451
-0.760926683333468
-0.729845426719585
-0.559338442973916
-0.649691068253305
-0.769098550188358
-0.580232217382002
-0.775415452357305
-0.710807970958559
-0.589054977247266
-0.728161596901825
-0.750798746235432
-0.753698466848174
-0.682557023817025
-0.784620652190706
-0.580031788717269
-0.620205032892474
-0.673217277240356
-0.564041177840299
-0.558383205916732
-0.698759076957175
-0.558137177659959
-0.761683087766718
-0.72818108106454
-0.633207544020552
-0.74042983225722
-0.562257969697495
-0.706144975547608
-0.664929798315173
-0.685033058765443
-0.613590419446493
-0.672334393781009
-0.655087284017873
-0.706140171833266
-0.607544828041091
-0.608634018724839
-0.589301817452634
-0.678513479049693
-0.634317532713866
-0.589408654765762
-0.648379107372197
-0.664119912850722
-0.827733872489142
-0.520108828522556
-0.666872896042082
-0.649774685368408
-0.646091822072448
-0.632402182891969
-0.679907592334351
-0.563298237869886
-0.746351548859482
-0.556892460016168
-0.564819763175842
-0.589288040188295
-0.700732127148715
-0.648453255025358
-0.660212945546154
-0.617676835403157
-0.651289175654884
-0.431288456860923
-0.502312963071295
-0.74516419233114
-0.661525328334918
-0.538497200208978
-0.474442386741634
-0.519538891794733
-0.51345346604423
-0.687744464374116
-0.436182958090918
-0.431033938547521
-0.722003610823593
-0.60025957030812
-0.549244991719707
-0.526624916083093
-0.525041159774656
-0.636664884129033
-0.426978341711795
-0.483969537654867
-0.650215688251196
-0.706236742329526
-0.467680942649189
-0.390626012556188
-0.44282389956353
-0.634511234139667
-0.552651048613966
-0.386746565558705
-0.582038567356687
-0.523034841267093
-0.553009442235807
-0.56790825191422
-0.411389519449628
-0.582118768340385
-0.526208388913052
-0.549705845866351
-0.393779309967547
-0.582492516678504
-0.464958049621073
-0.383893591098943
-0.522764199746681
-0.56230993960444
-0.576809178101606
-0.444836650481418
-0.477905076152713
-0.55586190945903
-0.524810424465389
-0.515870918521913
-0.551279458277487
-0.65483310833974
-0.457222977298604
-0.42477829871736
-0.363169552375878
-0.474604403755131
-0.550545019568983
-0.468088150686985
-0.411824980378343
-0.525268453102086
-0.383924730040134
-0.511986634113413
-0.446025631933781
-0.481864857632675
-0.503110297874974
-0.354126352572424
-0.353962214621039
-0.489072753688822
-0.533809620261139
-0.477696714358797
-0.305755589719145
-0.451551588844319
-0.426786604017728
-0.381184552655407
-0.502082173966621
-0.561913160693014
-0.452876488070792
-0.325523377031254
-0.375243922598698
-0.538194727523464
-0.433064506328296
-0.377032042239604
-0.364855601022405
-0.467469081757691
-0.470160588726304
-0.323666014869025
-0.363907177737489
-0.399132686883372
-0.584332006102634
-0.400896390490078
-0.410281782078812
-0.430311476454664
-0.316885261100399
-0.54776602927497
-0.383761253541851
-0.473123513321889
-0.485803462433627
-0.34006663822483
-0.401413739615291
-0.34292024380457
-0.3772551159953
-0.229544148794206
-0.226828652351781
-0.38063565855603
-0.442553193901469
-0.292111480947393
-0.476745017355074
-0.310161273350523
-0.547909408920449
-0.478133632385266
-0.249730929286483
-0.430798454154304
-0.283274242170961
-0.39253984241742
-0.534820167302665
-0.267472791559675
-0.287001725029661
-0.308650116497147
-0.345999484158268
-0.2318544850675
-0.222298688878701
-0.33667425224036
-0.323040418184024
-0.344936660053931
-0.298840798350994
-0.478843006956743
-0.337701535655696
-0.355167332321245
-0.311912697145581
-0.146685600490854
-0.408928780974484
-0.439693627714602
-0.462226858130181
-0.326159622448283
-0.375076785128989
-0.284870005404012
-0.395620654459436
-0.289927191366149
-0.411857184165458
-0.321212254401313
-0.265786753220541
-0.334557080789932
-0.274723354325966
-0.413347407169684
-0.307166786209798
-0.251016315473455
-0.299311855888702
-0.468890094092747
-0.344390045648736
-0.264945784949576
-0.216832712942994
-0.286329888635943
-0.330339583949025
-0.29851037863542
-0.354544190956763
-0.188717618279395
-0.303401382015412
-0.234752498839755
-0.383567751579718
-0.340902267228083
-0.323835122861781
-0.259673791669341
-0.368937609551476
-0.275899192852483
-0.265991786048749
-0.119971948398535
-0.114797191116726
-0.155075295845491
-0.293379893713588
-0.306906069644638
-0.220444342052904
-0.307634057423189
-0.156513992620459
-0.281321941788939
-0.0478552869793688
-0.282703024192409
-0.44909930985819
-0.324199539745729
-0.240030742141175
-0.17808413241844
-0.402303662850585
-0.389944905867665
-0.26459332319262
-0.151164526359475
-0.136017588779541
-0.238776931957947
-0.153683145998083
-0.268190275048579
-0.148864055352795
-0.12300258853939
-0.372595977570867
-0.172259537145523
-0.302100471356966
-0.20872315931579
-0.182552150392459
-0.160979292129794
-0.218715489603168
-0.091237894010085
-0.205674913247415
-0.317335216742202
-0.214213470681485
-0.077440417201668
-0.332420411195381
-0.191667891774398
-0.197791004776388
-0.0192384030724474
-0.186563238852951
-0.159194254631197
-0.0864022936652889
-0.238011274992701
-0.195769526781616
-0.169672985779626
-0.353171547465703
-0.0909974252371459
-0.316154923170445
-0.161606063993028
-0.0816304057995266
-0.242294793612091
-0.132746316145799
-0.207775955040921
-0.237598404928127
-0.254707649342345
-0.0905275949049654
-0.122340762652322
-0.00976177792257644
-0.187258830261186
-0.0606301682406232
-0.219088017793347
-0.285613376195194
-0.236688502008083
-0.16973344470031
-0.23266893899843
-0.06154946095716
-0.192300906310654
-0.0129518653395245
-0.0717804517803538
0.0408190276161285
-0.0244904317390999
-0.101259150580785
0.0225020261457578
-0.178431464290351
-0.182976661698029
-0.118234662970947
-0.108878349103115
-0.0198159871275066
-0.199165547110958
-0.0921297855233518
-0.124703533524657
-0.00865853189934318
-0.190062099007486
-0.171693009760065
-0.150464849559524
-0.0651317295560206
-0.076748226416116
-0.0133619941381051
-0.198453418983171
-0.202744407294246
-0.123612142833251
-0.0188609171389235
-0.166094792050552
-0.169397398136063
-0.171716400315755
0.0291878646016342
-0.0991502099287969
-0.0461988369739148
-0.141678760845182
-0.160052900952935
-0.150827360892373
-0.144405990419259
-0.215580823337289
-0.116632790246151
-0.0806858206303159
-0.112337194316126
0.108740094302338
0.0333562702571756
-0.144360855511423
-0.106936678366076
-0.141758083293997
-0.0275749175095776
-0.112147229638627
-0.204778946442199
0.0820016582653695
0.106277764975674
0.0575970747651664
0.0360708775334571
-0.168846561587661
-0.0463285088472783
-0.0417278994377196
-0.0206612353666069
-0.000205193942001851
0.0613662483442485
0.0347272793670124
-0.143277029774366
-0.171426105139231
0.0902126248492876
-0.0820474785393359
-0.0176381469607647
0.0485611915709532
-0.093047663560711
0.0701611636352377
0.0483190649392824
0.0484354672190042
0.0263243200487797
-0.0954551090512313
-0.191072844406386
0.117458382303027
-0.0985802785730087
-0.0299625711412524
-0.0237265018462616
0.0574693065717723
-0.0814776880214318
0.0364883146103283
0.187729571348953
-0.0451912919829878
0.0594672823729438
0.111924485566534
0.0854208341474376
-0.0128837278185126
0.111006883735579
-0.00523477562784781
0.0334753454276252
-0.0142996125988259
0.208206128917971
0.147845539276669
0.132856453072413
0.0457914673689121
0.0791968683298817
0.100408322770306
0.067777349254476
0.0337946185921299
0.127735553740055
0.0362613173081089
0.121805544043543
0.024968235971346
0.0111591316004343
0.0959038391130856
0.00730775540411812
-0.0186133460567335
0.152748375007449
0.0702617257519602
0.0222163282679587
-0.0470750868968901
-0.00237247590756398
0.185695309952557
-0.0174365536223656
0.150564090624826
0.0045900713986134
0.0359907971506351
0.10230431040756
0.0406672875840801
0.16701057780612
0.0907663339526554
0.242475699235963
0.02906680989733
0.173686111631254
0.0341993638186604
0.16129676244586
0.0362269923286383
-0.108537840119041
0.131207850449288
0.0983508972629943
0.221607805253622
0.230409667437633
0.250608325180994
0.0159268974109761
0.12072569080779
0.238220456098504
0.136320697670459
0.100979843235737
0.106804513307338
0.105202302868407
0.151470925910649
0.166517207210749
0.0202018891230037
0.119944112428842
0.202965587729729
0.0719456231321843
0.327844667000752
0.0350480559566576
0.223256701436749
0.199178579284914
0.158091588097774
0.117018034494351
0.217898633552333
0.140844313828549
0.152895766624571
0.323526222793288
0.297933393405824
0.276797678952736
0.125166730240225
0.0853784833589308
0.129069331513857
0.189924429842082
0.124341714675011
0.215477409466565
0.15188037585785
0.320579880242589
0.101725057340185
0.0974568724959222
0.196202694774877
0.171917043338506
0.367644155623944
0.337323471759846
0.202546000545111
0.344962250096843
0.227109335473083
0.233448856126959
0.253069870604904
0.252388440309975
0.212812436809399
0.145527254289725
0.258368326494367
0.291693031242667
0.287602461783697
0.241827093478012
0.355192518903716
0.259632309261379
0.350455980007708
0.210944801940239
0.149108378888699
0.251893726388469
0.273977126785772
0.297042884120715
0.168958419397396
0.349579497959721
0.251011422008373
0.299469948937385
0.26053796069343
0.122624399099693
0.0752693785711877
0.167294286286511
0.388120755510542
0.282430636769246
0.240917568061325
0.301173829079342
0.343459045329566
0.229758160037634
0.0940222018461839
0.371519521214894
0.297069572039807
0.215543773389443
0.353564210754296
0.0593377880895277
0.335625073816214
0.210468144861794
0.248261713855849
0.281513056365148
0.269977994473738
0.264078485758229
0.393356232742112
0.325979376788332
0.419906858418926
0.386689531149691
0.434758173297563
0.219929509239672
0.397432029396832
0.285014917772341
0.33825190420583
0.221974781216179
0.390329540189275
0.218712629241289
0.514622592412508
0.458129142198701
0.28672239669377
0.347966136850914
0.380102199315361
0.375531260650965
0.251764755101554
0.244209241126466
0.335848251559465
0.322734463517945
0.413644897885405
0.379611639594477
0.276847008697208
0.465433162690267
0.450534111666275
0.411400607201189
0.497763820602036
0.482811914433774
0.357694434060191
0.399927724835336
0.550448195812326
0.165124676885774
0.361191384204632
0.412918768780485
0.272684143279296
0.301025690656011
0.243032268843162
0.522055784482342
0.391899011612278
0.317945209850759
0.485192446759346
0.405485912835403
0.379387764232283
0.384306056619552
0.45138547544393
0.336327756363403
0.47798865229466
0.421683133559053
0.424818818385852
0.400711458059043
0.439247420538303
0.368703968667433
0.389504514932219
0.443035321027314
0.397501414334196
0.418407550189852
0.404675953234594
0.286840320803484
0.383409298351865
0.400825847565504
0.490107071893474
0.375966609992683
0.467655629041948
0.35308409378762
0.439667659978651
0.436513484626128
0.289754689223959
0.386029168364022
0.538864920577513
0.482138145149798
0.565512321759352
0.618315540600995
0.444414535742165
0.476060873636055
0.326788973973554
0.550830418067613
0.462831896608509
0.348716517536682
0.569232724344284
0.515415584348177
0.463362411069287
0.585625478293785
0.450215251240442
0.537072612632277
0.539309055372714
0.574279261679627
0.447750504388795
0.558842213899384
0.415504933983388
0.54178216814227
0.428745409928058
0.390537600357824
0.424367442086352
0.749443919076912
0.523581622763582
0.498121730310659
0.416203741022139
0.501032474822138
0.56687143001461
0.552814334104017
0.410605637686367
0.57797291865663
0.668476543559133
0.448204365211123
0.440567984655359
0.444153671410307
0.366484276208669
0.521317478523477
0.555658013692797
0.478140634005895
0.522352924815123
0.505526726149677
0.462967250642234
0.447985909602935
0.519256948943654
0.531247673143865
0.601941171859037
0.642212577795161
0.623162760516648
0.35545566009087
0.485276300288569
0.566894961174729
0.627610697329416
0.588318064397114
0.416161603770976
0.556298356256118
0.620931002231394
0.597529656148874
0.556822130204682
0.652958133388212
0.565537796808518
0.558053935964871
0.621033354050531
0.559494127259234
0.661908150530826
0.574833998697982
0.59663292840235
0.372263478738916
0.457919712186593
0.598992200652053
0.574459142856837
0.62813191321261
0.520919795401185
0.581433125996526
0.534441417191416
0.55387746339773
0.628399024235933
0.56621200128773
0.453150189368506
0.82169441171518
0.657639491280654
0.558784222778146
0.579962808197357
0.717610478429986
0.505752363573753
0.709870429684373
0.60707332407571
0.59300633827964
0.6053416576585
0.62784237400663
0.61581305779665
0.629717976205034
0.734169261874722
0.565362397489298
0.73866491235521
0.563785402985985
0.597908579982235
0.7003635864015
0.611218019013485
0.581215374290189
0.766921737409364
0.758536502138326
0.597849187428942
0.66837852915724
0.687283197175235
0.720779052346192
0.716447365276681
0.663651660585399
0.776900510616134
0.756318855514385
0.728956432905824
0.567566792400992
0.593770579140226
0.722551692690694
0.750400759562647
0.737380871808671
0.670730895134922
0.548888490469924
0.611190684011209
0.780786120642094
0.623837177116582
0.726114608663072
0.70458234161676
0.818545217849414
0.651036210785629
0.630081375828315
0.574781894706215
0.760493041883344
0.757055354519993
0.605779459959923
0.653723767159092
0.682748536787249
0.680699893637342
0.737167302719855
0.67357033888509
0.743736124173367
0.603656830022039
0.873370900005095
0.613577247866085
0.534245479924986
0.776265031502773
0.728803121522172
0.77805853543235
0.688934469559943
0.835885478993684
0.69870523203371
0.732049995164234
0.715605894777802
0.744359310186228
0.711105026775916
0.831219948703353
0.883892846498159
0.887616130400426
0.75695024419149
0.674099848289949
0.549812859665559
0.715959685146645
0.724746149636746
0.825585231490574
0.758915286569827
0.685099089277308
0.884259662690127
0.716236379718792
0.837214109080546
0.772456670155367
0.666291295333017
0.828815280385755
0.719900309272539
0.962878340045685
0.736933430761826
0.643763640839359
0.853832120307364
0.834214191237292
0.683375886707566
0.779904611989218
0.755677511620423
0.854019334384024
0.767668270075123
0.807539982143859
0.665811617099373
0.645140331212545
0.879950104920909
0.81458188899222
0.81404412251969
0.858025345782042
0.842007062915906
0.921827089705818
0.830660478862854
0.803385205254457
0.887536586658214
0.95863465817395
0.770892590037715
0.896299670081406
0.674659770812378
0.735074988242061
0.831596211529152
1.01766116969946
0.785573680285838
0.877105980179235
0.821691368707608
0.679061455663906
0.849645108990246
0.924106603070267
0.79562012783568
0.762834031345974
0.872623499144921
0.884004022218251
1.01339113673814
0.890531965239129
0.88525186017425
0.897626788248704
0.989860737562838
0.799425602400237
0.847833863932488
0.94895608109382
0.770062483311079
0.972005333189742
0.95150579284191
0.68766031803085
0.894378395801321
1.02725440786491
0.916099407919563
0.751914585459038
0.973259923245351
0.798643702068174
0.914058293566747
0.885352482865448
0.73804169660363
0.853357327054632
1.05408932655219
0.827403217286485
0.817047207672334
0.987068524003851
0.927727093842342
0.863560605274761
0.954624802712113
0.87100470816981
0.890923624822121
0.909580768542736
1.00985815632641
1.03670406831275
0.852604159150391
0.894758271461098
1.07614125036706
1.07109525990621
1.02394807267014
0.992297814996181
0.941874449242377
0.820382809711996
1.03699487207616
0.960017659354068
0.918261791549341
0.817565691518011
1.00936123511014
1.00019748263105
0.78192937688803
0.764454327849481
0.82060453607546
0.978368063262673
0.834808359750613
0.969276865923055
0.837484421443443
0.963789064832851
0.993156635481066
1.07557120994807
1.00698003758895
0.998292547496135
0.993766438541191
0.956917224263173
1.02766053689706
1.03284150175946
0.969762980541348
1.0602991273702
1.27194865731237
1.13525223961006
1.01078729778274
