"x"
-0.949779610771271
-1.0122166122424
-1.14223439103993
-1.10950094831062
-1.05204233394514
-1.02442404256654
-0.937864410457202
-0.886944261814474
-1.04889343064045
-0.967338058898564
-0.936055011760916
-1.10481924146565
-0.932818507741638
-0.84926589116424
-0.810473128775866
-1.04906704521403
-1.07967435255406
-0.918064503743999
-1.00541269885787
-0.805965660131291
-0.831315335429827
-0.876303911499821
-0.946302754473543
-0.987223986565694
-0.835685543099711
-1.10345688224175
-0.980941973545725
-1.13863951771571
-0.93269125227051
-1.01969614241635
-0.912220507203672
-0.878321178742093
-0.951902633071008
-1.00296477749378
-0.886304915990347
-1.00466941717541
-0.870879484330723
-1.0691415511668
-0.859316045325234
-0.931885133045995
-0.993439716726212
-1.04929639499494
-0.974724226282646
-0.97251475406949
-0.892821752930335
-0.928411819738252
-0.895872162954914
-0.64700251278659
-0.890703504889549
-0.967556565708993
-1.00763497405943
-0.913535061959224
-0.811767043835228
-0.806486717195285
-0.899023292441343
-0.939278994456633
-0.836034375917205
-0.892842828154209
-0.881715278075748
-0.792408993750124
-0.875642403983556
-1.03048578371383
-0.89290524424437
-0.832337124161526
-0.903384911863702
-0.883318952085499
-0.799344727124194
-0.877578197424074
-0.854621784133513
-0.980436597753335
-0.692188216404291
-0.764570596121342
-1.0167630126442
-0.920711329991986
-0.778394370888052
-0.877246250856125
-0.948132545477195
-0.742235479297148
-0.899012364592137
-0.779014497567775
-0.819642725369712
-0.765288130999539
-0.975318040635438
-0.761505802845917
-1.03457365619585
-0.842073189453829
-1.01676771831709
-0.832501341326834
-0.746069047673461
-0.740595887719618
-0.773463776350966
-0.809286277467465
-0.832129085543038
-0.822095494507887
-0.819430883284378
-0.778784891488318
-0.751222402134086
-0.67168311368022
-0.902805276495417
-0.727677193438389
-0.761669047338014
-0.834094985171806
-0.611236570373626
-0.661773336746478
-0.769322527199488
-0.771302571165328
-0.725557166978832
-0.695741199635695
-0.82776400800527
-0.73888204953153
-0.605329663997125
-0.824879764605712
-0.839827856335399
-0.758833914054355
-0.854826546628015
-0.848819214224036
-0.754417161322996
-0.772591640610706
-0.602010859976198
-0.75863393288568
-0.648899068679352
-0.919189485345107
-0.819568561376478
-0.860223010295535
-0.864157431970315
-0.674637471254512
-0.866425233841732
-0.746842734421942
-0.807733894486018
-0.677025932296594
-0.692225480666269
-0.717817869609648
-0.660731630301445
-0.830809399973783
-0.744297480954009
-0.746756649355574
-0.67443556684708
-0.802459060929843
-0.643982304386208
-0.648156119379198
-0.630933406164752
-0.568787560095305
-0.894946338627808
-0.541467178891703
-0.658647538062583
-0.774334026137285
-0.773636537588389
-0.685713466159913
-0.660913326738089
-0.632688185458522
-0.569690210377369
-0.591774816773888
-0.642386046743368
-0.783860965422857
-0.735749042811121
-0.647718905916358
-0.692390395831381
-0.590911859293441
-0.677593148368023
-0.637359132598877
-0.778385297587046
-0.621179967441257
-0.674392952207795
-0.567106043417744
-0.588303278917716
-0.757767122700406
-0.73476155915421
-0.614890926507913
-0.749742716837988
-0.734883204184823
-0.590688012658914
-0.626980328719685
-0.541419610867061
-0.681035494332732
-0.700646284878231
-0.645174339579634
-0.718380126532241
-0.649986162512241
-0.813532750103075
-0.650777902449488
-0.739972164314315
-0.614229604928034
-0.653571792352761
-0.686076881007983
-0.671153166164667
-0.624058115853191
-0.627180191828586
-0.587686305532125
-0.609330455926143
-0.748244270988988
-0.632597807838933
-0.724597990220273
-0.508270291841733
-0.631416126336106
-0.67523364958508
-0.607612063681796
-0.659154779850359
-0.581063012821613
-0.628397803507566
-0.693932324235627
-0.709917680032674
-0.51618024284414
-0.575393442025861
-0.518199339467719
-0.675121970855576
-0.636643686837726
-0.388226056714713
-0.608504165382359
-0.473838551549136
-0.297706299610872
-0.497326690099676
-0.524214101711778
-0.662187097061289
-0.506256228988699
-0.642456173755063
-0.527617519086094
-0.349983931095757
-0.524239325508934
-0.709000963084099
-0.731437208632423
-0.615138258261243
-0.608978982105245
-0.415065943661411
-0.795861169171905
-0.689036528958652
-0.614430146934644
-0.44620710635994
-0.507447321320691
-0.386896105978229
-0.569378210719592
-0.660385452986339
-0.665459133911239
-0.603487500073548
-0.608441295753825
-0.527012384377628
-0.479052330943752
-0.727544146355906
-0.427522704277195
-0.52404342415873
-0.48003394226455
-0.521262664045948
-0.567758888031794
-0.505710496239034
-0.593148485984775
-0.581274129344213
-0.360635911603632
-0.521720062977004
-0.414928250734724
-0.424700495733387
-0.652351196788597
-0.387104621679404
-0.484022565801378
-0.415215791483686
-0.39994753308684
-0.628745478643944
-0.461631121719126
-0.492938190234459
-0.468752898065866
-0.46777170029021
-0.383162674769024
-0.589221307789727
-0.517533907013921
-0.23069837327244
-0.525539296129897
-0.631042370913643
-0.593776683831229
-0.418176232929316
-0.527789909409617
-0.538983784500992
-0.480187351774045
-0.488716649585113
-0.34092199061316
-0.403689825063518
-0.406098098239966
-0.416759513293003
-0.651773362210853
-0.443480892318763
-0.466534509720158
-0.445268916084398
-0.453568327155772
-0.436523518254891
-0.455007949861579
-0.505406948952357
-0.408430055010713
-0.473318224708683
-0.497759496786438
-0.36616075571448
-0.418954189184561
-0.331394247522379
-0.630642704934609
-0.494817465632038
-0.404046900735769
-0.612240382435699
-0.436676756616271
-0.371602744591769
-0.45425352039427
-0.4435789490233
-0.466772744494367
-0.321240512650849
-0.569862877257768
-0.468296565900541
-0.452946800717529
-0.32555009561802
-0.408313399596254
-0.236566436141618
-0.37349402108654
-0.551868132255699
-0.203025055110006
-0.330057984510575
-0.325944121895129
-0.343323214161394
-0.332390314438533
-0.39437688429671
-0.224330201281353
-0.402165783038886
-0.349037365651188
-0.338101336083238
-0.182978095068656
-0.465690678481356
-0.403845250594877
-0.311051463542408
-0.363312092994584
-0.331199022980069
-0.426782394179166
-0.42991232596646
-0.409630843742023
-0.193483600058204
-0.295131982303145
-0.38926995641992
-0.483212367529163
-0.186973202349664
-0.225774875341104
-0.295378977134485
-0.303187444375371
-0.288113954967009
-0.352128452018538
-0.283495233711188
-0.264690771277116
-0.325812027768113
-0.231560032525118
-0.295850538208395
-0.254489110175806
-0.349114941850678
-0.23017000450713
-0.357978732359571
-0.346448334638138
-0.292436722882965
-0.375573365922667
-0.261353010653885
-0.414067354569473
-0.207512670173714
-0.294197009662769
-0.289936391267034
-0.157902984460315
-0.438228344272104
-0.284678892976526
-0.271917710271699
-0.326624467992187
-0.235215867037707
-0.288523291208696
-0.263763937393821
-0.351701742279313
-0.288320770272138
-0.137533454363633
-0.181929289430226
-0.272872288301915
-0.296044607975774
-0.224992374340281
-0.197781698145832
-0.270918789115534
-0.233396975691041
-0.281886810212943
-0.144357474893567
-0.136484894461166
-0.274616896625392
-0.28270389684271
-0.186835905692881
-0.344471065532463
-0.164873716475792
-0.249214995446014
-0.224206821202442
-0.300389037972331
-0.165945748419575
-0.189291917936672
-0.177453362638512
-0.241490369126341
-0.286822132880115
-0.242586496591591
-0.257638980438119
-0.170928783763274
-0.292888074726197
-0.162715102271293
-0.22104140027373
-0.263762445175208
-0.265068506205931
-0.237050086735352
-0.0534248439371748
-0.335648684395535
-0.239443273237523
-0.0223239189092011
-0.139986271823174
-0.314573548776529
-0.0777177514195218
-0.152608608428494
-0.27908981986015
-0.260000449417234
0.0156241198436165
-0.304269766396236
-0.224362465292166
-0.0934416221562624
-0.195297860373352
-0.0988904687820208
-0.181584421823326
-0.177284680538146
-0.131520013212899
-0.137342091315717
0.120510168946597
-0.0384935104521201
-0.0737122533496117
-0.176903914545781
-0.134531910136108
-0.143342973648603
-0.14206688712878
-0.122934981169235
-0.118578011368686
-0.195214670763811
-0.00902327697168071
-0.0347288566360359
-0.0432044838253503
-0.198605546602153
-0.236534530765684
-0.167529493091179
-0.119033461745406
-0.096883832620797
-0.111944434472417
-0.0969474215594147
0.0418975857349769
-0.0574222098906584
-0.125631898529937
-0.121456676827717
-0.103505644376574
-0.214654466636308
-0.248123106256917
-0.200507493397203
-0.187162201419572
-0.22185392477904
-0.16191314636609
-0.304519099033488
-0.193083575871334
-0.123766341152378
0.0791055469817885
-0.0614264157879685
-0.0131083093760595
-0.137053759537394
-0.0338698110650313
-0.127409083358261
0.000467612232768789
-0.108377215240444
-0.153214949566819
-0.175440698445688
-0.0886245747117525
-0.0121981490413157
-0.0889440561417117
-0.0839752182793044
-0.151964786118184
-0.194137177331661
-0.122186775116696
-0.022427902551258
-0.037689344291606
-0.00725780777824598
-0.0879296916292495
-0.10748397705181
-0.0141929728237192
0.00101520545320911
-0.328694141343952
-0.133583722825202
-0.249718323499856
0.021747959684634
-0.0744170408713204
-0.0174564397258226
-0.000628773040111844
-0.0932959690326799
0.066318503007336
0.0109117418580604
-0.0564990045894162
0.00449100332480243
-0.185735242293995
-0.0562465734095662
-0.0598706983291389
-0.180708961997407
0.00433458426974578
0.105710369863843
-0.00248360803296585
-0.140447684573984
0.0616137188710094
-0.137117492316946
-0.178862979403768
0.0262413530025656
-0.000578515878077604
0.0387570605872508
-0.0326226399345086
-0.0187056852894144
0.0276425429740859
-0.0290550511628642
-0.0596306629573272
0.245506408507894
-0.16238219429071
-0.0461627077233046
-0.0386476557267971
0.0387564186579347
0.051511000534285
-0.0515056095079559
0.0177880861236749
-0.137961585059241
-0.0163338745478113
-0.0207440842420749
0.0679276275641965
-0.0160189226356163
-0.0119469685131823
0.180318698236514
-0.0835109015999945
-0.0338873714372946
0.0275274424580599
-0.0797674830980672
-0.00783771007203785
-0.0369201969796022
0.209333231759672
0.106001383524289
0.0663576190211487
0.184602656349523
0.0483157628430746
0.0244247977947028
0.148341917570332
0.13243095012867
0.130783692546916
0.188331262142682
0.111510913945099
0.069297040084643
0.171676296732204
0.133577809987769
-0.0629526986026798
0.131324414606513
0.0759644583498386
0.044326999395867
0.000947223283864255
0.109713398637679
0.108246465700852
0.127451271232381
-0.0152483614054477
0.0869551646805956
-0.00779739798008026
0.195443027718274
0.0975344350673021
0.122731350626585
0.176060211137231
0.0383753166930574
0.131229979424676
0.139391563710673
0.138346146362452
0.206067733176912
-0.0188855139798141
0.00432015853242636
0.0607614700770765
0.0445354185103267
0.388873948724667
0.248378005465699
0.234707955389243
0.0349914326987055
0.163069682113406
0.0254619863785364
0.139273278271453
0.267829195760136
-0.0109438426047986
0.00701049120739248
0.105734159877063
0.19136039660922
0.144303686801831
0.149437499639258
0.202251157090845
0.246099859006148
0.163768893453457
0.21736187389473
0.0741313692596491
0.199041554900428
0.0896950735589704
-0.00901272946824421
0.110491979617281
0.105442077943737
0.17042315482109
0.263180881610998
0.194217633653435
0.214328856402359
0.27646361152901
0.185655653009696
0.155955589547249
0.200259913061328
0.227044835011237
0.210092885178904
0.144155307190178
0.117792696611705
0.206468422539909
0.22659144052546
0.212676619840591
0.358808411016538
0.237933967754631
0.0358436576184702
0.21386310963573
0.219521117527453
0.367841893169381
0.144590445015021
0.241236798099081
0.285136275209394
0.168335044152926
0.383754485666368
0.266508480427881
0.22638167029882
0.255687621762299
0.143316399497698
0.294126627512628
0.434781453738153
0.330591045505375
0.16456294193725
0.263401355830624
0.225333239069032
0.313623844680164
0.290686889536654
0.401024892416906
0.173137214284797
0.320766401397367
0.330564445291788
0.179675940893669
0.194841916807106
0.252099032836724
0.330191462946125
0.251305658485628
0.410738863598991
0.300468957167182
0.432950626692788
0.268673189224717
0.254856468834694
0.275807683802001
0.295021923757773
0.213757301876367
0.23590854478351
0.220810104272291
0.372328344020042
0.41032997497647
0.330328700090168
0.232077211408131
0.453793308866191
0.514989693617812
0.403329171777441
0.376816692585068
0.352202412484054
0.066673046943102
0.355933910176412
0.375098539868041
0.182983477789325
0.413255398367436
0.341579237203857
0.370382978543399
0.388059254988108
0.30116550785925
0.415764732658721
0.279595360601976
0.35132084706606
0.288771266753684
0.312219865282603
0.405152272362194
0.335655291530083
0.37916209566304
0.378665322686756
0.253446224145387
0.436292833687065
0.336674697494539
0.279908340728323
0.313707676469442
0.362067969029915
0.393687623576379
0.467048149901138
0.315769120823518
0.375001404082937
0.389634980137425
0.485564343455599
0.434765957967838
0.397558430901971
0.381191829617855
0.422389494022924
0.345632590818981
0.39663799034783
0.490831309561039
0.281021022664247
0.484115433191321
0.381896514797328
0.380410607686019
0.356178184474579
0.369887469715213
0.467027782449978
0.42854570760889
0.497564129842726
0.32128971966974
0.26997816984465
0.357144432703067
0.591169742559907
0.382683132984264
0.556118841375144
0.346996228389256
0.29496565453428
0.343008330330596
0.43853996473969
0.414511316390068
0.395536672561563
0.350428668850182
0.461789080350597
0.44349529307883
0.653215302227302
0.478790442241943
0.481645794969525
0.479380980078509
0.38172778147958
0.511469445519585
0.430590293736025
0.388149826710682
0.532951753269884
0.615011547634637
0.272932814668724
0.511766511942647
0.445544780736547
0.600922074185649
0.309176798914174
0.425110350059576
0.54337435558646
0.437989607424816
0.500660065267073
0.516102854215294
0.395000575604745
0.573249418579589
0.553879895873592
0.540168314953784
0.265327262287093
0.432741066831828
0.403685913031825
0.331338078247275
0.560742133955377
0.422715206853871
0.497322758533667
0.551189622958719
0.419689099374769
0.362140218126913
0.576517374396911
0.44607997994331
0.391149277332488
0.569675805226004
0.473238416725252
0.485963634538903
0.324308634434117
0.471024045210872
0.585698032684251
0.468462012640273
0.550151031911569
0.545794464767764
0.454069862452452
0.459259975811917
0.557387549720679
0.427988634891216
0.533913312330189
0.547077803767145
0.5909573308443
0.487795004276649
0.48566377159365
0.489634149327921
0.412246632081447
0.524228377144876
0.541907397949027
0.642495939611983
0.627093905894457
0.577360681410099
0.371608151514546
0.5693201261808
0.504273528523316
0.625333984681286
0.500983478747642
0.467909653662536
0.599229118905831
0.566358034929319
0.429686444327214
0.590185725956682
0.511843302819819
0.618838590012082
0.551031355132369
0.472895704363684
0.742449864144004
0.609554293786761
0.594361138928769
0.578421150600258
0.649003740843083
0.52323564813065
0.599011269459911
0.444894593032198
0.658589870217019
0.546423025549198
0.565730292854076
0.619423333816473
0.764026646033825
0.629573186407904
0.727475778711293
0.553907376058504
0.554277026187947
0.675754882068636
0.66587059076137
0.763039011202351
0.731291758358989
0.600193203231373
0.646291167585177
0.705150019274656
0.512842713772348
0.650431249590045
0.560351770400553
0.580605506991304
0.546468409884789
0.531792167742759
0.625435514461403
0.510232994811722
0.650659402239053
0.781981873291473
0.567895905110167
0.730955136291267
0.74365977377385
0.685952151269834
0.674060970312437
0.615202235030757
0.620584032919931
0.683053538198455
0.82000528590749
0.662011963733147
0.5452764187952
0.692228240588956
0.599311595852741
0.519133473205883
0.653068199496204
0.613806428751763
0.770282066965017
0.676578344923932
0.602244218289084
0.538195737051036
0.632472618964689
0.720933173770815
0.684763438565175
0.744557126781376
0.687518094365787
0.71607902480292
0.865139798057184
0.825037070551657
0.56480461177713
0.790987058641815
0.722259138842699
0.812256798652019
0.618784319297677
0.703612782096931
0.77855042437247
0.714496211832815
0.750315146263146
0.740776149770394
0.692144767083328
0.711481677201175
0.77874435165805
0.704407102337591
0.710767652591464
0.734496524335106
0.638642079292844
0.715730659347926
0.737680508167485
0.67327759822184
0.689149809125431
0.672372943666219
0.842244347192168
0.680354204137042
0.654766523006632
0.738413443137681
0.605153185063443
0.674597574254022
0.748629285026465
0.720441706632109
0.750375102319719
0.621865618414708
0.662542010517832
0.651947442787386
0.770387749942882
0.729999171425022
0.864680527228581
0.777812061046756
0.745297918599955
0.871187620259749
0.666563697443186
0.747486588463387
0.777523186225678
0.781740873921762
0.796531561559773
0.893115836235648
0.762073573067792
0.815757417479318
0.74437759154542
0.817287621111646
1.01256656091093
0.91049673319496
0.835673188221975
0.820146962992336
0.939436788038447
0.764480200885771
0.823641549369691
0.791263545772433
0.852454078923512
0.934793863795908
0.78713244403523
0.807895591661545
0.82701720898877
1.02380052661269
0.626232164926264
0.826375134347638
0.780520458100198
0.865434351950436
0.82876462768916
0.834482550844474
0.787045986469942
0.914405931504197
0.620547567042239
0.930502049193032
0.852380612034875
0.650684756239101
0.898770294837949
0.918733130370965
0.942314834670966
0.870118059434444
0.95789126261061
0.792414715145087
0.791389443734879
0.897717307348907
0.97154408670745
0.902811534267315
0.856741277594009
0.989913004759534
0.824051194070281
0.783989169730756
0.962482466632254
0.95795124214199
0.810998295193813
0.834117382992788
0.884862484913535
0.977935103265591
0.942251574365896
0.99272234169697
1.00429890237027
0.998095776745001
0.924146406024931
0.838763479950119
0.915931433309569
0.958779302085024
1.06001478024951
0.933369331988509
0.936910517142883
0.975626876096145
0.933825993088418
0.995031628463531
1.06538775543351
0.926257875551728
0.913378503445553
0.84055030448041
1.01238839190006
0.945404454249638
0.939640200947449
0.89328444691654
1.06188486877049
0.955698778020316
0.961899193896122
0.914138467747146
0.949535271877489
0.865719342420468
0.933370539040762
1.05814818527694
1.01841661165174
0.833557412479604
1.06502764675665
0.993626967366641
0.814982282094666
0.941029026672403
0.923464966721721
1.09940652732567
0.965261488897975
1.09073099735276
1.01614558321833
0.901743699446947
0.778742932973158
0.996398059484545
1.10571754645372
1.11249353921298
1.08123224575248
0.941154611592098
1.08186901210281
1.02753151132858
1.0015387901224
