"x"
-1.06671879878689
-1.10751808414222
-1.02420044606576
-0.942003298880713
-1.04198106458022
-0.994372837593867
-1.09285490368398
-0.959545083302265
-1.1657525930031
-1.03074900354745
-0.976855252859924
-1.01968449911244
-0.997049581311791
-1.12670132966604
-1.12643098342123
-0.994750235279319
-1.05833512587471
-1.11294687775154
-0.855003043339589
-1.04117213558849
-0.993481796168226
-0.909014708713286
-0.916714335841596
-0.952973493509723
-0.913890960263597
-0.865299216599718
-1.00216170042007
-0.889995375772601
-0.915990806992887
-0.888206366920521
-0.929695917381528
-0.937104443418754
-0.992606710684316
-0.817851821840625
-0.868859214868033
-1.04658791165542
-1.04338301921939
-0.93188000893021
-0.881744646521471
-0.97833886164245
-1.0459629914076
-0.797455633025792
-0.962993316186622
-0.983096937723258
-0.948586381119279
-0.92298720847836
-0.974002490301493
-0.929917329269447
-0.864171354490594
-0.977304268983839
-0.92257356653105
-0.947199734970895
-0.889258338402593
-1.05840028034104
-0.899387308581277
-1.01220276603626
-0.945187411892657
-0.718817867668868
-0.784818141074341
-0.885918902771884
-0.869040554451964
-0.884722491961438
-0.720010942862244
-0.866954382000133
-0.966230841572111
-0.860816394547758
-0.940679169952548
-0.990683266957075
-0.957607221543097
-0.81150046348371
-0.770488835122878
-0.875954150183947
-0.803424089504374
-0.835577198447465
-0.945721967843375
-0.878307742288401
-0.900512002248647
-0.646447206562528
-0.849039352459525
-0.735157425703131
-0.723559666967814
-0.743209529589319
-0.874617884781127
-0.895378886382731
-0.993497516298701
-0.818467881975247
-0.786185364121618
-0.890806507357616
-0.779812007591991
-0.876733408852953
-0.771265861356436
-0.854250979187056
-0.910844353223665
-0.796846215924214
-0.784112249543796
-0.730015181476888
-0.737460027344018
-0.728081348109871
-0.713668888668492
-0.723566230780323
-0.873999716108281
-0.752905071953556
-0.606350555277483
-0.865231625240691
-0.8231452257309
-0.810971848738889
-0.853342827572739
-0.80474346555518
-0.76601260839724
-0.713373518527381
-0.686943070712778
-0.815609242449653
-0.711374249263087
-0.874196176372444
-0.691771662096622
-0.90983339911286
-0.739481593023221
-0.887473979324151
-0.673474490136641
-0.879378726949203
-0.731112050644456
-0.810518790903325
-0.83169252216832
-0.989209720430985
-0.76901484906021
-0.828659738885003
-0.728609689583624
-0.630049362288049
-0.707199865971735
-0.682643612990449
-0.698853850827946
-0.79056248186441
-0.794258186100116
-0.877047353834943
-0.90242373809671
-0.79870864787758
-0.632759335047488
-0.611867766819523
-0.745193154753801
-0.696108905002631
-0.809446396017348
-0.486225787793775
-0.673205095595903
-0.756555754361665
-0.645944493603897
-0.511622112098682
-0.861674622734908
-0.554126541160855
-0.675008081155929
-0.600689081991853
-0.801650055839204
-0.684699143892433
-0.81241061137471
-0.72584227340488
-0.594840619621829
-0.665470455262899
-0.587247710828281
-0.626055418131417
-0.605169676483179
-0.693463893553506
-0.632575035453748
-0.706617182432365
-0.63724742942945
-0.531437485350029
-0.648866038040755
-0.633848497509718
-0.713535500205357
-0.598320763490232
-0.58578439826304
-0.695037724601155
-0.739606607291935
-0.616083917635467
-0.665306148350633
-0.643802503701982
-0.582045186842099
-0.506709536228418
-0.560309826704735
-0.579407032878662
-0.650537457031224
-0.680820375937736
-0.734168917965537
-0.687904672229628
-0.428837381516791
-0.592936659662604
-0.619240610922224
-0.690435531306296
-0.55673738372983
-0.568350193383723
-0.721601279999995
-0.599115776907632
-0.696780331743676
-0.619273640102914
-0.734331222776429
-0.703390059011321
-0.507247676097436
-0.653882321072862
-0.668693134616925
-0.673195005108103
-0.707454891203445
-0.509580607960813
-0.667264977225538
-0.623298420702701
-0.64693096968603
-0.617851344380275
-0.568652927223717
-0.512889845611167
-0.637233909143642
-0.584524589781589
-0.625484028882433
-0.479862835240957
-0.47775772405662
-0.495491540804061
-0.594317353339969
-0.496382118127153
-0.531009778702553
-0.545860415550347
-0.491914377686259
-0.495925306997808
-0.60920338574619
-0.576737323050584
-0.540541358684411
-0.594489362602736
-0.622547482834796
-0.5262899534663
-0.432955386967496
-0.583235601505784
-0.501357527398003
-0.584924238460677
-0.529622632287805
-0.473488243241539
-0.422199983086937
-0.595741208330791
-0.506340750351495
-0.516984478607842
-0.555164286617464
-0.484493996426987
-0.55882588756364
-0.539176162089497
-0.582399729213458
-0.52636057947104
-0.577651732424842
-0.557407153234661
-0.48039041195443
-0.629332589126722
-0.519104696570491
-0.545948481537182
-0.493714381449255
-0.555088451365249
-0.481262008398989
-0.54814562994795
-0.518623882225276
-0.599113270803382
-0.397068710520849
-0.633758690142705
-0.480539356100243
-0.557694283306238
-0.505473893680398
-0.529359390911217
-0.446427400229719
-0.481201647136377
-0.612433390171774
-0.631045733636407
-0.36361459383858
-0.565433465786
-0.411220237658066
-0.491142494901646
-0.417382222463556
-0.532244417252032
-0.414448763861207
-0.387694303014633
-0.326084241634918
-0.437782294410953
-0.573921578520016
-0.47431158878266
-0.41147295553082
-0.324060019518098
-0.474084617915438
-0.489758870577636
-0.515025479151532
-0.433826162164026
-0.453933889943043
-0.518536765449379
-0.338750295876844
-0.427620873390898
-0.454044339423348
-0.367880626014814
-0.381231669194706
-0.325447028740015
-0.349876050542627
-0.32494273418671
-0.44249712002313
-0.289355250599965
-0.313312030255707
-0.51138084441605
-0.372638622116829
-0.41846829762793
-0.473374294258338
-0.231113875922315
-0.43076268605971
-0.430016506042861
-0.429769142549683
-0.363667776139315
-0.363032787196091
-0.487498552470083
-0.324870885893573
-0.394108423844304
-0.374374133325639
-0.44103917880533
-0.467276494739948
-0.344791862338656
-0.442103171914936
-0.324078076012897
-0.321539039150983
-0.415674755320375
-0.341409337893324
-0.332952261406132
-0.42803519849893
-0.184610782429491
-0.453443093949496
-0.260062871293483
-0.349211691616602
-0.403731280042959
-0.406506039289464
-0.387721500204245
-0.347891294028025
-0.447761725798662
-0.163148880147545
-0.3228824642173
-0.323360467835683
-0.164889266961646
-0.329224933012534
-0.255131578535647
-0.368415943613735
-0.307617466703585
-0.344263456088114
-0.429511971877569
-0.338843926326072
-0.387375865260885
-0.411576063055067
-0.229045993386116
-0.337866200310146
-0.366878325364605
-0.241325584234104
-0.441054372506632
-0.36718460527674
-0.234124641933491
-0.344495894994459
-0.469094867315907
-0.410287386653298
-0.230113241355825
-0.318356881882206
-0.291834225690434
-0.210129404680964
-0.27723820480724
-0.192352941363501
-0.247959579196899
-0.299878096239373
-0.284378036515386
-0.436210015946523
-0.224251254298689
-0.385386983415213
-0.397287596849574
-0.297791480198598
-0.259534659752436
-0.167779831613359
-0.402712064428035
-0.298027604480182
-0.330806279626331
-0.15186670258575
-0.217492136851679
-0.226025591440068
-0.30690174612232
-0.285906306209262
-0.401136899954662
-0.227754815565399
-0.209385631638938
-0.315310285399176
-0.282026889909743
-0.346314311568795
-0.381421283873982
-0.277560943300314
-0.240483989352368
-0.363136007875383
-0.223199910294675
-0.341777922483967
-0.325426045105092
-0.372914377658316
-0.188495885583954
-0.214178028058036
-0.238440840711085
-0.175376095122018
-0.156195749234545
-0.289846081186872
-0.0559395476547336
-0.363504581956901
-0.215984738042631
-0.208773685529538
-0.130813549850511
-0.277490052345169
-0.315038783205155
-0.257159649977439
-0.127716938163888
-0.20700553934972
-0.276196439496125
-0.347355343696332
-0.0317343563504962
-0.0761531334975469
-0.350520456707188
-0.220012986863295
-0.224280135093845
-0.273358748496196
-0.0168045750669005
-0.166817424470941
-0.243928316332457
-0.205231726216895
-0.169788512273239
-0.227115612997777
-0.18928961528904
-0.0767467080593123
-0.163738875514199
-0.0883086317935142
-0.181801368740118
-0.144006718959796
-0.193307218611652
-0.213639745610706
-0.0601665996558922
-0.082413185153686
-0.178135405271754
-0.0703782297213774
-0.0212218493888653
-0.100617245515602
-0.0813886519406033
-0.244669476731856
-0.156409010920865
-0.0612704694518975
-0.0305856041300538
-0.08566424351741
-0.0634216217559636
0.0771989150201994
0.0280472529619854
-0.229916925270948
-0.139047358479216
-0.0552119025690589
0.0934399697163954
-0.120895846495878
-0.0493313107388308
-0.179490436783663
-0.0714970042577839
-0.0717998213032302
-0.263779911551591
-0.137916482283978
-0.114752066013493
-0.136760400439089
-0.205633046222642
-0.0478754313584823
-0.0889891762082845
-0.0336408794119977
-0.0384765176952973
-0.0396767865647114
-0.120349275898897
-0.0824133624255655
-0.0177781397304861
-0.0387767184431239
-0.0450309980723119
-0.192530228733054
-0.0934963379902393
-0.0393591396800831
-0.119173111577786
-0.138277186984047
-0.131363989614194
-0.0934828374808233
0.173931377148778
0.0894078433842514
-0.101626412048547
-0.0149609177222306
-0.0428093307802382
0.0403165429630368
0.112707873185538
-0.00375632827523394
-0.0522671412740799
0.0223292655377883
0.0770259125300257
-0.0118831752156365
-0.0233175629244618
-0.0386862028352458
0.0340719409127214
0.025795758331654
-0.104835166604014
-0.0655793786559049
-0.00516121190207137
0.00867927935398881
0.0261284573748449
-0.138950164552482
0.12633287232482
-0.0476081730089044
0.0669002246270489
-0.0128011476866646
0.0467921278815648
-0.0862463760330153
-0.0298079438527104
-0.00509837484937838
0.143483057667618
0.0506393474843525
-0.0355074264496988
-0.119068709541802
0.205282374100365
-0.013320966711238
-0.0313789463183409
0.0759650533786422
0.134302943186288
-0.0237053954838146
-0.0406309080578686
-0.100568677193629
0.00019282105058434
0.120950292918166
0.0521823253981037
0.150406111773678
0.0505755334925703
-0.0335478721877707
0.225376589229741
0.109372085077624
-0.0691156459243789
-0.0888984134525892
-0.040933112859504
-0.0897890588667863
0.0256714558660396
0.0917613435030635
0.183703983835213
0.145001488141032
0.0374829048598311
0.073179076209749
0.0832279187886922
0.0379221452513225
0.116904874436658
0.366858077603359
0.119210103553386
0.0761222116881806
-0.0300825459497911
0.0774142360923135
0.0776841953855062
0.132010102097207
0.169096775410225
-0.035250216222394
0.0685176731608391
0.191525709800074
0.0739823333117238
-0.0188415009905352
0.118713089395767
0.0331860363434218
0.100027672738718
0.0967796333407535
0.0968563864192787
0.157512472753369
0.0689455774017963
0.0606861767928756
0.101078637274601
0.0373101646272128
0.113001180962272
0.127786106621272
0.110841220708655
0.205679826654066
-0.0584093218069646
0.0984122544153773
0.162221141215493
0.235567252347686
0.0417397811571351
0.0338087916265714
0.18989927763828
-0.0165086639830289
0.197221506732519
0.0322948303400478
0.261744311054055
0.172992327198214
0.134709622720771
0.125903226244997
0.0728006901112669
0.251668445748208
0.0763635461209297
0.216405768535886
0.0111074248305775
0.253491414747606
0.195485786217961
0.127389384907155
0.0872107361162435
0.347243231331638
0.220715459892637
0.236409073791053
0.203498309854941
0.0832317829692549
0.0497090515399306
0.131790976661911
0.0304738147858841
0.279512408810551
0.266642042203973
-0.0394969270994023
0.272011754289054
0.320864833542856
0.224869185139565
0.246345840234582
0.183600360269189
0.143165053829727
0.164437316510261
0.28006818675692
0.0754878034709606
0.319006645156872
0.282546703688
0.178050846338283
0.222679943053286
0.239534278491082
0.257090338479515
0.278978332168142
0.0865720259940588
0.201891826246582
0.258774672238058
0.270953771335388
0.383501370180842
0.27079195713868
0.22015829639216
0.311535820357886
0.226123831261044
0.151398843130012
0.265643259908977
0.302962116809804
0.0478784420412257
0.198325846675854
0.240560629453141
0.370698140992218
0.148683782745743
0.362708930922419
0.372493345135228
0.269253819860037
0.159249918041549
0.302429877660607
0.253042212276734
0.341653761390625
0.17567132997431
0.377209931089987
0.429733763010935
0.299907756549168
0.238488861935091
0.256886242081361
0.215261707201934
0.418386538661412
0.455138902833977
0.31642442757331
0.219182667359716
0.149507603317945
0.454572451520147
0.304823801645812
0.238566084611393
0.337530241767864
0.255605784703624
0.395596269878311
0.274999120270891
0.292049063003877
0.245739604122746
0.24085620985635
0.375433350459665
0.313730570086013
0.485506545423731
0.306663196291931
0.382283708566184
0.356060505954814
0.401748534146412
0.319201582546043
0.268178412787482
0.400190406627805
0.333834103471339
0.444555163645324
0.32333076882871
0.434047073408309
0.33757060776649
0.299316002083028
0.348643449713991
0.463495675444094
0.44285238336218
0.40541685299996
0.366415322629512
0.344389497462682
0.313722151939967
0.162584320807135
0.437886491530399
0.182020977373327
0.230211316195201
0.419935910493973
0.439608957172156
0.421676460295332
0.338728462487852
0.333421877715464
0.356992605682541
0.363319042553347
0.364510063968922
0.34822786561834
0.350835683101415
0.40121946859935
0.322154848784702
0.290064449662048
0.360067221191222
0.446696354219716
0.37817834662113
0.410596750495296
0.291127483464279
0.361249112991806
0.296559831111124
0.223633889172426
0.561133169485762
0.469663022484693
0.335306417390933
0.414956685417769
0.515614273010116
0.416505922265786
0.473215399378705
0.352462479783109
0.346207347397256
0.423481392780672
0.347296874318208
0.324738893605262
0.409047210392223
0.293370208525932
0.427913883105323
0.520125138886774
0.458887488397768
0.482661701221103
0.484824429204469
0.521164258119912
0.446783588550643
0.505619498939183
0.39533363961525
0.639514205651348
0.375900856654205
0.534318417665374
0.441012206786342
0.417422703341789
0.510429577868048
0.436412510702919
0.541019227161801
0.498866227391988
0.331371433634153
0.383911592049813
0.409224964932391
0.372146285328016
0.58943236644523
0.640300814990088
0.667959572775607
0.45130710253892
0.478270865024456
0.597708676675948
0.493113918766397
0.415287137714665
0.476150229247087
0.449017647873863
0.543911393941239
0.49991455844342
0.641370257183757
0.356603032185044
0.615413383902851
0.591933901038456
0.464988528875368
0.645684363306929
0.557800687173305
0.587946064400297
0.648683088004167
0.522339107575004
0.446729744362695
0.46201356386306
0.625520754229788
0.507952533620068
0.487152294730656
0.603550638029407
0.573735051200212
0.497798459566435
0.579024826348715
0.499982044219293
0.728018707335522
0.716319348918956
0.375677083711924
0.450262111972898
0.573950634443479
0.572543637680301
0.485479453990604
0.359170190001768
0.457967531321218
0.538995942955342
0.595181001082065
0.610527248527271
0.444642981099795
0.69994841901268
0.652377084642703
0.579582611794823
0.5515237916771
0.705967097550936
0.42050340914692
0.359780708990809
0.538443252309462
0.535119934596002
0.527886951009344
0.493988177044606
0.443708711906671
0.565575547424573
0.564856114693817
0.853464124868308
0.680564586576385
0.567033142286154
0.623767131101847
0.694958814974525
0.643175224102216
0.681950754144641
0.634059525034426
0.580409183972825
0.582568472447954
0.575577928582248
0.680566823037089
0.520311233161754
0.667548703028969
0.693845654078726
0.681846694986948
0.744446584457789
0.592086505433596
0.685008691367623
0.643399760563711
0.681847457494333
0.580217131967095
0.741380635187236
0.830102485245829
0.828266002091325
0.647887066271909
0.608392374219007
0.659495463095577
0.799931959848907
0.66517729340214
0.721565635880269
0.68141770052821
0.653604188403695
0.570341081549884
0.600224904225661
0.637138447001498
0.555830465143759
0.785005243451283
0.575953466735876
0.637447839024251
0.479452105250849
0.615955672132988
0.655284453361602
0.531250931896029
0.68588085594894
0.65841069425819
0.739317470439373
0.631215838800303
0.725327098526576
0.667336687078559
0.550176238128527
0.599440850973705
0.738725947877643
0.784982493391749
0.831952593681761
0.712900199520623
0.737220885780918
0.771185012113751
0.645903896585845
0.599142790162439
0.765933686479407
0.716972055996182
0.72569011988791
0.741123485379197
0.822841985857619
0.690225495406173
0.797360045980405
0.784568211488383
0.663661186917987
0.641507648422861
0.664358315053936
0.696392477982044
0.826756356213564
0.842690889811953
0.587721689428045
0.691522688367464
0.875462964447234
0.779585750909021
0.801993067297786
0.673960603484829
0.864236886794014
0.770911788024007
0.805795161286443
0.758777759113615
0.785766565966622
0.905769235584051
0.65233925810132
0.876898795135221
0.807510676521224
0.783068267561203
0.738520886095872
0.7816412120012
0.870167684207611
0.800278647437953
0.822433022380059
0.799121400782866
0.779667389877566
0.760045174506838
0.790887003288876
0.835456737078911
0.689954381068223
0.59929906111299
0.962611931831881
0.676205523085102
0.870245382732881
0.865060687230574
0.868579348449173
0.699146007419423
0.828807320586289
0.893451327756024
0.73296461820529
0.806111953648133
0.81570220400814
0.906243862155554
1.02641325829157
0.864913953624292
0.617593144595184
0.767874782985875
0.798364283497633
0.888756266277789
0.790455193241193
0.848087120256674
0.85287031604544
0.829917866458161
0.698897461129128
0.890925867551262
0.839276638898741
0.973716359762557
0.910355173691144
0.75875015427004
0.935583084796304
0.847187743593086
0.82812093620436
0.73810964389728
0.844302622290482
0.797824400724504
0.868959177617782
0.939660563290448
0.860250130180421
1.03806501964047
0.847217001267129
0.879293641759066
0.685357826483747
0.971210831167859
0.945980768460796
0.927202732196314
0.831269328885772
0.920509916843077
0.867344693795849
0.813013705679425
0.819230483560457
1.03704738292701
0.9441979658381
0.872526134721476
0.913864563041899
0.882096366026078
0.912566660475777
0.939088909251369
0.941309690159694
1.02722309835938
0.998849368409962
0.921645375174142
0.806886194207549
0.831722730798119
0.914743916247641
1.01926602512771
0.943893571844768
1.01061964396763
1.04171943279598
0.994239133051653
0.892530160275228
0.844055714778881
0.878764122223612
1.01426357402023
0.861860111413089
0.920191859387854
0.954457676143107
0.904719229101898
0.857202937786708
1.06522022270745
0.881073568382304
0.772220662874125
0.87727933288928
0.888896172998041
1.00376603383185
1.01405098709557
1.03741939622871
0.9372746746362
1.07698411329538
1.09026133681608
0.978037288911261
1.05191846838906
0.982495778755418
1.10361558698224
0.996715957827009
1.03099772618662
1.01239208670934
0.941879953700385
0.956426562844853
1.12167246945725
