"x"
-0.944907080417561
-0.852630162291042
-1.07573902448893
-0.867893929285407
-0.8838521118932
-1.03908243935062
-1.11816511393576
-0.926041280618039
-0.938356822741945
-0.934178430067447
-0.977854153005201
-0.997681568748253
-0.958951900507917
-1.19377653187695
-0.994046211223638
-1.01599301151106
-0.9864734052342
-1.01685058687747
-1.05032139832846
-1.02607430539267
-0.965164244443292
-0.851965700386775
-0.98380382662934
-0.859418354320461
-1.01627364376269
-0.956580669811684
-1.07624836249608
-1.03434252637212
-0.960226321327608
-0.87315309122377
-0.963009458361054
-0.846740700839859
-0.869822938891131
-0.897654881806263
-0.804094624268192
-0.871523757287334
-0.719958750300715
-1.02197820176921
-0.871635489957131
-0.893678277279314
-0.915818322582213
-0.855726621985187
-0.899105241684786
-0.877170946892443
-0.842879591345214
-0.815931840771136
-0.903133343143189
-0.954115392142919
-0.993167220068674
-0.781009607157532
-0.881266800982943
-0.889895145117952
-0.730954185565685
-0.845808274878196
-0.832916405442038
-1.00917667296529
-0.891141205238035
-0.986716133838782
-0.838323229317703
-0.908888047331955
-0.776782073718317
-0.920580958328589
-0.82803249619794
-0.92811794873737
-0.94869135386262
-0.927823605309073
-0.836780190153645
-0.900199407388823
-0.925332000672852
-0.898071240230964
-0.805597749463652
-0.821494249332191
-0.949377096470156
-0.804712675882739
-0.732519465118576
-0.837205977696961
-0.812547693556342
-0.764210977160326
-0.686046024199992
-0.859276394027016
-0.817083082104295
-0.699232441366304
-0.914165335320625
-0.783138361471506
-0.813139248967406
-0.873445945741991
-0.87543066652508
-0.861671449703978
-0.820021261734862
-0.85919141697133
-0.718374257860775
-0.892640647608835
-0.893184229082988
-0.732857084397468
-0.866516582515297
-0.734983483343223
-0.735078864310316
-0.666965875573688
-0.742789393648998
-0.883151143624604
-0.833082622596265
-1.07016094838481
-0.728234502682852
-0.780361528309851
-0.578953341192208
-0.752430513444981
-0.840733326901688
-0.835381068040343
-0.754486831619072
-0.798500349236321
-0.748006934806255
-0.771677575393104
-0.790300735714273
-0.684273372917535
-0.813241675991117
-0.812552984023239
-0.749146928379945
-0.790188473561479
-0.635164521214016
-0.838053087878
-0.624196075282044
-0.852328636067914
-0.887167448728616
-0.684013012760528
-0.865930804860654
-0.753655219680896
-0.783574511970554
-0.631342913571566
-0.856472502586901
-0.642137516253193
-0.707664865627093
-0.691944551363085
-0.712358060105191
-0.690772772878256
-0.725521005465626
-0.678918854124092
-0.709538263675733
-0.787097863471618
-0.689177307193475
-0.861053792309266
-0.772289685457711
-0.754798352086315
-0.688975711452333
-0.792147117143226
-0.710625748901207
-0.430601239018116
-0.682482269920622
-0.741497304565712
-0.787608128015192
-0.676309243312242
-0.744732907518091
-0.648649544513479
-0.776310335650289
-0.691515115563347
-0.752071854492242
-0.679545697339151
-0.759699189761868
-0.705438406511774
-0.782423875006468
-0.753736867194301
-0.762727966732906
-0.723742116636473
-0.589750978715075
-0.664010118101169
-0.550361374695608
-0.775145019524971
-0.615604574027187
-0.68080353133144
-0.643933675948511
-0.647381475053701
-0.635626437315671
-0.697402679213959
-0.682637394906828
-0.734607531131322
-0.724168310540244
-0.639788851059826
-0.684977797198394
-0.572062329214218
-0.720297579627948
-0.667035308674022
-0.800092670883446
-0.654198872974846
-0.695029517332994
-0.558403047232762
-0.701121232791755
-0.649682902595268
-0.600658663322288
-0.516877380396245
-0.653649569541954
-0.572062516015306
-0.58415535843916
-0.500934343327274
-0.605297924702621
-0.452036738553515
-0.692484112509282
-0.546495797142947
-0.631322925021234
-0.694378326573471
-0.510225182610021
-0.529339027657388
-0.561776997722987
-0.548109409534007
-0.664052960800029
-0.589395804385552
-0.628361690194738
-0.670455884636757
-0.522502004635058
-0.683480062262845
-0.685198633983902
-0.543000601919391
-0.540399212585298
-0.571660960231375
-0.458256009929554
-0.50542067697663
-0.569474086458544
-0.455628318683474
-0.625198023095907
-0.504595552517383
-0.607188877838236
-0.504423366934364
-0.667002035010809
-0.552689069954703
-0.667535673928847
-0.476205614703066
-0.523653029049567
-0.591053002947905
-0.61087763419707
-0.498160517463962
-0.617724304918371
-0.556305473794471
-0.566072986630908
-0.484760207602168
-0.382756051014943
-0.533968327468232
-0.508947806309998
-0.510183128697176
-0.403853271426454
-0.494334438142973
-0.51453589539166
-0.464992508618575
-0.503395497377913
-0.560766569811672
-0.496065918994136
-0.65795259893833
-0.542290942003048
-0.478383004803968
-0.5675993705034
-0.478364552943442
-0.556870358716355
-0.445612851238824
-0.559595460471103
-0.447310345571889
-0.414513908811924
-0.335145294341411
-0.605602301288466
-0.399449491202648
-0.49560943450946
-0.550173720698646
-0.47799818670545
-0.446730617799007
-0.507931641134605
-0.494262842814435
-0.335264332658136
-0.652510640415322
-0.544928040137318
-0.506049321284353
-0.530588487320607
-0.401144266804564
-0.477316499754111
-0.401388743948579
-0.384876591519738
-0.538139732418646
-0.533100839291051
-0.36266017713365
-0.410697976591586
-0.524523509888258
-0.445190057744292
-0.428706923209891
-0.333178538878926
-0.482977203221064
-0.43358618803762
-0.291590066848978
-0.410966650641203
-0.389721099057754
-0.454388285840671
-0.451416399983525
-0.475715515141913
-0.492495444828163
-0.499377654924094
-0.392765164188114
-0.555505595431893
-0.413127398405814
-0.290349909899548
-0.507784221613021
-0.434931148672427
-0.421924917701793
-0.52243181590181
-0.298841262395894
-0.476950731570375
-0.413285870063307
-0.416157443785942
-0.454919571306499
-0.484428523745564
-0.327130231926941
-0.446725539235661
-0.433052824994923
-0.478276460487066
-0.432928935186939
-0.386827522638503
-0.526890953125059
-0.416173020500513
-0.363827766879513
-0.489537295937117
-0.407851204700286
-0.607904648405562
-0.323265777859528
-0.266545418781179
-0.306977591893885
-0.352147810281705
-0.468034307440977
-0.332618103838213
-0.332793603754782
-0.444817057130344
-0.254838541380144
-0.431961789160593
-0.341596270582516
-0.432709264041622
-0.35135679473573
-0.227795003656784
-0.283381942475097
-0.334483899568268
-0.36963923514708
-0.341793318297715
-0.410202371613089
-0.264126023839767
-0.378813708214211
-0.323481331915044
-0.280641575504443
-0.367526684851596
-0.317100137881744
-0.303559885884166
-0.359769232598042
-0.249498976632915
-0.182650140403786
-0.283748997420037
-0.363202182431384
-0.159810044141474
-0.25351027156509
-0.426534266464908
-0.336854311387191
-0.278393498530653
-0.345821108857336
-0.373790585773026
-0.315730780824077
-0.169507510977052
-0.192352541557876
-0.163779546142819
-0.167702978528403
-0.237285434012248
-0.491418317258133
-0.342406544901481
-0.198990280379132
-0.295834061115127
-0.291052067042051
-0.295894518037199
-0.26932235721887
-0.29312336657188
-0.118909308445279
-0.180536025230816
-0.239757339907233
-0.425012324152579
-0.243019958526377
-0.128342166609123
-0.2460498865754
-0.372825815950761
-0.25380918871129
-0.42409234024248
-0.200360113643791
-0.243011509504545
-0.0991567753357109
-0.105009408402735
-0.176925960237589
-0.216292098002201
-0.215336721743424
-0.246862450948531
-0.326884094092506
-0.204181019293
-0.142530622563704
-0.0970209177638833
-0.266928312875258
-0.17760757228596
-0.234343352131362
0.00360179937634873
-0.297144668389674
-0.129382147147572
-0.24872971528839
-0.0953105173135336
-0.113439240929913
-0.213471359658061
-0.052016912877475
-0.226761546499989
-0.297265831702133
-0.27235549587558
-0.0799801268454285
-0.164534532775276
-0.126532820898183
-0.112746301214875
-0.141682728260277
-0.335186309087952
-0.223344509948452
-0.249217426195043
-0.253238873497492
-0.0592252107698314
-0.0970936620517249
-0.225925452833713
-0.0804616665756864
-0.149887549583868
-0.0888795607649067
-0.203819119973425
-0.14794831191166
-0.209459537904103
-0.318229217058837
-0.248959085179778
-0.188707986511329
-0.289166192048479
-0.127713320892383
-0.110934712133233
-0.113183104036388
-0.0540360060644366
-0.118691469034543
-0.205618188680357
-0.0947540905375855
-0.175604935713973
-0.0697485406310571
-0.161993502054877
-0.108219160079737
-0.042163790254683
-0.196049629725666
-0.15059827811061
-0.051685709687206
-0.148935708600829
-0.11381460011675
-0.108560194684058
-0.0290352280340551
-0.0417622177670688
-0.0770394706459023
-0.231198434412773
-0.0375892570528149
-0.0503543110967291
3.34468621678207e-05
-0.13171354713948
-0.0318810185147223
-0.0898410987682395
-0.0911853487978483
-0.112392407945991
-0.162827226688207
-0.209412116641326
0.0794955840019894
-0.0300714261560072
-0.0219951756895726
-0.141409606855404
-0.0161768142613853
0.0766399366427699
-0.0226566234940356
-0.0881478397729018
0.00658472708287851
0.0529747703855394
-0.129544774628583
-0.157720709012153
-0.0542319536895329
-0.200279467818113
-0.00413089802057836
-0.100251242506712
-0.0290328407107524
-0.0196937447361343
-0.0361798138334825
-0.0293509424750819
0.122853731215984
0.0299045634542373
-0.107284474579954
-0.0613918714852124
-0.0329958059865778
-0.119832761045101
0.00487378826259226
-0.101844177323997
-0.0801701193189816
-0.0144245520292586
-0.132026669009596
-0.0896985694054041
-0.177686023499097
0.0334349673751452
-0.054939941387199
-0.0334688698852785
0.007605589542764
0.108221482609778
-0.0623423180123245
-0.00675086384817909
0.00238879732119896
-0.0215988586754412
0.0470536134208146
-0.0856301394862541
-0.0688887986099884
0.0330735014359427
0.008310881317081
0.0261375617897606
0.0371328213477429
-0.0657753970080766
0.0328189341421506
0.228958548034643
0.0452504475829941
0.0169085752995779
0.0801115936022957
0.0457230211173363
0.0583660669332498
-0.0862887149937117
0.087179338864131
-0.0314097425160302
0.0443481472452015
-0.0639815770526521
-0.0445910277177537
-0.0338157127356524
0.0851772001654288
0.283772331517828
0.00567346994765159
0.107288989467385
0.0236153533274377
0.0488417097983505
0.16071973019856
0.110786941759192
0.0537132759311016
-0.0143068496685685
0.180589857534693
-0.00659108193875813
0.184803425083264
0.0793932123820504
0.211555449767534
0.210859805087403
0.0687875839680404
0.0454319961499453
0.0916117262035705
0.0939494678270729
0.0272880688173945
0.150601662542246
0.147381928425115
0.160837488643237
0.0635563332042754
0.120531697489462
-0.0099258120188935
-0.0607956287087821
0.0798659435785098
0.153080344930441
0.0708985634340072
0.116257247723789
0.208218684177728
0.15217287011979
0.0676478791142234
0.119681303219561
0.105661053184415
-0.0142486608081554
0.140409759742544
0.124940477577444
0.177690028923009
0.0276388553395839
0.145026283058649
0.340079238392863
0.0591497618646527
0.12998644721607
-0.0102064896850353
0.0744777300255618
0.144470941187722
0.103284887338537
0.138659301627118
0.288552829578928
0.0515655379014095
0.173868707506482
0.203336858553345
0.226670280791047
0.131218699122501
0.104690437539997
0.282893276161658
0.0602313739757193
0.230270303575164
0.203177308972521
0.104123061771195
0.170876569314011
0.297243352887936
0.261300384951714
0.204062216599714
0.120834869326662
0.173071429682282
0.0737183369122071
0.150648770361781
0.145749389788054
0.181260540491999
0.235154868372518
0.230463676923314
0.154439710260439
0.25667531567072
0.246350598989307
0.200264549660482
0.275019809044342
0.20099976308279
0.17589240584329
0.153968494714071
0.214235895329587
0.193186163972296
0.233487160447542
0.286421481192868
0.19239194004016
0.116549246952377
0.21391177004416
0.166877892490848
0.187498496376799
0.217419207712953
0.280006638218139
0.153565691377254
0.20036075568415
0.139639535488603
0.163371139153203
0.26208445584293
0.19829900340914
0.244635644087321
0.291063176303688
0.384600495024203
0.4830729558254
0.259249963075201
0.210650221333024
0.212969005913033
0.214996840344081
0.229450129764221
0.204180905146576
0.175119719025396
0.318009590273505
0.134254537890132
0.358984541350797
0.407655295123891
0.185131343114101
0.220770122930144
0.172041219356931
0.401256874529481
0.26747986519772
0.188728731639989
0.288542499837265
0.314466057846945
0.142418308778392
0.2693002786561
0.341921824401895
0.400494514978837
0.174040126380535
0.344801431226336
0.435048940848782
0.281454562856757
0.25822135400251
0.349122722529836
0.155988573207609
0.414092860417304
0.376652651845002
0.339764398469118
0.458927970524435
0.420116379768798
0.301099534745929
0.3057063386572
0.34815500182542
0.203213264728698
0.384506653015399
0.236619388023746
0.268086636311915
0.369536875629452
0.306005817666972
0.275023999140065
0.395989332525974
0.568092816982723
0.467136173770895
0.281324348071476
0.237477113041586
0.446285247641349
0.380109963715259
0.360595976516176
0.327567650665796
0.400265721925586
0.376519792160664
0.408887650035798
0.352365586127486
0.234655879713074
0.37557630317882
0.379824972660754
0.336219696854764
0.327051847929893
0.431754344850838
0.368300536122425
0.426906341578051
0.359322834552379
0.46873119693751
0.24741969126761
0.352150494865512
0.243518431596699
0.214672930348961
0.437441809394811
0.409178263728866
0.41484092912925
0.331986261701315
0.424467904293816
0.468830724405099
0.51604733292242
0.411148364728673
0.368930185949028
0.442571738569849
0.430584212979665
0.454310760356324
0.438216329659346
0.349044456844023
0.597257281378786
0.42612473319793
0.589526964827529
0.52706802919348
0.486469674752887
0.515334950242553
0.444072340225914
0.467718862882028
0.532436084118739
0.505368764360948
0.426392181176358
0.513991870965388
0.479606797145717
0.472416942624151
0.419053242357517
0.413746746713993
0.306952990821954
0.321886547358619
0.428299797906784
0.405603951349933
0.41217556777424
0.433751341767364
0.498563345382502
0.441243822857804
0.462641934670761
0.452189560668753
0.484834847740462
0.503484497169116
0.529120106448353
0.38499565382658
0.594954146915028
0.524259265992432
0.367715687136094
0.4128848170664
0.393672539135952
0.510402928633362
0.334999496783737
0.592234308933262
0.55165449906443
0.430880741889514
0.500484534353241
0.603956873389168
0.538411441931446
0.563566436403928
0.58737417599013
0.416517583341241
0.416086890606574
0.538521933227074
0.562515119909752
0.44538656537786
0.388526186356942
0.624727173743566
0.546079287411071
0.533708534083428
0.580703915029919
0.576149754148113
0.525494250450132
0.515607881752315
0.585946842578106
0.45762380781497
0.575197726971096
0.565927877494239
0.440503665923812
0.657653250546465
0.593735787306054
0.651498513746433
0.473626502303966
0.51880234939281
0.477959027765202
0.657825085719522
0.516610228453463
0.601914117662335
0.620557551710506
0.537473594558634
0.640763666324745
0.637943745165497
0.609633982904464
0.678258900959858
0.62684554011088
0.706054530229911
0.53071492777648
0.571813260743845
0.370771773651472
0.532942025281883
0.529183982530913
0.541321797534467
0.646566468668575
0.572384398451984
0.686669003090951
0.511934340852525
0.484676555091689
0.622033217720025
0.774110733629565
0.690546453070813
0.634986459575489
0.479727983214115
0.600208878274498
0.626065344490911
0.590739863922243
0.688866178011789
0.628159200336877
0.476265358045131
0.628297968447284
0.661331830025674
0.548736724173066
0.69382100668774
0.76956133610773
0.45171422450428
0.775049019612662
0.569853149394095
0.748722814941033
0.449199852916393
0.597680097699985
0.702492732624084
0.652967123021777
0.507341453465295
0.664100018691629
0.565891606422194
0.716110947278619
0.704517455346982
0.704154396741577
0.57108063622255
0.805170874997338
0.742127286937678
0.512779384034995
0.645536884194341
0.802131639081294
0.795129629838857
0.626540407232083
0.828600380524088
0.575703299527688
0.654420139446013
0.715800680657223
0.60461075839403
0.666684780415105
0.766046931044507
0.698846232636459
0.763469118177506
0.640524215244382
0.650036269542353
0.742736999230024
0.596277523904348
0.741427050550677
0.639481478584216
0.789637921081855
0.688328590071043
0.762542999388381
0.515426420259105
0.847910927913511
0.725572447760978
0.736404693733048
0.694154594204112
0.744048845607959
0.632483925623699
0.710348610436922
0.81785636670697
0.787052485937736
0.739980035678753
0.682257330767171
0.559519633315129
0.567409473888329
0.811713738057734
0.76956422608732
0.693187580087577
0.802704492819101
0.709105005487982
0.677155926010745
0.822913555644551
0.886927168591659
0.708129136867562
0.766956445093937
0.762391541124444
0.692767784620748
0.790757316837915
0.845240188542214
0.83490899813034
0.860880608679853
0.802782861465208
0.773362365808065
0.622985650465761
0.794184255435055
0.546122675091287
0.862883995901294
0.825398344352335
0.886601424785308
0.801955775642672
0.69738751097582
0.770184537852367
0.791963657359943
0.735304692227511
0.771488053593637
0.839566187380409
0.782531563924793
0.762494101373614
0.654501594062849
0.987127542274516
0.72311785187231
0.812349828236417
0.728396259022322
0.795372678895303
0.848425422560461
0.972121669032984
0.855645125160775
0.743551058639288
0.880934222031919
0.726462585116994
0.736219543599971
0.826656267478994
0.829358272096082
0.77387890892222
0.864340473490237
0.797785289128192
0.936032117100866
0.758874609196954
0.941048976299404
0.913246672657724
0.722587969585736
1.01010281098011
0.81421529620181
0.902627387343377
0.782356303064937
0.833543906305756
0.911903437893605
0.847194809262778
0.815231629250925
0.899295601690497
0.863874863186693
0.908695208419061
0.917313489374226
0.912217213917721
0.938475747131996
0.87125934103025
0.861092568601554
0.847500255879431
0.894025580129162
0.82595907023692
0.744668324218436
0.883020228041565
0.90958400591786
0.989574605809529
0.713881828621938
0.867382130976347
0.9321352963921
0.824250852958445
0.747416737715813
0.7788153209727
0.799504105922362
0.861350512073785
0.815780794647451
0.883336327027948
0.89933029818804
0.980267356390674
0.97905628403269
0.990405135370147
0.769085996799307
1.02461708843204
1.02242724157878
0.970409382733712
0.920710606131868
1.07199057016422
0.964199931028261
0.875514931503189
0.994269096703232
0.929592300108119
1.09765987734673
1.01127386434918
1.01482716025641
0.806625626106634
0.953327137121436
1.00175194232845
1.06096181237112
0.957001928116391
0.997129720449939
0.892157956322538
0.943920653381029
1.05428024511865
1.07375356748173
0.988609957483038
1.00888970714284
1.04308108007053
1.12041996559262
1.04447998587632
1.05183934219941
0.945395837528656
1.01523086299723
1.04808537292334
1.0012015073765
0.892084833525661
1.00331035080896
