"x"
-0.977143620433785
-1.00753292897012
-1.13278769940873
-1.10891352950887
-1.05048988131879
-1.015912401161
-0.922529239205711
-0.890646635697821
-1.04449309488982
-0.961345240999313
-0.954977117307351
-1.10714429069619
-0.939790114277198
-0.864759794301756
-0.809751951590114
-1.03828708909289
-1.06967010886668
-0.915797888819953
-0.99350158227137
-0.818031891927408
-0.83426820942641
-0.86747765513706
-0.957878214032368
-0.974923226433583
-0.827968405678741
-1.07703049036273
-0.972362307543688
-1.12122065093393
-0.948971891226138
-1.03326911844077
-0.925457276393306
-0.870008823660513
-0.975300193334666
-1.00579487751388
-0.875604634059582
-1.00970666975711
-0.89420854439863
-1.07489086834037
-0.853320551738289
-0.908886971236564
-0.951931774429389
-1.04815897906655
-0.965953697570443
-0.951886858623636
-0.887449523752342
-0.934043018295384
-0.906005290167476
-0.68856456364725
-0.893176883899184
-0.944778058464316
-1.00290213749586
-0.893440419060211
-0.827094840533058
-0.830394008434665
-0.922409322185507
-0.915101261595641
-0.823562925057098
-0.874643779609971
-0.891417675177653
-0.790862925345496
-0.868419502359621
-1.01733113872791
-0.885596297361165
-0.848766176681819
-0.896936305198285
-0.864456761386104
-0.79986413943827
-0.878147027871584
-0.860680235598874
-0.943384709130822
-0.708494898785773
-0.737652966776382
-1.00499832633669
-0.904615374932303
-0.792508583077275
-0.863807907186586
-0.948018764225229
-0.732097749481704
-0.898230848053287
-0.794897696945874
-0.832103887612807
-0.762897680067026
-0.962618774397954
-0.759263398048689
-1.03795365128129
-0.848160735502962
-1.00500626457199
-0.829087399528057
-0.738706976316184
-0.74699632824965
-0.778647679122487
-0.826510277955529
-0.821407090784486
-0.809901711854977
-0.806293848923046
-0.799435818040273
-0.763230967166015
-0.67796174788561
-0.899160271388156
-0.718338756920847
-0.755844706479027
-0.820092808080007
-0.619671945374728
-0.669467869012108
-0.773139836984219
-0.785782834883061
-0.7249075012582
-0.671378562889261
-0.820256425757911
-0.735052488234519
-0.575776691512231
-0.846165171749534
-0.828440275250547
-0.764961418422994
-0.85303389919523
-0.857258362965818
-0.764606596757048
-0.754347951774276
-0.607601776787573
-0.772871530537534
-0.640210022852445
-0.90341140199485
-0.82892774217784
-0.842552415546812
-0.863503947673157
-0.684041693632768
-0.862344573660856
-0.74822115379905
-0.83113983689933
-0.696362522235867
-0.697016885006079
-0.70296113348908
-0.657482395128226
-0.830784790115859
-0.727605116505999
-0.753253528612676
-0.683417064751641
-0.813243439007812
-0.648610192138269
-0.644202898574582
-0.632690236068849
-0.568643619718745
-0.884296468219827
-0.576789170727968
-0.668254178462756
-0.759955978529533
-0.764214610019587
-0.718640148909978
-0.675354588388419
-0.637716054935247
-0.58467428441503
-0.5877858833311
-0.645522585027076
-0.76852362450975
-0.735242323753559
-0.632417724030947
-0.675668289951302
-0.598827399838906
-0.660652853497633
-0.647571678455911
-0.783934424148326
-0.616399895727288
-0.672924405170244
-0.562569550293818
-0.600882150857611
-0.741214131727505
-0.750398871074678
-0.634732303919377
-0.753663743474034
-0.719753640963931
-0.595791775992341
-0.63567595347265
-0.539869150165991
-0.672154683016268
-0.714534280976296
-0.646682451015206
-0.703795148438833
-0.597014675691007
-0.808947712825448
-0.631190985631229
-0.744849407691663
-0.620509624160574
-0.632962845875794
-0.685255123406219
-0.680696220403703
-0.608898011784633
-0.64134993502407
-0.576896639005443
-0.622098054956128
-0.737662952445452
-0.654153370854728
-0.734861391237592
-0.506748889259935
-0.621384657146767
-0.646419242991592
-0.581084253883605
-0.648618652561137
-0.594713434228935
-0.623464841835406
-0.684021309428183
-0.723203508671397
-0.520627194303502
-0.552856479797573
-0.516379602723574
-0.65466635968823
-0.652021021022936
-0.373500936831444
-0.588576769230703
-0.462176074808069
-0.317640432082621
-0.514934070045859
-0.518773271794107
-0.647871007838384
-0.531873149917048
-0.626896915878002
-0.538962937547736
-0.352928148761025
-0.509570623629527
-0.711872611261646
-0.723744138278773
-0.632304792846033
-0.589684355633486
-0.389379388112939
-0.800270122656864
-0.708175801768968
-0.629407847949259
-0.449714631651242
-0.513587440184142
-0.377725881017528
-0.571379852981152
-0.6674773880426
-0.670794568608779
-0.615747395320418
-0.593784756616869
-0.535039000704883
-0.455421366806764
-0.719803827334923
-0.464223296535139
-0.528480041862555
-0.470522216472292
-0.500555037141244
-0.580115708244064
-0.481755535730735
-0.579250121624245
-0.563980997441973
-0.353816567679973
-0.553448296799893
-0.436350956458249
-0.427988862822292
-0.6615432911717
-0.405709373348572
-0.483343150957093
-0.425828673872704
-0.401250307382112
-0.636629235656679
-0.479330107575052
-0.495342132908736
-0.495551612644834
-0.448963356652106
-0.386196084752014
-0.591661565015169
-0.526053097497592
-0.245114579217888
-0.538052057008643
-0.634710893816801
-0.562881312219122
-0.435591084200627
-0.545552960972957
-0.530481287774278
-0.472286234744401
-0.476649525840519
-0.353293726958361
-0.429869094593842
-0.409229626582707
-0.441757567868154
-0.657296112977177
-0.450503702952333
-0.487592485207681
-0.432224076196974
-0.459893198766897
-0.413035845519163
-0.443282167847255
-0.49798882496369
-0.434900003463735
-0.477508188225248
-0.506696116622578
-0.375828474703999
-0.424285286132456
-0.354986833097182
-0.634595715914228
-0.461462574275379
-0.391525252497417
-0.597159507656134
-0.455885893726594
-0.379376597066041
-0.456066789469891
-0.44269247701214
-0.452099050104659
-0.331196383146429
-0.531002026365764
-0.473541795940258
-0.441859171543811
-0.340307602293171
-0.409133784088442
-0.244339885275824
-0.374382446824906
-0.533996128420002
-0.198024423511303
-0.339614947178287
-0.302927116907441
-0.355146333744295
-0.324844812279041
-0.393237916535059
-0.227384355071841
-0.386352521178824
-0.354134043832319
-0.345680905452701
-0.174825037064201
-0.46861373148665
-0.392321633318332
-0.306510516494631
-0.362580457494219
-0.314772605536449
-0.427426183306586
-0.421980107041437
-0.419764069664524
-0.201082782374639
-0.268258732095169
-0.377220989607191
-0.465496868831677
-0.200614853743965
-0.225791459700441
-0.274639724572044
-0.29451755751482
-0.30021114949926
-0.355157662467766
-0.282440337631311
-0.265199399749122
-0.336800073069268
-0.247966413603143
-0.311870982443953
-0.242890475463446
-0.365362602293798
-0.211407449351898
-0.353631135496147
-0.375223556066023
-0.290929365775325
-0.374532770486399
-0.278475249246687
-0.412646762554265
-0.19800532272613
-0.29886100575087
-0.322581331131643
-0.170216774440205
-0.425131775278134
-0.304374353415107
-0.266242887611641
-0.321939687880121
-0.252750602494743
-0.261018054276975
-0.255926964676367
-0.353086765071269
-0.287446302305046
-0.146438094793273
-0.211432966630069
-0.27233094950168
-0.293804456601675
-0.221592023102391
-0.211291714665885
-0.297024278910467
-0.233802560385047
-0.267486503591159
-0.166374618277128
-0.15208007929026
-0.281615857564577
-0.277541350818208
-0.172436433583202
-0.33978350097926
-0.17694566407271
-0.211932953702271
-0.230645830099431
-0.311650492590957
-0.152778483753426
-0.203493644394976
-0.176556929582604
-0.265618719511903
-0.307907838666599
-0.237273446370609
-0.254818990779546
-0.169526093985866
-0.290907900558666
-0.155375591813151
-0.237947669895541
-0.268055104334014
-0.277093821200864
-0.251696859910596
-0.0386142896521414
-0.312683178092733
-0.224260003991289
-0.0263804121401453
-0.158030493792288
-0.323226494663973
-0.0596549066845428
-0.158907430768431
-0.261091233630986
-0.283988784542859
0.002196999904591
-0.308937065705173
-0.219219110665213
-0.0827591944987879
-0.204207067876155
-0.0893471670893691
-0.169761344335594
-0.186277478891336
-0.127292286780812
-0.123213162409685
0.10432721638252
-0.025787020470986
-0.0866823680900383
-0.153160800320281
-0.152947617178485
-0.153225874450569
-0.150300671124472
-0.131557402930996
-0.12368100195198
-0.201855179451383
0.0116450001860539
-0.0596566235171591
-0.0609791665086475
-0.185815252001685
-0.248107070977468
-0.166887162489212
-0.111166779861124
-0.0871216667323246
-0.11340205110038
-0.111593918960818
0.0476381074204451
-0.0485784276713589
-0.106860912441449
-0.106543604282759
-0.102003617865084
-0.209958196179604
-0.255528576617698
-0.192962334486864
-0.167029725998739
-0.215749518395712
-0.148963621669881
-0.27433195982827
-0.224745406942965
-0.132747759213024
0.0677926867253881
-0.0578800991454849
-0.0238937092781038
-0.132699667699156
-0.0275223580969357
-0.125187257467492
0.0123827600253396
-0.111328741483168
-0.144813537560136
-0.150740772381149
-0.0627729982847921
-0.00348355081541416
-0.0773970704334285
-0.065215790928684
-0.145263941054471
-0.177952571137537
-0.137843516189234
0.0062401203301993
-0.0430301490099349
0.0273486087137543
-0.0968007081411138
-0.10704878743851
-0.0379480760396052
-0.00360581380479053
-0.319821341032638
-0.132096248551762
-0.253184003366701
0.0177635053313831
-0.0734600220019426
-0.050756138595249
-0.00904045040685647
-0.106414949811299
0.0362248948831438
0.0279858401296177
-0.0485109942774548
0.0100843144099813
-0.17112919090881
-0.030895720241244
-0.075870793186876
-0.168623020483538
-0.000176078842638419
0.108289893131784
-0.0230202044116943
-0.134638807573551
0.0495981072217766
-0.135526860884499
-0.176564042942844
0.0469022153710673
0.0217101316936429
0.0368844449909748
-0.0365683371792108
-0.0199989721767571
0.0200162927253711
-0.0280098642701218
-0.0585611341880957
0.222501760267019
-0.165549844586484
-0.0433730996186012
-0.037955523608596
0.0587070129312696
0.0491009618615678
-0.065427565856602
0.0203769816329068
-0.109082097186785
-0.0294276627291669
-0.00912486329251276
0.0507609302475367
-0.0190592118906253
-0.0119518160739731
0.183094119378744
-0.0899797444366484
-0.034916652403557
0.024979806901111
-0.0778212704278217
0.00581516899348656
-0.023988246718523
0.174568134048003
0.0810571463204377
0.090660468736334
0.198952803975901
0.0504418250638933
0.0287174922853228
0.1426341624153
0.145396218525626
0.113008638468622
0.178224799344523
0.102885045313691
0.072412609921547
0.168327544804489
0.118040228604369
-0.0645454521887501
0.127514620075607
0.0984840116014477
0.0524074893594433
0.00261229419599251
0.101037947088377
0.0977921026743505
0.126791696837706
-0.0156663805690228
0.0680340328411736
-0.00163379675302303
0.195823580310259
0.0876097777636292
0.125465392643221
0.190871257581572
0.0323658829199876
0.133136791700649
0.141741832682968
0.143715825981006
0.200353014557915
-0.0115992391535326
0.0188950122780757
0.0675560623320259
0.0424272468986057
0.35998504996581
0.259736838287795
0.227176744781718
0.033719442150726
0.185819655700888
0.0120923614466958
0.141530177424051
0.266247680403893
-0.00132407641917007
-0.00370018778860801
0.103487645319249
0.196605190998223
0.156406237882543
0.147352695135897
0.207933274471857
0.255463999415592
0.175515617007716
0.215426583131592
0.0813727461723116
0.185391953325646
0.0686565774362752
-0.0148021244056728
0.123716396693173
0.0757158885163359
0.190955070797363
0.267940258118001
0.224341072502997
0.189317598682402
0.273160313276139
0.170273729813426
0.166946691228663
0.196075581960727
0.229482396413351
0.205593733926494
0.140991276752163
0.107360337580515
0.195915706471838
0.233921377855253
0.206419654765251
0.355886850461493
0.247652697846097
0.0151558164894922
0.219951291583244
0.22253584983059
0.38516137721329
0.137769160962422
0.238923833275764
0.273928449484408
0.149048689697305
0.36378063436685
0.27566904136367
0.203198189723259
0.25360784489624
0.160941733167456
0.284210282338717
0.426091238965538
0.372661459382243
0.15623959910341
0.277458453437463
0.241758067616891
0.323062543954215
0.295373000496007
0.390824242630219
0.182899299417641
0.31077635529602
0.32968657369163
0.195611187504732
0.200148018085198
0.256970513841938
0.321554158244746
0.24544377921844
0.401826455416347
0.302987753221483
0.446815693809467
0.245617944239756
0.268615756343982
0.270973133156061
0.266451925649415
0.212524982207274
0.249992531702723
0.200207799041341
0.384251307446576
0.388509061585178
0.344591839188007
0.232892724947861
0.440940595456898
0.52053524659778
0.413677740592391
0.350667540864041
0.348203328807867
0.0797508935413909
0.352650722636975
0.40087123690123
0.176842235143392
0.454750545073541
0.337189510705971
0.347491175377638
0.394002851963789
0.314076590181442
0.414280793821616
0.275548294043626
0.341809578066682
0.303029725219891
0.282063434371002
0.363290096496644
0.317848208528251
0.377282024772268
0.376348888689571
0.260451593177226
0.428295258517164
0.315873091483127
0.263831598412371
0.316194384843501
0.3393305188282
0.379083964059636
0.463100291905892
0.311256676959311
0.360393504242733
0.386531089616733
0.504656970919382
0.438160933195156
0.393718499892414
0.369047889009212
0.424276207482377
0.343017537151069
0.381419360791424
0.449429160947267
0.287606738486521
0.476757442246338
0.399864795579141
0.387144874270958
0.364441025381821
0.385426304055661
0.457383083639361
0.413950590163671
0.515810133071254
0.322999073038478
0.276481104647255
0.365990052325518
0.600379493658938
0.384439501595761
0.558196975219258
0.351037469024137
0.304464015398742
0.329594972979295
0.465242369687627
0.413264348625361
0.386552779757151
0.360421676792609
0.445511119281605
0.453750860420901
0.644431700453605
0.476831794212051
0.493263683249385
0.45529023937833
0.376445862314014
0.500770035904319
0.430493948997355
0.366276756008221
0.532704216954411
0.625299090180334
0.264096838951373
0.515123290085727
0.436114753519819
0.598072414502594
0.334437048849754
0.402396694863574
0.539778258375914
0.431162439512439
0.506521779410719
0.511428245701486
0.380843537311524
0.568923805007121
0.539221166062263
0.53374072631353
0.276163690710962
0.426693370671021
0.440519304561761
0.328201450698117
0.569893476703865
0.419558561216511
0.483502906843092
0.525924057475136
0.40987411425973
0.338055756302101
0.58312279093633
0.462514603642822
0.400838174161265
0.562288116278977
0.481913559130856
0.466340687671285
0.322038127282346
0.474671567773986
0.569625982612595
0.477705903979798
0.558719067472648
0.533269534073321
0.481759694290319
0.47378509670662
0.567731381395286
0.442619445350091
0.55263643900687
0.539343092645678
0.574397535098684
0.493238202277112
0.482062903639501
0.509006185531946
0.403807808792924
0.523403214659062
0.544371789364422
0.631889781771758
0.641739187295742
0.576581168269128
0.370464505196696
0.561838859560541
0.520585862362901
0.603427368301274
0.492511579408745
0.494846316379822
0.592439508210017
0.582318760315248
0.461045850287914
0.599857313247169
0.522010806661385
0.633480188741104
0.546449327084561
0.449621408134283
0.750082778234072
0.616056249900437
0.612491843513888
0.580326291438882
0.623527861762294
0.547096458364553
0.597010285403628
0.419112810768132
0.66006886372167
0.540003797034125
0.555689153793705
0.637178884137022
0.781631814338364
0.606887859627762
0.729847041279241
0.562749693174991
0.559439490107291
0.673648774964728
0.658046556494547
0.770101517835076
0.720684802024274
0.564825765659589
0.632740618211535
0.697918380138292
0.505630916950443
0.644321942619264
0.548976596849036
0.612716461090157
0.549267065701507
0.535807754853201
0.618091092957556
0.514574316850966
0.622587004276417
0.792710073360738
0.569354107157237
0.724286597003057
0.763058828654087
0.683455598193561
0.652360299704676
0.631835227247461
0.615306344843973
0.677253804799562
0.790565622742129
0.6531934172316
0.548656039196544
0.702681189828443
0.581545657767346
0.513221154138381
0.616608650765606
0.590547329494192
0.760578245677733
0.682583286285818
0.631385242658859
0.553263463940055
0.612211338519926
0.722054582620375
0.678401359594776
0.773240047871258
0.694095409413189
0.745109928141232
0.85169554068643
0.850166230601006
0.57785211498235
0.787865157517303
0.738790029369069
0.783076951967521
0.66048037086778
0.722170237344551
0.764996158254259
0.735503299145811
0.761697080751634
0.735320070683846
0.68466858745677
0.728301580646476
0.778129269137371
0.710900503590055
0.702864050532538
0.747346950424464
0.631336578937906
0.709328043996699
0.744847084000777
0.688819457455129
0.689051746281298
0.654020475811414
0.837821086965646
0.695845895617148
0.672215828926955
0.741971819045665
0.611883939284462
0.658710849345722
0.75792914906605
0.729759002437785
0.765871298001236
0.607812156577949
0.644154895494553
0.618643386306622
0.779495083368988
0.725892775540675
0.88111719138744
0.797326854699019
0.748020029951949
0.862319843525808
0.686630836761565
0.741719295601653
0.77704785103172
0.806512301284001
0.794629319801954
0.884322504206483
0.761551522357626
0.825157758953519
0.770629652971715
0.815103926929789
0.999120853145314
0.921172506756308
0.851365574701895
0.823898424523979
0.931349964019704
0.795890295615236
0.79797433446892
0.817373164090129
0.82942636886523
0.94047746216175
0.808091258663208
0.811659945016789
0.817330827762697
1.02389083022061
0.625886518851456
0.86035167600621
0.770517230795683
0.865396775006901
0.811317264392651
0.831025046913771
0.790292121248941
0.930361060164997
0.614091543943455
0.918986351923382
0.868426330504867
0.648519864380525
0.907787194758139
0.935543288726771
0.955414285425753
0.865063214254606
0.966372515833907
0.769582979875657
0.807270228613064
0.877890153232545
0.982120338034429
0.904809075273367
0.853031247286613
0.997726963447446
0.853869849035179
0.774283326304503
0.953667153282697
0.946069354039599
0.819631269754323
0.829087637605197
0.900885027645025
0.959463099049139
0.955379636158529
1.01127143255394
1.00027693036564
1.04770555620652
0.920084554756162
0.847060545666222
0.918755452733008
0.969239083361876
1.0669404968935
0.92791904986764
0.943292487292283
0.965777342893076
0.947993588176441
1.004479405513
1.07766649723516
0.923261357729622
0.902574777639689
0.844081554417082
1.00637409015498
0.939741885109978
0.946864943708369
0.903644276726198
1.07387155024789
0.943866376648635
0.951120842319786
0.929716413679559
0.931740829826339
0.854240483628037
0.932369736758874
1.03709125576251
1.03384939028003
0.836072942021697
1.0602726500952
0.99760371257389
0.800632361824173
0.915913459217373
0.932614930606264
1.10079674531541
0.957348481523228
1.08556406988963
1.03876310634662
0.911345198369251
0.792416347156408
0.991255364777534
1.1301030961281
1.1206930128833
1.06070593778328
0.943960631303065
1.08993305819041
1.03597387884267
0.996241120539444
