"x"
-1.17903480376168
-1.08505232407209
-1.10952392800117
-0.887589667678039
-0.934432978973088
-0.955487412801583
-1.01193705735487
-0.916599624400899
-1.14981845049249
-1.01327072379307
-0.99747290665165
-1.001820239388
-0.907456467144972
-0.843891574313204
-0.918780750690142
-0.978727176746193
-0.988368529328721
-0.988200446435618
-0.963113072330641
-0.884919503695153
-0.929006486618882
-0.965306728029993
-0.844207793181752
-0.920757192746424
-0.974802573825872
-0.81741789866464
-0.916753958974399
-0.89494034732114
-0.934743209466697
-0.950806619809932
-0.965433543064425
-1.03513960332769
-0.902930983452928
-0.904313290967411
-1.02391142952224
-0.93980617528042
-0.901201531108251
-0.909514728773165
-0.816562146919111
-0.811272288437733
-0.895532815114976
-0.789718920964474
-0.8044033156899
-0.811442053028751
-1.00546363674225
-0.906495247366225
-0.900432126591242
-0.951405521510446
-0.904590259632527
-0.848274934290472
-0.797537689433455
-0.993316690955906
-0.859349516497979
-0.867701672385479
-0.915326485916053
-1.06321002464516
-0.927484128816325
-0.912585390842008
-0.96537481858507
-0.900768691009621
-0.709633324141938
-0.925683137542147
-0.891142110009854
-0.782075728508094
-0.820871428463852
-0.688076233417113
-0.886480069994476
-0.840942132702612
-0.818476469679483
-0.811822070264794
-0.837914042571176
-0.843214924128246
-1.06615379102823
-0.955040324016928
-0.941278838577061
-0.90393216649725
-0.877583923630725
-0.718291984752631
-0.773078125853681
-0.818462002024576
-0.836889603823616
-0.83969782888657
-0.863439828694176
-0.838128511779901
-0.783862773382164
-0.742429415269309
-0.833952822678983
-0.881360891864917
-0.87421127846529
-0.79512896422338
-0.727100544869858
-0.712241278196346
-0.746583729838805
-0.621542780455566
-0.808830146809161
-0.916439231526323
-0.851455956641876
-0.694611193655361
-0.800244895358875
-0.714995011168032
-0.875031946936187
-0.767965197664246
-0.828793527378814
-0.855054219689754
-0.834030617776397
-0.879210778002981
-0.77597418344191
-0.786713092374671
-0.828456418237649
-0.790432402923492
-0.805715621193676
-0.809357961033273
-0.762935141396647
-0.61577007783483
-0.783879416727348
-0.887921790319428
-0.634797736684693
-0.695137292003904
-0.663198645064821
-0.654108677931285
-0.656154384087621
-0.781192284766214
-0.690469667141268
-0.78050915028971
-0.691335900216255
-0.695692893149932
-0.730272753817039
-0.574165737810448
-0.667415933007248
-0.792951810798682
-0.67575765107169
-0.880338429360956
-0.620571750173264
-0.618989780885285
-0.734273521610284
-0.812618315182469
-0.749657290910034
-0.709864046919237
-0.669336041327764
-0.755128517673389
-0.686476665746493
-0.774759024254436
-0.794290346382917
-0.865024020000053
-0.635433123438879
-0.772394837490858
-0.643993202652822
-0.748096975068909
-0.763950034122187
-0.76004141079265
-0.558190748320043
-0.651831108398468
-0.794567819177486
-0.591841148922586
-0.754862395456716
-0.723942232465925
-0.606466050272139
-0.715227531942248
-0.7536438364842
-0.744856895830287
-0.680230150476596
-0.790900915707626
-0.608904118448251
-0.598999104362139
-0.676453571589912
-0.573619639823088
-0.579372909779963
-0.694860820051331
-0.542851499655207
-0.764155242029269
-0.709895370670965
-0.655530137438231
-0.735782752127411
-0.547987308978245
-0.704681598359395
-0.647698024570399
-0.691166649885001
-0.616627768552527
-0.688543433481407
-0.657681122572983
-0.693759070690663
-0.61450869995256
-0.613679516567275
-0.580459999779393
-0.666742403075234
-0.629966577601301
-0.605650353346399
-0.664871661272244
-0.651289885254438
-0.815855642412345
-0.523906329907032
-0.681711089607117
-0.64682024358045
-0.640576372271308
-0.629306038921514
-0.667357207280554
-0.539443041334925
-0.721215711551131
-0.54953590843092
-0.591837720000506
-0.598120812985847
-0.708364454456536
-0.639676793738452
-0.647129167395577
-0.610753939465721
-0.65466037037839
-0.421777648552208
-0.491121591316351
-0.767840050148187
-0.672023012469266
-0.563424268211449
-0.460205373269377
-0.539480411883784
-0.526014622167511
-0.69400666383284
-0.421234494863713
-0.40535556902844
-0.727297076626027
-0.628185449577284
-0.55720983800661
-0.535756408726479
-0.51016751076814
-0.624519625913427
-0.41129072356888
-0.510861614261375
-0.651016621603709
-0.676088137880742
-0.476935410788217
-0.385488656205589
-0.426662797661401
-0.608441495534121
-0.555025654093743
-0.391956672282847
-0.570958838780239
-0.507552287792894
-0.569212171751185
-0.596649451923039
-0.429536669716497
-0.591827899355508
-0.514437712588583
-0.560106966651385
-0.412204533258329
-0.585602910251137
-0.46662732878292
-0.395529659720163
-0.500217694839188
-0.583652497870917
-0.557151385262816
-0.435683396957533
-0.477203514656797
-0.564297779261817
-0.534274815099958
-0.536358190030184
-0.542537928320258
-0.68084421713782
-0.455296578649792
-0.422200167536982
-0.374166896246226
-0.466681034723723
-0.534098731919443
-0.470042709751984
-0.425583797477185
-0.529029672965136
-0.387731331360233
-0.485861820715535
-0.441418162606688
-0.442667777111892
-0.483629299750148
-0.353525174370994
-0.362144620456201
-0.475932862801738
-0.536197521454442
-0.467929619910181
-0.305943377235469
-0.461714138621174
-0.414132961602336
-0.388061466181212
-0.509145583276772
-0.563710049054626
-0.460909473334382
-0.344340830201107
-0.385708741377585
-0.516917611033608
-0.417799377563611
-0.373560618589695
-0.36596092267543
-0.461347509329117
-0.451457189160408
-0.306463367973101
-0.355384012670164
-0.428005688999813
-0.572734600021471
-0.401521108032642
-0.407543658674108
-0.424443768621916
-0.313113765272577
-0.542497583407327
-0.364870704756442
-0.475835166665512
-0.48678685413183
-0.357043381275935
-0.397706645249474
-0.357790752699989
-0.391689397390817
-0.214680715067321
-0.226652272419489
-0.365770191252786
-0.436292346114605
-0.290040137404005
-0.470043636816475
-0.325682138918393
-0.577197263150689
-0.4812959172683
-0.254364447329787
-0.373372991783376
-0.279486116116411
-0.397052987679452
-0.529178474805016
-0.256215696224922
-0.283589970948716
-0.301238852956888
-0.317711081670697
-0.235010031043664
-0.214757019944964
-0.347851725620775
-0.325047928974926
-0.342168224623604
-0.309072900815918
-0.482882683991429
-0.344962367857673
-0.367162176582454
-0.308688354502147
-0.136056981024754
-0.417529477182001
-0.419952143802848
-0.451919042375753
-0.360703593076528
-0.38288612572609
-0.303099689603059
-0.409195022074131
-0.291216349660696
-0.423510496577685
-0.328954257092707
-0.243971337009128
-0.333356279548442
-0.262369519713683
-0.415554457977437
-0.292662439181512
-0.263145003098479
-0.262368152512758
-0.475117520272128
-0.326261628098417
-0.259104123509364
-0.208813660942773
-0.305523637139172
-0.341180456352526
-0.306734435757527
-0.34338890179247
-0.190729227441378
-0.327949280933884
-0.251926460134949
-0.379278351814357
-0.348863498721656
-0.346567172634606
-0.28284548422698
-0.371130445791153
-0.291869497744824
-0.246885978826057
-0.136177210188556
-0.115116815589315
-0.159476675566373
-0.311315179882155
-0.327922545666337
-0.201736437755845
-0.32967532425602
-0.168809756054231
-0.256801913227369
-0.0641082954707522
-0.270584247861239
-0.456099670368662
-0.326113905562556
-0.240718769314252
-0.165162577752905
-0.375463676585104
-0.371616720756898
-0.271497650789032
-0.152189011862519
-0.146313232404643
-0.242206417801124
-0.165879698357466
-0.274312273153026
-0.157768162784367
-0.141651353244587
-0.36594031035713
-0.164638572137619
-0.288936704135092
-0.179250975375922
-0.164023594323422
-0.191723772069829
-0.228501215776445
-0.12491755621301
-0.196429213147723
-0.328181480930326
-0.2093118466599
-0.0599004794775558
-0.319793779414924
-0.172014015185072
-0.194327069684368
-0.0066316553326108
-0.199458068314829
-0.167391107277896
-0.0965584564600183
-0.233508520864724
-0.19166056384117
-0.168595824377712
-0.359781824641174
-0.0947416443360041
-0.302702179121709
-0.143873897086831
-0.0998764528433546
-0.245251677617972
-0.153574518934993
-0.208193526574604
-0.262115308444545
-0.272818004402875
-0.0987238015008867
-0.13773515826744
-0.0129487934751742
-0.172754962287981
-0.0677456733214922
-0.231031376385142
-0.300772582878038
-0.22444983257075
-0.170030279456904
-0.247802739968509
-0.0701376945757186
-0.182653193345757
-0.023764755147534
-0.084452553792744
0.0335511888574687
-0.0311707327130145
-0.0977654852285947
0.0188706553377443
-0.180804584970997
-0.199393223865641
-0.132229559150222
-0.118614019436249
-0.0162125702427061
-0.174325965842426
-0.0692252246749102
-0.116362117701508
-0.0328736637420014
-0.200870029286025
-0.157352002206246
-0.159850013765787
-0.0792050715826998
-0.0807012599323736
-0.0244987507679032
-0.201896541830579
-0.188855330108293
-0.137045112888486
-0.0202208837402316
-0.181685886905389
-0.192974456053079
-0.160208847812456
0.0427700603583558
-0.0693586952527299
-0.0462374808040493
-0.151491238235564
-0.151015889583069
-0.147752575634082
-0.148373713120447
-0.199428630681954
-0.129022074861817
-0.0805288225277702
-0.11623269194605
0.0922325188862454
0.0223427693353365
-0.143794049773009
-0.0830295187888745
-0.141951988283074
-0.0311760007740082
-0.118997454891572
-0.170894799218836
0.0836782886585813
0.125896239884457
0.0566379161765943
0.0413664476681829
-0.166894429330999
-0.0611861941256539
-0.00799811367665183
-0.0321752759606801
-0.0211950863725932
0.0435807205848715
0.0439633351109216
-0.125941576603135
-0.175815298925043
0.114603074301016
-0.0701013414298156
-0.0188539565008169
0.0757049266314671
-0.0897262692398959
0.0325512123871665
0.0707315585887816
0.0330123057803375
0.0582673413018007
-0.0915630118487581
-0.19610358409828
0.106863197312641
-0.0949244894070494
-0.0368725103615902
-0.0130364593582644
0.0639687461525546
-0.100148446459869
0.0237387268806606
0.196781239120763
-0.0418183101130301
0.0505016692208694
0.128867215070725
0.0723727746824548
-0.00556286331236134
0.107691834464018
-0.00384799321351839
0.030601175429626
0.00308068610063243
0.215969947196521
0.13939982348783
0.148595377800675
0.0482580718815968
0.0883826589467611
0.0836103579544832
0.0406806819617176
0.0387843483828552
0.129573969863888
0.0464488420246225
0.142848643425839
0.0312816157759487
0.0173366389348601
0.104259305305428
-0.0130481343885974
-0.0326727915525484
0.148488670608878
0.0869354792705819
0.0392987989546067
-0.0560438341103498
-0.0332022027833406
0.204277028607281
-0.0216712589099144
0.127503312692641
0.0152002118570973
0.0332771295572134
0.0946827082224468
0.0353287186446417
0.172724560563722
0.0936760873088487
0.230584784751051
0.0335927723555987
0.183983142163294
0.0414394080097109
0.142431456241342
0.0621833093926107
-0.0826178027499927
0.104731798633563
0.0879643935762569
0.20932243696474
0.237868216420379
0.258699745592557
0.0280793430489243
0.133967908395237
0.254698147539897
0.151476414963712
0.114775998627771
0.109162405581543
0.0918977861531783
0.153640951651636
0.143334987549956
0.0243035923456817
0.131924308084169
0.200248975313881
0.0704007198636722
0.364591723779824
0.0453318068093935
0.19767125974054
0.209598233658708
0.163368030805339
0.10167024057722
0.221698463366155
0.092635511729717
0.157101807724104
0.304395628294392
0.316250658911538
0.268801475159678
0.128363669450694
0.091887199782537
0.129197439881058
0.185842040323654
0.110057960557637
0.210094021484416
0.152126111105623
0.298779620873095
0.0823708728741639
0.0813074897285407
0.21545015506685
0.188434048125492
0.380865860219911
0.319400360084634
0.199326077154969
0.345794144062714
0.203105368705946
0.243945758763719
0.255776769464758
0.249450152015285
0.200064713349937
0.131981960021051
0.257496982703492
0.313437605381528
0.257018487724237
0.236703298916573
0.350064264557955
0.246198473602409
0.356592262390103
0.213755321450736
0.150468141168481
0.249001400285653
0.289595723714308
0.297393808031717
0.172146068184061
0.362495309385693
0.229221705470167
0.294894425399231
0.302632377618265
0.124277009328885
0.0870943574748546
0.19251125633786
0.401676056015774
0.275598139048234
0.26475512909037
0.295905318726266
0.349516563810032
0.225574259754077
0.092407772487015
0.370482607116243
0.308439719104248
0.210539530540847
0.353880092955228
0.0585173284010467
0.309554529251124
0.189078737844973
0.239839728903773
0.267562720124748
0.273606485900502
0.263167392862076
0.361311224398874
0.311659578683332
0.406217815259824
0.369797522015724
0.432653292052886
0.229062900652428
0.391229823464969
0.288581393985968
0.358647367962127
0.210037394327246
0.371237077616799
0.205554451459005
0.532894016949391
0.460469249453215
0.281516688297587
0.33536368210011
0.380300718936962
0.378751898618072
0.263125056744177
0.260951193340425
0.310615389265879
0.32665466847251
0.403847280684508
0.389931331480356
0.27186859347762
0.472284263005345
0.440177142939139
0.418199780017139
0.46683504008048
0.505017127245052
0.347435078218734
0.39215159190596
0.521129542311707
0.177828910311429
0.339265993611522
0.418844767892396
0.252656937736083
0.289477360926516
0.226353882164997
0.528131333924588
0.407058313185794
0.299266406534674
0.504976488657994
0.428356358877114
0.387160021128779
0.386246254759468
0.433694295270598
0.347598549150271
0.51037831347374
0.417268854235382
0.443662669702325
0.398623386545451
0.44264640301152
0.358839789673518
0.394793333588059
0.436041914932416
0.374544666019365
0.424244539377786
0.413763304632206
0.281053150065279
0.395791899425128
0.399201881285482
0.470526264267061
0.380593196351141
0.481186113242749
0.364762545156236
0.429501311947994
0.440570865483562
0.283114300092479
0.399816212950127
0.567907319153934
0.484392207091259
0.562843016996886
0.625779125724996
0.429536070013474
0.474017148616185
0.323550895852277
0.537899739713228
0.474638974054832
0.346140913928488
0.591889806263701
0.495734756508985
0.458897216842075
0.590751758292202
0.445401952407812
0.530740790531266
0.539626084685145
0.559070458928128
0.436419000962091
0.573405645079957
0.412624830965327
0.547578885141322
0.418296451169503
0.366545349116753
0.440585309679814
0.740790748992458
0.505095736937116
0.500850364607473
0.417354642746844
0.521007714106676
0.568432855497903
0.547934397329077
0.414121758590437
0.565629878286918
0.693640816819
0.450624846755858
0.430730559322263
0.461974124764819
0.378201679141529
0.529083699956197
0.546867262482686
0.46425461527608
0.521101074967671
0.478044071363639
0.46777551901618
0.451306676041324
0.535619870625968
0.550724913660284
0.593329317694031
0.635688600466991
0.633591827659064
0.349749009728143
0.518605821115621
0.542686504174289
0.597073380046245
0.582930184412327
0.439485376556776
0.561122283880952
0.628184661785578
0.622690977169294
0.567921045003151
0.644952582537298
0.555053613277172
0.525348897389149
0.621579067820893
0.563309381043727
0.649291148482179
0.563241398641231
0.589791212939771
0.369652793260535
0.463201421215799
0.587825760151116
0.543526897688889
0.621490847907696
0.541917332864764
0.565826547027785
0.531427024971608
0.553052873236175
0.62469724782826
0.570219486182054
0.464337621580858
0.837344765232295
0.662485271069956
0.564162126964654
0.59276038612308
0.701828525291437
0.510273941610905
0.699291672640924
0.5993979818882
0.592330592511119
0.591968069754099
0.628020229427349
0.612089305605908
0.648308874474283
0.721329446619161
0.568051583190248
0.728095870709723
0.545124182869896
0.599978513980722
0.676747098436373
0.607912239791577
0.576927409940578
0.76759677131169
0.730793116745228
0.601238742155219
0.650457934959264
0.676664233654285
0.70743653220229
0.710664204709394
0.673377565845861
0.786285935346605
0.756259927852164
0.726657156225202
0.572830053387862
0.602363047853314
0.722427580511307
0.731976526264681
0.723724110033895
0.65941135870354
0.514072232384265
0.632225477035955
0.768832884999474
0.594149273221881
0.725874545417143
0.699382709033892
0.818921147187226
0.645774529379013
0.625194437120705
0.581657090465462
0.77723595442763
0.738164951018769
0.620824365478348
0.675405448237411
0.669848447080354
0.695972762920505
0.713162923441871
0.666053997836235
0.725435795494427
0.591749430606483
0.890991980722553
0.62050619688457
0.550667892662362
0.781669789658841
0.729602794337938
0.764236681804418
0.675310711451129
0.849522658395568
0.707665244359907
0.732051946379429
0.711365304013917
0.753626130910203
0.709144455456377
0.834193513071166
0.871309769585697
0.882308305969995
0.737727571124534
0.664944013940288
0.556027827579701
0.738541509598506
0.726976572717252
0.827218644127923
0.76118717927978
0.690330599922571
0.879349401175508
0.701038997060729
0.839262905975223
0.782309291363414
0.677491245713796
0.832966789859757
0.721929049077663
0.954522548465969
0.769445715929626
0.656560920925426
0.838532458681965
0.845940510039342
0.690480117525738
0.769278655369247
0.736555599169061
0.869194983631289
0.767620911391598
0.810351452430664
0.685468695195125
0.651090043624889
0.877057879064422
0.823890472377333
0.807825659977887
0.829339615346712
0.857388788826044
0.910410514027625
0.813924086966343
0.797117616469738
0.909745752936507
0.956015573208407
0.773240062215322
0.908630577109705
0.686298753098838
0.741854645304962
0.827301592009163
1.03899820957958
0.740154286304579
0.878495150100145
0.825939665428574
0.694913891143127
0.843684213596984
0.924522562054798
0.792502754864707
0.768908740456326
0.884219898517916
0.875522650409879
1.00740807854577
0.874445869011728
0.901939495979095
0.864614409684363
1.02806106221519
0.820190745047001
0.845857996370127
0.967699526100353
0.763893752019326
0.975717458865906
0.953050753867757
0.692384082102496
0.898269696074163
1.01410717706491
0.894516102385086
0.732317612029295
0.95122543523965
0.807799765739109
0.90352606334061
0.860789555561125
0.747962167064434
0.850249776602925
1.05957716827086
0.835147407281652
0.823911921441548
0.991323372063645
0.940766551592266
0.904198498348807
0.951018890604456
0.871777545284341
0.863063595322979
0.918926686740542
1.03446677023591
1.04542144382995
0.844413257175665
0.92293873552331
1.07417659486218
1.07172553698651
1.02614194809959
0.973209496486583
0.94687493776905
0.838890672883155
1.04120275130295
0.982126138848508
0.898286205512834
0.79510759922374
1.03431447223804
0.994520547085341
0.787591011531213
0.774219900942241
0.82485937600344
0.97983643845125
0.84091687299569
0.964540878422688
0.836393407444226
0.976685250923924
0.992789840809625
1.06956861085293
0.996559316419863
1.00260372357413
1.00989457111803
0.977082409554949
1.03676214422145
1.0446230355139
0.982944133115834
1.05539490663943
1.27154780046712
1.13469440060658
1.00377366570314
