"x"
-1.19840724096149
-1.09440076956452
-1.10698797264182
-0.8896984120685
-0.938715427123921
-0.940400058045305
-1.01149237405316
-0.913692839551925
-1.13796077109922
-1.03404469807088
-1.00948779249573
-0.987946048890632
-0.926730013667841
-0.858834517822123
-0.93981528008735
-0.982035618719172
-1.00325725728992
-0.983940840169563
-0.945474073992745
-0.912230594271214
-0.943698106535164
-0.946553943719023
-0.845978937797461
-0.920678821676626
-0.979435432703065
-0.819629257509705
-0.939257499784021
-0.887775069799836
-0.953780775447642
-0.960340368671148
-0.969577127106897
-1.03255010561335
-0.916644396688409
-0.897514615474409
-1.03623207642422
-0.938783741311642
-0.920328069752409
-0.919352021369906
-0.817510746939584
-0.811424998708599
-0.894580212148535
-0.789511061890967
-0.792885976318336
-0.809766278326578
-1.01326297803478
-0.92018927801331
-0.887783568806803
-0.941475728100782
-0.88476023284359
-0.890053215176492
-0.807278003118981
-0.976530507093019
-0.857978311660754
-0.888059354958162
-0.896700550762583
-1.02631992636254
-0.910217753042468
-0.920202855174758
-0.942509045352807
-0.90041580523789
-0.733470456509676
-0.943171746682779
-0.921650289695693
-0.763779367897029
-0.808946382778479
-0.698611550309434
-0.867392812572283
-0.830335406259953
-0.812643205914254
-0.823607091126546
-0.846101510771968
-0.829293282184022
-1.05604516216955
-0.954470401850582
-0.943594406091722
-0.92613696480889
-0.837728135608247
-0.708109948957001
-0.770521586183933
-0.84821155520169
-0.839686997417454
-0.847920117514554
-0.838859335803971
-0.832251934231324
-0.802770713515908
-0.721299247493729
-0.79120181039449
-0.912312701698026
-0.87088573747029
-0.768688827936087
-0.711426324999782
-0.739646285435242
-0.764916495973239
-0.614763237719728
-0.813042328270622
-0.898365514106935
-0.866709814333353
-0.72070101500982
-0.787092680044491
-0.712035974653303
-0.860403217726086
-0.785948603810303
-0.840659862137562
-0.86719599347409
-0.82798029622705
-0.850747532225844
-0.763746086011076
-0.802322148799562
-0.817713379320213
-0.781820734991455
-0.792944560515449
-0.810694254432847
-0.788780387507364
-0.632498214400425
-0.775881249581735
-0.884660922877194
-0.658030384867176
-0.710664397668703
-0.653607168569768
-0.655559797596049
-0.678808165533639
-0.771482340705722
-0.697698780526983
-0.788665873596126
-0.713391888250872
-0.700518751686151
-0.72943957510282
-0.597146588647759
-0.654000012306646
-0.788895693728495
-0.685087553429341
-0.880488002581223
-0.600979673860033
-0.635083329121112
-0.715056495255461
-0.803242776324419
-0.746227720659345
-0.726131799869229
-0.673296614177876
-0.775335179947768
-0.688286614320304
-0.775071266931135
-0.786721429608764
-0.846206894845979
-0.626048993565856
-0.758789969289142
-0.633031266946765
-0.767662443272674
-0.751511321692848
-0.739016666595811
-0.542166633578909
-0.66125883257167
-0.78571964635968
-0.606403811153781
-0.765080103471249
-0.733745497394403
-0.59214020403299
-0.713224348728529
-0.75946314753903
-0.754114720756307
-0.6916344726138
-0.806889029046866
-0.602354071848134
-0.580217933764882
-0.678331057324403
-0.596126840110741
-0.566899252600694
-0.700812368530935
-0.543547464615505
-0.760050036053775
-0.707302004779307
-0.634498154331011
-0.736715098093923
-0.575572588881346
-0.707202009094057
-0.651725625264836
-0.681886827767435
-0.613231641790077
-0.676360469924737
-0.641488719732341
-0.702479868358122
-0.621637726130588
-0.592960373440062
-0.574117872900105
-0.660843031446568
-0.627188136135047
-0.589404108061728
-0.650907301004344
-0.684389640045268
-0.836945433105965
-0.5346262302166
-0.673858034613142
-0.643786164859323
-0.642088902633792
-0.625457035125622
-0.692817457771541
-0.560505989095812
-0.737896565858411
-0.559027991179383
-0.579867226550871
-0.592680314916438
-0.684251268647316
-0.638627200610357
-0.650805852686827
-0.627624851385589
-0.646673332937863
-0.419019987705618
-0.51758191503122
-0.772671586290255
-0.677195731467667
-0.569812644577348
-0.497958857333177
-0.551135794391551
-0.50602219158468
-0.698301043223649
-0.438018494093737
-0.429375876725904
-0.706923299698046
-0.612436991727184
-0.562891203500168
-0.531887549337094
-0.515194366020679
-0.642559530089696
-0.431506713757994
-0.506102833152878
-0.635253147956408
-0.680292514145903
-0.476259057559862
-0.42597655030462
-0.422954535357755
-0.603580041299889
-0.57582950239343
-0.35929802981448
-0.577409174211747
-0.500451483531171
-0.565909007624924
-0.584529510789754
-0.414854696397873
-0.566613173018186
-0.508097204344698
-0.562666480073421
-0.42425613247703
-0.575359599362564
-0.472873077548391
-0.389506135882679
-0.517290775127357
-0.585553373362771
-0.555597325893256
-0.453277138658795
-0.469412106607924
-0.564458947909975
-0.546456951530852
-0.53534659535108
-0.522669749982954
-0.673172407584444
-0.483187505870411
-0.409430628763415
-0.374961255012601
-0.46248147665309
-0.55300578604871
-0.479388895546291
-0.427579488200037
-0.521498248115345
-0.389692965826873
-0.482505353601859
-0.445231322128426
-0.477125801040975
-0.47558857318236
-0.343469693570491
-0.350586436654938
-0.487157439962529
-0.54045057030799
-0.481920760293764
-0.3094518208752
-0.460510002279183
-0.446607586649477
-0.381756160780718
-0.512435207075218
-0.555227751582844
-0.453561824094954
-0.330391251454698
-0.377462109064251
-0.52065199959136
-0.404733628074985
-0.372814198730654
-0.357541495264524
-0.46904812731234
-0.461413167216536
-0.317180176008863
-0.37069682295025
-0.398324565598306
-0.567585321983577
-0.386393037121229
-0.39499193223528
-0.413108383939081
-0.324892688412817
-0.536373802893485
-0.366426652738761
-0.4938999084826
-0.475835904082837
-0.34969865338627
-0.398698079282842
-0.356792150056635
-0.384272373091047
-0.236373545437242
-0.235701703803539
-0.362766774114387
-0.454498438873649
-0.300557835172932
-0.471961159637653
-0.324091019491611
-0.56676607428655
-0.463489415424497
-0.241283602997668
-0.400510728798602
-0.292305360163408
-0.403901050943115
-0.527990503134275
-0.27303503358218
-0.304786360546761
-0.292758392530059
-0.353437419692603
-0.241807457056822
-0.212954793631407
-0.352244994313972
-0.326340150464904
-0.351928208223069
-0.295276040688139
-0.488632732002775
-0.342411511645244
-0.330098828334969
-0.319215169748887
-0.146682676981256
-0.398797431238237
-0.429923149530534
-0.443642485295376
-0.335062053039941
-0.374175453488256
-0.29557844403727
-0.404471142443927
-0.297687396290068
-0.386897553280211
-0.341291451050075
-0.260761614385286
-0.35369225355467
-0.258641867397341
-0.410925561563675
-0.299185983118961
-0.257375987588003
-0.278249283450807
-0.484894578750527
-0.351569477156157
-0.253373763612761
-0.22326058034717
-0.297936437201954
-0.339611182563176
-0.312529166537421
-0.346665889623555
-0.190315346870268
-0.318790905824303
-0.247449535441128
-0.404134886517623
-0.345561876665905
-0.322531077930929
-0.270785571848727
-0.366911345999134
-0.264153359587185
-0.232801742993703
-0.159960859674121
-0.120945893809683
-0.167857039394188
-0.308900376611214
-0.311466559145097
-0.211727869128244
-0.312142981591886
-0.161761233046787
-0.280755006519398
-0.0642523087032861
-0.266612875923836
-0.435308059495622
-0.350889654968086
-0.224161753585616
-0.167248985509735
-0.398129097080279
-0.37637013788466
-0.240784205329406
-0.168964619523566
-0.151447039199801
-0.238309135650355
-0.162974108165587
-0.300572388604912
-0.142083311358748
-0.138624004002638
-0.374356927737329
-0.178257689042169
-0.305151176377956
-0.178011537905694
-0.161999424768894
-0.208085387176733
-0.180909254050106
-0.124277407042409
-0.212636100667461
-0.328059880706787
-0.22265105800363
-0.0720943690260097
-0.33179622951961
-0.184898108395449
-0.183691567811271
-0.000625233262946393
-0.182064679871725
-0.155954816639128
-0.0792595236512093
-0.237870916230323
-0.191067571648382
-0.172449949055565
-0.354802084754112
-0.093028258795312
-0.31558561619382
-0.139381490402959
-0.0774559110027451
-0.249227511014427
-0.126294336104811
-0.217846606814724
-0.2653441810979
-0.240558372254857
-0.0950342646555328
-0.108457591370023
-0.0395016108662325
-0.167232250063499
-0.0716270958093042
-0.237532318438482
-0.272923309146449
-0.236116837047433
-0.189437955908469
-0.235865926808426
-0.0762522493502431
-0.154369394720843
-0.00419354003944943
-0.0883580963592684
0.0486898174188686
-0.0137509667676579
-0.11127425702876
0.00910384285065127
-0.181073624046056
-0.205804286822136
-0.142309667556169
-0.128498600493048
-0.0249347509977179
-0.168742457062708
-0.0769754903781675
-0.125427188025761
-0.0167169520015462
-0.184714087520749
-0.186679279568195
-0.142547576326255
-0.0739011212885888
-0.083803650573984
-0.0210131787454037
-0.20827787519484
-0.172200305103167
-0.129358933681833
-0.0228771873184716
-0.176490166999696
-0.166819289853691
-0.157609304916772
0.0526200841570528
-0.0878848086130853
-0.0697498388609426
-0.16323323950943
-0.155939181117684
-0.161777622510715
-0.130777972211564
-0.227070868103134
-0.118676153049838
-0.0617363575356824
-0.11488738673955
0.0934080596463152
0.0314871092473203
-0.150724692630989
-0.113999296924622
-0.130256496407085
-0.0257054179193011
-0.129074127076471
-0.182288113617985
0.075493734854233
0.124465854704114
0.0385980870561242
0.0127646415822771
-0.160627854037863
-0.0620701181283853
-0.0237291287386596
-0.030648241432655
-0.0132214077476353
0.0570207929364428
0.0487063195580729
-0.132929749112445
-0.196354379764636
0.117732546661597
-0.0971221503948214
-0.0139998043109332
0.0452240047857731
-0.0994621442687358
0.0487242620173664
0.0592186357191722
0.0278146948578236
0.0272797851955387
-0.0965747444654994
-0.195790210959739
0.0979598082105578
-0.101190077398449
-0.0188450626072071
-0.0214648953200047
0.049277248043097
-0.100367461363857
0.0311216868801476
0.179449584705594
-0.043372894656358
0.0622750172604395
0.135349257153199
0.0771005463340244
0.00473706730665971
0.115166956672459
-0.00490086832715675
0.0520299434680963
-0.0296937239037827
0.204066839898403
0.132072787709089
0.13762904983568
0.0405139488587683
0.0793010142116582
0.0998038948501433
0.0597824559890133
0.0524622188196526
0.131457936935812
0.036493975693405
0.130892666211607
0.0469358129025911
0.0285631289276516
0.115924575911799
-0.00801233288060249
-0.027135263258306
0.159228170184485
0.0891979439836792
0.0237355290515091
-0.0619605049929432
0.000657204554696706
0.192966668209979
-0.0159066434503316
0.138292584342912
-0.00496735450942255
0.0340015515915347
0.0843801781862189
0.0161211829979004
0.150257656927076
0.0881284456486327
0.240220084640935
0.0433638155528109
0.167255864866013
0.0392092074972358
0.155981329647732
0.0338231243951139
-0.11550938087672
0.0972113310189796
0.0941938069985847
0.215303137879792
0.240473750840177
0.259896299837593
0.00440617782879288
0.130717857394142
0.239296169474389
0.11102763055806
0.116626519585123
0.107572663890409
0.0933823008782125
0.15586620598606
0.155804216596958
0.0081963040731669
0.12093306015819
0.200637288129531
0.0803999491855297
0.342565848413244
0.0372517271238212
0.212616606786781
0.191453478831538
0.180062022450401
0.10184168377028
0.227994789990713
0.112620187655659
0.150678237446315
0.330211774529061
0.306858815579121
0.259959025662123
0.112427901370031
0.0848784402184382
0.12471650537209
0.189972204043779
0.118171819566531
0.200102846716059
0.14053146703964
0.298668571938281
0.10309155694164
0.0740498142632793
0.188923017332888
0.180945049359055
0.362134969920932
0.315221642274884
0.199683153309675
0.343393570351789
0.230351474713264
0.234739958560403
0.251413438080581
0.230867284903346
0.223711831438324
0.138924152690899
0.255121951221282
0.296916423663197
0.279489922842507
0.232429997853777
0.35722723323711
0.248546623899743
0.341463021572368
0.228331833279542
0.144852230022974
0.232163302362947
0.286272509939871
0.286856523946173
0.16650308435023
0.367356593555501
0.222384779754037
0.30144034424036
0.296418736934376
0.126594476940732
0.0874604920182099
0.189687888421895
0.406330647272227
0.286947180379486
0.259355614134307
0.315327267429159
0.350236280256251
0.216813702465913
0.086231823259686
0.382889372436478
0.303214621572889
0.225424236485805
0.360969281564489
0.0560399021073645
0.326736731447376
0.196916289793026
0.236485524503845
0.290033654197862
0.275560589459692
0.26979442144743
0.390295091887791
0.335588561220638
0.422309229131284
0.369990861039422
0.44538486117361
0.201502175609934
0.384051161854573
0.263158745461176
0.344383029610435
0.216046532660946
0.383402341835548
0.19204174151858
0.53331730335278
0.462316608529187
0.268361272873243
0.350189747940438
0.38068391281258
0.377709028163084
0.240675482599772
0.262036620694318
0.310256095161247
0.322125748872196
0.418785406343133
0.386356571041796
0.253522360586779
0.471624464910462
0.456202485865266
0.421401322576019
0.490312630361321
0.488493305846368
0.347979087301527
0.398094228181911
0.530563679957431
0.167261954758167
0.342906069419727
0.397942697179031
0.253562962427261
0.288861344038389
0.231884585151294
0.518091103355671
0.377358743168128
0.310217033565879
0.491814024872008
0.403809331931147
0.405691855023756
0.394396402542963
0.430833658183186
0.3522363720761
0.496792037798384
0.419604619727569
0.456385260845839
0.406550681746065
0.428032343918455
0.364794215363684
0.38734101276907
0.437129968694618
0.375688024988296
0.404191855093081
0.422975976050542
0.27923434647308
0.389199334130254
0.401127239223329
0.500771525585538
0.377139382669958
0.453384571322134
0.374524066410071
0.427216703001641
0.444657778877359
0.281095799796515
0.40222115900026
0.550491650428491
0.468459242789355
0.569772188813861
0.613257594399788
0.447966092717139
0.464417816767994
0.353392857679869
0.551206809161082
0.476578923185845
0.349072067769454
0.590702682598875
0.504313179904564
0.472802148306893
0.597904274426453
0.435024145755123
0.518419041397448
0.541426952580622
0.574342688600305
0.458600309122194
0.538624224015487
0.420642716267094
0.568751514490415
0.422067745216516
0.387460018913464
0.419214269261773
0.719646405699226
0.513738602765745
0.514590521580498
0.434568118124915
0.513915810062107
0.572051209415094
0.537408665452529
0.399097504830055
0.569095625753468
0.680960354078142
0.450253944402714
0.444593817692666
0.437366478118157
0.385258485874436
0.541512967684978
0.560710491254079
0.48808582355904
0.543559424288717
0.508034268310062
0.457403274228691
0.417447183090638
0.522369572981156
0.539560880772477
0.609393883139269
0.624768434723267
0.607289420578556
0.374538449154078
0.530651505759622
0.565954165990257
0.598109616656711
0.58439041361115
0.436844410276088
0.565578274788454
0.627488059057654
0.609142525528336
0.554728612770501
0.632092376549601
0.552266819238106
0.522580550321308
0.60805254628318
0.562186095570646
0.653474062467332
0.562249728914437
0.616807913998571
0.362391858914338
0.459899011151435
0.594187039471759
0.534039025119974
0.615418978353669
0.516020501696793
0.584709840297664
0.538721988134746
0.55380874488074
0.624322419247711
0.579797215205965
0.439272953106393
0.834957966660121
0.651021824050155
0.568941331620205
0.619849981148492
0.711829019663811
0.501421341392789
0.697980694687938
0.60839750606121
0.593232188275545
0.601830891156381
0.626545164331588
0.620129657688602
0.645475794898914
0.716593349416212
0.574271360965999
0.750213921287803
0.571926747515929
0.617803054784491
0.670230388267175
0.591451661142909
0.578460552200075
0.746868114833645
0.737940174793952
0.613545763874309
0.641978436355522
0.672737151744851
0.722043518810107
0.719661103168331
0.673173948735894
0.75501716316157
0.773006097821893
0.716900954817745
0.5620890647144
0.6105693267284
0.709194343362763
0.734616088482799
0.716605232050977
0.669155774724661
0.540059660922287
0.627254442882426
0.769676852030197
0.613272502365989
0.742537087682255
0.713922384788637
0.807671275288568
0.661292422888485
0.592044586834777
0.587354327574426
0.764323476930265
0.746474933154303
0.617874164150774
0.665222788036721
0.681160825312491
0.691040532846417
0.714982544444873
0.649246119561883
0.737836068507258
0.580105609187776
0.858616244966406
0.631199622070281
0.546245425122247
0.794503321713758
0.732789356659434
0.758489047557851
0.692972040980896
0.834808102173061
0.699691265469298
0.736601212230352
0.700773575676748
0.739397490731718
0.698669825667912
0.817949247261337
0.883989127134388
0.888460359061994
0.747981921401038
0.681501888753882
0.579861617158429
0.722257892970735
0.733145870983856
0.831651968953386
0.744933695351214
0.698044131205869
0.895741578633734
0.702254836547644
0.851178432876265
0.757701554825448
0.667539655582569
0.824229768308649
0.706697207519851
0.929459881290139
0.749986176370119
0.661901955493152
0.83524903295474
0.857561878789348
0.695434847858478
0.766937970696663
0.741746082256087
0.870902444003469
0.764269306563048
0.804007746164033
0.664616649074596
0.651305043623694
0.854864970801995
0.845113004013764
0.790726765025758
0.859848968992129
0.851473184714086
0.909004298442031
0.818739043016658
0.798486978854162
0.890267111176044
0.962984465048925
0.773949317822504
0.90986715931615
0.681748678567497
0.750607764152695
0.863788411028548
1.02672794689902
0.741991327718446
0.887571914489652
0.836373492201829
0.668517037424782
0.839596316696891
0.923543748348223
0.794434415606222
0.761690845763376
0.893737757053722
0.87813449069714
1.03202603744973
0.873797180463856
0.902326033953109
0.887406065346432
1.00549978534902
0.812033161819424
0.857671405006289
0.935870973259564
0.766891541244484
0.970498241948798
0.94146833039959
0.67033313579348
0.895038640664404
1.04160898074484
0.917853005101585
0.744065778972293
0.948137723285702
0.795452893135651
0.875665881016203
0.870659871064502
0.764384531524412
0.863145671827124
1.06136134016032
0.839990256224568
0.82333007814796
0.990521283259444
0.93172665076185
0.869528817727248
0.947324212895998
0.883585353058506
0.877377327839386
0.930441156113679
1.02779455122477
1.04964377503917
0.819763999098042
0.919131623806901
1.08529216519539
1.07876551066082
1.02027605047605
0.996616054183101
0.933232630416983
0.844952740074489
1.04032178757843
0.990440225036983
0.916843018998093
0.818904440524341
1.02199846845777
1.00289333652447
0.803667222112393
0.755609114063353
0.857425974940917
0.959026861111264
0.852856403417417
0.980805110632325
0.844643008529208
0.970781729983552
0.994144355814012
1.07257427277924
1.00937351744224
0.989202318337524
1.01715492380379
0.978523586103481
1.01621405715401
1.03431100866912
0.97759598113989
1.04074161452244
1.27756669622001
1.13873925211947
1.002094207032
