"x"
-0.961183772536571
-1.01107161122027
-1.15153697201899
-1.10517216579861
-1.0565358582798
-1.00265354530865
-0.931541710930625
-0.906675627701687
-1.05475120140388
-0.946761996039984
-0.935359088336332
-1.08092881005559
-0.943124245975902
-0.838267615422389
-0.812926024732014
-1.0398320513287
-1.08138674465186
-0.914469833451679
-1.02228373762582
-0.803003180089105
-0.827483196526394
-0.88942388856334
-0.963875315791257
-0.979781970521512
-0.849849521088715
-1.10808661534295
-0.990614417604533
-1.1096691309224
-0.960647270293421
-1.01948335533721
-0.922852329685778
-0.885747946494317
-0.949115552007382
-0.995863651659745
-0.885104170010577
-0.978122018979423
-0.890900733923302
-1.07188253541015
-0.860282740944323
-0.920330012975429
-0.959012180235624
-1.05246674492673
-0.962028163624291
-0.968433754257671
-0.888930061243637
-0.944310964104037
-0.90012256074269
-0.683018353937348
-0.877459994954795
-0.956559277736479
-0.997673291689075
-0.901463201928213
-0.825123149926858
-0.829116844500149
-0.914971156417376
-0.909287218374469
-0.83572549508367
-0.898356685472249
-0.880738666599713
-0.790603094371029
-0.870353463631956
-1.02215311555268
-0.884636547265333
-0.820568827386918
-0.901001008101567
-0.872645093278711
-0.809897419295456
-0.895353465027635
-0.836501670080859
-0.957295145482937
-0.697788457016699
-0.739111874568316
-1.01016842216738
-0.897961826579806
-0.799133533350758
-0.854404840272682
-0.968805134225036
-0.721488599347922
-0.881637090521051
-0.781444643986232
-0.820359289792696
-0.769701108564282
-0.966515786977936
-0.746231874168642
-1.0345561255941
-0.82512601158613
-1.01447008359762
-0.828640792351951
-0.755279917833764
-0.747818370676893
-0.792287390060236
-0.831595463397576
-0.815649902076905
-0.807730041498449
-0.790772951926021
-0.796773127744939
-0.780738917161293
-0.683191916605729
-0.896766983177317
-0.718830015908671
-0.761558033891157
-0.826177395210092
-0.591466098042594
-0.691191855548193
-0.768585916228382
-0.796680806224178
-0.732488017652115
-0.665422231306476
-0.824834976395473
-0.732296672181906
-0.573562809918061
-0.829933866644319
-0.824900163906639
-0.766986058572743
-0.858189332503522
-0.839064547553027
-0.764022224774744
-0.765354695849033
-0.60464675085702
-0.750099630127315
-0.63816953657583
-0.897138151251431
-0.820306942579214
-0.842418702399992
-0.872074095372594
-0.690850573933822
-0.867357224756461
-0.727341885569147
-0.83172885416974
-0.67777425616416
-0.685207988019171
-0.719195970477362
-0.661055324709654
-0.836688509542889
-0.721652149856147
-0.746245680919355
-0.662537120594919
-0.792713522062073
-0.648437959902277
-0.62166800303127
-0.620063426612481
-0.565336573371994
-0.888050237030772
-0.545170939342288
-0.664810452405859
-0.779202675964287
-0.761186512156223
-0.696783194771876
-0.672557065417444
-0.643238185326976
-0.577881714573622
-0.564495602395733
-0.665348024012971
-0.765633393580407
-0.749217336806955
-0.631275346799666
-0.692670197365545
-0.610271871850781
-0.686636312366555
-0.656583885526437
-0.76062791415535
-0.641843151417096
-0.669931558933698
-0.569803852997646
-0.605901521530611
-0.734545971688059
-0.727428289089977
-0.623964032931361
-0.751116729577461
-0.732853390042914
-0.572689411446294
-0.632764206500638
-0.543669717615822
-0.675433256571633
-0.696934577233156
-0.633499400598664
-0.711691382993697
-0.641898380770863
-0.819574543742516
-0.641817020790703
-0.733979820912171
-0.611627706639131
-0.623124338729553
-0.660245856782633
-0.684875896863316
-0.601076616674697
-0.63005426206042
-0.586176676865434
-0.629443565464067
-0.745150705749111
-0.636284672288406
-0.746158965047983
-0.501214197321628
-0.627708492870951
-0.638200805246714
-0.619148596079231
-0.664133161227657
-0.571588620957313
-0.636677265400061
-0.698277957338473
-0.712278271816098
-0.510903331892047
-0.549720903941264
-0.531402942790223
-0.670365648586252
-0.651920856896393
-0.380263569524709
-0.590677200599403
-0.463656902547973
-0.322492422442221
-0.526310235895706
-0.517829854762943
-0.634101057846019
-0.506045441968802
-0.639722304605203
-0.524690940834834
-0.351303087968063
-0.519898335618098
-0.704372766338331
-0.723653127346345
-0.618490307460388
-0.596936328201395
-0.386488261622124
-0.808255305096384
-0.716957707946291
-0.612289502576495
-0.450121632804932
-0.517795182905645
-0.399642822935983
-0.577721272516467
-0.662855227557754
-0.655750013763885
-0.607319904867742
-0.6158357519576
-0.53825967872106
-0.465441608630127
-0.708198438687387
-0.447141140124141
-0.539612733088202
-0.462767303033262
-0.523225909696162
-0.574471684845107
-0.494989285713022
-0.576159714023055
-0.602188804616143
-0.366738501868343
-0.524806040680554
-0.419955028446644
-0.422900264745271
-0.659707683901845
-0.385536220865232
-0.463711415129774
-0.425836832904479
-0.379113330385903
-0.621221986760203
-0.473378773978313
-0.492839326744281
-0.465803822503733
-0.445665170324782
-0.38673524181931
-0.589476418248211
-0.533227944802298
-0.228023105551518
-0.536854473838012
-0.622343492138272
-0.56320902014246
-0.437972904244575
-0.53925343151124
-0.528781911516752
-0.470644432135866
-0.456684096550304
-0.363167226271534
-0.419636654892349
-0.409796701710948
-0.432905168970534
-0.663776203152788
-0.44907919911029
-0.49004383489609
-0.445460728460866
-0.458164819169675
-0.442447306744497
-0.443325337645983
-0.492943072288481
-0.403711550705241
-0.473662102629832
-0.489788110505543
-0.355082065446125
-0.424825142070918
-0.343236653831809
-0.623909852462705
-0.463613487026481
-0.397587956153035
-0.600751583780716
-0.456945073247341
-0.371975380232924
-0.448727550527607
-0.450583388753407
-0.476320934668295
-0.318216239834739
-0.530207889227135
-0.459305090895554
-0.452427781890045
-0.325505767442953
-0.401960118682098
-0.242316507120347
-0.394708942281831
-0.550963993354479
-0.186478246383037
-0.333666584572121
-0.303099349982185
-0.336280218772397
-0.32444207468486
-0.395502595910578
-0.228806450177452
-0.41252747146556
-0.35307916166032
-0.333650870388326
-0.16818564037655
-0.439307761114806
-0.408865290014205
-0.306761971165076
-0.349628878327877
-0.322194365592706
-0.420967629324001
-0.40002682382179
-0.416965801118298
-0.205099004637379
-0.269954979631292
-0.396181915163435
-0.485667803377272
-0.178654574638291
-0.200308306824433
-0.300237564306638
-0.29842194123251
-0.304715262668708
-0.355391819877312
-0.299922295055887
-0.260918903597495
-0.327564157173409
-0.238084119640394
-0.282050788114793
-0.278575095588439
-0.346866118003747
-0.208900602714891
-0.353494586487844
-0.350794001662313
-0.29020489485888
-0.377108612763955
-0.278473403495669
-0.418677056536664
-0.208461694910893
-0.28656175903871
-0.315425162040472
-0.161377475521441
-0.409630463327669
-0.292568069603314
-0.250497476418877
-0.326662174341698
-0.24086762935341
-0.279173311741817
-0.268074682692958
-0.375639119396843
-0.294470947429504
-0.132670811302056
-0.190441709147048
-0.279104534626195
-0.305155736958291
-0.207565007484169
-0.200434987015441
-0.285487956243173
-0.233967451856359
-0.271595993351858
-0.152964802472081
-0.148753314384807
-0.273182970698201
-0.280508228623901
-0.167186476859026
-0.31131158847018
-0.182804337281695
-0.229761395185287
-0.247166846920121
-0.309030812694225
-0.156418700118574
-0.182736930170706
-0.192526773128258
-0.269352562176086
-0.291392690180349
-0.260455245561803
-0.27315758507135
-0.154191524178856
-0.297970501357503
-0.162997687800481
-0.240464218507056
-0.264717429760697
-0.276907194772998
-0.232744139360936
-0.0692166393434559
-0.310079534796426
-0.240527540187664
-0.0190030121347844
-0.144559170811649
-0.326508449520625
-0.0639807750136984
-0.174626181495129
-0.282937191236071
-0.266291307497454
0.0182500377199363
-0.309223765301047
-0.22191412741498
-0.110049742181614
-0.193689982876202
-0.108966309272549
-0.181888229500735
-0.178954290817096
-0.112417070530291
-0.141019235098843
0.112625241680017
-0.0292625229460913
-0.0740991659525652
-0.181820734409717
-0.152110519400479
-0.158386112418169
-0.157909165608318
-0.135496300266441
-0.13022035974065
-0.188377849466264
-0.0200766533542525
-0.0428550400160908
-0.03742081929472
-0.196922329084747
-0.207347014260775
-0.156034035292976
-0.0931376897790478
-0.0817838897206635
-0.137613665351291
-0.119459796402275
0.0676339917586065
-0.0690173772581744
-0.115932070894806
-0.101240607170836
-0.105300496715414
-0.18403768922534
-0.245151370178132
-0.199906922419191
-0.181347805908543
-0.222059609708991
-0.150741286967757
-0.282167856258303
-0.203276924680975
-0.137048477393159
0.0786945282036574
-0.0712687391384156
-0.024189128270145
-0.119281884985452
-0.0238900492952616
-0.132449740992795
0.0114931656607388
-0.107087991398364
-0.143510254952951
-0.159344221609594
-0.0835893011121762
-0.00198832347500759
-0.100268315384906
-0.0535616603722327
-0.143829067315686
-0.19933851737453
-0.144031791539606
-0.0144731551149578
-0.0439102563079985
-0.00133901317492514
-0.0782050676906934
-0.126998768588256
-0.00670300450714548
0.0271013723147249
-0.330205544722199
-0.124205146074438
-0.238980592228925
0.0105187842887802
-0.0790885865334973
-0.0352152444980644
-0.00962701477041821
-0.0835872336391717
0.0639441709509526
0.0201596704689786
-0.0595005462210307
0.00237373616631132
-0.19290469501082
-0.0409358974127702
-0.101676679835368
-0.180159432533711
0.00625431749681335
0.12959486281592
-0.0280143828452644
-0.146143152051909
0.0751452586764419
-0.144652915992929
-0.174074962298726
0.035623333350629
0.010868334553016
0.0222165640125702
-0.0270319713959594
-0.0160621631318307
0.0263624247747462
-0.0185643944711461
-0.0619824168407097
0.241545987862636
-0.153033557862958
-0.0447493740656943
-0.0393906474211361
0.0499464095857076
0.0352028437007604
-0.0686980871321459
0.00725990078233872
-0.131350107326455
-0.0312996627489419
-0.0135755579784264
0.0692372587641942
-0.0247089043660727
-0.0149515735806779
0.165021025819947
-0.0806327683094463
-0.031314219106233
0.012475500303127
-0.0813193918179042
-0.00778771404265247
-0.0418279058911364
0.190345631663113
0.0930122360665521
0.0766352179980892
0.198555997156155
0.0520339472437688
0.0313857624055122
0.133986613033481
0.138621924584062
0.10984548379777
0.187295210941809
0.0909670544285936
0.0657917318965064
0.193948151033663
0.127031532319517
-0.0762457704838456
0.119208572833095
0.0960115244170599
0.0502980718291494
0.0258452036739364
0.116027883711885
0.0896292450771491
0.117352765631792
-0.0239925286730936
0.100070294955366
-0.0165577356531046
0.19184558259883
0.0968377289870356
0.116355021043311
0.179862306378193
0.0409472297148487
0.121324175951247
0.164394443131313
0.145907228585237
0.208490632085763
-0.0185653814180065
0.0330128284464619
0.0724069269347439
0.0591022846077247
0.374117487797244
0.255239210936958
0.223572426002712
0.0324607103447224
0.176569616172318
0.0151546354397881
0.120078006068655
0.271946144215113
0.00621009797201316
0.0135515149979758
0.12013053877721
0.19552733257054
0.136881042003928
0.149075005672929
0.218861740882972
0.234131045103249
0.174881005584506
0.208842178583194
0.0842259601592247
0.190152239388318
0.100795858279541
-0.00458387297335628
0.134091447684277
0.0833889210624432
0.196118109648003
0.279310348786525
0.195951905279683
0.194573086494603
0.274650953989461
0.170053103227939
0.185140114308135
0.187778526248425
0.225584845701824
0.207288454406833
0.146923252191401
0.103455895434623
0.214766106580739
0.221976687202816
0.224966625805403
0.366862085539133
0.251955416519905
0.0342017055345331
0.256799263092546
0.216028212003009
0.376257312133957
0.156941331383162
0.238432956134198
0.267976054849732
0.152628504176081
0.37914428928749
0.293390609627257
0.234840817050613
0.250309264198453
0.159628596134643
0.288258951490617
0.459876113722844
0.329277711076379
0.168727284407446
0.258329634945424
0.230177621150811
0.307343719436231
0.285757660685629
0.386260218190787
0.17386701831926
0.315314686396206
0.352281212934342
0.189155863699821
0.20094989857057
0.272713620200892
0.350893680446598
0.243948018262862
0.424542795444219
0.293151554935453
0.465728922910022
0.270369550046423
0.288705006697682
0.30993445077453
0.28948950991657
0.219738676980858
0.257209431184578
0.199195514758645
0.361182619992848
0.398479105542426
0.347772819472191
0.239698095536092
0.471146490006865
0.515596097772115
0.407239105436851
0.351980223978114
0.362864246865059
0.0562563179447618
0.344295212477878
0.394442006269246
0.200516506896145
0.45200068628069
0.337069612643037
0.364420745323955
0.376404117416826
0.332999051335527
0.421283452216406
0.280722110776318
0.34779596248218
0.309400107651758
0.302551343419674
0.380381485387393
0.335524604207295
0.395296568975676
0.369642556130296
0.242918869221915
0.437616323990377
0.326013702644013
0.262051286782976
0.324687332614268
0.350304470129879
0.381978783999945
0.48715237284554
0.312448428418946
0.379745926273875
0.389895815641208
0.505352881481739
0.436959271555901
0.392398155313778
0.387753562277154
0.40319132490891
0.347657435919344
0.409172712293991
0.470753036240994
0.281368746840746
0.477012368556276
0.374030951733637
0.398321891095822
0.362198750839365
0.3717275237791
0.45249305793838
0.426035665054545
0.498307479154598
0.329975718335675
0.245420716232561
0.381448084830617
0.635366247852235
0.387793667341639
0.559212775123848
0.369380648431209
0.315305729984152
0.334908391318821
0.422096874817184
0.407059663487107
0.379307048057783
0.35606414689724
0.456977810415314
0.464119009305206
0.623443727699535
0.476132788903125
0.494420786475261
0.454219066412122
0.389153178192569
0.502506923661435
0.424342140751762
0.367083825287815
0.54663935817075
0.621647956994381
0.256346671646595
0.520753111158842
0.44985770041746
0.613125015418234
0.352753453001665
0.425872622825293
0.541490226457806
0.443324579058757
0.505993707082502
0.50617202607336
0.38300285120818
0.542232537323013
0.522290530394906
0.529152095027255
0.256472133460267
0.442496965684569
0.43223097810993
0.339971868963795
0.561926084977277
0.402745377370888
0.470658820509236
0.540030916874697
0.424721892399052
0.352598412037671
0.589882639718873
0.450664051089022
0.424683541045141
0.539704609105778
0.463443372287043
0.503624890085612
0.333161281335005
0.473966003982709
0.570907239783847
0.475141696810718
0.569417798363843
0.520627546116068
0.44829178633823
0.451840915537734
0.573088260842285
0.426797642580016
0.542923688445895
0.558300604869516
0.579399114725966
0.496746971542514
0.487516614695704
0.488228138254404
0.408657745918457
0.543652336586018
0.548858002158239
0.660559743120482
0.638152237665154
0.584972244137013
0.359566107904107
0.552359322306093
0.492543486492153
0.611257317008255
0.496892880158279
0.474979907413836
0.587964912070309
0.573012832637903
0.44777736209428
0.580038081817687
0.524813826269038
0.647507121850614
0.523953894054239
0.468299468049165
0.721945981838541
0.621744028701301
0.597188355198904
0.564702947857821
0.628270651241489
0.506603185697805
0.584648716542511
0.442867448136284
0.655532093709037
0.535140484690531
0.585669264901184
0.657546939333974
0.787487261957082
0.620507340767386
0.726300061343761
0.554594140708747
0.552432182380151
0.676486186177186
0.651922820209445
0.760904474352938
0.718106072959758
0.589825289261162
0.648256583612571
0.715665512371138
0.491406389585003
0.66470163400611
0.557002124250402
0.597528528903736
0.516120307274345
0.543981170266552
0.606876841523013
0.514899823985169
0.638600634571782
0.779637782175394
0.569249171153426
0.72618342850279
0.77246162070694
0.677553901950008
0.673184866631363
0.617753425746631
0.6063030794951
0.66016921172458
0.807166984568085
0.660769058548309
0.556421391557626
0.723056433896366
0.591709145208666
0.515330007188283
0.633644481963403
0.61497289698047
0.76041978104692
0.697236943285397
0.624149764818838
0.532418418809694
0.601406825398647
0.720529583421768
0.674752378136924
0.747751328980805
0.670558768438701
0.736608541836827
0.864786261413282
0.846271534572375
0.554622653064853
0.788485748107534
0.697639199101313
0.792895455677749
0.645721723213342
0.720081472010545
0.777039569682449
0.745593786939716
0.758917815150212
0.727699553890692
0.668582395597051
0.712023050538761
0.779724802391612
0.688199939086254
0.689365070357402
0.690055177728492
0.643237915565095
0.708953686535465
0.754252393500191
0.692373058118331
0.682545677114021
0.660261795988638
0.820119358856388
0.692792216316869
0.652120776894669
0.741954671269791
0.613033802325604
0.679319820134506
0.753027123626322
0.733892324701271
0.775984746589528
0.619747944967083
0.663080078283807
0.637210668626336
0.787161655428599
0.738746542641365
0.882800284805119
0.793316944701148
0.75482502842871
0.878584037957919
0.686498949175112
0.745511541350206
0.788776365072573
0.772143858086699
0.774833042774715
0.891982851373729
0.766241477883171
0.821270806380823
0.741039729405911
0.814276397541033
0.996911918794382
0.911296646958195
0.849543610112984
0.845933995886585
0.920793992550753
0.782656786649579
0.808041369573566
0.812382955032417
0.811626159236184
0.958293963266432
0.791512220163146
0.803839446094787
0.833098239117174
0.993444851373372
0.631748107302443
0.835468241727714
0.773718258291785
0.887485841924481
0.813931931840727
0.810859427371449
0.791279769387031
0.935795750304417
0.630750623715351
0.932921889070784
0.85479449189137
0.669963313481994
0.907119699967078
0.934449872755178
0.957282618605194
0.87111256415836
0.955190500870697
0.767113585454671
0.79855129298345
0.875296201370289
0.977696106425093
0.912426813109046
0.86647683173866
0.988761306500348
0.842223787973335
0.799577971333632
0.979285803199315
0.956525182073509
0.825601867493176
0.847172788141703
0.884794901190346
0.969870504893064
0.944566875570322
0.992335047014144
1.00340840828101
1.0172388955054
0.918308460167869
0.834764881154021
0.929456663002946
0.955132919834755
1.07123853955285
0.947562825002394
0.935766956647196
0.990077850613942
0.932988972208342
1.0090540819729
1.07165108091795
0.920413735681416
0.894855024977524
0.825451625895523
0.997478763372714
0.962117015442254
0.925743681743518
0.901074866095236
1.07948249058987
0.949489046856325
0.954514250398671
0.914408294293571
0.937646352878506
0.873218182144258
0.921790332940915
1.03836577993904
1.02395384258039
0.830357840331292
1.06393924406968
1.00218394645731
0.84952280994388
0.921393050974813
0.919908700797684
1.11311655358456
0.977222701649228
1.07705524737927
1.01808436903112
0.893652265871737
0.795170534926007
0.994210843036886
1.12198285294183
1.1234782112164
1.09658475998136
0.935496027754983
1.09128866343748
1.02138003949013
1.00582939707491
