"x"
-1.04808438579507
-1.11942568490065
-1.00934586038595
-0.934932610490835
-1.05709176681806
-0.99145686157093
-1.0958695823665
-0.968218789068893
-1.14545442363999
-1.02429726833286
-0.967007806267103
-1.02725670984037
-1.01753667211569
-1.15126958031129
-1.11951831243878
-0.987955843419199
-1.06406736114445
-1.09140928205218
-0.856776820901362
-1.03884404579614
-1.00034868840651
-0.90116141353594
-0.912370759120223
-0.974633687943621
-0.897609220767135
-0.874111166752209
-1.01130247374469
-0.869075252268067
-0.927350612630492
-0.873087355745248
-0.92819966942419
-0.92012358113767
-0.997683899767677
-0.836623988800764
-0.869127268036457
-1.04633307903211
-1.03753938339624
-0.948110189654779
-0.881056664146586
-0.982374191207349
-1.0469659632287
-0.786537115539713
-0.998700527872662
-0.998230032750771
-0.941940670910551
-0.922559005889826
-0.979721816777536
-0.931911674402682
-0.856992665559881
-0.975746361079959
-0.908892291341851
-0.960733674332715
-0.891303124730383
-1.0510477743706
-0.889344885821428
-1.01810204136618
-0.939102029636438
-0.73122279644146
-0.779943887893679
-0.889820456841403
-0.898320007785137
-0.874173685703778
-0.710986996794551
-0.883787629600273
-0.928722627512954
-0.848427804308549
-0.957701087438399
-0.971630653336925
-0.980036325091486
-0.834894499888867
-0.76383902863115
-0.866207908416602
-0.818651389593586
-0.830154884685971
-0.967834986718787
-0.849076894021652
-0.883630190530042
-0.628821015098147
-0.869862943960723
-0.749799228842648
-0.70894649904274
-0.743384913864457
-0.878832590429587
-0.894696587416362
-0.985944854033252
-0.838874179347672
-0.777293621169105
-0.890274062030398
-0.779112962184486
-0.882582872485954
-0.758830408330151
-0.848954145285827
-0.91848761647473
-0.789613561368668
-0.783272490457716
-0.711490593955744
-0.748824082872296
-0.711594994872714
-0.703585651068815
-0.732784093139073
-0.847785082060815
-0.723327497289124
-0.606982108820485
-0.86575393770374
-0.793394506629488
-0.801680024777071
-0.8539983216939
-0.789638139187621
-0.762111013838178
-0.696247109828418
-0.695848239204366
-0.788209590884525
-0.703213922648763
-0.884082787190647
-0.707677104252562
-0.912587390256388
-0.739626617735296
-0.888097236652726
-0.654877356316782
-0.874788969211207
-0.717733247118979
-0.806151744101855
-0.826563627003739
-0.948338899657401
-0.76277094581708
-0.845361076411081
-0.752679750302777
-0.63342663336087
-0.699536785908226
-0.687283566364086
-0.692202883155362
-0.7820469429744
-0.805310533662315
-0.886233979681971
-0.923077982006801
-0.788812473599873
-0.624699221033534
-0.630271997645093
-0.733550673813398
-0.678497473728092
-0.81535919408338
-0.496522208626901
-0.683386743365545
-0.755662186135864
-0.638198790840894
-0.530266923905947
-0.891459102176184
-0.569967392102644
-0.696284857232365
-0.616530520874939
-0.816810255730057
-0.66633041351204
-0.805211941537292
-0.721783789596067
-0.605934286751291
-0.625457114012833
-0.586641263510394
-0.62376905300135
-0.608965315316934
-0.675171510406425
-0.605777443807959
-0.716891881215301
-0.612089718651271
-0.530514823822608
-0.662612222961453
-0.635004867993796
-0.711582307536169
-0.617513677341371
-0.58637232914817
-0.684893245531738
-0.756268803436695
-0.600554925658826
-0.652912344388802
-0.643178265993989
-0.586668159984594
-0.503904715096178
-0.582946350860725
-0.584969241453178
-0.657721826570986
-0.677720267585744
-0.739398175484737
-0.694695683618444
-0.452667228019849
-0.587382779698002
-0.626238517763083
-0.682742039737267
-0.577510929578092
-0.574798822486103
-0.737586460333758
-0.592356774745112
-0.692152281217806
-0.623697747185835
-0.737419795873658
-0.701589226341498
-0.51689788728873
-0.647403955633578
-0.644311130894131
-0.67242713264372
-0.725073380447772
-0.512808605110717
-0.659723207679068
-0.613389543193524
-0.647077861318857
-0.617158620799197
-0.587979459472122
-0.508062760600857
-0.618914268997595
-0.569402198862793
-0.631211184635644
-0.501671807146864
-0.481102593018324
-0.481413175131002
-0.576173016581352
-0.509138399652813
-0.524241506217747
-0.52105299485926
-0.486935623998905
-0.503915807277117
-0.597289022093673
-0.564441515441075
-0.552054319204429
-0.592136394020747
-0.635587688373366
-0.524382957887331
-0.413531574639472
-0.58510250680682
-0.488072800490968
-0.604744878871311
-0.516166880926594
-0.465894111191214
-0.421276559840017
-0.601502841577039
-0.492518044916706
-0.528296280244033
-0.552412967804954
-0.474942043887368
-0.546713807693303
-0.548137795558167
-0.568449772058622
-0.526594727152337
-0.572086907629862
-0.586582074111571
-0.478293733295756
-0.618008993268257
-0.513531994731501
-0.539584094834853
-0.49908485325311
-0.562473407857253
-0.466418526045626
-0.52084178433985
-0.534009979950129
-0.590690546211813
-0.377051353200636
-0.624406919865052
-0.476755284407116
-0.56280219871233
-0.51421980611416
-0.529802616513357
-0.441925932330419
-0.495123652058607
-0.62558610537998
-0.627152354133859
-0.361521499639342
-0.570741275476843
-0.40763117208811
-0.48627464658742
-0.417325855620689
-0.528070678327808
-0.410104131690998
-0.407532872170897
-0.31121795625925
-0.448502523998942
-0.56888190988036
-0.464797006154896
-0.405286132026879
-0.347618725257512
-0.462711362323866
-0.487626995739845
-0.521154583340592
-0.427216981668132
-0.467201533877522
-0.534009213048085
-0.317242439186579
-0.428111648304953
-0.435165133617432
-0.375441377023766
-0.378149663630735
-0.334396687114249
-0.322457660717157
-0.335001030160108
-0.442242476230698
-0.278253272901845
-0.311574334164598
-0.5302494659959
-0.355178607547946
-0.378190365100255
-0.460059484946217
-0.247271693861042
-0.455958061590025
-0.415079956466218
-0.42738556324882
-0.36844623278209
-0.382344311506561
-0.483373404598352
-0.321098692483164
-0.378198375918924
-0.364295885723393
-0.451140564893694
-0.453883500605632
-0.358709332646837
-0.43517828085505
-0.32790064254774
-0.298833589345359
-0.421291398630792
-0.348785424610066
-0.327638620928055
-0.41926521215991
-0.188187935547547
-0.448859616911937
-0.249064108693806
-0.370448938295414
-0.403012555161408
-0.382799777568704
-0.406081921573855
-0.366739669766872
-0.450933052051864
-0.120508589316913
-0.343858881333043
-0.340687253204584
-0.158754499603746
-0.325727839909587
-0.255785144754296
-0.384287819569163
-0.318522342657421
-0.338795824958112
-0.448353454634459
-0.330264187544724
-0.397573260612851
-0.400754413138331
-0.25069125856318
-0.324774004522026
-0.37607327187982
-0.234443214418798
-0.443423263887244
-0.362552167188901
-0.23552238014933
-0.371419112164207
-0.49151271366753
-0.425180386668532
-0.202381867080746
-0.314699481077287
-0.301812360809775
-0.206900401170087
-0.28169142633173
-0.212788150872965
-0.255852171921082
-0.3306393069399
-0.288758931519034
-0.408824504119194
-0.229340323416253
-0.378072964629771
-0.386259894777338
-0.301600787292369
-0.27434161189439
-0.174246579673504
-0.393277315894278
-0.305236796508206
-0.315741731294548
-0.165979324890109
-0.203984874752467
-0.229836659639309
-0.316871645103546
-0.270107359775588
-0.393214951586797
-0.247836541141732
-0.232561242402225
-0.318226325877907
-0.26878110669456
-0.302606505535912
-0.387468802747888
-0.280968606164593
-0.248761857011447
-0.375722759382312
-0.228212614762662
-0.357488098120294
-0.320510134376448
-0.384839369182377
-0.183972453901817
-0.217451236452261
-0.196053240269401
-0.193291948515803
-0.152641502800471
-0.266741159007976
-0.0716150566364914
-0.358263757876897
-0.237162221951759
-0.230209872874247
-0.134702428544822
-0.281739941901694
-0.322845431304715
-0.247473126661022
-0.117846375727291
-0.200740305672922
-0.299132188250925
-0.349877483707136
-0.0327008055258686
-0.0727384790734514
-0.358198115762666
-0.225350831389761
-0.230920123555583
-0.27289849961143
-0.0270437810816669
-0.145465168220758
-0.248724440552853
-0.211611483479882
-0.14477361147974
-0.211373152863629
-0.173760822032094
-0.0821813683665873
-0.153676035278644
-0.106570391466389
-0.200794254765982
-0.15139612348286
-0.181484248344125
-0.221327778977506
-0.0592931887157595
-0.0770537674730453
-0.183538743618568
-0.0697965102648642
-0.0164508067961261
-0.0807139972239324
-0.0902997023690937
-0.224363790291518
-0.166536151641252
-0.0629613362130844
-0.0460611442310731
-0.078531568126695
-0.0443537252152843
0.0777622816413477
0.0201119509844184
-0.228297844428345
-0.105002278330887
-0.0656759759559386
0.0826458655093896
-0.134073291677319
-0.0527946379267417
-0.163975693894636
-0.0570701190617783
-0.0710034697918982
-0.28209353446156
-0.141565078663279
-0.112653908645212
-0.123547793436065
-0.215321986761921
-0.0298300490495958
-0.111494583820985
-0.0244325482046077
-0.0448993493840904
-0.0477143031195411
-0.109970293801459
-0.0801857558978769
-0.00640375681083758
-0.0447863389887792
-0.0724170864185699
-0.177860711800728
-0.103974461635306
-0.0338846477229975
-0.154572298873979
-0.145119915087554
-0.149178758619457
-0.0934078193175633
0.18031832134856
0.104478217037991
-0.119599636451778
-0.0258165257320365
-0.0128302444476337
0.0471903907145984
0.0932841625658418
-0.00341851225391564
-0.0479121247565349
0.0286106709068431
0.096619492069387
-0.0200104665267841
0.0109175997316691
-0.0335767981266656
0.0240766797741848
0.0318005091711546
-0.0881229471111541
-0.0759059760754169
-0.0133245389107328
-0.0123615905371254
0.0301486732163547
-0.144500036812536
0.123911922176823
-0.0493520796315997
0.0732281648093039
0.00184975316621185
0.0292742602890842
-0.0721557457675697
-0.0252682224703262
-0.00092056600938759
0.138774124276404
0.0506197857281831
-0.0287862099821779
-0.0896380368036089
0.186427375564707
-0.0154451982247453
-0.0250664044749328
0.0920509508458828
0.153783805663172
-0.027583080496729
-0.020747849031295
-0.0816138548071889
-0.0169856974027679
0.151974079177962
0.0441298138211414
0.148720693338305
0.0348571154523905
-0.0290397227238636
0.211140567331602
0.135828623933428
-0.0472365880551251
-0.0780943639156678
-0.0544056905733307
-0.0716214216664606
0.0591877561170954
0.106111344248487
0.173495476141526
0.142710778346897
0.0412258302751325
0.0672777162788258
0.0428045062551862
0.0563459322166971
0.117230736481459
0.359297457326534
0.107425356494454
0.0755273620995725
-0.0332287165271745
0.0547797861457956
0.0653462200442222
0.115700388674842
0.161706647607846
-0.0257429287979734
0.0915563806875122
0.208076263188453
0.0878969091482928
-0.00074108688763665
0.122484141936664
0.0117056772787566
0.0919712744904934
0.10425493724836
0.100855923919726
0.162512102264428
0.0686775828022774
0.0590454143203221
0.107200126938578
0.0461200554769274
0.119359825233073
0.134485152468738
0.122022318791631
0.20545078570023
-0.0464955116903576
0.088864074382914
0.173410119253428
0.24879595166247
0.0443170535443708
0.0419062205542532
0.184733439541977
-0.0135667694603356
0.203592311755521
0.0213145087569869
0.267560693755091
0.184051940980801
0.11766378412478
0.116116550106137
0.100593829200099
0.258930337696326
0.0564238848272341
0.239687408025092
0.0116467373975449
0.253350370128455
0.210950711223324
0.113382572827765
0.0753752977187025
0.343637132908826
0.243520168211056
0.231193198415806
0.191456396586655
0.0732363258112152
0.045852906681743
0.115224717583289
0.0141676444963873
0.268320016761748
0.271508566694587
-0.0125774592965735
0.272445747547053
0.310258267468188
0.253547722827597
0.226438983685911
0.178312211350264
0.146543153804032
0.168607988796385
0.27688156675252
0.11598360463347
0.309925747972455
0.308031009497546
0.173996747969421
0.226888929072678
0.233727835360356
0.276102566810652
0.302869754320996
0.110782347266961
0.212072775744585
0.263957532296567
0.233847344691679
0.400567244159814
0.266790165629566
0.23281327682413
0.260476454876753
0.234619146086761
0.138203751906945
0.24691751949114
0.310300538563501
0.0805634663740009
0.190047567762547
0.234337465320746
0.382718647082233
0.170230361704073
0.380567991570482
0.372869923186063
0.266818264574839
0.175783959571194
0.303108772245238
0.265166539150725
0.323463066884981
0.186862130894035
0.392757051268018
0.427168957904784
0.284981531436618
0.245979259906313
0.256116427014182
0.226051262280486
0.411570975089512
0.461800012918395
0.325279269122034
0.199908583715108
0.135931677411972
0.460717318282225
0.283137902361763
0.234909710427236
0.327721552004769
0.250031242193839
0.39380642452784
0.278421010915778
0.292974544124447
0.274410547977376
0.235347509994481
0.39406500859202
0.287863190502977
0.45119664136685
0.297563752170237
0.361525443122113
0.35498085515274
0.36515752887868
0.288880685473554
0.263926281830543
0.399819987480373
0.332383228450023
0.451696598148062
0.328304265046574
0.442208607337575
0.342678932139955
0.290124264116568
0.378688558129409
0.474436732739256
0.448283357672459
0.393995354069568
0.364485794297091
0.345436072113178
0.32158339165293
0.167363909297407
0.440438671846898
0.189997963434814
0.220287831380393
0.439728002284165
0.454389077058517
0.397253407784896
0.357556969982763
0.34288352668147
0.355813327165167
0.399525305396723
0.36274981382646
0.337551551842721
0.342185945624275
0.374792685757782
0.320277819853791
0.299227583385681
0.362730091144659
0.432582523888109
0.356920846824212
0.399003977323036
0.322864438950148
0.354283936857664
0.302017546233726
0.228561194928577
0.566747721854535
0.461234090836054
0.345719489747995
0.415612789867964
0.53017644644909
0.420089028673192
0.447836516121023
0.336281782178655
0.351613088542783
0.421646614891321
0.34517299172017
0.296949031826053
0.396171894043554
0.295193692779462
0.424787252717163
0.499581380317857
0.472524977754589
0.467480694437245
0.477676180954787
0.546891119321948
0.456688425939728
0.490902877028201
0.409925806879472
0.640622491728047
0.357700043687646
0.524617813079103
0.426253426294097
0.416296962087047
0.527027330065048
0.432896596234782
0.532890484376715
0.527903075791989
0.330458626073422
0.389515240034836
0.407685301371815
0.386255254264659
0.594405551596521
0.60875402907675
0.667757212140893
0.461187890201977
0.475270673098698
0.593003196282679
0.515941578605141
0.420056354910074
0.486916786642864
0.462133648380805
0.539875233474264
0.494318655677247
0.643747212894724
0.347311118130427
0.62039726514808
0.597192409897232
0.461330122635064
0.633329219386385
0.547817918064638
0.581988513689779
0.644459937129634
0.524914329774665
0.440314367786327
0.46265594377443
0.609853185236465
0.481064224867481
0.470746254986537
0.623619341235893
0.582430521982845
0.52579002987169
0.584850763828505
0.500643300995578
0.724541437367787
0.718724442122027
0.399862758827814
0.458169540276504
0.559853630881151
0.582163267450498
0.482307119121142
0.370821644875096
0.46799682741981
0.542156612944267
0.597709141445536
0.603326007889126
0.442298451154586
0.699974804178916
0.653620194729273
0.564683954605554
0.556507525360142
0.704334009987557
0.421277327347205
0.344771342236407
0.540244849318698
0.534817602127651
0.543102547123711
0.481918483313855
0.437206134308873
0.589353000274137
0.561964612770266
0.846378720228472
0.682932402368772
0.574782144457439
0.635449505236541
0.710636821878065
0.6332673618728
0.666961297244984
0.647397616809124
0.574065159605586
0.5835436334605
0.563551061440779
0.683924695244984
0.507080371941234
0.685622931665866
0.672361431030952
0.691912889980735
0.739597364800101
0.57289052419552
0.674106012994236
0.63243403689242
0.690130699468869
0.586438233603157
0.745655790348703
0.831394223142657
0.82246182926791
0.633452958472422
0.621976741458093
0.655016356723382
0.804422339115508
0.659155409026191
0.722988101133504
0.705459025534355
0.663261347491845
0.557401450940703
0.611751884280983
0.640585121411808
0.565873489340723
0.813340346793998
0.588707407917657
0.624277642198723
0.482753904789465
0.62156582559012
0.644172058758863
0.541523238262777
0.689364356915474
0.637598429487784
0.730195123237883
0.609336874334739
0.71735979319643
0.657934951488325
0.541361691573055
0.619943739436417
0.725739120520174
0.807666172914974
0.80231768526646
0.714086097457649
0.73531411608988
0.780239373533541
0.642863146864601
0.608721688730361
0.75642654024389
0.729841060028535
0.73713526180267
0.748873330854657
0.816238696362937
0.673928245018858
0.78896542778754
0.822497239323403
0.677687684327733
0.664832223984729
0.666478426778752
0.712533315988756
0.844141916118254
0.845102830651525
0.583983273780357
0.689861843883183
0.875648681510037
0.772965311670991
0.816974163332738
0.647810078912056
0.86482408726786
0.783996305993353
0.814051235385573
0.787645982549818
0.782032340103863
0.922762073539529
0.674072602756035
0.848343372096212
0.813025161302105
0.780349880805909
0.720213847729052
0.767451789512393
0.895150414835739
0.789935518681225
0.808333800917706
0.795312961830238
0.786963740684715
0.769372255665417
0.771593547588638
0.833169395141815
0.688692054323982
0.584888094377669
0.94322749633898
0.685574151538276
0.894627437360666
0.871322691469135
0.854048330790377
0.709245519455845
0.85169112782423
0.909570904490456
0.753899777212289
0.806102388476591
0.828858923724834
0.874194311032029
1.00881147955703
0.873611538872058
0.624150708231653
0.762205505133129
0.795673939231919
0.901376710364445
0.769576364736853
0.835666091060492
0.845394714847133
0.805076908328782
0.693844633722009
0.893132574592043
0.832177966662451
0.965308541601522
0.898416548383631
0.740470931123005
0.957345114616018
0.837843886462159
0.806510249247167
0.735886288802306
0.838670171504921
0.793795433983559
0.86187681000984
0.938696165678989
0.858665964094061
1.04551262064506
0.86086344734439
0.893131788732419
0.692325316246751
0.964391727129192
0.964649667212064
0.952780687776927
0.835806213081478
0.941698376774548
0.848036547661645
0.806705288650331
0.823404048019275
1.03784006256593
0.948689496075782
0.86920722568975
0.905291571936035
0.889501285762111
0.890337677082217
0.942371957779176
0.927454043226806
1.01872400843063
1.00675159480337
0.883869265607785
0.809155253110849
0.82295125980162
0.905722664753456
1.02556398089478
0.918835870752293
1.02622190591651
1.00959951217686
0.997759579638505
0.883140415356557
0.83913576853562
0.889726347174045
1.00841770869102
0.849836259001948
0.920634614260995
0.977592629153372
0.911902953452376
0.857980732005582
1.06821197131238
0.926205356697605
0.749891710190307
0.883839367431269
0.881142369088078
1.02485613054788
1.01980447859969
1.05179874847308
0.933840706425114
1.03743612359528
1.10952908185386
0.960756016287798
1.07032524632259
0.967281637025682
1.09145403739755
0.985615674563133
1.01946331134415
1.02042911493969
0.920903120897073
0.955148967531966
1.12010944505704
