"x"
-0.950485463549029
-1.0160032949575
-1.15497833101009
-1.10204057446928
-1.04813737692701
-1.02224931058842
-0.932788822648164
-0.9042045208436
-1.03685511549023
-0.940117353259026
-0.930904182130964
-1.08924316390803
-0.950323578166748
-0.835796745392392
-0.802497937762635
-1.04945433440955
-1.06331014824361
-0.934083949901274
-1.01191692485413
-0.805058318903776
-0.832798122206189
-0.887634406111228
-0.960476786443532
-0.9654145594785
-0.836518931527089
-1.0965324007198
-0.968984110534043
-1.13176012290599
-0.927433707317533
-1.04327110324273
-0.904344526534102
-0.88542890104825
-0.942966023623339
-1.01534687028635
-0.881027836749737
-0.980758683392164
-0.903006306700635
-1.05767836581885
-0.852799424266087
-0.917419483228864
-0.952702184208609
-1.0563475810679
-0.965788218511039
-0.988924232289061
-0.896602864013229
-0.952347651785246
-0.907655596564411
-0.657729769191026
-0.871100418975382
-0.964649115462715
-0.983209836901059
-0.898075967776913
-0.844760169124076
-0.827744189031867
-0.908911921668322
-0.917362863014858
-0.827298332394193
-0.886033905560742
-0.893177216006357
-0.784798211883701
-0.88572416054731
-1.01293442698373
-0.883825924294745
-0.84519267455056
-0.903117363993789
-0.877173890132113
-0.81759686826972
-0.887345325893609
-0.840949010549864
-0.951556102579998
-0.709092909936208
-0.720791482285656
-0.99707242324675
-0.899846014338546
-0.777334624241733
-0.875011397053286
-0.966542488769875
-0.746056980162362
-0.905527229733772
-0.778068987146967
-0.839610527525954
-0.77365279528736
-0.962898232834327
-0.76581250142902
-1.01434723037414
-0.826720566495496
-0.985507644237349
-0.825938850303586
-0.759621354711363
-0.726562007614399
-0.775253408751213
-0.813529152123619
-0.827927092390066
-0.807412630829524
-0.794377788555228
-0.783529616563392
-0.763760399230543
-0.678092269636159
-0.880215973191906
-0.721617870969215
-0.756336713060556
-0.814592355224905
-0.590341204065725
-0.657713841942311
-0.775165514930724
-0.783490648920845
-0.731315271316128
-0.676890481840091
-0.847782986113021
-0.730861314540849
-0.616771110897885
-0.835104881523586
-0.829637654736529
-0.770039442886356
-0.842747806583724
-0.851409316835979
-0.754783056814591
-0.75949827200007
-0.610665954440094
-0.749083464748607
-0.645205360762331
-0.890939402719907
-0.812014662279792
-0.83550288152743
-0.840396470309743
-0.704064737421444
-0.879193744970187
-0.741007591123131
-0.810466193159194
-0.681183473013127
-0.690363237498033
-0.722736083093909
-0.673326428393807
-0.838959102992151
-0.721860708945771
-0.757221880870974
-0.684414422597794
-0.798318535140821
-0.656634480782059
-0.646718278243433
-0.631046626337542
-0.565384614496622
-0.896106699158088
-0.534246349538855
-0.664946627986091
-0.759814176360511
-0.775160890766475
-0.706610448231642
-0.676618956351667
-0.659123512747202
-0.57367682776924
-0.567565634815524
-0.655208913459872
-0.781963948226538
-0.724399263337461
-0.64465336487702
-0.695736958668242
-0.608917387149159
-0.684783824260219
-0.665567991526625
-0.780326009536644
-0.619632303384125
-0.665630183315807
-0.561724270636725
-0.606239550296052
-0.759696616331714
-0.743108214074357
-0.629030020007775
-0.734457256129371
-0.72225220940873
-0.585018098341001
-0.626859476055574
-0.532085378667266
-0.698570538184453
-0.710202275837913
-0.608919975500586
-0.728142304108189
-0.627164544662642
-0.826416880607191
-0.649987185908125
-0.748528856910997
-0.614739092467477
-0.640080716916716
-0.687238876719695
-0.679011541257919
-0.610468344316585
-0.628476618378834
-0.582413133180084
-0.627084619171342
-0.734776566925662
-0.634448944153012
-0.734352193131994
-0.498197314522004
-0.635159296447584
-0.659913126040474
-0.606429332263682
-0.677012561497183
-0.586940069794077
-0.617524058518829
-0.69807981359938
-0.700666932600392
-0.507551033567858
-0.568783131252096
-0.527926483612086
-0.653528873899343
-0.651804706372681
-0.383003564433592
-0.609561355035449
-0.477399502418103
-0.307092682979129
-0.520631666745025
-0.521516505100442
-0.651572009161473
-0.520726680626812
-0.638108838444402
-0.519004476508819
-0.357142969485112
-0.517111562770075
-0.714077902197838
-0.715382800438929
-0.620312907801595
-0.576502458927502
-0.414886886199636
-0.816647491068845
-0.685764796301793
-0.616307025592191
-0.424378157836344
-0.49935971646692
-0.368928779623227
-0.56243826008512
-0.634684351671286
-0.664778992578324
-0.599410879096379
-0.589590925360042
-0.528815728909585
-0.456690857930988
-0.723796270402666
-0.457975952738939
-0.543251063610419
-0.48172519431809
-0.534687910271892
-0.576250463269007
-0.486467177968816
-0.579189602851335
-0.584533601775426
-0.367172242213452
-0.532163035446856
-0.419935688321187
-0.433906310805481
-0.651088683147786
-0.413513797939437
-0.455827999714939
-0.429150058530661
-0.397148417324732
-0.627283799012629
-0.458342722521484
-0.491868057673712
-0.487496678516398
-0.461303128485608
-0.397191239486956
-0.585589591717856
-0.521483793215951
-0.25896063068645
-0.559853933921873
-0.60187282250056
-0.554107054415771
-0.417677653603757
-0.545872613611335
-0.531898311335673
-0.470176245925741
-0.492694701771059
-0.362862556261734
-0.405118465457631
-0.397893667352368
-0.431717108515947
-0.669547951275884
-0.451785468984293
-0.483006886194574
-0.430582602947982
-0.444825996070192
-0.42145177162388
-0.450861861597778
-0.498940154713736
-0.425427601647738
-0.44801035173479
-0.498854910619891
-0.38479658035883
-0.428771296772034
-0.331477345262599
-0.626032766880044
-0.467587887105008
-0.399368639079001
-0.590498106281759
-0.469445915521698
-0.372946476132988
-0.451627604517485
-0.434084297952298
-0.463000058072544
-0.336998678618426
-0.538607246263737
-0.452142082857093
-0.453584180366379
-0.351198611880189
-0.406404668867167
-0.237287319470797
-0.364498072851117
-0.544714387704438
-0.196489843309574
-0.318517097148996
-0.30073302736867
-0.348361910025279
-0.327946555842325
-0.400048541838293
-0.215418597166819
-0.389361617884917
-0.361451962248126
-0.330017597283243
-0.170077942950498
-0.473334523138607
-0.417019699010839
-0.307789871791275
-0.371545603141944
-0.312001708629299
-0.43026699646888
-0.435395833486568
-0.413861450694007
-0.201301910631439
-0.28646066332306
-0.384631097015624
-0.450294012326512
-0.186367589803334
-0.230464447334003
-0.290357483091719
-0.282111663099185
-0.290988051240718
-0.358263721165319
-0.284060978483673
-0.257311284303968
-0.336087264561539
-0.224056871156611
-0.275923864781601
-0.265083929300321
-0.368031384142387
-0.225016852727478
-0.357654176482133
-0.345352287821861
-0.286977079425144
-0.377671693602282
-0.287862535946153
-0.399738651470108
-0.187386157515209
-0.284398428597223
-0.310098251461094
-0.146013450464906
-0.424744486968291
-0.295868014952759
-0.269758658271602
-0.311680104107166
-0.269082023567084
-0.269285171237881
-0.251472914947575
-0.354989030756441
-0.280913451721273
-0.122783620958501
-0.185431178365958
-0.281969354307144
-0.298226691595989
-0.228496645252711
-0.211505319124445
-0.302595255415728
-0.210766000637331
-0.281327907033937
-0.156618170833053
-0.133362770746403
-0.289046468504434
-0.297057765598479
-0.169396320149231
-0.356840312200155
-0.169917469418324
-0.226810056750126
-0.24872882638976
-0.312518773591824
-0.15497910675256
-0.206576910537918
-0.173813102101141
-0.251685395127499
-0.294052787289235
-0.258796467274044
-0.246842324128551
-0.147247975798484
-0.294263953239171
-0.151874618632507
-0.219261455982693
-0.264148071635845
-0.276555899617132
-0.224433134199504
-0.0664941713410668
-0.328719880575108
-0.2273556444328
-0.0165181764620895
-0.144452307337098
-0.324693422102446
-0.0559634342293419
-0.151466693160406
-0.284502712230906
-0.259227749555284
0.0171977175328821
-0.319698823145891
-0.230954438137926
-0.0991262429108516
-0.191257761606915
-0.0855596692769019
-0.17837513760642
-0.177017293649093
-0.152258529274206
-0.134290565392029
0.125451723029811
-0.0314713758501421
-0.0604335888958809
-0.169310904913303
-0.14649281764965
-0.125278283217971
-0.16588817279035
-0.131913552540056
-0.131276718200938
-0.20602228774676
0.0181162575638802
-0.0580676089620378
-0.0689568437821454
-0.187769323365359
-0.215793742875444
-0.143276318813883
-0.0724833486167068
-0.0971653823045608
-0.106537661904549
-0.10381332577265
0.0536090993300065
-0.0567522070831249
-0.122228315218634
-0.111440324487458
-0.103082160349873
-0.193156821579267
-0.266694328146866
-0.201003739932363
-0.181616679331164
-0.208574785481486
-0.157959473051774
-0.294194706351582
-0.201569775588137
-0.126832948342252
0.0578623492210327
-0.0628273479870598
-0.026367492840634
-0.132400988976163
-0.033309601620442
-0.138632644957402
-0.010403528028747
-0.114603314270258
-0.141273271043992
-0.155181552388654
-0.0884948875018831
-0.0260858258003875
-0.091566640460976
-0.0531137930945982
-0.146578750817544
-0.188900693625644
-0.130327177800404
-0.00198830109996564
-0.0234275373770382
0.0104983832533879
-0.0821125760102631
-0.129342069636204
-0.021282028532362
0.0136182489855853
-0.323382678592426
-0.12417873810681
-0.249071764784023
0.0191002283347199
-0.0680972228207563
-0.0293084466843825
0.0148772716935846
-0.0980264738457978
0.0525182626566984
0.025648703714726
-0.0382281083185712
-0.0102734309946379
-0.174509422545181
-0.0263685640561348
-0.0841916528192039
-0.182637800410966
0.013767872951184
0.111673301378105
-0.0214307537387743
-0.124915296999608
0.0597437506824988
-0.145760993304184
-0.16892215264806
0.037938520782882
0.0183554298697314
0.0286878304823308
-0.0413041558124771
-0.0277380990664053
0.0115037319525568
-0.0243817269907001
-0.0706922745006317
0.229392942370948
-0.160342128883239
-0.0446267388834398
-0.0714665620487577
0.053563366675125
0.0622942224989726
-0.0784559791327728
0.0126322074408406
-0.117489189635403
-0.0320296611498785
-0.0180224626795666
0.0520116786822471
-0.0328847384755595
-0.0054616463383693
0.16143864543187
-0.0881923363544807
-0.0256449565178731
0.012169424542804
-0.0633036824070408
0.00686077303701892
-0.05091163876782
0.190600000394162
0.0918773154245323
0.0803781334618372
0.196050748864996
0.0579989011951851
0.019614421616966
0.14030426189162
0.132952060075006
0.104506380593566
0.192431419430817
0.0916420126148405
0.0571060919083695
0.184537473800635
0.113662077340728
-0.0638533163072381
0.132475297585049
0.0795005817501391
0.0381351970165551
0.023409922202459
0.090540774240485
0.0970622292597025
0.12605071696229
-0.0094371509466044
0.0830903050563322
-0.00109702967905204
0.182654316765012
0.101847012081782
0.10212672875083
0.175956690776421
0.0309811479250313
0.128825870000037
0.166067647685344
0.117467913865676
0.2075970036075
-0.0249377973135968
0.0152133263548223
0.0587928824139894
0.0684467198617145
0.369141380221589
0.257597504841318
0.225799366398453
0.0232075841895734
0.171204331318159
0.0209950503970717
0.134002497023618
0.248403515829068
-0.00502897703850641
-0.0100644695094938
0.108978809320543
0.197145435661145
0.15572328803511
0.137763817396952
0.200631277783964
0.247238789868263
0.183382348547605
0.208220263763694
0.0940753760280932
0.179611637061519
0.0950791297189813
-0.0099272008806674
0.129177850505522
0.077459505900502
0.194979399359312
0.26537015710603
0.208615231616679
0.178613569270133
0.271195000825168
0.182176697006825
0.162784402050806
0.186566150694766
0.23413023353717
0.20626720588634
0.145658175863851
0.103777594896764
0.209132292698148
0.230238884037858
0.202337279191309
0.358122472888013
0.247033505182239
0.00393954878608255
0.2162967421215
0.228628196505481
0.371039682284152
0.160947057922837
0.237707961016806
0.263258804419809
0.131673487417869
0.367825859066551
0.295047364785612
0.212670461150275
0.249864595990895
0.143666403863612
0.300201251865303
0.459281755935636
0.366542970151989
0.165225601882785
0.261565245594693
0.24136622921469
0.307602561167412
0.278970392822545
0.36418983622468
0.161088340984989
0.30931736978989
0.34018411999811
0.203350203370328
0.171440803488647
0.266783723715727
0.348783346948051
0.241079308574531
0.402148455582168
0.292951146836549
0.424671359111003
0.266014810869342
0.272746976441638
0.282015773029882
0.261785047513514
0.203372723312881
0.247724386957266
0.216471913065152
0.372430327586828
0.411675839456985
0.361355534486785
0.233774845271716
0.454108670376109
0.540407864010363
0.397248606534576
0.380763815182219
0.35424287141099
0.0681736399470762
0.357486382313608
0.390440197632836
0.175693548712108
0.451483299737551
0.331384092291967
0.367251345015586
0.37662258994267
0.304137106613345
0.41364402477088
0.295234627593989
0.347734720257129
0.288323065442136
0.289727058533451
0.38630388223093
0.31027948163265
0.370552813631532
0.354220583791103
0.27925516056052
0.429957169459176
0.335858483013004
0.2640417426311
0.318029317473459
0.365859676611172
0.372313781759062
0.488360667131618
0.301906062584799
0.364578540919092
0.387224773607407
0.502069508869373
0.435908769175049
0.37958449766638
0.368010937602518
0.416737894258736
0.354076151507003
0.395841386179517
0.505994148417586
0.27616511185572
0.499439204366706
0.397213283888534
0.391001477230657
0.376228221483996
0.380016130074868
0.461242489931658
0.411930906631053
0.488873942665
0.322666447493425
0.252622332622184
0.368716959728589
0.609508181156291
0.377406756450571
0.560391456665763
0.347000066074938
0.288762468260179
0.362254977595239
0.450636596611604
0.408982889428008
0.386788098089227
0.36240745481022
0.44379980307193
0.446924512664956
0.650098499125672
0.466229435987336
0.474107071463094
0.453485141401262
0.386553286204715
0.500253058122264
0.421131086479025
0.353246291037681
0.56146285017531
0.605699085316395
0.278170773686387
0.51594243129784
0.453827603854641
0.608401370803934
0.328332262068313
0.421989735805471
0.524548586789822
0.430780683968653
0.51353261886063
0.509466469718802
0.370864609394392
0.558510281835557
0.520704538150259
0.550696498874997
0.270460866283908
0.448096071186723
0.409592271458189
0.337334404929742
0.566150704942315
0.407188944018146
0.480164791670573
0.554605829285684
0.42199266639689
0.35541892151091
0.580087816009284
0.44871503464798
0.382173404716277
0.54565888192766
0.470481804471963
0.484208160267473
0.348666369401559
0.456986364806581
0.583534478467946
0.51154919961676
0.535234168335148
0.527698535214676
0.465809572346364
0.43356472465793
0.577039227128289
0.407193633323885
0.539467192060647
0.550487193175143
0.584713568211334
0.508278868387752
0.489144989593291
0.494108358457625
0.414312948374345
0.517695109393179
0.550578178684476
0.651735004021652
0.655271552207836
0.590946019610837
0.365743921944893
0.543655137004026
0.502950320760202
0.601351000318326
0.488002134132407
0.479287638648012
0.605631032148394
0.566640644704023
0.436061327227832
0.577469123683271
0.50881078082186
0.644947857084892
0.545957341183721
0.465684890496344
0.751399185977141
0.624067767640276
0.605571781059266
0.577462803851373
0.613613868343757
0.502936869888689
0.611613549435164
0.430333382502952
0.670985587433615
0.563544483631451
0.552755692179522
0.652015153722553
0.769738470948659
0.632283098879602
0.719167142315955
0.578444511370192
0.558963273403238
0.677991632998437
0.650282338838175
0.763466669792924
0.732659580812175
0.592765133238112
0.622047815690133
0.716663290287401
0.501225505651625
0.664016331543064
0.549373921524585
0.610045589164856
0.534502154934901
0.547227112743123
0.634946089240903
0.517491848091773
0.647659423011976
0.768131246413611
0.578067978040151
0.731794514758333
0.764599909623359
0.693617270307501
0.671038156983784
0.616888215644635
0.599809791159122
0.677056777836024
0.805508282307711
0.676767709408538
0.553795933749199
0.697893517680722
0.58217178685403
0.510838675409042
0.641442453681078
0.606094992067059
0.738072378378548
0.679110776390948
0.623306102263675
0.575852733841016
0.619337479320455
0.728227357633581
0.675288326147004
0.759711578670224
0.690161201671293
0.706754724287147
0.857130064248907
0.82834196593155
0.574617408566051
0.788629396396137
0.71387942704223
0.797315069111121
0.642159333952481
0.711601154047656
0.773806033722023
0.745403031176428
0.745766465996772
0.741164922423706
0.718898374101249
0.729814208423963
0.779705497204576
0.690207504562245
0.711748713410148
0.752088997771821
0.668512467039887
0.718293520903475
0.754023801205994
0.694573743116714
0.682391066887864
0.663365811325977
0.820950660907445
0.684619775956041
0.65749950568326
0.740712873651068
0.60415970527813
0.670500727696848
0.747775272678432
0.730849361855372
0.774619062760642
0.609002268941919
0.639074517007825
0.632981488810112
0.769340631195886
0.744110193367713
0.865003001418883
0.788565239138771
0.744465594835162
0.885581799647665
0.666902654589088
0.731198854851677
0.768711859923813
0.801863597612566
0.795023226325298
0.879089658802703
0.751225568492801
0.820570902788715
0.759213700225713
0.801362760920921
1.00211162637687
0.918758473348998
0.848371747639206
0.832518786980774
0.937252716959598
0.773927547635818
0.829154263357487
0.789868118252041
0.826349676979226
0.951168547675616
0.775719203618456
0.791609633495986
0.82185219379318
0.99751675208163
0.661145986788849
0.825171949716555
0.760260329056602
0.873367793747623
0.826336402246193
0.833481774271168
0.796607164923533
0.922024702855023
0.603379133335075
0.945996924403139
0.856304820258908
0.657292039570944
0.918783740409492
0.932297198711129
0.974388091586719
0.854914302273142
0.947470181045815
0.77853183518625
0.796742069772645
0.872310920020471
0.979443954170989
0.93367949296934
0.836146223580773
0.998745592878705
0.816350915883294
0.795273173340011
0.968056409677163
0.961765132760791
0.826864693800775
0.818456163233641
0.896297479162298
0.957415953436641
0.939317621288221
0.999856333071083
1.00990959112622
0.998515257667819
0.930563777917701
0.831286317954579
0.882332965356811
0.974955053593844
1.0632419612259
0.928688163117008
0.934340250961412
0.97060235161798
0.949903872835866
1.01537688686984
1.05945879377938
0.931923866866762
0.907027787177279
0.846636426020485
0.989436612339558
0.954833187582239
0.929889199961973
0.891924275620414
1.08713080576577
0.971035771209297
0.953285974839349
0.898561155429919
0.941131832645357
0.870645535223512
0.935331554876056
1.04049107375284
1.04052629243821
0.835387560388148
1.06687679950888
0.98912777301616
0.824626631699024
0.93036306689415
0.92953213793711
1.1014197208699
0.988409059356476
1.07762197854783
1.03628840445645
0.917558648060504
0.801992510837947
0.999649017187585
1.10019297480098
1.11809603317543
1.09279980121661
0.92439707062503
1.08917317609481
1.04597562269944
0.99300175631812
