"x"
-1.19458066853341
-1.08984678839315
-1.12145099149213
-0.884317492507062
-0.944449930329021
-0.943701827910609
-1.00093445186726
-0.912762508807969
-1.12631166798029
-1.00876653105479
-1.00419432474075
-0.988134184720463
-0.913592556806051
-0.872135736733384
-0.898605956205694
-0.960738233052672
-0.985032693881989
-1.0056564251299
-0.936340217764807
-0.893097909284068
-0.920397555002599
-0.981006354295006
-0.853773770025149
-0.903224479635535
-0.984250722018986
-0.804863118552182
-0.935233574598144
-0.869850832290547
-0.935153828613741
-0.953742235035713
-0.962948082911391
-1.02864099627558
-0.892841825447168
-0.923622953195926
-1.02330679864619
-0.931990703477026
-0.894229951847234
-0.924933927694365
-0.819741207630715
-0.832543722794998
-0.893769786006383
-0.775449026232655
-0.793417557164387
-0.805016222878849
-1.00438637217518
-0.902345736317576
-0.881316296991188
-0.943213855493227
-0.881058633602716
-0.859798225543352
-0.80015622624281
-0.969947598358779
-0.867718478183866
-0.891591390187338
-0.901304583567251
-1.05961987445056
-0.914815523730556
-0.918463047468674
-0.954758785827165
-0.91664711644608
-0.725794805597626
-0.937979575221804
-0.890408739120316
-0.767129497531212
-0.775735255231114
-0.699812270723143
-0.879077585462596
-0.847558731605572
-0.831076077140013
-0.823840013425456
-0.859693413048022
-0.826741752950007
-1.05419287716889
-0.940626222405413
-0.956668358423603
-0.920986424454611
-0.845689496509651
-0.702451850003053
-0.766599275874519
-0.844918242601063
-0.833834771410501
-0.821686362309835
-0.850054749718547
-0.828020975256423
-0.802906304050881
-0.738470715383488
-0.812072785488385
-0.8877832796182
-0.86058493070802
-0.80832848897511
-0.731722265108886
-0.708172346343926
-0.76120778644789
-0.637860718643712
-0.818384897424799
-0.90902570363172
-0.846251481251503
-0.708076306362226
-0.774005377513736
-0.728111217043119
-0.861630260986833
-0.776058067762187
-0.82381441163927
-0.854773510750676
-0.837241766670809
-0.86576136792438
-0.791985990020254
-0.793536098215469
-0.812663758124488
-0.784745663624727
-0.788497912013411
-0.813853234293528
-0.756736564085341
-0.634206653772163
-0.784278487829633
-0.886929305291707
-0.671735917228333
-0.707252421559162
-0.633143774469965
-0.653453745122105
-0.660467015529923
-0.772819994485927
-0.728874300058071
-0.789267387647802
-0.717302294185543
-0.675008748849248
-0.712119518339927
-0.577348315202672
-0.673657224469256
-0.781744478084723
-0.67946742740428
-0.880312743118801
-0.625641281784545
-0.600016068061251
-0.739456470467599
-0.801012214959806
-0.757482902038006
-0.740076277220752
-0.650679744426913
-0.790612035437277
-0.681744158085792
-0.764754721979928
-0.803615572392554
-0.863350018433789
-0.62705979360933
-0.757982771403442
-0.640742299541979
-0.760937768958504
-0.742902357370067
-0.74008689851012
-0.559989784346613
-0.661787250432625
-0.756495172015708
-0.599299275733366
-0.767674708747418
-0.716671099546717
-0.601717421524823
-0.714079931581331
-0.759028494985431
-0.732650414968314
-0.676868302719528
-0.772632253021355
-0.606658494859658
-0.596965828531644
-0.681815138283515
-0.580077989399682
-0.562064250588379
-0.688558502045654
-0.54858484606202
-0.771632198766642
-0.72692397115535
-0.64430091465562
-0.743221399561003
-0.543290961709106
-0.709451339866402
-0.6487426641264
-0.691556593787399
-0.614721197091053
-0.681476250294708
-0.656240084660274
-0.696320497374776
-0.609630556254031
-0.602508478955222
-0.558537054387599
-0.686040456459743
-0.624484898141429
-0.595279993936499
-0.647075978228174
-0.668859695183191
-0.820238191248413
-0.534698051899562
-0.672818225853107
-0.63557944316044
-0.645348246297529
-0.616752217502369
-0.658565522338466
-0.549565616348052
-0.717811504934658
-0.558259642045747
-0.59139237261827
-0.604051035457299
-0.700118131289383
-0.627503886677324
-0.642249834092015
-0.616146510997869
-0.658349130129174
-0.43336385622982
-0.503784687950719
-0.766491129866968
-0.639842581511352
-0.561380915217335
-0.464442136081356
-0.525971196893743
-0.504590761724004
-0.687342539843296
-0.428554897238918
-0.4143345862046
-0.7050918705624
-0.618259030183852
-0.552078950999296
-0.54229283930992
-0.517589072137904
-0.636046690441493
-0.419445256503682
-0.494528189714839
-0.638710991824121
-0.671828870207779
-0.462822529186773
-0.384922025918512
-0.4438498674323
-0.618601707823189
-0.538042218714083
-0.392074849342683
-0.593140683552152
-0.491360627885498
-0.561875042340083
-0.586933201137655
-0.428670648523723
-0.576050084973501
-0.518626079720792
-0.547707352799749
-0.418905724578978
-0.573489508435116
-0.485319184865222
-0.395063028249928
-0.529920833739671
-0.571344188541577
-0.581632758092096
-0.445668023422785
-0.471998809626622
-0.569880989956005
-0.527650074872974
-0.519494331528747
-0.549986786269639
-0.671646222540478
-0.464149887774534
-0.416078801585603
-0.37513468288207
-0.454064066089329
-0.521775539959893
-0.474717326528238
-0.426098571630313
-0.536446610529258
-0.409713794098594
-0.492709722093012
-0.402916144784119
-0.476251357665316
-0.484106872739791
-0.361610824850518
-0.356756555524911
-0.491092736780494
-0.530830377120552
-0.467205997002701
-0.304918424760795
-0.457539998896594
-0.414672490983648
-0.364883568519349
-0.499426083742952
-0.561804819814098
-0.437882752406335
-0.315008724236152
-0.384867917794551
-0.516273393614695
-0.403687126798449
-0.388247109719648
-0.380162978046822
-0.471843729596725
-0.466533331416784
-0.31782736788029
-0.351958542027395
-0.411175060128654
-0.555452343978339
-0.393552119953607
-0.41491073719016
-0.427312709236352
-0.312373645450653
-0.541638766918433
-0.378281603860569
-0.473626792289421
-0.459398742711387
-0.359624848209564
-0.416484227743739
-0.361259877638634
-0.401163588779898
-0.221526874835187
-0.246275973939032
-0.376465195227635
-0.445013967218076
-0.296179968456962
-0.485217524539649
-0.311108762288275
-0.582398408199767
-0.479425929526297
-0.266638306380074
-0.421082810122343
-0.288323957663547
-0.389098177904827
-0.546569152806282
-0.27804699150652
-0.303505036520991
-0.30762659469009
-0.351638475893365
-0.257795022008755
-0.216323483680295
-0.347319944348038
-0.33995398352672
-0.344872443984315
-0.296953108869478
-0.48616760044645
-0.354526456764442
-0.344517248474347
-0.314027756911007
-0.144382318409169
-0.412305380188152
-0.43635172207574
-0.432896936087261
-0.346174188657184
-0.396252547722691
-0.289224074842275
-0.379733084093551
-0.278462283382645
-0.411531886349465
-0.322667690586825
-0.272013206107823
-0.351060436545064
-0.258250508886032
-0.429084567649694
-0.295996125524236
-0.24848675665835
-0.283328603743127
-0.496079088175423
-0.351526518742087
-0.270055322942618
-0.228454029780806
-0.30682062635125
-0.337375402778518
-0.286686558038127
-0.348199940828978
-0.208386792871381
-0.314113874344823
-0.250743840798449
-0.398605895011586
-0.340973813219656
-0.345963238880717
-0.273777766256891
-0.378405559099743
-0.281652973195747
-0.239651171062619
-0.14548603769215
-0.120043290396341
-0.158099210293732
-0.300947704345925
-0.327363610356523
-0.20702633263839
-0.314056978451824
-0.151286090860817
-0.259585431100866
-0.0477183952047142
-0.268071711583414
-0.456892749830987
-0.326201345688281
-0.228773053508572
-0.178077431664085
-0.401484261859121
-0.390524679867826
-0.269859546749237
-0.16342808894549
-0.140349691469391
-0.224739889812723
-0.182233945946248
-0.292887578672253
-0.165469544597676
-0.11555877348831
-0.344354543943526
-0.162764595222871
-0.313765303225044
-0.185214119164591
-0.176885342196046
-0.171831054329199
-0.207820621005494
-0.118260849169822
-0.204032764168541
-0.332638382419492
-0.217545412841534
-0.0686487517953906
-0.323266369711388
-0.171040279261594
-0.191593390466
-0.00554364201602706
-0.185642390891134
-0.161601830510152
-0.0834153906193338
-0.237934768472999
-0.19774188762971
-0.17771529643041
-0.343685643679184
-0.0831798234177641
-0.304936301965657
-0.141408312290872
-0.0954297103433187
-0.244748917674247
-0.133098462733244
-0.226801653091679
-0.266562001233998
-0.262798119606347
-0.0975068201891593
-0.126720634399932
-0.000581130556216107
-0.145074382873642
-0.0328470056551845
-0.235326974910631
-0.282679482573404
-0.229516164312946
-0.183758562031457
-0.234660751487496
-0.0530915528503356
-0.16762068873567
-0.0201349548834639
-0.0922074792588017
0.0660973603331258
-0.00419827436352303
-0.105680056175325
0.0226585169730102
-0.176333544269212
-0.18972097917634
-0.119837497102346
-0.111203799998665
0.00279601323296958
-0.189826608051062
-0.0916689646115266
-0.123074114583593
-0.0146693560460767
-0.19600649394109
-0.17608139229439
-0.150979855489706
-0.0539659981789948
-0.0872805758469652
-0.0413849349762752
-0.178344964909225
-0.216010126181489
-0.108126270418368
-0.0270667540981477
-0.161845409666
-0.20220683996357
-0.17508736154648
0.0512250090901527
-0.0892202344056555
-0.0347185570325785
-0.16877075672865
-0.161234046332988
-0.149180637413163
-0.13900181357665
-0.225426756513224
-0.126690060507736
-0.0728295904924369
-0.117385322995192
0.0983996390139762
0.0262244544280483
-0.142769812639398
-0.0931255900557234
-0.138507426625721
-0.0191504181461619
-0.103009260784489
-0.192180459083395
0.0983242099414896
0.106212553767416
0.0698654528583438
0.0493355565719601
-0.177738309133452
-0.0617056353527335
-0.0353851201430395
-0.0374351852189771
-0.0275693910422845
0.0285564346171556
0.0559050215478114
-0.144112501384495
-0.182620877457168
0.110856193781111
-0.0571145202330943
-0.0222714200941651
0.0580181135564704
-0.100876778500305
0.0608003624541951
0.0483370249144891
0.0250466444698385
0.0445845600686873
-0.0911838111575656
-0.189548020063076
0.0989818036558613
-0.101274099984322
-0.0350086184550073
-0.0227783493191858
0.0548594764403173
-0.115951988353052
0.0277886806794127
0.179647878703579
-0.0574218998858942
0.0202565088139209
0.123973124840158
0.078384974354387
-0.0246496612266606
0.121011763749863
-0.0108090256770628
0.0322498202600956
-0.00992639294976966
0.213318197200074
0.140783588481331
0.135525137494115
0.0409552745587205
0.085324191045604
0.107020722579152
0.0444183123379792
0.0530739694302338
0.12459739633901
0.0581126873818064
0.124431165288206
0.0450343178653758
0.0358447357544925
0.10820067224768
0.00985596628605586
-0.0271873445235728
0.148944088345279
0.102541990669032
0.0230869577614476
-0.0459042108042051
-0.0102878694672268
0.159555051897283
-0.0229489431837541
0.147008547870771
-0.00522319678597608
0.0404948782987911
0.0967930748101429
0.0287522824411641
0.153488735266631
0.105387720637414
0.228456275583348
0.0433189207997092
0.176065945521052
0.0306599796952606
0.152163120197147
0.0329535890819779
-0.116998155941245
0.109465857457639
0.0835702963004004
0.196790568163018
0.239266858209598
0.260192768519444
0.0134115570846777
0.117505324329557
0.251661237704581
0.138563943991195
0.124225815400366
0.129476787930891
0.107751411443645
0.144737186685842
0.162518286572256
0.0480103568123503
0.149044897755208
0.204496476155312
0.0588594319280126
0.349968178484841
0.0516956635199937
0.204360717365404
0.20917404192723
0.181690421134541
0.0993018263551899
0.233076745122276
0.118560765711017
0.150105175663038
0.315059017264251
0.309719241765886
0.267673900273158
0.136548007652949
0.0704915520885886
0.139369481506641
0.184258510139516
0.111251651970207
0.20244438115485
0.126262342680596
0.303929129890214
0.0884231299464148
0.0735284320359656
0.212101241281583
0.179359736918725
0.375441116826086
0.316871445237715
0.203944633241767
0.350976874410949
0.229348321848891
0.237629251164778
0.270424259580257
0.236722680753307
0.17544600188641
0.141165595866264
0.247757166802479
0.311482136116672
0.2865871517821
0.239018665977334
0.364827935296312
0.260492926899646
0.352779615675324
0.212812618557489
0.155075250231877
0.234464965434899
0.28965448658982
0.285168250622237
0.170129446954294
0.358821397300966
0.23945397462629
0.285025504442024
0.278149841659229
0.12801591027108
0.102512323207702
0.189274641382869
0.383828276591126
0.283514309979713
0.257501325507588
0.298652802677254
0.353748771765111
0.211788275023524
0.0888741901114088
0.37302617852225
0.312987453687253
0.233449360441917
0.370003208511208
0.054335915886809
0.313426684198622
0.213542243557452
0.242136364496238
0.283676295944687
0.268029061570559
0.274514661469207
0.392050784776584
0.326253726167484
0.407477648911231
0.39284278522017
0.450601302303423
0.214952732031956
0.410322196901909
0.278519102119805
0.346049167303627
0.233945317552542
0.363846266317046
0.217214946524866
0.513460217622111
0.447611704267588
0.286998582955832
0.35080304834746
0.360030824525701
0.362898959143116
0.231321350676212
0.268570754310504
0.306223867969713
0.333984667736374
0.42682721054961
0.375825704609451
0.26991179819013
0.466482035174806
0.461808973031186
0.415348091187252
0.469589775512273
0.485423394802329
0.335265810086377
0.401219999248618
0.546830847687958
0.171198468803138
0.340032405027631
0.44403488841558
0.270289919123434
0.308463388501793
0.226867709395348
0.519232235357346
0.394460029640775
0.321580876991289
0.50445853382021
0.396661027123822
0.40453263867379
0.367732823686439
0.436866037812409
0.347154921856463
0.49974681507267
0.414644836362765
0.462184814766891
0.39875307601669
0.459976714543131
0.358152056485984
0.388823241419566
0.464781858519932
0.384141125031045
0.408338914064269
0.419699079972379
0.276333554098615
0.392445428932735
0.393125327412478
0.490870063407512
0.394054552570919
0.460642851989489
0.373704850556635
0.452682417163949
0.440679353580255
0.283669992376694
0.395532749921118
0.553191266387662
0.494591344310322
0.554411518046509
0.619152367814037
0.449174721566
0.448828913540784
0.325670241857891
0.542697340688066
0.479933426132528
0.362553128764073
0.565044102043883
0.487168895662867
0.478062927377472
0.588371706656707
0.445788042599128
0.54220860744073
0.55826670636284
0.566485282317807
0.445101696350253
0.5676236744338
0.4261111571774
0.551034565306043
0.407544208921943
0.378426634537978
0.444037882818905
0.728225901678893
0.508549776516834
0.499168531818045
0.42688292836781
0.49805526549557
0.5656770100199
0.533718588109537
0.401512559295286
0.577135958012631
0.69951711846448
0.446519348294837
0.444552545331784
0.441884085795302
0.391407966341971
0.554061773751777
0.568597128912422
0.485810760163743
0.54477044585529
0.499307838779516
0.443229039241768
0.4521930928466
0.529547167251701
0.552024415037833
0.613492175650236
0.666135905267845
0.595940668116669
0.373351761114938
0.503098427832476
0.579055325129114
0.59537354764855
0.594442414528381
0.43056753315807
0.553135514885807
0.618893741525331
0.621271049706594
0.570907948342608
0.656639771543548
0.565633509297305
0.527651192685954
0.624998719523242
0.572878066085659
0.649957121879623
0.569889510389905
0.602902450674033
0.382581202968669
0.46123227147104
0.606956074860542
0.534517415639372
0.620496466273631
0.524892349915176
0.547943931792266
0.543910322296589
0.55492615657177
0.626426093751497
0.574002444409497
0.457371799781616
0.847608967670552
0.664539430743195
0.562873901328157
0.587745157546145
0.713295138378448
0.519526683026479
0.709177936976893
0.618039807621024
0.587747946999608
0.608251792221706
0.62983700704584
0.614881606503731
0.632588999955652
0.712468672001952
0.565905206446429
0.732878717014004
0.562045871642956
0.604025600387276
0.689393855770313
0.591489217010125
0.576045142000258
0.77218442491618
0.739116030106545
0.612377021307944
0.657759921604275
0.671729370328007
0.725470963925775
0.713063044822078
0.687295423280888
0.771161455382643
0.760373204773499
0.721910609620861
0.58280608319911
0.597791859088265
0.711215403050183
0.741597205280666
0.732167548681414
0.665094942058418
0.513175436803572
0.626006632022409
0.763973537841371
0.60752258618216
0.726226773917252
0.718659221486342
0.797227925742192
0.666860989146881
0.60569829429949
0.595519775558698
0.757662356876098
0.765894013885601
0.607609574329141
0.667598505787826
0.696168288794611
0.699929929739796
0.719410796804505
0.670787819952128
0.726785670106608
0.594332390586535
0.85450019714879
0.626587693486455
0.541347260017454
0.773282252755682
0.752269611419019
0.778652132667857
0.684561049550699
0.843138610558992
0.707772371069947
0.729503497668126
0.707594524029746
0.73234160803977
0.727042127389956
0.831805623696322
0.874586805769585
0.90163168689309
0.733956747254946
0.66544745668599
0.569688802135564
0.718820226511693
0.726258574917737
0.838054731036753
0.758329860880752
0.705617942237704
0.878759836831377
0.678871477740472
0.872282214703452
0.76755835703713
0.656730409915875
0.843378238876585
0.70911062115955
0.950782984756222
0.76076152711407
0.683656909692148
0.831847983314507
0.828172230367238
0.698105889462877
0.765454233814827
0.732212395598295
0.858003749993468
0.769752235625874
0.824432440302299
0.672767604182471
0.639014418133503
0.842113012306852
0.845941815375241
0.804526942816112
0.866194656249986
0.855797818851702
0.932306765812421
0.822378121450365
0.802739982014501
0.90717212627018
0.951509893877235
0.780587553847257
0.92228451517954
0.66579188966587
0.751000184113975
0.821533364939241
1.0327861774988
0.752264598266873
0.869702377674376
0.811875415626345
0.671724323218961
0.825676280734589
0.91174403828826
0.794082991390665
0.768319331197055
0.860448202000164
0.87259346999527
1.02582179385999
0.886294349442173
0.891515270093188
0.896198278067202
1.01169338399937
0.812339220072806
0.846686262932389
0.95986396470461
0.766010530723129
0.973831064011945
0.962407981038772
0.673800956795035
0.887351374603738
1.03374009191466
0.920055250021165
0.748574866639094
0.95846435849295
0.779818454919068
0.894727208651034
0.869976554282735
0.765483019471997
0.85859949411842
1.05886701173151
0.83920609097293
0.842995171720721
1.00038207151306
0.944764519219617
0.87568441093531
0.953374696003941
0.880970332639273
0.891618690476208
0.926135202167413
1.02514484618868
1.03137233262443
0.836277041432243
0.907095101255463
1.06884923294629
1.06386644268695
1.01843201225144
1.00657268990377
0.957100657573065
0.829603864233939
1.02249802097524
0.983315746474288
0.899920540561893
0.800412789765942
1.01362261369195
0.988748985354736
0.779641960866634
0.777387864749941
0.822274261644284
0.970716941310912
0.842790775989219
0.946847991758404
0.843875513852808
0.973537730847844
1.03052875344464
1.1003914057552
0.997192433297631
0.999284382231576
1.00245115901123
0.967914499141839
1.04075489403281
1.0273648707868
0.968687698554572
1.03627094041729
1.25351107803451
1.1182318641154
1.00571482276754
