"x"
-1.20711561514698
-1.08855572662968
-1.10900179700735
-0.895394899168507
-0.9341823294473
-0.939682247833124
-1.01136058027756
-0.914404934551026
-1.14671164829174
-1.02513355460901
-1.01619768221818
-0.97931186507529
-0.89936377940067
-0.85200916105495
-0.921922721628986
-0.969967936035826
-0.993416281317882
-0.973006052252737
-0.950581468610371
-0.883421969679799
-0.924880732755199
-0.96543141124324
-0.860627613944557
-0.907369369158864
-0.965543310034139
-0.821221433712733
-0.921410188686953
-0.878010695188028
-0.930092356299135
-0.957316440649716
-0.979577854954705
-1.02581173320529
-0.914475863212421
-0.91832390507787
-1.01843849581475
-0.958771120342259
-0.915193847759398
-0.90069636477613
-0.80687759229493
-0.848457029134378
-0.903316393365465
-0.781611866113066
-0.802604390778848
-0.796630099593798
-0.989669685736576
-0.879248157846205
-0.880341000134852
-0.952236585942951
-0.915177206086241
-0.887042499511806
-0.802635904807863
-0.995413360562897
-0.846527178462376
-0.870806493623336
-0.90190642222931
-1.04967383169623
-0.924439791856703
-0.925725756914866
-0.954483535113191
-0.892573700731334
-0.708627699713296
-0.934052735417997
-0.904850581744495
-0.760735682762688
-0.810859506748042
-0.698354455304425
-0.891740181826525
-0.858887883185086
-0.823747425700332
-0.821186663643346
-0.860327717110714
-0.837110213912163
-1.0629734475828
-0.951978937277881
-0.965089499410303
-0.922114028135018
-0.851501198134509
-0.704150019555198
-0.758607419123378
-0.82443958839476
-0.836497115638703
-0.86181520385592
-0.866970206864048
-0.835161881423153
-0.797565607950781
-0.734499624852246
-0.805173177285383
-0.87898844323995
-0.86430546466855
-0.782808817209483
-0.706186134092318
-0.712899766567209
-0.775875685158601
-0.624635856719951
-0.815738669310982
-0.895150094433157
-0.844579132755856
-0.717726776944409
-0.784407387773123
-0.736423094230326
-0.871315120753456
-0.781564692874855
-0.839145910207635
-0.87837066199413
-0.821266657618358
-0.881033713303918
-0.782923417461326
-0.789313357100039
-0.804536569972999
-0.791060909701649
-0.821929551011955
-0.803984680737739
-0.77712634805761
-0.61188494390501
-0.779597204747381
-0.899908829588113
-0.663616389815926
-0.713943635864811
-0.644530793700231
-0.66495162429947
-0.662249859053604
-0.789092906079537
-0.726621775832158
-0.799067861921627
-0.707294094752452
-0.679428335482174
-0.704340226652468
-0.571293093459319
-0.685986725722395
-0.801343824950371
-0.67446384703083
-0.854686572281683
-0.613550239375686
-0.616802702292043
-0.731022088504898
-0.776960420118332
-0.732797717297286
-0.736879636020562
-0.658915031167191
-0.775458097207432
-0.68085805172381
-0.777925983119748
-0.782685552527159
-0.842230701934588
-0.635292320227562
-0.758772997106433
-0.637557809094292
-0.776455035294988
-0.765932836649654
-0.735593773014333
-0.542419027970889
-0.671152170268724
-0.761973311929804
-0.57986180497612
-0.76420607409152
-0.729710353404111
-0.591693121930153
-0.727915260851575
-0.785128412691986
-0.742007668009372
-0.684254141648779
-0.808390158331645
-0.602290424719974
-0.597759967061464
-0.684232695466471
-0.564137231093571
-0.5565983092268
-0.722331215151731
-0.531455195124404
-0.779186401595198
-0.734023041777164
-0.66770272733181
-0.738306666603629
-0.562590434126821
-0.711317317290051
-0.670498901354104
-0.678789934961762
-0.623532265841439
-0.686922510951229
-0.66953587857877
-0.702175621692142
-0.615679886309022
-0.590864582659321
-0.559093367444854
-0.681334297822075
-0.638259009316465
-0.596708241667993
-0.660346895820759
-0.666387290189342
-0.838246162760365
-0.515582036865285
-0.674575921993524
-0.630540025406088
-0.640785538535755
-0.641378142424492
-0.671514601492529
-0.548407816062785
-0.720611507260264
-0.548127306316182
-0.578098559884066
-0.594051556522221
-0.700327707273903
-0.644171418136487
-0.631272441391034
-0.62714322769254
-0.656340829581894
-0.427270329829287
-0.508178535905285
-0.760056167324149
-0.6466928758342
-0.562311275576061
-0.468199658589011
-0.525323414512896
-0.515427913214152
-0.709010155344306
-0.434070025771213
-0.427259772484813
-0.701161721211415
-0.63092696527934
-0.556792258672546
-0.542976709784793
-0.50437553503541
-0.649243086382945
-0.420058276559461
-0.492104093498219
-0.631262080402964
-0.669112553919311
-0.474841830910495
-0.397612295771158
-0.447911304783733
-0.611819608144604
-0.561696384401829
-0.378830750051936
-0.576021191602777
-0.50469939397875
-0.541379133747527
-0.578412552072915
-0.408505290077266
-0.566254484918228
-0.521571146054727
-0.576414391975184
-0.416066035285899
-0.581028171874847
-0.484140952648466
-0.391210878337551
-0.52606889071043
-0.584442529410928
-0.564207110369039
-0.432427632854719
-0.475196476585198
-0.592917996138863
-0.54198811376991
-0.545526468961158
-0.555668735431586
-0.668614665509071
-0.474241566318122
-0.411058616554276
-0.386177743524387
-0.45919449650713
-0.539225269917354
-0.464065059877211
-0.424890318377873
-0.560160462563089
-0.384334592266482
-0.488300299427709
-0.421591863828845
-0.481771264648369
-0.48549651975343
-0.353594885002723
-0.343147540295978
-0.483511300403244
-0.541081236884395
-0.46887827603834
-0.313424427370742
-0.458698208546815
-0.437703808444452
-0.394910172671584
-0.503167976994675
-0.555718587125622
-0.479793957060083
-0.318983880674062
-0.369007959062038
-0.524331665946138
-0.421533223736035
-0.372828053370906
-0.347011646691653
-0.458614891434776
-0.482522473784552
-0.307967310172811
-0.347120420364503
-0.395812151018963
-0.573604958072565
-0.394722582161291
-0.430909528191833
-0.434499518569597
-0.302466166643319
-0.541726557922161
-0.349977845266414
-0.470871481629223
-0.496771242816478
-0.346434540128635
-0.412749033198669
-0.352906982827177
-0.409345245936039
-0.23699191536434
-0.236025744750728
-0.396342881402366
-0.433488605360249
-0.294657895310716
-0.484971407533564
-0.309716792392098
-0.573935356572084
-0.465444237994399
-0.264767244825698
-0.392953638065909
-0.277895361373465
-0.384940626706082
-0.534817111998348
-0.275912233089123
-0.300743160851716
-0.301325200562703
-0.339921811933994
-0.227351727059647
-0.212395289240894
-0.315373076524048
-0.34707492013461
-0.360827858015255
-0.301817379266332
-0.46791833503457
-0.362366733426801
-0.360532422001971
-0.311504915001392
-0.134136918589328
-0.412021580666763
-0.437399487640545
-0.435925987403686
-0.334157667032831
-0.383128594467719
-0.291714540940084
-0.404248806932
-0.302490125799597
-0.414173515968622
-0.315617557999575
-0.247691829333526
-0.343998173107846
-0.288212765902496
-0.412764736850428
-0.314440671403998
-0.267205720105184
-0.28458738537313
-0.474771243482246
-0.361504336755288
-0.251618669455554
-0.200835525548553
-0.288080086834225
-0.359602954785268
-0.3026036931731
-0.366178781513607
-0.195184393830862
-0.322947077657244
-0.240677836845441
-0.391686070171143
-0.346297797762842
-0.327036396874915
-0.269877204953593
-0.397887710065731
-0.293284340352783
-0.245308499694662
-0.130494592813765
-0.125847179411226
-0.169625893217249
-0.310464957848685
-0.314764233439385
-0.218093105063404
-0.310656081359126
-0.17331470960072
-0.295134750268374
-0.0369878328821094
-0.285651955657627
-0.443436358987659
-0.344138190644334
-0.221566014965104
-0.161526697479474
-0.380885581848952
-0.36250814815241
-0.272104981986243
-0.155702897339988
-0.150281050201586
-0.24732484543712
-0.168899028241106
-0.269688783878801
-0.134028949967326
-0.138815200620057
-0.371309538211982
-0.171926661323605
-0.303142535076984
-0.203858561298767
-0.167039731401794
-0.186312234819513
-0.225064229843227
-0.117007087826481
-0.18180028717458
-0.325197019378016
-0.227785922770236
-0.0833748685521681
-0.33942311971959
-0.18914671945357
-0.194676796870201
0.0134937713690109
-0.174584917524259
-0.140432625363375
-0.0844486643923581
-0.239751647288901
-0.193640619591629
-0.15423015504716
-0.342682355107148
-0.102522480081974
-0.311200323746647
-0.156584973284623
-0.0898040168332253
-0.237682575141056
-0.148731567870634
-0.224595617480058
-0.232193765420679
-0.257459030497689
-0.097456069812214
-0.131586942158995
-0.0508833680266208
-0.180967297590932
-0.0818716312430558
-0.213810318995529
-0.274018602859092
-0.239057349759357
-0.172020837880034
-0.214362757144449
-0.0569158543800322
-0.174138686312357
-0.0349849692374461
-0.0632067664096359
0.057957393280746
-0.0241219474369394
-0.1105543222736
0.0206421674555484
-0.1956354261238
-0.175691405221326
-0.110068219823567
-0.112578487018941
-0.0127879429972364
-0.179697562914823
-0.0563749182140749
-0.140189246329988
-0.0407625116674003
-0.204262239842889
-0.172081959167622
-0.162908450925382
-0.0604670861288034
-0.0710684223811341
-0.0290222885637764
-0.196533824872081
-0.189977361373215
-0.115318074919866
-0.0283565042000603
-0.175532230705223
-0.176896843401071
-0.180303595138809
0.0341146630346212
-0.0707665849610223
-0.0373725774401321
-0.130614463452323
-0.161070964380794
-0.164150861937359
-0.149986997204209
-0.21031111486594
-0.127247119183336
-0.0743003861890998
-0.109470081155132
0.0834380175216164
0.00941331395886385
-0.129118125505325
-0.101927263214715
-0.123339474592756
-0.0168455924043561
-0.117175346541549
-0.187100998241451
0.0952215677604449
0.109182449497351
0.056718262816124
0.0495535012056014
-0.196533243519008
-0.0623276931290043
-0.0359495586819817
-0.0439215493303251
-0.0321905644370431
0.0392918678593566
0.0586193628050943
-0.162775971160457
-0.180890947411904
0.0987149052290366
-0.0899658878442767
0.0106223134009577
0.0429301694648251
-0.0913126623423867
0.0639354506010667
0.0657224155481639
0.0313060940869453
0.032643983414191
-0.104351728292571
-0.192139617582274
0.10617619569221
-0.121248939616695
-0.0434682083956143
-0.0169942775766724
0.0853049456523941
-0.0889435486632105
0.0343800588091565
0.177408430986654
-0.0389960110678601
0.0399336281798073
0.12498411986765
0.0866579235272698
-0.00665155067889965
0.123301516598737
0.0022105128661936
0.0586480963636201
-0.0239118792787309
0.205718208039195
0.155722809199386
0.116073539832656
0.0439038334940068
0.0762184526339953
0.0974186713047078
0.0387909346292406
0.0299006853792606
0.131586710602991
0.0421901348038517
0.120450097277324
0.0337365634925085
0.0153035392944359
0.117135245992058
0.00692003830984343
-0.00922501878942346
0.141607569367135
0.096276640079235
0.0258702364891708
-0.0341481645522602
-0.00732155891936459
0.193919328788612
-0.0415477441126768
0.141441449617033
0.00657692005839332
0.0511754960137833
0.0846074508989084
0.00852801810615446
0.1750879102631
0.0875009013298247
0.244157141882129
0.037673767661616
0.177460716929629
0.00744108290741588
0.157460014884866
0.0261187193879799
-0.103643037824476
0.102481539521204
0.0935008538623882
0.209773756878526
0.242788442228196
0.241923478631512
0.018661212483725
0.107668193960529
0.239496601708179
0.140439360113902
0.114724979160461
0.111015437135096
0.104489360058625
0.14444030297887
0.139349285596833
0.0184317003838941
0.131188821584437
0.19275219230533
0.060270570670555
0.338223709185411
0.0303209383639317
0.203766639843686
0.185009481012258
0.185201621567052
0.110251762007047
0.2090151575146
0.111812062751886
0.175329792532847
0.313759545323191
0.317170264207527
0.264732468269081
0.122258315580127
0.08662729932318
0.123946100859094
0.188758372257253
0.128925268485102
0.232182319139463
0.136278448153874
0.305207837343719
0.104314664834685
0.0722036172765728
0.210654214953452
0.174431551803607
0.388567386051021
0.331414803302385
0.198445910623428
0.348138284141009
0.229029180904592
0.214659316140352
0.261260057537306
0.233829126580366
0.200738835314309
0.143796821102342
0.273072296507519
0.278225230259152
0.302186851320629
0.242114008260071
0.345137618534769
0.244401819610422
0.358429903791143
0.202283013508065
0.149242929235312
0.246453950234136
0.282797576507841
0.275267794115642
0.172790239097173
0.345101902993073
0.24145250938364
0.296952816167268
0.26924224630146
0.137155257897999
0.0941593385282618
0.187447286971141
0.401103063213877
0.269565750960575
0.255540489657558
0.308603038394179
0.347032030943305
0.22646313146377
0.0710882721568337
0.365581502353601
0.294164869088634
0.223669353806747
0.35017159058615
0.074637250140496
0.333817234724076
0.176552974355986
0.226936009491797
0.267812692911491
0.279770677214802
0.251144751780065
0.384004619584704
0.326265871889985
0.417274474317961
0.401790161133913
0.425906388259053
0.224009538995242
0.404245145559744
0.279220428416041
0.329896758798817
0.217073394909442
0.39316541471485
0.213828569954856
0.527599500199073
0.445746742924637
0.281156880880511
0.351159285520609
0.390204924549659
0.367102270615189
0.263766714093414
0.266675349230641
0.327499970974254
0.344080785697163
0.408339306235329
0.40401649361651
0.253811643031326
0.460532500818077
0.456684416720749
0.406776620196171
0.483453923646845
0.488559487514283
0.341489998385141
0.417051069368358
0.535527458739986
0.16987694449648
0.351216459696744
0.423715621428674
0.272219643290091
0.287237678570574
0.250758447021351
0.52450984660919
0.372949862776136
0.308792549216662
0.488219286422692
0.406029068400529
0.398921578288523
0.396728856783488
0.44018809015414
0.369050793308098
0.478203281064186
0.431935057020735
0.430858504319647
0.388733975415327
0.441777229160972
0.357444455278707
0.388475045084996
0.433978516508262
0.378087895567664
0.417701542732478
0.423647832611637
0.278084737961012
0.38281640338308
0.389180028249053
0.49248552437224
0.392508570563507
0.458224276304638
0.366766108890948
0.425506431426993
0.443604896017306
0.27468703082044
0.399007682987973
0.547337910340963
0.48141476326443
0.559352502151195
0.621149689797711
0.428703424764508
0.44850963334409
0.328357556402247
0.540167978978786
0.492005304048229
0.340079624477514
0.556159836229157
0.498244536711818
0.472927504240345
0.583107996357475
0.409965935683532
0.543154403195713
0.522954437600902
0.556450706521041
0.424917195645437
0.568477586126308
0.414085193675245
0.552170295514248
0.416170503019112
0.390017011461798
0.450827040653533
0.730154240321925
0.512464922692539
0.489061379698939
0.4327431666662
0.498945340398723
0.567444377426684
0.546883091814388
0.402182935142198
0.573855144523518
0.671826549580309
0.470962987882045
0.452453665151939
0.43161729952936
0.364569280386963
0.511071110044521
0.558792230124405
0.463080348320221
0.530670220309649
0.524895993775303
0.45829254038342
0.441322517853031
0.522678711544397
0.542759963936727
0.603008029941066
0.645635186138274
0.622261933201487
0.369738494230848
0.50310733292872
0.585871055032571
0.601007628365235
0.594700327047841
0.433700765233833
0.553014390348344
0.620093169905031
0.621309319348792
0.551718464796391
0.660028067876536
0.568182711248421
0.541254156187912
0.62597853133237
0.551934374973874
0.676063038265543
0.569172940744462
0.598806160075682
0.367479344687483
0.46297172581359
0.60401845937862
0.548497080659519
0.590565373843046
0.552425342105475
0.589715991365926
0.537872262476199
0.551484117702008
0.620843534134754
0.566715115241334
0.455903872441407
0.837644734214122
0.662895134933188
0.579683007795694
0.612309195854681
0.713435575557586
0.495019241764259
0.697243021999491
0.611549185258371
0.605891806544624
0.588936821500271
0.649465156009487
0.629650418163091
0.633653349698798
0.736445009617475
0.572440741918648
0.724771813585148
0.564793941688481
0.59775026440107
0.700529774129075
0.599466819079606
0.592161749537231
0.762144169858572
0.752617439897289
0.621338460993087
0.655672593720303
0.676913972801728
0.713216906721087
0.718783129471797
0.666471645862833
0.748766376676491
0.771676869773851
0.740522372983684
0.587246854578594
0.61400519372539
0.719224005353708
0.759181067448758
0.754328362012565
0.655337115364596
0.514593678233726
0.616802198281947
0.791812973847276
0.607940673546388
0.7129306129753
0.705770506575348
0.80327118983605
0.668924478698559
0.624005707721347
0.57937436155247
0.787682479296584
0.746878806134225
0.593072601826832
0.668588304399905
0.662253201172987
0.704752661801854
0.708291542684565
0.672992787535673
0.733836569677551
0.598534857144758
0.892488056873884
0.637832504240909
0.544300359258254
0.748092473841571
0.73643210135974
0.753151965704517
0.683788298778465
0.84093100518925
0.701449437011731
0.740445435300463
0.693346992382406
0.721124746284063
0.689915702025944
0.833437726466914
0.884629906768947
0.888610209217522
0.75599074755542
0.668329956568187
0.567281448083128
0.714826554098302
0.723806026108192
0.822394504850832
0.751335107082422
0.677599085870378
0.889135685106639
0.703064225435482
0.871931447106348
0.752535894576106
0.674700801566567
0.863508908970635
0.717135889149555
0.950841926569371
0.746555282765354
0.681511698538219
0.827854773391996
0.827197529879949
0.69788322719938
0.747897318798615
0.75604511266797
0.855254544970678
0.755356465084305
0.811152762718597
0.674884556467744
0.644628944869609
0.844280215330169
0.819856979784732
0.819320661382134
0.848280689830139
0.832868356997627
0.933205693242596
0.823725128979729
0.794435290514327
0.899199805401662
0.954800315095345
0.773422339767577
0.918487663857317
0.684967122569122
0.740932074499883
0.827966128495912
1.02515502131572
0.751238290937418
0.884524035672519
0.828251838828985
0.687472668135861
0.841716098283655
0.914949022125126
0.793217394673058
0.760785184129916
0.879649937073314
0.887036980614825
1.04229628281162
0.868457990520626
0.875378762137845
0.895263789595329
0.99252200060236
0.796691686032639
0.84467551792425
0.955594587648925
0.747461709481965
0.950626200081953
0.957854954993059
0.692262238076321
0.912488512737619
1.02097891296203
0.913599626135637
0.736443066582504
0.938438131250054
0.797928443354653
0.90965103144157
0.867258389453073
0.751226338385095
0.878132764450289
1.04624878939568
0.844445842554555
0.823431125617264
0.980304675257923
0.953093476875692
0.875556725724332
0.952522980379075
0.875483431138474
0.8810357074085
0.917596115732353
1.03978627258696
1.03538273774478
0.85651727918491
0.923418042096622
1.08383541019823
1.06075730709116
1.01612003662219
0.958505739731623
0.947565613554202
0.847961200002177
1.0249317426527
0.979268595971929
0.904947314077326
0.798327676343531
1.02097454113018
1.00201720201034
0.790192293857063
0.768982499103875
0.816952097963413
0.968027850695485
0.847813109591015
0.947801384401347
0.844033025231513
0.961726558917176
1.03239238499374
1.07074678264629
1.00364904414038
0.988924626703731
1.01083328307571
0.977962595079921
1.02062573131367
1.04837334877852
0.976109768941568
1.05848921593784
1.28098044622905
1.13346998004326
1.0005547477514
