"x"
-1.06894509096319
-1.12391582352209
-1.00627519706319
-0.957058935245511
-1.04180495224364
-0.996343955113556
-1.09055676688672
-0.967755363965708
-1.13840058418605
-1.03136264569189
-0.959370075105434
-1.01668935030306
-1.01141268824294
-1.12785245971707
-1.1091976441259
-0.99248696349203
-1.04289922546868
-1.09121134061803
-0.828827301922795
-1.04438330698012
-0.998648920013389
-0.898406970813194
-0.933094667209912
-0.974684398704065
-0.903678847607403
-0.860110459823649
-0.98568290656171
-0.849883947119717
-0.921519770489302
-0.88736719008471
-0.928199626705389
-0.922003689324388
-0.994280475054994
-0.812391884171041
-0.876850319065328
-1.04881966727214
-1.03558120507018
-0.94764108626629
-0.885868274983774
-0.978379276092758
-1.04400998354847
-0.791798204398828
-0.974942387629295
-0.98715384055971
-0.941860308578266
-0.936252798248015
-0.987068108200518
-0.938138972100592
-0.858154033303658
-0.969045369495807
-0.906889327268798
-0.956570952643851
-0.890815964825347
-1.06429727572168
-0.888451102134614
-1.00593615574984
-0.924273847247469
-0.726426648908736
-0.795266149875167
-0.892416201002718
-0.887772039917824
-0.894529677238672
-0.715767394029318
-0.880988895627645
-0.945059527922637
-0.865627343793911
-0.910959013030539
-0.989085127864289
-0.990820212749955
-0.847318040435614
-0.779982966910395
-0.87730787443159
-0.81162128601212
-0.824347970164863
-0.954100153122606
-0.858897392460851
-0.901768320064371
-0.65161126819201
-0.847586948749009
-0.73800858094559
-0.717115910543423
-0.762337157260722
-0.877235987519233
-0.880375962269351
-0.993779005357533
-0.828235005431615
-0.802170724489863
-0.896082348040208
-0.80332478718435
-0.886652982684647
-0.782081656984933
-0.841464675936039
-0.926378900415243
-0.803427126369592
-0.788684522505096
-0.717011317049973
-0.733489178154823
-0.729190419052005
-0.702429560851088
-0.709756138269579
-0.863275027056936
-0.74402045676791
-0.613770577763615
-0.88787764049943
-0.803431509023252
-0.790642633075282
-0.863901686870649
-0.811530424739751
-0.773056349927182
-0.700090355313888
-0.710963102818586
-0.800446945870381
-0.712606673624379
-0.869331994310108
-0.693897698034526
-0.922396148435258
-0.724564986727936
-0.890317803004085
-0.673432098628639
-0.876901652114878
-0.728001449101544
-0.809995330154514
-0.799554557890742
-0.980626172325118
-0.74366082807809
-0.845084196785283
-0.74919518112431
-0.638955691905601
-0.709551805936348
-0.687157529664882
-0.69476915280151
-0.793039750386243
-0.785708108795029
-0.889676516821684
-0.900834598668815
-0.807089915690943
-0.623447589043981
-0.617301076495622
-0.747876579089592
-0.671817587321499
-0.817721734545992
-0.485549301008723
-0.682229915840132
-0.754910079061273
-0.637926217745224
-0.519777885684616
-0.886343829334941
-0.541592318430822
-0.682110235915947
-0.600227945089455
-0.808842617905215
-0.657967010900159
-0.780257987318674
-0.731472708454888
-0.597726343401602
-0.643781961415329
-0.590724791944801
-0.619590580785524
-0.604506363282421
-0.688892933793403
-0.617472763935939
-0.708469027295595
-0.615248280382663
-0.520426746968198
-0.646376880395925
-0.63225944189597
-0.701081048000641
-0.587929461317316
-0.586011142760734
-0.686220031547003
-0.767963522742724
-0.607958119277731
-0.637379837959826
-0.639090871312809
-0.582966003272696
-0.500318920522078
-0.571187566172525
-0.587831213100804
-0.652490479527246
-0.679129478262835
-0.74117321321341
-0.685504224471567
-0.446511135334177
-0.591644765863411
-0.602829245591352
-0.691359621694466
-0.555522363393117
-0.590978214689218
-0.733777329627484
-0.60448323827965
-0.689402773192881
-0.59631158898024
-0.719935113425932
-0.713726832843838
-0.504945484766894
-0.63546735280387
-0.657601044256971
-0.681618926320157
-0.733643326865893
-0.50589449064019
-0.677138820391135
-0.626862914071519
-0.641363185504259
-0.605946377459576
-0.586182178145422
-0.532596507144006
-0.646872932317767
-0.593006698163623
-0.61187318937288
-0.496843861845903
-0.489856136508032
-0.477546794246193
-0.572572655064287
-0.49645584453029
-0.499782470453303
-0.550326382178849
-0.477380572711289
-0.486560324098334
-0.589186414282816
-0.571973018958603
-0.55958703464051
-0.603172163647557
-0.626643494424001
-0.526553307931495
-0.418914539730964
-0.567035216645081
-0.49243805767839
-0.596333255279789
-0.520789363588034
-0.475615791186833
-0.431325246618263
-0.594342346177471
-0.506126668591401
-0.519553972952356
-0.553172598546483
-0.480250993125892
-0.549100545558499
-0.523809139885732
-0.57576232559787
-0.535916442449018
-0.600150590952559
-0.570584119043992
-0.477779761720455
-0.636453199272438
-0.529121702247778
-0.542795149083375
-0.494688658047994
-0.546953547662744
-0.472265231361576
-0.530943828506734
-0.528197300561186
-0.608409495484784
-0.378050772047941
-0.626589878075239
-0.478775393275581
-0.575930408128924
-0.505383005239602
-0.529550464340259
-0.474916879629405
-0.504589527032035
-0.621557129404049
-0.62976838677827
-0.359270334789566
-0.549719051746119
-0.429576537795481
-0.484338350180444
-0.425161558386015
-0.509428285305912
-0.420182744583883
-0.390343319493135
-0.327268286841688
-0.444543084698385
-0.571234173213641
-0.457482938348003
-0.421011625266982
-0.333506170455731
-0.451785828026047
-0.489057119754703
-0.523981479239613
-0.434758630768948
-0.48312322226474
-0.532572585148574
-0.326350519800441
-0.412821229333697
-0.458158124275685
-0.378830002650367
-0.383714137205914
-0.330735302756773
-0.320442839785464
-0.35374980248138
-0.43379415461501
-0.270449169227564
-0.330292236862545
-0.526720454351947
-0.375794177678215
-0.407391145692099
-0.452354944688127
-0.23622464348412
-0.425672138773903
-0.403626115146627
-0.41591786903519
-0.360490430214568
-0.362516140684509
-0.497773883908549
-0.31052088891208
-0.390149056385562
-0.382867804413615
-0.456839338135519
-0.463958977403512
-0.358437747988338
-0.430270564054598
-0.302735960417879
-0.283198959996118
-0.419205774913512
-0.321639724643287
-0.317918791095257
-0.434690479160186
-0.191643452863333
-0.441653261303937
-0.260386769513788
-0.36611430218297
-0.383945995634065
-0.405155437778793
-0.412163595846412
-0.382341821667007
-0.444288709485882
-0.131908586857018
-0.336057586928938
-0.340918124814317
-0.14242213424444
-0.332265926930724
-0.25347971548242
-0.359232474669758
-0.316312039693351
-0.351027144464709
-0.428865613764899
-0.31649754335843
-0.413997277263486
-0.407891526364209
-0.237003271957154
-0.327420470429609
-0.375937197869976
-0.263986141631887
-0.430744174949398
-0.366840791003002
-0.238103905314495
-0.362033578705069
-0.47027869247026
-0.41722091127382
-0.198691787200681
-0.301992755993719
-0.302101983508937
-0.209330163083701
-0.27334387843351
-0.193544727738853
-0.250243120800833
-0.327683039001206
-0.270937823070246
-0.410110684493401
-0.223291937545532
-0.373300826923216
-0.397078733437493
-0.303696421763419
-0.295574636781884
-0.180118788812972
-0.396732144032009
-0.30850787966402
-0.305853657595712
-0.154255216146817
-0.199752833614125
-0.237111776041763
-0.302847571049901
-0.255786381732418
-0.405673467329677
-0.246481962453883
-0.219972652675914
-0.303250980359004
-0.248031876691698
-0.333566852758983
-0.373741417301916
-0.277487849532949
-0.234241751555613
-0.38274657535045
-0.21692604762623
-0.352977867163383
-0.321324074824094
-0.384790365629909
-0.182836238336826
-0.203648715525644
-0.208835670775747
-0.173041422660782
-0.159151271375901
-0.272964298419068
-0.0791474947572222
-0.36553709325754
-0.23689719575719
-0.207014412495835
-0.151837271795917
-0.27738527082598
-0.313102045447128
-0.245946616657232
-0.116535994840231
-0.181251256859909
-0.296730611468835
-0.351335788674553
-0.033133939537327
-0.0601761044151532
-0.34981764830211
-0.210939932969605
-0.226495775273554
-0.263305296460059
-0.0263902863994609
-0.178694540070896
-0.252505678247251
-0.21989674190735
-0.153003591512921
-0.225125465255531
-0.165474434505198
-0.0715418136355061
-0.179563133991356
-0.0768506611931363
-0.199806675014075
-0.147604557964755
-0.215584378964131
-0.22750979818228
-0.0570282481129613
-0.0962048289840271
-0.171361490183441
-0.0796314560800952
-0.00710718095158263
-0.0750488001734519
-0.0806281389134702
-0.25403306553065
-0.162914977133727
-0.0807369760168714
-0.0430416891357844
-0.0608370891849187
-0.0606053711378908
0.0535984101887913
0.023738538767365
-0.245407652229109
-0.138261194246432
-0.0594639085112223
0.0844269232901819
-0.147132870830317
-0.0649915513174231
-0.163232449281153
-0.0590512733739937
-0.0633258494951216
-0.291166154568464
-0.121445063694494
-0.0959004091013206
-0.121821823815462
-0.195673331792136
-0.0329436868398386
-0.0909757214583279
-0.0336905813115853
-0.0177240842766441
-0.0407190450865569
-0.129872974651421
-0.0869107073407493
0.00584483853492369
-0.0420180100040858
-0.0344111817730422
-0.187747713314587
-0.102693441260715
-0.0557295475029298
-0.148748746380143
-0.150192022670844
-0.144365770791152
-0.0640439066316331
0.156713551472193
0.078721104710641
-0.0918640376676719
-0.0237393567610343
-0.028738436366144
0.047589036111199
0.114775250071344
-0.00795255338076985
-0.0707701074188415
0.00911261435808734
0.095723590073833
0.000987579670829179
-0.00741950394004691
-0.0237153194631711
-0.0061002394072413
0.0147276021063977
-0.0973027036918728
-0.0474355800129732
-0.0080821882110671
-0.0230520519553616
0.0283402710937446
-0.140105940002723
0.11534906854272
-0.0466416490661404
0.0616338860394344
0.00566370817349746
0.0417892815446471
-0.0768137092319266
-0.047822275503501
0.0134044355760842
0.128962742657853
0.0415454875728837
-0.041495336350114
-0.110596891065614
0.208828036763805
-0.0156345357668965
-0.030645728996814
0.0912304712960748
0.14296428542033
-0.0380186114992176
-0.0302424111897331
-0.0804167384408293
0.00155001618741666
0.146829116430543
0.0517125368906102
0.144931235178333
0.0543489293407483
-0.0284032993764389
0.197150426832201
0.132556598308669
-0.0587882539621936
-0.0921282397812309
-0.0631404131102661
-0.0769635389927767
0.0387391838142767
0.0890028347284966
0.208782115953027
0.125690684732233
0.029149238372777
0.066708817872404
0.0668190846467546
0.0329607809338369
0.11037862258025
0.357745175582369
0.135783099738043
0.0739074495114464
-0.0139891214642401
0.0737149651208606
0.0910030432137291
0.122780673551646
0.155263596350067
-0.0310724590760433
0.0677452546605048
0.211407800489866
0.0828775149256194
-0.00953516320263582
0.122922148636632
0.0223930006434721
0.130606203506813
0.0893415231803996
0.0988903239324192
0.163027867231641
0.0827437748871494
0.0671138665003866
0.103951818613498
0.0372623117774305
0.120920539015292
0.126392642884382
0.113600713203428
0.208649133292713
-0.0681308898102236
0.0783164416267974
0.171548263228023
0.243967448401756
0.0459447395774457
0.0376939302054976
0.19477417153817
-0.0206104454708688
0.189322799483618
0.026580600064357
0.248632877931066
0.191097886137696
0.126099381824253
0.118888887901095
0.0764487571596408
0.256631428239787
0.0858045238682632
0.230817004792488
0.0220683881917324
0.256072388569041
0.229448048606287
0.133702600453264
0.0646675938768959
0.359449016646028
0.240951085805645
0.226929058500955
0.178468957881259
0.0872537074790277
0.0468984278602302
0.112917489459152
0.0354871554606961
0.251085802371164
0.287675704321034
-0.0323594085655146
0.257708221769935
0.300885788084759
0.238399475436617
0.239580656863836
0.198723454515983
0.153560601383657
0.176176524692257
0.28395373138008
0.0838115310824589
0.341187684241169
0.301342356728888
0.16843945824152
0.235291068829725
0.260109404056463
0.281591331400721
0.288802368821913
0.111755960183531
0.199023842003961
0.266401280414675
0.247348055390519
0.379981218460273
0.255336244587719
0.234693904707629
0.269484276704675
0.250758769096706
0.13875050426146
0.253683985699413
0.312172677135172
0.0527368991626692
0.19691861513948
0.244721547836047
0.38193351601045
0.180771631435137
0.373762577832065
0.362382967640933
0.251820920064744
0.149653238865211
0.281261939857903
0.2714602084241
0.34088262891725
0.174158046719222
0.376822474691798
0.442377711317284
0.280578268946823
0.254158846439773
0.24627855497954
0.21830711034638
0.398688155346326
0.444824389017011
0.320946192375378
0.197124055471773
0.126726427284417
0.45342079409074
0.292354827288388
0.225809877828362
0.352692320051844
0.259497385721347
0.409713646829869
0.277420133144882
0.263658092446591
0.247967979328216
0.245414184879262
0.386759592188433
0.291414111485315
0.485972929202423
0.280648838321331
0.364410311247325
0.368143114926131
0.390470889613609
0.310430924424945
0.257799267948687
0.420503278652836
0.317929253955192
0.435172118296215
0.317816789447901
0.441007396486091
0.33419535833894
0.266841989457492
0.350235416285402
0.468109649955914
0.440510649393801
0.402226397773689
0.375948644320514
0.354001713574397
0.343613007186294
0.180088426220311
0.414870746051508
0.19663234535202
0.210021256474716
0.421526151022666
0.438224444686804
0.397649929004795
0.348746664931498
0.343387191554142
0.371173746092547
0.366590936306944
0.370047713669757
0.33926973197014
0.336371463869464
0.372879792698765
0.322701367594617
0.278500461036897
0.380001014840228
0.443894630919891
0.36783616385419
0.40554183374179
0.313135922811852
0.353395627802071
0.30614299357836
0.245689670765707
0.56568496719116
0.455733333657947
0.337830255026042
0.421779156471827
0.541922506073129
0.4430985069594
0.450353598983687
0.338715423811284
0.364598770847263
0.405040854156267
0.349267521760159
0.326076364964299
0.404200725184384
0.297053956139082
0.43069077252406
0.499362777304975
0.471568073879549
0.455116288573094
0.473455346909544
0.536074425774996
0.452987710539068
0.503138111305528
0.407984475093687
0.631188085616035
0.366446333570482
0.536559274337378
0.43751376771943
0.403023021060229
0.51620515495146
0.419942869369231
0.55428369538018
0.523422586669436
0.317597162124519
0.381086088274219
0.411812683590051
0.386973323598948
0.593722614126079
0.628463169999222
0.676831736624501
0.449148054300431
0.474617657047335
0.581870291407438
0.505369869671018
0.429674224884987
0.471713860330612
0.463485830639931
0.543017100896824
0.4912527450162
0.627471233128472
0.362339609483781
0.628255508075369
0.599711301311008
0.447571741302453
0.630933853735703
0.555496935466454
0.582124773017414
0.651886567984563
0.520702289913903
0.461029594563575
0.461448085208367
0.597248397313395
0.487655926024811
0.482541416203824
0.611257805550432
0.579156818560326
0.513144339766866
0.568160729216175
0.483361943144583
0.740570263144029
0.699888616760944
0.397174972912796
0.452501901413526
0.555445435371257
0.559436112623615
0.477511254007523
0.346089721942236
0.475972073735814
0.552397503189197
0.571886723974504
0.599723448756939
0.435040966937407
0.683267265068646
0.64370310220544
0.568398699070673
0.567733886935622
0.699321211349999
0.432630857594055
0.366073642288315
0.545044721632856
0.543713223756203
0.547080432763865
0.478849736157849
0.421505487707406
0.58408649647368
0.562841662218291
0.841065792632031
0.706389061709605
0.591028425144484
0.618836789813619
0.714870231876177
0.638405021918651
0.662262765181198
0.670388777558493
0.597235664603092
0.579461395588016
0.58126854088976
0.69331874434758
0.513048382991313
0.679725337193421
0.693406598675258
0.674605032793868
0.728272111304482
0.594301643008098
0.696135593236651
0.629304439359127
0.680962458291423
0.609825968789004
0.742447924268558
0.826661415046191
0.822134612133217
0.642138881472708
0.612734133897779
0.677248753283743
0.791338267697411
0.676876913955169
0.70670248934889
0.705117727565759
0.657610656769715
0.553373734229086
0.621347783164566
0.643768430018572
0.582769501800607
0.788510504334298
0.588242892702261
0.596674279975359
0.47701120582379
0.603459335974569
0.657306459710332
0.509863574828037
0.648456869097898
0.640941443134371
0.727012674669282
0.610935472333115
0.722865535154843
0.656048603153665
0.544322972902797
0.625019099422552
0.743272411577551
0.790492403275365
0.83049390105645
0.722218110456982
0.736744666066483
0.780932009251693
0.642595817441872
0.604645826251033
0.757300387233532
0.728245609637965
0.7456398918958
0.759190559376799
0.823571902038798
0.67832436620597
0.819104804608751
0.802823861557476
0.675950954104953
0.632500641668084
0.671829460597416
0.720401246829081
0.850394692241571
0.848569809661886
0.58029277983387
0.694569267876089
0.876852410765098
0.805538110624583
0.816034007117061
0.672231457662256
0.876326729134366
0.792243291244026
0.814823785756008
0.771975293470419
0.788785779747835
0.898252393736288
0.645599169887681
0.827727313845269
0.802522660388848
0.780268214821272
0.734129815514928
0.760268346261649
0.860338148142372
0.805850962965336
0.81217106737197
0.769288397657967
0.782719381450802
0.740935226827748
0.773612499577484
0.846476899172407
0.701497026342041
0.598917203588071
0.959622485143455
0.692731097292891
0.88952579121699
0.878602679671965
0.850435646053813
0.708631223397545
0.837285872583324
0.896358686195637
0.729895020090784
0.816070078081469
0.81696958816476
0.897751940218476
1.00393974137109
0.868545469801118
0.656796688483066
0.76152660221992
0.814825329373358
0.892551292138474
0.791339717836603
0.841058905316504
0.851779212999908
0.835430922149501
0.70405493944169
0.881887552202827
0.84715648496373
0.967438182838351
0.898941825415269
0.734085372414315
0.973395183294072
0.842044623026803
0.801123783786069
0.7490707406305
0.841750272559069
0.795886713266469
0.886317478339473
0.93226027502544
0.866497761085136
1.05580841465852
0.857464301442196
0.886251936336737
0.666896318949546
0.972445331220141
0.967690211262989
0.94380901799378
0.847150752033342
0.939444722508912
0.850552452556744
0.800477309201416
0.80159524768078
1.0587895015296
0.951358346147301
0.860891883661198
0.927559827413284
0.886962719245525
0.899234867848471
0.94824210144523
0.953898685555992
1.01012194333774
1.00381428133611
0.905670401757617
0.81834396706635
0.843078762089562
0.906357675985657
1.01755776591008
0.916251411953215
1.03463568717266
1.03577986630321
1.0194908916507
0.902310703624933
0.811802418117856
0.873179567408395
1.01225053202143
0.841967386168695
0.933796998941248
0.958860465146823
0.927332315661763
0.871170283023855
1.07279074317109
0.906346251491555
0.773191972227509
0.886356019850437
0.875245456059452
1.0088546967155
1.04004172489273
1.06633904260831
0.952686480139164
1.05994692435561
1.11045228136364
0.978894968876539
1.06396077697388
0.974762527624965
1.09247015622745
0.968780534980273
1.02868804212455
1.006194640253
0.932424101972651
0.956072583211545
1.13270243608401
