"x"
-0.926871994528804
-0.837910624324444
-1.06895659076853
-0.857971768259397
-0.862215698669046
-1.05702125821741
-1.09490229883596
-0.9399844095307
-0.941095120122974
-0.916747132025323
-0.993345010078874
-0.98305926043556
-0.96834949606251
-1.17618873401142
-1.0370931868271
-1.00037752262502
-1.00733984364285
-1.02819166881376
-1.05379694254781
-1.03815197391455
-0.971771759051027
-0.86191513366632
-0.980676025336551
-0.845106980852335
-1.0048728795205
-0.954239692063363
-1.04924954928143
-0.998837301740395
-0.974870806320238
-0.885125338630302
-0.946100715338025
-0.828283293647094
-0.855220394416012
-0.893025178422205
-0.78574485604421
-0.889412101141567
-0.730513874587501
-0.998221094535441
-0.861504398077494
-0.908494645555847
-0.904621834822077
-0.8540543117541
-0.880629435013942
-0.885448163954297
-0.835961767990153
-0.833681642897465
-0.91274086526482
-0.941680680167084
-1.0074040532603
-0.773773203086283
-0.881533676706131
-0.890557818728495
-0.724805102271313
-0.867925329575173
-0.833802758377783
-1.00145688119616
-0.866495438838589
-0.983206189155288
-0.846917998711322
-0.888835595729149
-0.763337019647073
-0.917258911683671
-0.824039347320767
-0.923346255720581
-0.97029444462043
-0.924785375194
-0.83484098867459
-0.91154769297008
-0.880572355325348
-0.906219371712764
-0.790249071546445
-0.81996228560672
-0.982932297565535
-0.812625001152948
-0.753815419893142
-0.833694939770994
-0.825835174865253
-0.766729399457887
-0.705486182576567
-0.874575057087839
-0.839419355713485
-0.68626395268219
-0.882168318541606
-0.77740835236084
-0.823571330042741
-0.869592893532468
-0.859185901638891
-0.826485647825604
-0.827531017901107
-0.856848588216528
-0.724464148743789
-0.886507455006846
-0.895366201759357
-0.732717116398197
-0.86807097230931
-0.747607553792525
-0.746912327430953
-0.678950817043456
-0.74307403686583
-0.882034036007698
-0.830551913392405
-1.05031430983748
-0.733830287837751
-0.789071186529235
-0.549225132718768
-0.775183744395264
-0.845184528710864
-0.816219219615438
-0.736189033621656
-0.800893912260133
-0.719217423101153
-0.790771203723565
-0.794298397011009
-0.696303714182363
-0.808048082078213
-0.830262091034555
-0.745751518264028
-0.763916330946869
-0.650057284371143
-0.839304753692109
-0.620769193504732
-0.838515418915558
-0.882082100363452
-0.677626581298605
-0.88517665622664
-0.763548791029147
-0.801081989194021
-0.615463429521074
-0.8720148612739
-0.659272255941384
-0.691805961613789
-0.691404745132882
-0.689122258968638
-0.687073532541158
-0.720432344410411
-0.674619070062213
-0.71626740129424
-0.784703558319888
-0.693513966472762
-0.856775023159934
-0.775678825790477
-0.758639124096231
-0.704428881726869
-0.798369175708444
-0.689050964446105
-0.423111541455797
-0.675995577143759
-0.748748265380925
-0.783389745741314
-0.684170021440656
-0.73850267795252
-0.614124552985721
-0.785028143818506
-0.687215338978735
-0.75344358851178
-0.680230797414004
-0.718650712379857
-0.705225625909181
-0.809655651227711
-0.747712439502471
-0.756864371555682
-0.729282995934883
-0.59419066541557
-0.645525008583155
-0.575568821590754
-0.762181585835564
-0.622147086243288
-0.684712568461471
-0.651133075023337
-0.638602044993258
-0.628556851408914
-0.718402530084411
-0.667210169430545
-0.737061664257116
-0.73291274107708
-0.645431655038082
-0.667902604886593
-0.578938938052083
-0.753095696211032
-0.668799150820123
-0.792012535697432
-0.639987487278758
-0.692958854589423
-0.556517787874313
-0.69683644861059
-0.655725627180298
-0.596940892274514
-0.540605380038962
-0.653823324088003
-0.577163966204892
-0.583070661583615
-0.485128942421711
-0.631159682218628
-0.460076207803091
-0.726534349523608
-0.549033018891874
-0.613139825938598
-0.708413568144146
-0.518085281523354
-0.53074718080326
-0.571045265346894
-0.547724849901367
-0.675686697650298
-0.611394823082035
-0.622799855739656
-0.67546288823298
-0.526560728571746
-0.690654329503471
-0.698795187570957
-0.563636446648784
-0.560372646048678
-0.567274763653526
-0.442699970922938
-0.518239728355986
-0.575635533842876
-0.466392591807392
-0.610150033314211
-0.537292427921599
-0.581024617919122
-0.469616696831571
-0.671237809038945
-0.576821264130715
-0.691372142223612
-0.481971491087395
-0.516151516332756
-0.584537549012098
-0.604500902996842
-0.493946900484384
-0.617840759714812
-0.536727659327993
-0.56855218462101
-0.507504318688828
-0.395454666252436
-0.537995035867667
-0.524145449837913
-0.511061239424437
-0.427051788925295
-0.497187474552504
-0.517152042532561
-0.453640768290614
-0.489878719961725
-0.547636315038648
-0.517685289679289
-0.641460537069529
-0.551061659235733
-0.492544257996859
-0.569016107125007
-0.454481885779055
-0.561530079254515
-0.439486141067713
-0.570381017150511
-0.439593187942005
-0.43301528730538
-0.331294320560671
-0.571147258276968
-0.39440103086501
-0.526571712322974
-0.560727942087015
-0.476512478665958
-0.431668561515456
-0.510015264575476
-0.490650592805179
-0.32259678994623
-0.634828740583346
-0.574463348374298
-0.491669870572701
-0.539147406680274
-0.404203885796322
-0.485522063690348
-0.381584551675821
-0.390337775467812
-0.533517176445457
-0.557062371475732
-0.343858886235145
-0.396287143058521
-0.498738161747608
-0.463813892456377
-0.412845973933553
-0.330892544137141
-0.490016945007637
-0.41641268690334
-0.272253901153404
-0.420007212233977
-0.395966581591466
-0.438194341788163
-0.42825905950175
-0.4739179840161
-0.493619094569854
-0.504371833601135
-0.389578534757155
-0.549869145296699
-0.420340883720815
-0.288581053374429
-0.517397962398271
-0.447805812318826
-0.411683603717945
-0.497229854106309
-0.306103955870071
-0.48644518834253
-0.391638535292903
-0.412800228020446
-0.466055533946514
-0.486837435358526
-0.332687737933872
-0.445618838678339
-0.427889023527513
-0.484656361784608
-0.43076237496337
-0.406189616887206
-0.521566181587693
-0.408751340258942
-0.3776792799776
-0.486606570704094
-0.389432262174094
-0.604827866620497
-0.35177274478974
-0.262006074148146
-0.301337168592031
-0.347392285124685
-0.462408947715122
-0.343027383257156
-0.310850693615864
-0.414033813061205
-0.254321273724744
-0.421167145127452
-0.346180266816156
-0.435169795219306
-0.360606548764682
-0.213622101027155
-0.265640031527327
-0.353980238874379
-0.358815864692747
-0.341802342972852
-0.415723471964639
-0.262839152262439
-0.37922264433138
-0.324278909735923
-0.270005024547926
-0.337558320935319
-0.332834929819883
-0.287983814944668
-0.376280155770025
-0.248667981018025
-0.202870773054903
-0.28408112052799
-0.382268979040716
-0.169413378506405
-0.252851120273713
-0.411860819442498
-0.313979475142604
-0.268424572539173
-0.343069857526992
-0.382030958359141
-0.332287528893623
-0.154924796215524
-0.204182455335194
-0.162920547271519
-0.144554121811078
-0.248011409104942
-0.462279821623283
-0.328590546677234
-0.197662978316055
-0.285427707697143
-0.283823763034017
-0.30288416175878
-0.273310460520983
-0.296862974552732
-0.111450381176883
-0.171823349633271
-0.22778816615264
-0.422826126457696
-0.261014948313677
-0.130365579100492
-0.255792536845644
-0.378609260622843
-0.253551484262643
-0.418269640934257
-0.188672094361096
-0.247450896114859
-0.0829569962644337
-0.11291297220765
-0.179812557296138
-0.212287949150892
-0.230033734211896
-0.232542869200915
-0.314040035442789
-0.21403405331141
-0.149842154262949
-0.108558850381573
-0.282792342333139
-0.15620561559753
-0.200384922877692
-0.00896573168612213
-0.323736771469044
-0.143803709614714
-0.24360180457319
-0.0917226786729089
-0.115496966499247
-0.182930508289543
-0.0594860621399066
-0.248831072609834
-0.300507835689986
-0.267070003846165
-0.0867975866953904
-0.14387977647243
-0.125935135179279
-0.126396270239486
-0.123284560971213
-0.334110873305263
-0.213693021800198
-0.25174333389529
-0.237467929614507
-0.0393851629753369
-0.104746239731485
-0.239438663593605
-0.0798352147324575
-0.118218041652925
-0.0919866225039147
-0.204620680176891
-0.17478701600743
-0.215979716444643
-0.301424840720984
-0.237285871877309
-0.18630330534467
-0.28463023841704
-0.112200619260881
-0.0867454759685621
-0.12653859691676
-0.0448853644102896
-0.126818971939391
-0.183427579022379
-0.0985776094478724
-0.143817232054875
-0.057381188477535
-0.184378500412176
-0.118082777955768
-0.0354311047272165
-0.187015926458309
-0.147175738726551
-0.0900022492537219
-0.1265160134013
-0.100159999363795
-0.122529354179296
-0.0358034259527119
-0.0387256365580992
-0.0909828681878352
-0.224152155345504
-0.0399524748943181
-0.0430724266985742
0.019970052561068
-0.117833533802212
-0.0630551350499543
-0.0865342196013611
-0.0813344176764038
-0.138942126129621
-0.132636309107364
-0.194195504410283
0.0656783005421347
-0.0427226710878443
-0.0125969008161327
-0.136130467826467
-0.0054115084299501
0.0820837723168879
-0.00959378124954799
-0.0698323699216807
0.00984972458735629
0.0539237824304065
-0.119360886081742
-0.145441248945645
-0.0407117242207226
-0.1945134676749
-0.0281668067759151
-0.122666251175766
-0.045743122763591
-0.0305879327005535
-0.036189708351989
-0.0302807181043506
0.123149380323151
0.0463649086818644
-0.115683734465381
-0.0476857698525131
-0.0279949762297349
-0.127804383977545
0.00875177769786628
-0.0851587794606352
-0.0924513669653976
-0.0316466598685977
-0.122589401184689
-0.0624027560223562
-0.177966494591568
0.000866039773705084
-0.0696603033929154
-0.0331910066490948
0.0199263503921949
0.0779204609130594
-0.0695434106762295
-0.0158758224537121
0.0047646234410383
-0.0462081674595897
0.0528016941073352
-0.0862931879653597
-0.0677302987625535
0.0290069313671997
-0.00662213118179679
0.0217256648912349
0.0263365798334704
-0.0466699526238657
0.0458842121879768
0.236205452632494
0.0344090524493046
0.0126344076249765
0.0608282045075777
0.0285677073789819
0.0561658141105634
-0.0899199176152961
0.110778837026436
-0.0415005186703913
0.0508552318670456
-0.0737202138955686
-0.0755885579884037
-0.0222175539777045
0.100688538624506
0.284906099900811
0.016772394496391
0.11675598370859
0.0257181672857649
0.0386508046614566
0.160821528040596
0.0981987596461055
0.0432765470589865
-0.0120833661112719
0.170534501636714
0.0160373105795528
0.202029546210734
0.066989540240156
0.191975082367434
0.209922820861411
0.0492838623191566
0.0466280234065718
0.0716439969551028
0.093193387817532
0.0369071899028795
0.156270909052366
0.145571352723951
0.151665976217703
0.0473985444398262
0.118750395792621
0.0324800348163393
-0.0748231425494312
0.0751775204279312
0.151657638278631
0.0794659913871116
0.102055970104532
0.222722697183299
0.161447679881474
0.0764753401402745
0.124617629767844
0.0843873766176399
-0.0145134775209747
0.15142217241312
0.122122360958969
0.169168846545381
0.0261799613829794
0.160473117413891
0.321354399443922
0.0514380295378871
0.128934977153214
-0.00482760179243466
0.0940737338018044
0.144102141892901
0.135005602561093
0.147834229345797
0.266083996106118
0.0760895027601215
0.147553481549072
0.201818745927823
0.226626646456854
0.138002320421852
0.101975386994768
0.286482492226034
0.061511856137838
0.227652131155667
0.204916313122039
0.111168791584994
0.152047941398118
0.286436586591977
0.233676803625088
0.205998375353524
0.131881567748056
0.163080437401466
0.0646751717870382
0.16142207172756
0.124923535903135
0.211432864808791
0.232357646038833
0.234544507466008
0.167202423481765
0.250247987502323
0.240796640140707
0.216653908386586
0.257602391039651
0.198581943549462
0.173798504612565
0.148899649863684
0.214848841117088
0.189400728418271
0.239234362937655
0.266191413305034
0.19344202987126
0.130711073862767
0.219273889146499
0.166093862880206
0.192238331310223
0.217245090515887
0.246353966445257
0.167163360040977
0.22505604107219
0.151731225166485
0.16966410211504
0.263661966996163
0.197845501029184
0.232765426251096
0.266553464106776
0.38984929858526
0.480921119538642
0.246717711800489
0.20614446398989
0.218680162757716
0.219844836451231
0.226814138307966
0.191608474400494
0.169669300053524
0.32075992190756
0.146120182966864
0.362371340314714
0.432128325747265
0.165799187795777
0.252171707721511
0.177514694162126
0.408449408466516
0.269239857966254
0.190310639055587
0.295100359892374
0.305497967601834
0.127041375916019
0.298518888045468
0.339609919941295
0.394934358455587
0.156862401959195
0.315062279323117
0.429155458209071
0.26275825332175
0.235850144039083
0.347318864810799
0.141298741025686
0.420804724431433
0.374358137672498
0.366090097216502
0.486471249096706
0.407436535166009
0.296476036596199
0.296521232532683
0.329040124984553
0.182316399203016
0.384697828948656
0.215724224049504
0.27502170057921
0.368815168646677
0.307435973278631
0.261997712305
0.413288400341569
0.550563990021025
0.456353039155053
0.28390577838179
0.214719511935295
0.439485084179016
0.376635998297833
0.347558367007353
0.312719706018066
0.402633858351289
0.397179645916044
0.408688147968404
0.343947767174399
0.242105709216963
0.367264436571585
0.405212672366509
0.350594116594573
0.319367354657098
0.427150684093805
0.383741380816649
0.430007653348488
0.333296169049585
0.467110510222947
0.283174594950321
0.343212389481077
0.249845967622549
0.20432781939978
0.458672612166268
0.423721438552736
0.413142381375019
0.324499161131719
0.429671001292226
0.428332927767259
0.531167466892023
0.403892617218277
0.348295795859823
0.442671562278531
0.412419621622231
0.486476254721237
0.431938480736094
0.342774736290552
0.588294168226852
0.463831015558068
0.57499131764845
0.528060466677197
0.488140641899592
0.525292956004951
0.433256933928376
0.436868936515996
0.545689662680616
0.51223993038896
0.415039863658577
0.512595220316317
0.440451406614872
0.474034752916218
0.433245283116166
0.400929014793486
0.33022328823453
0.30975224143879
0.41783019331572
0.414577469733627
0.439086250018237
0.409336862618022
0.493403277158938
0.430903653568414
0.489687998761462
0.461286624100068
0.482671395511438
0.522138971884877
0.523703490944794
0.370449546770006
0.558094455708454
0.513857930972429
0.381426903248844
0.412974976145
0.385631078761331
0.509807767126575
0.334990875413592
0.588968522437303
0.561272532645219
0.426177729713401
0.52978457162275
0.621628375233616
0.543506329244455
0.555712586665249
0.586183430136942
0.419823329753701
0.412251740595063
0.542705129124176
0.54849475048934
0.425137644965046
0.360642533135796
0.651247481919585
0.543601986461383
0.538497946033824
0.582319430639808
0.571051043404117
0.548641588791005
0.495855210859963
0.592809091758045
0.465482754107304
0.583764048831502
0.559030823914539
0.438076025786551
0.649241153706001
0.592154021003745
0.656034957175582
0.481476633554727
0.503155003267813
0.477845939569759
0.651775671929418
0.516497590468673
0.594574447491081
0.630602825748949
0.522584979357447
0.620580091938758
0.636306886277644
0.614884638310734
0.707646308963453
0.606249371149615
0.713769470953798
0.516602182646272
0.581417987199512
0.36402902656315
0.527641472915301
0.517674955605659
0.539400006650332
0.658241956221241
0.566095625590181
0.674320980677923
0.507033999855959
0.474936777106295
0.620371273031063
0.771801528834064
0.679294114324326
0.640260144845849
0.457287489138765
0.593050114590157
0.624578912196806
0.582432417093871
0.695305479947927
0.637562722753827
0.496272605315344
0.597559952512126
0.655769270921399
0.554404409721626
0.713137481516075
0.780959899410263
0.442504253427182
0.769246746269235
0.552242473081632
0.762410771349359
0.447585882098785
0.591899128902748
0.707403354445735
0.631202499823598
0.503252104377971
0.662131168872659
0.55021034733307
0.720214546889298
0.71332872917416
0.696576944782905
0.569493598324792
0.797826489269866
0.734936431910243
0.524460451422365
0.673883190346774
0.800493668106259
0.790929914605795
0.632168273749221
0.821237342707616
0.577155099799189
0.667283740051879
0.754278601598763
0.614882616045847
0.653952750849847
0.762021815657525
0.686459963074627
0.745942140892036
0.652002734244759
0.664543108827759
0.74430648782811
0.596257654628303
0.751679497763786
0.636032947505253
0.806254628021645
0.699972266759712
0.765077448483484
0.534046347611552
0.85291632274432
0.737758667543894
0.756515020126301
0.71049329306036
0.75749537909
0.654771291420722
0.693104442529807
0.806989529270506
0.78866313992229
0.756866691230335
0.649361148184502
0.558939897410062
0.568915622981313
0.813248894632574
0.767675637995284
0.683189979883018
0.803324328416758
0.722488163105552
0.677050444768416
0.835398156411403
0.865664134144133
0.737382718583102
0.771734820511986
0.795288859709654
0.724225194086878
0.798498180676992
0.821089374334625
0.832894146881498
0.860839276886317
0.800763187986245
0.75105796071445
0.597285213500965
0.813342498803254
0.548694215717062
0.871322579611465
0.807690539703826
0.860771287286384
0.791116748686159
0.696747740680567
0.790731903159072
0.783564668852539
0.757901984122986
0.766936845375147
0.829956288069182
0.780234589740095
0.745687208555316
0.642988807794628
0.975536164551555
0.719707953078419
0.806486960998104
0.717919137317347
0.801536263319634
0.835240573371464
0.9603444257216
0.855804425079235
0.727163893101641
0.873505492005397
0.736166215411803
0.753564664652933
0.834584075753121
0.808734751125174
0.775735850376756
0.878171009822844
0.789902778340042
0.929544410410979
0.770664274467017
0.954355362999922
0.898365242258284
0.726031642666585
1.01868257955527
0.796459822509193
0.889310169572966
0.783736339472735
0.841012639847427
0.930665046359296
0.823002813521797
0.839420495524428
0.888634743494421
0.843257642346328
0.907633144671328
0.920155245407294
0.90876095170173
0.931357703395708
0.852360586619338
0.858302184312804
0.850135036595964
0.887895840349877
0.811927542387609
0.741828749761895
0.893868669124082
0.919998433248909
0.972872425602883
0.732853284288419
0.868609479611622
0.915217670193052
0.814113915118528
0.754450951568857
0.76428334714557
0.799667186031899
0.885748115576395
0.808109945122489
0.881446736092097
0.888293385091567
0.988934800468422
1.01692902179362
0.998777477788111
0.756848175412747
1.02644131016346
1.02895701680183
0.969409298052272
0.923667703450827
1.05289048835546
0.955158524682243
0.886645841445439
0.996737784314089
0.929626727283604
1.11841587603396
1.03601747796123
1.02627771176656
0.804014148803213
0.913853523316614
0.99915313654223
1.07830201418149
0.966663547693543
0.968420034481383
0.893535627657929
0.944272855064845
1.05102784244856
1.05337999911616
1.00144304128035
0.992508697928515
1.03754848656218
1.1267093904389
1.04614174268135
1.03553101232177
0.956067127246081
1.02148191384014
1.04708613594872
1.00497789447668
0.896826885726521
0.998103292435197
