x
0.0105757690620686
0.00917515238641319
0.0098316950639751
0.00925545448144639
0.010172628869493
0.0100261149710423
0.00986891260557928
0.0101743688748792
0.00968772748173502
0.0102065773847021
0.00974438794801503
0.0101022799234534
0.00979742339987399
0.00987968224593355
0.0099997683754414
0.0102731667803764
0.00949376368590218
0.0103966016004247
0.0102730156665444
0.00938178374864735
0.0104472472471835
0.0105651423563327
0.00914612543651518
0.0103789043830874
0.010050360145928
0.00970424478695366
0.00998458420585287
0.0104798002156299
0.00924410737313056
0.0108209853913159
0.00977036561667177
0.0104602041178971
0.0100244077750903
0.0101430695104123
0.00944199540037207
0.0105625620700454
0.0106042469866123
0.00999666763141115
0.00927272709482281
0.0105793834566224
0.00993856082236092
0.00982262256399964
0.0103706386626361
0.0105431389880191
0.00980500762738188
0.00990142094310861
0.00962006505930918
0.010209932558941
0.0101637708857574
0.0110414877651899
0.0101437953897443
0.0101621250618949
0.00938299708101792
0.00945932983797253
0.00907796367034519
0.0105026711539544
0.00939460908511563
0.00968775135663922
0.00978881745390099
0.00986024979793019
0.00977962598331246
0.00978983700277197
0.0104589555729493
0.010474544693108
0.00969545266364621
0.00899852336821502
0.00954927291032537
0.0104528265913556
0.0106964206994057
0.0105249287371904
0.0100536091420124
0.00989152140320201
0.00929235800672695
0.0102496472005886
0.0100374337670864
0.00976291371709795
0.00982327333280675
0.00992618984820267
0.00988462147808207
0.0104386792057445
0.0101108979232463
0.0106107420548853
0.0102841940671343
0.0100723245105726
0.0100230397415845
0.0103162959708199
0.0101974420721737
0.00991099303820085
0.0103238694846965
0.00927532947303563
0.0101182192014529
0.00902494253758953
0.0102738494076287
0.0111512931227443
0.0089859402153861
0.0098968159368467
0.00923124199464393
0.00987087823594268
0.0101275756997308
0.0103655646731983
0.0104227510263117
0.00992539126065294
0.00932738199159857
0.0100136157694237
0.0100654849633566
0.0110572892074217
0.00963176503962263
0.0102879699384048
0.0100293302931263
0.00957152764925263
0.0106662044962708
0.00947675019019998
0.00957444562788384
0.00964834379032005
0.0102959491836838
0.00869946421537679
0.0103124218664523
0.0102298043668167
0.0102379176359708
0.00947062640723353
0.00966646868000561
0.00967113316013769
0.00995853036220601
0.0100429645732825
0.00949856007873683
0.0105689515675698
0.0107917047397328
0.0101015826393955
0.0101343878056735
0.0094820105661289
0.00966256936972371
0.00998059117144023
0.00991252909894624
0.0100058727866538
0.010386700376255
0.00999601381773018
0.0100310295138053
0.0104173669939061
0.00949204104469946
0.0102549955439487
0.00967818416437075
0.0098754777789275
0.00975866214421256
0.0105823291361581
0.00928747089861495
0.00960783111878132
0.0105654922543482
0.0104711464827067
0.0103497061289485
0.00986290633681999
0.00980862464294086
0.00965063407938646
0.00948370558947163
0.00984454063997879
0.0100522837689707
0.00938561217556448
0.0109809250852725
0.00965463678505885
0.0094294196833156
0.0104040188959481
0.0101423936611638
0.00899839281148457
0.0102340921725169
0.0105821902142984
0.00992079655292469
0.0100060954431982
0.00893600750021461
0.0103650677833736
0.0103107625673263
0.00986449216093101
0.0101475852100529
0.0105074234259666
0.0104307096255836
0.0088251526100731
0.00941754350674576
0.00985070487757953
0.0106003356878885
0.0102630461709485
0.00907036903066016
0.00919088495967584
0.00923452751043878
0.00944857902379868
0.0106425926609596
0.010511259665739
0.0101737995593912
0.010030756363038
0.00987546378386892
0.00908099627242354
0.0101998009172687
0.00976037864580325
0.00960434351881625
0.0106449385546616
0.00952513892399468
0.00937779787669019
0.0104253675095648
0.00977838308302197
0.0099289753511656
0.00974397845038358
0.00895414656293302
0.00955502757605384
0.00986671179063253
0.0093761801271072
0.00955560111369179
0.0100569941936006
0.0104354299330902
0.00930613570724718
0.00976095285342398
0.0100563465532726
0.0102714027279459
0.0098370886520186
0.0103357492071453
0.00991839728856959
0.00977739972456203
0.0105182711695855
0.00978774493465303
0.0099571654541317
0.0103680442370008
0.010109803967564
0.00958792614072232
0.0100814800398222
0.00987373969432159
0.0106481865213655
0.0101212198673884
0.0101026562997753
0.0102293096107953
0.00952224336859844
0.0103636237316705
0.0097512569151422
0.0102219343974293
0.0101260648378235
0.00950658926187298
0.00953413231988739
0.00964879116066301
0.00981208109199092
0.00990837830290295
0.00985825181183065
0.00976385638163066
0.00986555073863002
0.0104333814090301
0.0101477554423049
0.010683684821712
0.00972688601401078
0.0103383659720883
0.00993477546359638
0.00997712719891347
0.0100534230903218
0.00948171760718434
0.0104236745353593
0.0097537121068115
0.00887277246889237
0.00994252620155375
0.00996137675543909
0.00948953980824897
0.0102456780974039
0.010129469127641
0.0100429662367537
0.00924856074920905
0.0093935459555875
0.00993709951818515
0.0103389152748619
0.00869977525130538
0.0100389350436453
0.00933552524964803
0.00958511919897883
0.00972836215521686
0.0108238924334725
0.00977333597588389
0.0101360770928241
0.00935259675960426
0.0095103778191458
0.0106709839199168
0.0102876703455161
0.0104404985078994
0.00960601762745738
0.00952613348322754
0.0106683014160037
0.0101432173496704
0.00970708257747119
0.0095598648768782
0.00947700337990347
0.0104707570558844
0.00951254071077989
0.00964959938587482
0.0104124319419684
0.00991126419149942
0.0095409975891067
0.00956931178662545
0.00972097098462045
0.0103700741330814
0.00998494762082992
0.0100289382973959
0.0102895781723719
0.00987448971533915
0.0106123338913672
0.00980528435845103
0.00968071604895666
0.00952619423897532
0.00947865856667815
0.00939094728883116
0.00905324779568564
0.00891450976680365
0.00955958073625493
0.0100323389718618
0.0100191128991578
0.0103099373360166
0.010321823118821
0.00984907518799011
0.00973647373918065
0.00992214690764205
0.0093195853043739
0.00914419814986284
0.0103485534945771
0.0101347987701547
0.0104327842198387
0.0105237452347093
0.0101674382772129
0.00953326419611765
0.00952958977680222
0.010799348605402
0.00921139065471765
0.0100242614897227
0.0101792446341274
0.00915226011531449
0.010241469628939
0.00984236029851001
0.00991139607942028
0.00936538308404184
0.00991088560631797
0.0104283368347221
0.00994994331813565
0.0100525046941425
0.00991720163831977
0.0100907380492208
0.00899001097554825
0.00941083315226382
0.00998793234010258
0.00982337282178459
0.00977800378020298
0.00898909325008988
0.0102182903272058
0.00973923225440707
0.010646783011129
0.00978731849752293
0.00961052016076817
0.00912281929205166
0.0111726916868014
0.00932407776181439
0.00869193502286618
0.00964096208328024
0.0099383635758294
0.009913874816475
0.00878056022064713
0.0104705818119357
0.00931103299781883
0.00999639009508637
0.0096650652278323
0.0100827212588966
0.0100122421477274
0.0107216827884263
0.00951332462329776
0.0102271021322799
0.0101775258170809
0.0103232433176658
0.0103178591436455
0.00971077766951553
0.00963862500715615
0.00953943251708309
0.00969825412185745
0.0104799645520516
0.0109975421476168
0.010124852875141
0.00948031301315773
0.00981885197288671
0.00904247765389911
0.0098416630264192
0.00933131192750697
0.00972221563583135
0.00952156247530719
0.0103657596446893
0.00960574885852165
0.00998082653323643
0.0104566121747867
0.0103864249515294
0.0101099393111332
0.00943614898450962
0.0104428006197656
0.0094227265743213
0.00946938569270167
0.00962920219950564
0.0103136299937553
0.00886467781735488
0.00955322150464511
0.0101526234775236
0.0101810415148678
0.00990326498476669
0.0101690652504947
0.0101774739851508
0.00937617610403972
0.00964538095837531
0.00874638403478087
0.0104866988654056
0.0095352926124261
0.00963237501737282
0.010094201488747
0.00990968123743632
0.00953209008573091
0.0100737387492845
0.0102044532726947
0.010416310110578
0.0102798054530343
0.00973154262710058
0.00997705180415099
0.0101392731016612
0.00911716801856874
0.0104294366065046
0.00999306298731806
0.00970577665120005
0.00919624061729647
0.00940842476736364
0.0107216989278082
0.0102934972634998
0.00934958119007662
0.00924323861449002
0.00953688311223563
0.0100865079249789
0.00981826281678119
0.00916634276476591
0.00979551713148244
0.00971336120647931
0.0096880466361792
0.0091988139520861
0.00913899595568943
0.0101240931877074
0.0102768215314541
0.00968274133004095
0.00991214572508048
0.00981082387972371
0.00908938478037857
0.00985361059655284
0.0102169633333082
0.010248897220876
0.00964683775325271
0.00992835423800126
0.00952647092959579
0.0102411751465788
0.0104470788123162
0.00970228810820639
0.0109095565308807
0.00997572702645017
0.0108148412895545
0.00914533130666491
0.0108232000264867
0.0104993624509864
0.0102291516835493
0.0106333499010547
0.0105036667434336
0.0104346516958067
0.0106360658860947
0.0107241879431366
0.00984759609138395
0.0102530697175754
0.0103989409024455
0.00952348059516803
0.00977016100299016
0.0107682912341166
0.0104005449035235
0.00943391230951659
0.0112988449072709
0.0103000451902351
0.0104250474040497
0.00977931619761236
0.0107487175809794
0.00995923184120409
0.0104837890778525
0.00980981945420903
0.00944897817069579
0.0101288108169851
0.00981163412186364
0.00953862150681224
0.00994651545798163
0.00985704132749163
0.00966781185591819
0.00972845093328391
0.00989236921686963
0.0100856113767613
0.00970949968925702
0.010071953806486
0.0101918057085697
0.0109878488404618
0.0104657997822086
0.0103896339567554
0.0101982412129503
0.0097123085523991
0.0103175250608023
0.00968729413460144
0.00979962547357311
0.00985704055826005
0.0106354248433873
0.0100743307757164
0.00955534500736961
0.00995809558964833
0.01012962143186
0.0105277623340981
0.00998324441168224
0.00985091220803481
0.0110909074171058
0.00999953092751853
0.00975447907707617
0.00982436491597404
0.0102619281343352
0.00898183981525151
0.00956661808768769
0.00987701317065455
0.0113440376784753
0.00962379189305285
0.00996357752935154
0.0101581880177357
0.0111216370139157
0.00928450423027372
0.00968964629104196
0.00956722925262896
0.0106853647098493
0.00993063811897064
0.0100170845564863
0.0100311836202883
0.0103347596557119
0.00894269294040776
0.00992648398187003
0.00950376913669144
0.00972907543184723
0.00916446987945876
0.00977259461624698
0.0096525828274863
0.0101593904723239
0.00982764067091881
0.00981158073369136
0.0104527161425065
0.0102409487276007
0.0100640034185935
0.010282709571412
0.0101313489632731
0.0093465005124055
0.0103905468156769
0.0096428530973568
0.0096481864649328
0.00997086506435351
0.0101983097005644
0.0099490113911013
0.00984626425147809
0.0107702082491309
0.00955069515676126
0.00889446917208737
0.0101029996271187
0.010049988839796
0.0101091550580136
0.00929851944157715
0.00951297363588358
0.00977348730860221
0.00987878269768942
0.00965133886963226
0.00995757584168011
0.00976238353374963
0.00933019695618101
0.00984867663281811
0.00904137496283867
0.00937077129287464
0.0102593888057998
0.0101315718936709
0.0103962167503098
0.00940932409899603
0.0103327096935408
0.0104829054459239
0.0102128219535221
0.0101895859794143
0.0100576678437455
0.0100541800324417
0.00911252565835988
0.00986242045151434
0.0103821833365611
0.010085137884023
0.00973269994893484
0.00984619687161031
0.00970901222763752
0.00981432654336423
0.0104115006630774
0.0103995435926569
0.00965399526810334
0.00990295430821783
0.00959662968991014
0.00940954599045101
0.00977344429620983
0.00940240031597618
0.0097454171996171
0.0101870073820139
0.0102773734283839
0.00944904113645723
0.00966749730040247
0.00999654717265933
0.00945393701080077
0.00927571718427563
0.0096049868102642
0.0100126699456244
0.0104962909902402
0.00962002659393123
0.0103787905155809
0.0096474427445302
0.00911406511660323
0.00991705844786244
0.0102691841931165
0.0101114814496104
0.00985612487764001
0.00979284435275806
0.00981017315385365
0.00980358502269254
0.0101141155560916
0.00985153170917973
0.0103434113195944
0.010010552104521
0.0093871616929908
0.0102973265153098
0.00996639544816858
0.00995036752483942
0.00967661708875473
0.0100314824313845
0.0105011013813721
0.010390107304617
0.0102233252348426
0.010132328282701
0.0101939627161082
0.00929345543116995
0.00931901061096453
0.0094201385803617
0.00969120607386112
0.0103351796645943
0.00973437046416703
0.0098668216504853
0.0103908121891934
0.0100951716217761
0.0101915119465241
0.00965508501366878
0.0101845873424545
0.00935232258564002
0.0102650134006067
0.0101890744495395
0.00916538545242973
0.00959520690055408
0.0105072411233233
0.0110236499141042
0.0106061871545614
0.00983222140156045
0.0100179749574746
0.00948867629412784
0.010595205641007
0.00988301679450588
0.00982239962660418
0.0102495310912474
0.00952619644960166
0.00964504134394094
0.010298621866039
0.00989497706824857
0.0102270992924349
0.010293955793809
0.0100698953347459
0.0103853568664544
0.0111045471996145
0.00976139609018813
0.0104543451267815
0.00985156876116488
0.0105158270070902
0.00958706622059027
0.0104138329195854
0.00980945003115555
0.00955022758084978
0.00968030842304986
0.0103730875648019
0.00952225925257833
0.00990501698749281
0.0102758070551036
0.0106384935505887
0.0107537702387052
0.00959996928285375
0.00929437216863054
0.0100729697540519
0.00947621520887101
0.0100214919970037
0.0106422321487886
0.0102189811160847
0.010225856107365
0.010705644826946
0.0093494454377662
0.0105011103186617
0.00976187965935533
0.00971346643870349
0.0101331884969247
0.0101568321591237
0.0102139166160708
0.010539858815581
0.00999650927684658
0.0100928280553736
0.00962746599208289
0.00989685423664924
0.0103413406922346
0.00995889081090726
0.0106704450720277
0.00915979248296074
0.00986447273412375
0.0102924483035859
0.00972338524660345
0.00959206047857455
0.0104710311677583
0.0101890192773349
0.00963573818226762
0.0102053354677775
0.0107291976583412
0.00969905858317866
0.00946391008212411
0.010101679644639
0.00977775150942106
0.00992308324940864
0.00921397683057727
0.00951816658228095
0.00996646576898922
0.0103257133190061
0.0105673411240246
0.00992759169395894
0.0100814659758123
0.0101279089741051
0.0100241377474146
0.0101384126517589
0.00997257153852811
0.0103043805613728
0.00985783393008282
0.0106327934614655
0.0104389610187336
0.0104312406069085
0.00966681515164087
0.0102281994410395
0.0105462960917697
0.00945373402816773
0.00980045841074897
0.00975788036119507
0.0100117144498385
0.00972728181658753
0.00932541683081008
0.0091978228056189
0.00973348056746859
0.00974320253473288
0.00965932609848399
0.00971689236172237
0.00976671230414127
0.0104253927795708
0.0111130725784444
0.00958691233577745
0.0098557772184496
0.00979231496705938
0.0101042370539442
0.0101927684488267
0.0100832272212643
0.0106225640073103
0.00974598613727231
0.00925065542575026
0.00982004458632276
0.00927369183626057
0.0102483824167993
0.00991092509213426
0.0105477618817183
0.00985272853272679
0.0101523174999408
0.010173633581578
0.0101370280552903
0.00964189641587129
0.00957438285126628
0.010645002794537
0.0101157064392256
0.00989774990474974
0.0108085128469133
0.00983948611090622
0.00928371408905502
0.00963914982621783
0.00954968520540683
0.00952109657816927
0.00839163453023994
0.00926505579529245
0.0106116950469531
0.0100515037761683
0.00976713633272136
0.00972503705189087
0.0104164434332076
0.0102444092331996
0.00969319591736671
0.00928555737858499
0.00926961773138557
0.00996980752788512
0.00951426845247809
0.00943635389857583
0.00996838702020834
0.0100879020421456
0.0104958352233743
0.0110210552210632
0.00902149518586847
0.00949156688937457
0.00944287913943491
0.00950889228725971
0.00960947427167119
0.00957391635866684
0.0100573198337819
0.00920317195193562
0.0102849079877137
0.00988201409770501
0.00982960150940734
0.00990449380564136
0.00913730217180421
0.00989881318657235
0.00953332447331488
0.0100130367477964
0.0101996285753238
0.00983530246069526
0.0101919007562534
0.00993036161184674
0.00998424591276163
0.00984311754558362
0.0097609493838628
0.00947059416074468
0.00996547356948086
0.0102556227912717
0.00969653303097792
0.0104047492622716
0.0105804483644367
0.00942405342038183
0.00924002440847781
0.00972336422425088
0.010773627521818
0.00971809993301381
0.0104165920499767
0.00988170979019139
0.00965067157799118
0.0100017287484269
0.00994772941155063
0.00956805531400088
0.0108629909120112
0.00911461107093407
0.0101436477860383
0.0101102029739621
0.0104507839740924
0.0103035881658501
0.00957749420919023
0.00928042361579436
0.00986518434641804
0.0105430602717743
0.0100620249692693
0.0102643619233649
0.0106217918706078
0.00998499926743995
0.0097497259375893
0.0100091580101767
0.0098859298875228
0.0100602179714523
0.00945832541481722
0.0100017051570883
0.00963991092608819
0.0100677359270273
0.00914883241162162
0.00905093723222477
0.00979877803150749
0.00979171285376739
0.0107149536275973
0.00947210862184553
0.0101718898885477
0.0103632405254764
0.00992472270398874
0.00980478629995615
0.00941648921593579
0.0110889538374902
0.010020111316735
0.0105770304172004
0.00985463808264571
0.00974246810341313
0.0105076896707592
0.0102923752290619
0.010009251539055
0.0102398361623578
0.0101059388841776
0.0102690838125996
0.0104591201130347
0.0092478117933472
0.0100345619988112
0.00979725896115141
0.00952996016648705
0.00922613210396223
0.00988490717301456
0.0102521985572424
0.00932269562922739
0.0096025996915275
0.00938186541735999
0.00981651240253089
0.0100830281253065
0.00977458848989895
0.00918300599010153
0.00987998306954122
0.00977390776128794
0.00932029342329415
0.0104508776804807
0.00956760272158387
0.00917743143381843
0.00949879823359019
0.0101289689281999
0.00986796699947613
0.00931097932840232
0.0102899601138605
0.00975335858830663
0.0101824727992615
0.010873412463718
0.00976069763767478
0.0101546523557834
0.00987013823579542
0.00945118692484527
0.0106953466560594
0.0101406625828602
0.00989005310048729
0.0102096305209429
0.00955500988724653
0.00912810097257883
0.00989333541195968
0.0103910136326156
0.00989540279425373
0.00910346001451521
0.0100136012447478
0.0101685871798476
0.0098076931898361
0.0099536177934486
0.00954914362387602
0.00958638653516405
0.0105063026755153
0.00954581122585762
0.0104793296829561
0.0105619576553349
0.00954862959359336
0.0101348703846068
0.00939972637831697
0.00934398038383816
0.00918800245793257
0.0098793590558301
0.0112269310043014
0.0102098271297205
0.00960227643654903
0.00976765642920384
0.0101493529735108
0.0104884594094842
0.0109773321993457
0.00991899772833075
0.0103612100016103
0.0102468499987795
0.0108975348990215
0.0103843488803627
0.00971886074801375
0.0103919617904425
0.0104869166859208
0.0100465511593648
0.0102536344099827
0.0105051404801553
0.0104794930955249
0.0105628121270481
0.00993206063749957
0.0100721589430759
0.00958198859452743
0.0108772244133844
0.00977727575344662
0.0102374212754649
0.0103249874573478
0.00984150009881066
0.0103519719625484
0.0103026892739702
0.0100419279209395
0.00970260560676414
0.0104908939684013
0.010244714885207
0.00988956906406102
0.00978342477123898
0.00978995206355736
0.0101952170719246
0.00981539621605785
0.0102599902154091
0.00913802674389014
0.00939968466287096
0.0100496836149296
0.00958041294387785
0.0107109354909326
0.0106200471441811
0.00996263685198897
0.00915969023890122
0.00972945381678916
0.00960625713875515
0.0104201507623894
0.00986839608934799
0.00964843571403082
0.0113998930611129
0.00987670791671974
0.00958656100473706
0.00987486863119932
0.00999473063564873
